0,0.00941426298835686,0.00901118984106375,0.0086155431589353,0.00823515707797992,0.00787119000175811,0.00752345226214684,0.00719141611234633,0.00687445468064316,0.00657191269230684,0.00628313182409049,0.00600746185027922,0.00574426674993566,0.00549292868069796,0.00525285078016179,0.00502345914214971,0.0048042041281344,0.00459456112115183,0.00439403081476348,0.00420213912281372,0.00401843678862757,0.0038424987636355,0.00367392341580942,0.00351233161859262,0.00335736576185468,0.00320868871817184,0.00306598279059154,0.00292894866200209,0.00279730436123319,0.00267078425695089,0.00254913808715475,0.00243213002951326,0.00231953781576675,0.00221115189188304,0.00210677462448119,0.00200621955316627,0.00190931068778234,0.00181588184914079,0.00172577605147469,0.00163884492467469,0.00155494817425179,0.00147395307692543,0.00139573400973742,0.00132017201062592,0.00124715436845622,0.00117657424058044,0.0011083302960871,0.00104232638299644,0.000978471217754417,0.000916678095477408,0.000856864619495832,0.000798952448840484,0.000742867062405041,0.000688537538606732,0.00063589634944803,0.000584879167961197,0.000535424688090508,0.000487474456134781,0.000440972712937856,0.000395866246073497,0.000352104251326743,0.000309638202825965,0.000268421731226154,0.000228410509389196,0.000189562145048262,0.000151836079979269,0.000115193495239717,7.95972220656582e-05,4.50116580488387e-05,1.1402688241853e-05,-2.12623891331608e-05,-5.30149326753819e-05,-8.38850237754526e-05,-0.000113901528825934,-0.000143092157913461,-0.00017148352021765,-0.000199101176325562,-0.000225969687655869,-0.000252112663173987,-0.000277552803566096,-0.000302311943028745,-0.000326411088820346,-0.000349870458710429,-0.000372709516453476,-0.000394947005406165,-0.000416600980397999,-0.000437688837958809,-0.000458227344999611,-0.000478232666036693,-0.000497720389043204,-0.000516705550007369,-0.000535202656270651,-0.000553225708715233,-0.000570788222865465,-0.000587903248963788,-0.000604583391078134,-0.000620840825294067,-0.000636687317041605,-0.00065213423760389,-0.000667192579851799,-0.000681872973245588,-0.000696185698143111,-0.00071014069945094,-0.000723747599652699,-0.000737015711247468,-0.000749954048628442,-0.000762571339430859,-0.000774876035376151,-0.000786876322637964,-0.000798580131754142,-0.000809995147107365,-0.000821128815996015,-0.000831988357315225,-0.000842580769867748,-0.000852912840322406,-0.00086299115083683,-0.000872822086361707,-0.000882411841640587,-0.000891766427920739,-0.000900891679387918,-0.000909793259338553,-0.000918476666101412,-0.000926947238720482,-0.000935210162409789,-0.000943270473790956,-0.000951133065923343,-0.000958802693135903,-0.000966283975669949,-0.000973581404141385,-0.000980699343829912,-0.000987642038803574,-0.000994413615885316,-0.00100101808846876,-0.00100745936018965,-0.00101374122845936,-0.0010198673878659,-0.00102584143344905,-0.00103166686385369,-0.00103734708436773,-0.00104288540984851,-0.00104828506754306,-0.00105354919980596,-0.00105868086671982,-0.00106368304862148,-0.00106855864853865,-0.00107331049453992,-0.0010779413420022,-0.00108245387579868,-0.00108685071241008,-0.00109113440196325,-0.00109530743019901,-0.00109937222037249,-0.00110333113508854,-0.00110718647807485,-0.00111094049589471,-0.0011145953796028,-0.00111815326634462,-0.00112161624090355,-0.00112498633719575,-0.00112826553971622,-0.00113145578493724,-0.00113455896266107,-0.00113757691732849,-0.00114051144928515,-0.0011433643160072,-0.00114613723328709,-0.00114883187638216,-0.00115144988112616,-0.00115399284500597,-0.00115646232820422,-0.00115885985460921,-0.00116118691279336,-0.00116344495696132,-0.00116563540786863,-0.00116775965371206,-0.00116981905099287,-0.00117181492535327,-0.00117374857238814,-0.00117562125843146,-0.00117743422131937,-0.00117918867113063,-0.00118088579090431,-0.00118252673733664,-0.00118411264145699,-0.00118564460928403,-0.00118712372246249,-0.00118855103888123,-0.00118992759327367,-0.00119125439780035,-0.0011925324426149,-0.00119376269641359,-0.00119494610696939,-0.00119608360165042,-0.00119717608792395,-0.00119822445384585,-0.00119922956853663,-0.00120019228264363,-0.00120111342879063,-0.00120199382201484,-0.00120283426019156,-0.00120363552444748,0,0.0117408908448374,0.0113298562896082,0.0109151969678707,0.010510240237086,0.010118740932822,0.00974198638679154,0.00938034448077812,0.0090337428657799,0.00870186986150948,0.00838427696127365,0.00808043774031633,0.00778978427590576,0.00751173067959349,0.00724568866884468,0.00699107795361959,0.00674733311955269,0.00651390808532875,0.00629027885455529,0.00607594505887845,0.005870430642798,0.00567328394146759,0.00548407733367495,0.00530240660303265,0.00512789010486722,0.00496016781028532,0.00479890027970281,0.00464376760386926,0.00449446833979612,0.00435071846106356,0.00421225033605206,0.0040788117432236,0.00395016492928889,0.00382608571366336,0.00370636264082994,0.00359079618092735,0.0034791979779561,0.00337139014434297,0.00326720460016591,0.00316648245505534,0.00306907343062291,0.00297483532118543,0.00288363349053425,0.00279534040252756,0.00270983518333963,0.00262700321328271,0.00254673574621041,0.00246892955461367,0.00239348659862656,0.00232031371726734,0.00224932234034517,0.00218042821956708,0.00211355117747918,0.00204861487297071,0.00198554658216012,0.00192427699356688,0.00186474001655267,0.00180687260208974,0.00175061457498401,0.00169590847674548,0.00164269941835769,0.00159093494225413,0.00154056489286174,0.00149154129511749,0.0014438182404109,0.00139735177944258,0.00135209982153003,0.00130802203992426,0.00126507978273355,0.00122323598908059,0.00118245511014619,0.00114270303477765,0.00110394701936395,0.00106615562170024,0.00102929863858536,0.000993347046912368,0.000958272948031504,0.000924049515178004,0.000890650943773816,0.000858052404423749,0.000826229998440529,0.00079516071574335,0.000764822394985817,0.000735193685778658,0.000706254012881751,0.000677983542248208,0.00065036314881119,0.000623374385911417,0.000596999456269912,0.000571221184416378,0.000546022990490301,0.000521388865336061,0.000497303346819303,0.000473751497295963,0.00045071888216968,0.00042819154947726,0.000406156010446086,0.00038459922097021,0.000363508563955305,0.000342871832486207,0.000322677213772517,0.000302913273831636,0.000283568942869912,0.000264633501325648,0.000246096566539743,0.000227948080021023,0.000210178295276774,0.000192777766178515,0.000175737335837197,0.000159048125961216,0.000142701526674071,0.000126689186767868,0.000111003004372456,9.56351180189247e-05,8.05778980784849e-05,6.58239385591536e-05,5.13660492424822e-05,3.71972481444278e-05,2.33107542848936e-05,9.6999807516901e-06,-3.64147195524786e-06,-1.67198223119617e-05,-2.95411139036392e-05,-4.2111221314289e-05,-5.44358557839613e-05,-6.65205706443656e-05,-7.83707665425702e-05,-8.99916964622396e-05,-0.00010138847055181,-0.000112566060767523,-0.000123529305340046,-0.000134282913072034,-0.000144831467474021,-0.000155179430745698,-0.000165331147609294,-0.000175290849001006,-0.000185062655627042,-0.000194650581389531,-0.000204058536687882,-0.000213290331601043,-0.000222349678955184,-0.000231240197281771,-0.000239965413670665,-0.000248528766522045,-0.00025693360820192,-0.000265183207604443,-0.000273280752625248,-0.000281229352549255,-0.00028903204035622,-0.000296691774947219,-0.000304211443295482,-0.000311593862524356,-0.000318841781914977,-0.000325957884846899,-0.00033294479067373,-0.000339805056536628,-0.000346541179117948,-0.000353155596337043,-0.000359650688990812,-0.00036602878234078,-0.000372292147648667,-0.000378443003662743,-0.000384483518056256,-0.000390415808820127,-0.000396241945611289,-0.000401963951058473,-0.000407583802026976,-0.000413103430843678,-0.000418524726483988,-0.000423849535721943,-0.000429079664244894,-0.000434216877733623,-0.000439262902909979,-0.000444219428551981,-0.000449088106478701,-0.000453870552504843,-0.000458568347367377,-0.000463183037623743,-0.000467716136523785,-0.000472169124855773,-0.000476543451767134,-0.000480840535561564,-0.000485061764472397,-0.000489208497413698,-0.000493282064709513,-0.000497283768801954,-0.000501214884939094,-0.000505076661843087,-0.000508870322359245,-0.000512597064086656,-0.000516258059990837,-0.000519854458999616,-0.000523387386581767,-0.000526857945309753,-0.000530267215406804,-0.000533616255278785,-0.000536906102031456,-0.000540137771973398,-0.000543312261105378,-0.000546430545596124,-0.000549493582245514,0,0.0140179181439997,0.0135943420062879,0.0131607031687872,0.0127323777638576,0.0123149597508214,0.0119109727642611,0.0115215750232926,0.0111471928570906,0.0107878253970839,0.0104432137819508,0.0101129428619632,0.00979650524037677,0.00949334275584308,0.00920287379181426,0.00892451137603757,0.00865767514774557,0.00840179916947387,0.00815633688850253,0.00792076412799033,0.00769458071143094,0.00747731114001766,0.00726850461760658,0.00706773463185358,0.00687459823992361,0.00668871516465356,0.00650972677673152,0.00633729501667709,0.0061711012946725,0.00601084539488011,0.0058562444025789,0.00570703166640914,0.00556295580361772,0.00542377975300827,0.00528927987800121,0.00515924512056435,0.00503347620561387,0.00491178489468374,0.00479399328712114,0.0046799331667204,0.00456944539150481,0.00446237932426461,0.00435859230143372,0.00425794913791392,0.00416032166551868,0.00406558830279551,0.00397363365408965,0.00388434813582304,0.00379762762808015,0.0037133731497091,0.00363149055526148,0.0035518902522081,0.00347448693697556,0.00339919934844987,0.00332595003769326,0.00325466515270933,0.00318527423717939,0.00311771004217114,0.00305190834989681,0.0029878078086659,0.00292534977824277,0.00286447818487804,0.00280513938533789,0.00274728203930625,0.00269085698958184,0.00263581714953456,0.00258211739732634,0.00252971447643856,0.0024785669020807,0.00242863487308785,0.00237988018894252,0.00233226617158286,0.00228575759168429,0.0022403205991238,0.00219592265735722,0.00215253248145898,0.00211011997959164,0.00206865619768864,0.00202811326714964,0.00198846435536075,0.00194968361886534,0.00191174615902411,0.00187462798001201,0.00183830594901194,0.00180275775847336,0.0017679618903137,0.00173389758194708,0.00170054479403463,0.00166788417985533,0.00163589705620494,0.00160456537573488,0.00157387170064939,0.00154379917768509,0.00151433151430003,0.00148545295600617,0.00145714826478158,0.00142940269850334,0.00140220199134596,0.00137553233509281,0.00134938036131216,0.00132373312435119,0.00129857808510573,0.00127390309552367,0.00124969638380557,0.00122594654026472,0.00120264250381417,0.00117977354904775,0.00115732927388576,0.00113529958775641,0.00111367470028649,0.0010924451104761,0.00107160159633323,0.00105113520494618,0.00103103724297209,0.00101129926752157,0.000991913077420971,0.000972870704833309,0.000954164407221724,0.000935786659639035,0.000917730147327857,0.000899987758617663,0.000882552578104072,0.000865417880098225,0.000848577122333502,0.000832023939918169,0.000815752139522756,0.000799755693791685,0.000784028735969191,0.000768565554729986,0.000753360589206145,0.000738408424200688,0.000723703785580801,0.000709241535842321,0.000695016669838327,0.000681024310664828,0.000667259705696862,0.000653718222768813,0.000640395346492691,0.000627286674708839,0.00061438791506328,0.000601694881706975,0.000589203492111608,0.000576909763997123,0.000564809812366923,0.000552899846645888,0.000541176167917486,0.000529635166255663,0.000518273318148202,0.000507087184007708,0.00049607340576658,0.000485228704553045,0.000474549878445141,0.000464033800299225,0.000453677415650576,0.000443477740683186,0.000433431860266079,0.000423536926053618,0.000413790154647709,0.000404188825818913,0.000394730280785238,0.000385411920545559,0.000376231204266178,0.000367185647718496,0.000358272821765787,0.000349490350897597,0.000340835911809556,0.00033230723202754,0.000323902088574385,0.000315618306677146,0.000307453758514389,0.000299406362001348,0.000291474079612275,0.000283654917237752,0.000275946923076809,0.000268348186561768,0.000260856837315443,0.000253471044139197,0.000246189014030271,0.000239008991228779,0.000231929256291855,0.00022494812519526,0.000218063948460551,0.000211275110307774,0.000204580027832232,0.000197977150204851,0.000191464957895487,0.000185041961917765,0.000178706703095749,0.000172457751350857,0.000166293705008966,0.000160213190126393,0.000154214859835106,0.000148297393705796,0.000142459497127947,0.000136699900707957,0.0001310173596826,0.000125410653349201,0.000119878584510569,0.00011441997893552,0.000109033684833351,0.000103718572342495,0,0.0162480710834202,0.0158059246210921,0.0153522301335282,0.0149010309170043,0.0144588840290134,0.0140292084303026,0.0136137809568653,0.0132134280443905,0.0128283993495195,0.0124585877006232,0.0121036651573901,0.0117631697816271,0.0114365620558661,0.0111232619914841,0.0108226736536426,0.010534201337534,0.0102572601297405,0.00999128265583793,0.00973572322068021,0.00949006016051115,0.00925379696932025,0.00902646258908058,0.00880761113569985,0.00859682125128189,0.00839369521673272,0.00819785791903142,0.00800895573940782,0.00782665540870236,0.00765064286192657,0.00748062211382951,0.00731631416995126,0.00715745598239247,0.00700379945577322,0.00685511050618133,0.00671116817402254,0.00657176379037239,0.00643670019553067,0.00630579100788609,0.006178859940824,0.00605574016519458,0.00593627371475858,0.00582031093200606,0.00570770995178062,0.00559833622021678,0.00549206204659668,0.00538876618585003,0.00528833344954476,0.00519065434334379,0.00509562472903297,0.00500314550934908,0.00491312233396025,0.00482546532506651,0.00474008882119844,0.00465691113789658,0.00457585434405149,0.00449684405277513,0.00441980922576015,0.00434468199016137,0.00427139746710765,0.00419989361101986,0.00413011105897294,0.00406199298939794,0.00399548498947365,0.00393053493060571,0.00386709285143717,0.00380511084787547,0.00374454296966065,0.0036853451230328,0.00362747497909156,0.00357089188746924,0.00351555679496729,0.00346143216883143,0.00340848192436376,0.00335667135659274,0.003305967075741,0.00325633694625017,0.00320775002913841,0.00316017652748232,0.00311358773482934,0.00306795598636045,0.00302325461263456,0.00297945789575904,0.0029365410278392,0.00289448007157183,0.002853251922855,0.00281283427529601,0.00277320558650654,0.00273434504608151,0.00269623254516519,0.00265884864751383,0.00262217456196971,0.00258619211626868,0.00255088373210495,0.00251623240138518,0.0024822216636057,0.0024488355842921,0.00241605873444299,0.00238387617092498,0.00235227341776732,0.00232123644830891,0.00229075166815314,0.00226080589888761,0.00223138636253006,0.00220248066666259,0.00217407679021897,0.00214616306989229,0.0021187281871313,0.0020917611556964,0.00206525130974702,0.00203918829243466,0.00201356204497628,0.00198836279618544,0.00196358105243811,0.00193920758805297,0.00191523343606626,0.00189164987938244,0.00186844844228298,0.00184562088227651,0.00182315918227453,0.00180105554307771,0.00177930237615845,0.00175789229672606,0.00173681811706227,0.0017160728401142,0.00169564965333396,0.00167554192275347,0.00165574318728425,0.00163624715323243,0.00161704768901946,0.00159813882009955,0.00157951472406562,0.00156116972593541,0.00154309829361029,0.00152529503349927,0.00150775468630148,0.00149047212294032,0.00147344234064303,0.0014566604591599,0.0014401217171167,0.00142382146849589,0.00140775517924054,0.0013919184239763,0.00137630688284694,0.00136091633845836,0.00134574267292741,0.00133078186503074,0.00131602998745024,0.00130148320411131,0.00128713776760973,0.00127299001672451,0.00125903637401298,0.0012452733434849,0.00123169750835293,0.00121830552885648,0.00120509414015561,0.00119206015029348,0.0011792004382235,0.00116651195190017,0.00115399170642973,0.00114163678228002,0.00112944432354593,0.00111741153626962,0.00110553568681261,0.00109381410027859,0.00108224415898468,0.00107082330097957,0.00105954901860697,0.00104841885711249,0.00103743041329285,0.00102658133418565,0.00101586931579822,0.00100529210187461,0.000994847482698707,0.000984533293933304,0.00097434741549271,0.00096428777044856,0.000954352323967594,0.000944539082279844,0.00093484609167703,0.000925271437539468,0.000915813243390615,0.000906469669978982,0.00089723891438559,0.000888119209156907,0.00087910882146211,0.000870206052273517,0.000861409235570376,0.000852716737564374,0.000844126955946628,0.000835638319155368,0.000827249285663495,0.000818958343285839,0.0008107640085048,0.000802664825814814,0.000794659367083617,0.000786746230931362,0.000778924042125956,0.000771191450994385,0.000763547132849915,0.000755989787433867,0,0.0184315857004313,0.0179650757022333,0.0174895880014472,0.0170154871335938,0.0165494759449088,0.016095474257657,0.0156556568615232,0.0152311173607393,0.014822272789065,0.0144291147479462,0.0140513687235461,0.0136885968984634,0.0133402653066374,0.013005788023019,0.0126845563158255,0.0123759578209183,0.0120793890261345,0.0117942632350504,0.0115200154604701,0.0112561052279286,0.0110020179579945,0.0107572653871367,0.0105213853451296,0.0102939411098578,0.0100745204933038,0.00986273476583063,0.00965821749318842,0.00946062333767823,0.00926962685865255,0.00908492133602099,0.00890621763226282,0.00873324310265994,0.00856574055937179,0.00840346729209704,0.00824619414606295,0.00809370465670633,0.00794579423948721,0.00780226943267592,0.00766294719058916,0.00752765422454998,0.00739622638876484,0.00726850810831136,0.00714435184648535,0.00702361760885158,0.0069061724814594,0.00679189020081752,0.00668065075336034,0.00657234000228109,0.00646684933974568,0.00636407536263797,0.00626391957011759,0.00616628808139584,0.00607109137225264,0.00597824402892718,0.00588766451811919,0.00579927497193164,0.00571300098667696,0.00562877143454939,0.00554651828724407,0.00546617645067285,0.0053876836099924,0.00531098008421985,0.00523600868976701,0.00516271461227454,0.00509104528617409,0.00502095028145066,0.00495238119711604,0.00488529156094063,0.00481963673502593,0.004755373826829,0.00469246160528036,0.00463086042166204,0.004570532134937,0.0045114400412434,0.00445354880728786,0.00439682440739031,0.00434123406395125,0.00428674619112763,0.00423333034151891,0.00418095715567845,0.00412959831427828,0.00407922649276646,0.00402981531836805,0.00398133932929,0.00393377393599998,0.00388709538445735,0.00384128072118341,0.00379630776006439,0.00375215505078824,0.0037088018488223,0.00366622808684527,0.00362441434755208,0.00358334183775518,0.00354299236371142,0.00350334830760706,0.0034643926051383,0.00342610872412833,0.00338848064412555,0.00335149283693057,0.00331513024800384,0.00327937827870687,0.0032442227693349,0.00320964998289911,0.00317564658962096,0.00314219965210199,0.00310929661113523,0.00307692527212593,0.00304507379209157,0.00301373066721223,0.00298288472090459,0.00295252509239422,0.00292264122576133,0.0028932228594383,0.00286426001613649,0.00283574299318275,0.00280766235324558,0.00278000891543362,0.00275277374674841,0.00272594815387536,0.00269952367529765,0.00267349207371799,0.00264784532877463,0.00262257563003798,0.0025976753702759,0.00257313713897526,0.00254895371610851,0.00252511806613487,0.00250162333222549,0.00247846283070325,0.00245563004568758,0.00243311862393603,0.00241092236987374,0.00238903524080328,0.00236745134228689,0.00234616492369436,0.00232517037390925,0.0023044622171873,0.00228403510916061,0.00226388383298142,0.00224400329560047,0.00222438852417375,0.00220503466259309,0.00218593696813538,0.00216709080822578,0.00214849165731033,0.00213013509383388,0.00211201679731926,0.00209413254554336,0.00207647821180687,0.00205904976229376,0.00204184325351734,0.00202485482984946,0.00200808072112972,0.0019915172403517,0.00197516078142342,0.00195900781699916,0.00194305489638012,0.00192729864348125,0.00191173575486213,0.00189636299781901,0.00188117720853653,0.0018661752902962,0.00185135421174051,0.0018367110051898,0.00182224276501031,0.00180794664603229,0.00179381986201517,0.00177985968415925,0.00176606343966156,0.00175242851031494,0.00173895233114844,0.00172563238910765,0.00171246622177379,0.00169945141612032,0.00168658560730556,0.00167386647749979,0.00166129175474712,0.00164885921185864,0.00163656666533823,0.00162441197433801,0.00161239303964404,0.00160050780269,0.00158875424459849,0.00157713038524951,0.0015656342823742,0.00155426403067402,0.0015430177609639,0.00153189363933906,0.00152088986636432,0.00151000467628563,0.00149923633626267,0.0014885831456222,0.0014780434351315,0.00146761556629124,0.00145729793064665,0.00144708894911758,0.00143698707134586,0.00142699077505945,0.00141709856545418,0.00140730897459024,0,0.0205665055347817,0.0200713482973271,0.0195721104249443,0.0190747805988462,0.0185855742730309,0.0181085082416504,0.0176459057825988,0.017198971163458,0.0167681891482134,0.0163535862073831,0.0159549003335456,0.0155716919449525,0.0152034166998806,0.0148494734596949,0.0145092358772905,0.0141820730989482,0.0138673631740158,0.0135645015525137,0.0132729062624227,0.0129920208405442,0.0127213157469123,0.0124602887620574,0.0122084647103018,0.0119653947457378,0.0117306553643338,0.0115038472549816,0.0112845940670975,0.011072541147801,0.0108673542844752,0.0106687184764154,0.0104763367507826,0.0102899290321214,0.010109231070538,0.00993399343074576,0.00976398054220536,0.00959896980924579,0.00943875077917937,0.0092831243658705,0.00913190212590076,0.00898490558431576,0.00884196560689746,0.00870292181593946,0.00856762204659077,0.00843592184095369,0.00830768397726225,0.00818277803161976,0.00806107996992928,0.00794247176780722,0.0078268410564219,0.00771408079234471,0.00760408894964217,0.00749676823256751,0.00739202580733501,0.00728977305157558,0.00718992532017911,0.00709240172633002,0.00699712493663334,0.00690402097931529,0.00681301906456021,0.00672405141611904,0.0066370531133906,0.00655196194323867,0.00646871826086552,0.00638726485911223,0.00630754684560669,0.00622951152722217,0.00615310830135073,0.00607828855353269,0.00600500556101747,0.00593321440186291,0.0058628718692085,0.00579393639038573,0.0057263679505517,0.0056601280205562,0.00559517948877255,0.00553148659664165,0.00546901487769679,0.00540773109985285,0.00534760321075849,0.00528860028602407,0.00523069248015111,0.00517385098000007,0.00511804796064571,0.00506325654347805,0.00500945075641721,0.00495660549611912,0.00490469649205632,0.00485370027236724,0.00480359413137268,0.00475435609866517,0.00470596490968361,0.00465839997769058,0.00461164136707412,0.00456566976790276,0.00452046647166448,0.0044760133481266,0.00443229282325624,0.00438928785814503,0.00434698192888541,0.00430535900734823,0.00426440354281548,0.00422410044442336,0.00418443506437496,0.00414539318188283,0.00410696098780487,0.004069125069939,0.00403187239894347,0.0039951903148522,0.00395906651415602,0.00392348903742192,0.00388844625742479,0.00385392686776663,0.00381991987196019,0.00378641457295498,0.00375340056308499,0.00372086771441821,0.00368880616948948,0.00365720633239884,0.00362605886025877,0.00359535465497461,0.00356508485534253,0.00353524082945149,0.00350581416737535,0.00347679667414195,0.00344818036296748,0.00341995744874443,0.00339212034177157,0.00336466164171639,0.00333757413179912,0.00331085077318961,0.00328448469960757,0.00325846921211772,0.00323279777411191,0.00320746400646997,0.00318246168289244,0.00315778472539752,0.00313342719997611,0.00310938331239812,0.00308564740416388,0.00306221394859532,0.00303907754706077,0.00301623292532822,0.00299367493004232,0.0029713985253198,0.00294939878945886,0.00292767091175827,0.00290621018944155,0.00288501202468271,0.0028640719217293,0.00284338548411889,0.00282294841198619,0.00280275649945666,0.00278280563212376,0.0027630917846066,0.0027436110181849,0.00272435947850917,0.00270533339338169,0.00268652907060796,0.00266794289591402,0.00264957133092869,0.00263141091122742,0.00261345824443625,0.00259571000839354,0.00257816294936709,0.00256081388032536,0.00254365967926017,0.00252669728755975,0.00250992370842992,0.00249333600536204,0.00247693130064586,0.00246070677392617,0.00244465966080119,0.0024287872514618,0.00241308688936986,0.00239755596997474,0.0023821919394662,0.00236699229356316,0.00235195457633622,0.00233707637906391,0.00232235533912083,0.00230778913889662,0.00229337550474537,0.00227911220596377,0.00226499705379775,0.00225102790047604,0.00223720263827019,0.00222351919858052,0.00220997555104614,0.00219656970267956,0.00218329969702424,0.00217016361333458,0.00215715956577808,0.00214428570265796,0.00213154020565703,0.00211892128910104,0.00210642719924121,0.00209405621355563,0.00208180664006866,0.00206967681668802,0.00205766511055877,0,0.0226494749247942,0.0221233767410279,0.0215985865909094,0.0210776411056532,0.0205658642284769,0.020066990774649,0.0195832346955723,0.0191157430974785,0.0186649599208103,0.0182308764659138,0.017813198351604,0.0174114559195378,0.0170250771272819,0.0166534356177035,0.0162958823075656,0.0159517659830101,0.0156204465299922,0.0153013032143124,0.0149937396293809,0.0146971864030703,0.0144111024038954,0.014134974950942,0.0138683193724586,0.0136106781494164,0.0133616198059682,0.013120737657532,0.0128876484918285,0.0126619912336465,0.0124434256270365,0.0122316309567569,0.0120263048225316,0.0118271619739548,0.0116339332099248,0.0114463643437942,0.0112642152336071,0.0110872588756022,0.0109152805584032,0.0107480770748749,0.0105854559883861,0.0104272349501375,0.0102732410642319,0.0101233102972411,0.00997728692916026,0.00983502304278404,0.00969637804871576,0.00956121824338789,0.00942941639764983,0.00930085137364856,0.00917540776789071,0.00905297557853233,0.00893344989508846,0.00881673060889441,0.00870272214277796,0.00859133319852329,0.00848247652081632,0.00837606867646637,0.00827202984779109,0.00817028363914082,0.00807075689561762,0.00797337953311865,0.00787808437890115,0.00778480702192856,0.00769348567231451,0.00760406102923428,0.00751647615672102,0.00743067636680916,0.0073466091095266,0.0072642238692773,0.00718347206718694,0.00710430696901862,0.00702668359829357,0.00695055865427796,0.00687589043452277,0.00680263876166536,0.00673076491422273,0.00666023156112484,0.00659100269975579,0.00652304359728536,0.00645632073508862,0.00639080175606674,0.00632645541469341,0.00626325152962353,0.00620116093871288,0.00614015545630585,0.00608020783265962,0.00602129171538074,0.00596338161275818,0.00590645285888521,0.00585048158046879,0.00579544466523173,0.00574131973181902,0.0056880851011253,0.00563571976896561,0.00558420338001623,0.00553351620295747,0.00548363910675366,0.00543455353801003,0.00538624149934998,0.00533868552875886,0.00529186867984469,0.00524577450296792,0.00520038702719608,0.00515569074304155,0.00511167058594283,0.00506831192045185,0.00502560052509272,0.00498352257785842,0.0049420646423144,0.00490121365427938,0.00486095690905576,0.00482128204918292,0.00478217705268882,0.00474363022181621,0.00470563017220111,0.00466816582248261,0.00463122638432379,0.00459480135282526,0.00455888049731258,0.00452345385248161,0.00448851170988488,0.00445404460974385,0.00442004333307288,0.00438649889410079,0.0043534025329769,0.00432074570874947,0.00428852009260449,0.00425671756135339,0.00422533019115957,0.00419435025149295,0.00416377019930344,0.00413358267340378,0.00410378048905293,0.00407435663273216,0.00404530425710535,0.00401661667615627,0.00398828736049539,0.00396030993282967,0.00393267816358835,0.00390538596669885,0.00387842739550653,0.00385179663883288,0.00382548801716633,0.00379949597898091,0.0037738150971775,0.00374844006564274,0.00372336569592182,0.00369858691399987,0.00367409875718838,0.00364989637111259,0.00362597500679595,0.00360233001783788,0.00357895685768194,0.00355585107697021,0.00353300832098153,0.00351042432714968,0.00348809492265968,0.00346601602211804,0.00344418362529558,0.00342259381493934,0.00340124275465158,0.00338012668683299,0.00335924193068858,0.00333858488029339,0.00331815200271623,0.00329793983619941,0.0032779449883924,0.00325816413463782,0.00323859401630745,0.00321923143918741,0.00320007327190977,0.00318111644443023,0.00316235794654884,0.00314379482647403,0.00312542418942691,0.00310724319628576,0.00308924906226854,0.0030714390556526,0.00305381049653024,0.00303636075559895,0.0030190872529853,0.00300198745710126,0.00298505888353202,0.00296829909395435,0.00295170569508411,0.00293527633765284,0.00291900871541165,0.00290290056416181,0.0028869496608117,0.00287115382245848,0.00285551090549449,0.00284001880473704,0.00282467545258104,0.00280947881817427,0.00279442690661334,0.00277951775816165,0.00276474944748652,0.00275012008291664,0.0027356278057183,0.0027212707893902,0.00270704723897598,0,0.0246765987625331,0.0241189531248108,0.023567244442379,0.0230224755796051,0.0224888687144881,0.0219695443668946,0.0214663599506555,0.0209802389756518,0.0205114753615668,0.02005995446411,0.0196253042575346,0.0192069966547538,0.0188044148026864,0.0184168974923387,0.0180437682351091,0.0176843540654945,0.0173379974543398,0.0170040636003825,0.0166819446250405,0.016371061699802,0.01607086580346,0.0157808375827555,0.0155004866385872,0.0152293504569715,0.0149669931335985,0.0147130039926035,0.0144669961670201,0.0142286051855321,0.0139974875943933,0.0137733196325317,0.0135557959703978,0.0133446285180212,0.0131395453042892,0.0129402894271544,0.0127466180729774,0.0125583016022603,0.0123751226984703,0.012196875576357,0.0120233652460574,0.0118544068292967,0.0116898249240829,0.0115294530144414,0.0113731329219085,0.0112207142956966,0.0110720541386391,0.0109270163662235,0.0107854713962114,0.0106472957665312,0.0105123717793023,0.0103805871690175,0.0102518347930614,0.0101260123428898,0.0100030220743243,0.00988277055554173,0.00976516843145072,0.0096501302032511,0.0095375740220692,0.00942742149564795,0.00931959750715403,0.00921403004523661,0.00911065004453985,0.00900939123593569,0.00891019000579824,0.00881298526369483,0.00871771831791649,0.0086243327583142,0.00853277434594866,0.00844299090909737,0.00835493224519738,0.00826855002833374,0.00818379772191143,0.00810063049617615,0.00801900515027284,0.00793888003855354,0.00786021500086694,0.00778297129658032,0.00770711154210334,0.007632599651698,0.00755940078137466,0.00748748127568768,0.00741680861725715,0.00734735137885462,0.00727907917790147,0.00721196263323967,0.00714597332404251,0.00708108375074254,0.00701726729786206,0.00695449819863785,0.00689275150134037,0.00683200303719239,0.006772229389799,0.00671340786600656,0.00665551646811232,0.00659853386735263,0.00654243937860048,0.00648721293620909,0.00643283507094045,0.00637928688792257,0.00632655004558189,0.00627460673550048,0.00622343966315132,0.00617303202946642,0.00612336751319639,0.00607443025402177,0.00602620483637863,0.0059786762739636,0.00593182999488478,0.00588565182742749,0.00584012798640491,0.00579524506006591,0.00575098999753344,0.00570735009674845,0.00566431299289566,0.00562186664728872,0.00557999933669383,0.00553869964307105,0.00549795644371498,0.00545775890177614,0.00541809645714634,0.00537895881769155,0.00534033595081675,0.00530221807534853,0.00526459565372097,0.00522745938445213,0.00519080019489794,0.00515460923427254,0.00511887786692243,0.00508359766584472,0.00504876040643874,0.00501435806048124,0.00498038279031573,0.00494682694324755,0.00491368304613574,0.00488094380017377,0.00484860207585178,0.00481665090809233,0.00478508349155356,0.0047538931760921,0.00472307346238038,0.00469261799767131,0.0046625205717053,0.00463277511275368,0.00460337568379312,0.00457431647880649,0.00454559181920477,0.00451719615036567,0.0044891240382845,0.00446137016633311,0.00443392933212266,0.00440679644446656,0.00437996652043967,0.00435343468253039,0.00432719615588216,0.00430124626562088,0.00427558043426581,0.00425019417921987,0.00422508311033747,0.00420024292756674,0.00417566941866319,0.00415135845697295,0.00412730599928233,0.00410350808373224,0.00407996082779443,0.00405666042630808,0.00403360314957402,0.00401078534150517,0.00398820341783092,0.00396585386435359,0.00394373323525582,0.00392183815145611,0.0039001652990119,0.00387871142756804,0.00385747334884944,0.003836447935196,0.00381563211813921,0.00379502288701819,0.00377461728763444,0.00375441242094393,0.00373440544178522,0.00371459355764267,0.00369497402744305,0.00367554416038568,0.00365630131480346,0.00363724289705515,0.00361836636044718,0.00359966920418456,0.00358114897234917,0.00356280325290571,0.0035446296767338,0.00352662591668497,0.003508789686665,0.00349111874073983,0.00347361087226458,0.00345626391303532,0.00343907573246234,0.003422044236765,0.00340516736818663,0.00338844310422969,0.00337186945691018,0.00335544447203076,0,0.0266440800751938,0.0260551406169256,0.0254757824202886,0.0249073844952813,0.0243529632488795,0.0238147494703748,0.0232940237877015,0.0227913333509014,0.0223067205764008,0.0218398989479906,0.0213903768620559,0.0209575419127316,0.0205407172303908,0.0201391986382812,0.0197522788051065,0.0193792626334823,0.0190194767632334,0.0186722751369772,0.0183370419443543,0.0180131928350923,0.0177001750032513,0.017397466550253,0.0171045754022251,0.0168210379673983,0.0165464176581057,0.0162803033601714,0.0160223079039371,0.0157720665716823,0.0155292356628982,0.0152934911298374,0.0150645272896599,0.0148420556154166,0.0146258036054251,0.0144155137288758,0.0142109424444391,0.0140118592880439,0.0138180460256931,0.0136292958670918,0.0134454127359063,0.0132662105926014,0.0130915128059928,0.0129211515698598,0.0127549673611998,0.0125928084369329,0.0124345303660991,0.0122799955948107,0.0121290730414318,0.0119816377196588,0.0118375703873583,0.0116967572191932,0.011559089501226,0.0114244633458374,0.0112927794254313,0.0111639427235234,0.0110378623019251,0.0109144510828354,0.0107936256447553,0.0106753060312194,0.0105594155714268,0.0104458807119206,0.0103346308585363,0.0102255982278991,0.0101187177078074,0.0100139267258884,0.00991116512596372,0.00981037505160134,0.009711500836372,0.00961448890036497,0.00951928765254971,0.00942584739860224,0.00933412025384135,0.00924406006094798,0.00915562231216183,0.00906876407567427,0.00898344392595382,0.00889962187776154,0.00881725932362875,0.0087363189745869,0.00865676480395227,0.00857856199398338,0.00850167688524006,0.00842607692848529,0.00835173063898125,0.00827860755304111,0.00820667818670704,0.00813591399643324,0.00806628734166072,0.00799777144917836,0.00793034037917036,0.00786396899285761,0.00779863292164548,0.00773430853769709,0.00767097292585405,0.00760860385683439,0.00754717976163842,0.0074866797071005,0.00742708337252579,0.00736837102735663,0.00731052350981529,0.00725352220647349,0.0071973490327018,0.0071419864139546,0.00708741726784925,0.00703362498700002,0.00698059342256953,0.00692830686850332,0.00687675004641364,0.00682590809108218,0.00677576653655143,0.00672631130277742,0.00667752868281683,0.00662940533052421,0.00658192824873501,0.00653508477791227,0.00648886258523611,0.00644324965411525,0.00639823427410209,0.0063538050311928,0.00630995079849582,0.00626666072725176,0.00622392423819003,0.00618173101320672,0.00614007098735059,0.00609893434110323,0.00605831149294124,0.00601819309216794,0.00597857001200389,0.00593943334292483,0.00590077438623667,0.00586258464787824,0.00582485583244173,0.00578757983740232,0.00575074874754847,0.00571435482960446,0.00567839052703774,0.00564284845504357,0.00560772139569985,0.0055730022932855,0.00553868424975601,0.00550476052036971,0.0054712245094594,0.00543806976634316,0.00540528998136961,0.0053728789820918,0.00534083072956558,0.00530913931476699,0.00527779895512481,0.00524680399116375,0.00521614888325401,0.00518582820846364,0.00515583665750928,0.00512616903180271,0.00509682024058874,0.0050677852981715,0.00503905932122622,0.00501063752619309,0.00498251522675011,0.00495468783136304,0.00492715084090856,0.00489989984636872,0.00487293052659432,0.00484623864613442,0.00481982005312982,0.00479367067726873,0.00476778652780166,0.00474216369161432,0.00471679833135636,0.0046916866836236,0.00466682505719275,0.00464220983130596,0.00461783745400472,0.00459370444050994,0.0045698073716484,0.00454614289232261,0.0045227077100235,0.00449949859338436,0.00447651237077454,0.00445374592893188,0.00443119621163221,0.00440886021839565,0.00438673500322707,0.00436481767339147,0.00434310538822136,0.00432159535795648,0.00430028484261435,0.00427917115089052,0.0042582516390879,0.0042375237100743,0.00421698481226691,0.00419663243864365,0.00417646412577981,0.00415647745290927,0.00413667004101058,0.0041170395519156,0.00409758368744151,0.00407830018854427,0.00405918683449384,0.00404024144206991,0.00402146186477785,0.00400284599208423,0,0.0285483179774533,0.0279283951624845,0.0273214454778453,0.0267302134171461,0.0261564154465764,0.0256011771306521,0.0250650223842027,0.0245479940234454,0.024049797091157,0.0235699175085714,0.0231077091367861,0.0226624542755565,0.022233404391765,0.0218198068608964,0.0214209220596475,0.021036033900071,0.0206644559535791,0.0203055346394303,0.0199586504826622,0.0196232181231613,0.0192986855364635,0.0189845327761589,0.0186802704451917,0.0183854380335958,0.0180996022128272,0.0178223551447192,0.0175533128413388,0.0172921135973678,0.0170384165068145,0.0167919000693522,0.0165522608873158,0.0163192124516718,0.0160924840135905,0.015871819537276,0.015656976729209,0.0154477261387626,0.0152438503251705,0.0150451430859686,0.014851408742252,0.014662461476356,0.0144781247178559,0.0142982305740705,0.0141226193015398,0.0139511388152277,0.0137836442324543,0.0136199974488145,0.0134600667435623,0.0133037264121517,0.0131508564238218,0.0130013421022858,0.0128550738277533,0.0127119467586569,0.0125718605715976,0.0124347192181407,0.0123004306972108,0.0121689068419391,0.0120400631199046,0.0119138184458028,0.0117900950056503,0.0116688180917057,0.0115499159473529,0.0114333196212521,0.011318962830118,0.0112067818295358,0.0110967152922677,0.0109887041935492,0.0108826917029082,0.0107786230820776,0.0106764455886019,0.010576108384771,0.0104775624515375,0.0103807605071016,0.0102856569298694,0.0101922076855114,0.0101003702578668,0.0100101035834589,0.00992136798940049,0.00983412513448713,0.00974833795328488,0.00966397060303788,0.00958098841322844,0.00949935783763622,0.00941904640875152,0.0093400226944084,0.00926225625651173,0.00918571761173968,0.00911037819411224,0.00903621031932171,0.00896318715072919,0.0088912826669354,0.00882047163084175,0.00875072956012099,0.00868203269902336,0.00861435799144674,0.00854768305520553,0.00848198615743584,0.00841724619107801,0.00835344265238195,0.00829055561938292,0.00822856573129936,0.00816745416880628,0.00810720263514099,0.00804779333800004,0.00798920897218902,0.00793143270298828,0.00787444815020038,0.00781823937284649,0.0077627908544811,0.00770808748909572,0.00765411456758421,0.00760085776474327,0.00754830312678392,0.00749643705932994,0.00744524631588172,0.00739471798672394,0.00734483948825734,0.00729559855273604,0.00724698321839154,0.00719898181992751,0.00715158297936806,0.00710477559724501,0.007058548844109,0.00701289215235064,0.00696779520831887,0.00692324794472323,0.0068792405333088,0.00683576337779195,0.00679280710704638,0.00675036256852874,0.00670842082193449,0.00666697313307403,0.00662601096796074,0.00658552598710196,0.00654551003998499,0.00650595515975042,0.00646685355804498,0.00642819762004737,0.00638997989966003,0.00635219311486022,0.00631483014320478,0.00627788401748196,0.00624134792150535,0.00620521518604409,0.00616947928488437,0.00613413383101739,0.00609917257294861,0.00606458939112445,0.00603037829447152,0.00599653341704456,0.00596304901477901,0.00592991946234427,0.00589713925009447,0.00586470298111255,0.00583260536834511,0.00580084123182379,0.00576940549597148,0.00573829318698866,0.0057074994303189,0.00567701944818919,0.00564684855722349,0.00561698216612671,0.00558741577343611,0.00555814496533919,0.0055291654135542,0.00550047287327235,0.00547206318115914,0.00544393225341271,0.00541607608387777,0.00538849074221286,0.00536117237210923,0.00533411718956005,0.00530732148117746,0.00528078160255709,0.00525449397668723,0.00522845509240225,0.00520266150287842,0.00517710982417031,0.00515179673378785,0.0051267189693108,0.00510187332704153,0.00507725666069327,0.00505286588011374,0.00502869795004207,0.00500474988889968,0.00498101876761185,0.00495750170846088,0.00493419588396903,0.00491109851581012,0.00488820687375015,0.00486551827461416,0.00484303008128038,0.00482073970169951,0.00479864458793956,0.00477674223525401,0.00475503018117454,0.00473350600462545,0.00471216732506105,0.0046910118016241,0.00467003713232517,0.0046492410532423,0,0.0303856090173485,0.0297346877296091,0.0291011411231865,0.0284886381260226,0.0278974484932603,0.0273274381783143,0.0267782452011912,0.0262493142427686,0.0257399496471766,0.0252493691540104,0.0247767474091766,0.0243212475928413,0.0238820429288614,0.0234583305155516,0.0230493396561858,0.0226543363876976,0.0222726254522351,0.0219035505930985,0.0215464937860629,0.0212008738229183,0.0208661445276794,0.0205417927914726,0.0202273365473536,0.0199223227622744,0.0196263254937088,0.0193389440385739,0.0190598011889273,0.0187885416003373,0.0185248302733302,0.0182683511449065,0.0180188057851048,0.0177759121924924,0.0175394036819755,0.0173090278582179,0.0170845456680954,0.016865730525904,0.0166523675054004,0.0164442525931626,0.0162411919981707,0.0160430015129177,0.0158495059217519,0.0156605384525218,0.0154759402679358,0.0152955599933691,0.0151192532781369,0.0149468823875213,0.0147783158230784,0.0146134279689743,0.0144520987622937,0.0142942133854497,0.0141396619789829,0.0139883393731895,0.0138401448371498,0.0136949818438511,0.0135527578502095,0.0134133840908952,0.0132767753849573,0.0131428499543239,0.0130115292533333,0.012882737808516,0.0127564030679116,0.0126324552592612,0.0125108272564665,0.0123914544537566,0.0122742746470428,0.0121592279219852,0.0120462565483281,0.0119353048800958,0.0118263192612692,0.0117192479365942,0.0116140409671952,0.011510650150692,0.0114090289455408,0.011309132399338,0.011210917080845,0.0111143410155093,0.0110193636242709,0.0109259456654598,0.0108340491796024,0.0107436374369657,0.0106546748876823,0.0105671271143069,0.0104809607866665,0.0103961436188747,0.010312644328389,0.0102304325969974,0.0101494790336292,0.0100697551388888,0.00999123327122083,0.00991388661461818,0.00983768914779068,0.00976261561471794,0.00968864149651296,0.00961574298452897,0.00954389695464528,0.00947308094267145,0.00940327312081318,0.00933445227514659,0.00926659778405011,0.0091996895975465,0.00913370821751048,0.00906863467869909,0.00900445053056532,0.00894113781981675,0.00887867907368433,0.00881705728386644,0.00875625589111765,0.00869625877045076,0.00863705021692466,0.00857861493199014,0.00852093801036856,0.0084640049274389,0.00840780152711033,0.00835231401015807,0.00829752892300281,0.0082434331469127,0.00819001388761059,0.00813725866526784,0.00808515530486851,0.00803369192692759,0.00798285693854827,0.00793263902480359,0.00788302714042916,0.00783401050181329,0.00778557857927258,0.00773772108960077,0.00769042798887979,0.00764368946554222,0.0075974959336747,0.00755183802655278,0.00750670659039778,0.00746209267834667,0.00741798754462675,0.00737438263892672,0.00733126960095654,0.00728864025518883,0.00724648660577449,0.00720480083162609,0.00716357528166226,0.00712280247020717,0.00708247507253932,0.00704258592058332,0.00700312799874041,0.00696409443985139,0.00692547852128778,0.00688727366116626,0.00684947341468168,0.00681207147055467,0.00677506164758937,0.00673843789133731,0.00670219427086396,0.00666632497561387,0.00663082431237083,0.00659568670231063,0.00656090667814162,0.00652647888133125,0.00649239805941512,0.00645865906338558,0.00642525684515749,0.00639218645510806,0.00635944303968858,0.00632702183910525,0.00629491818506744,0.00626312749860025,0.00623164528791973,0.00620046714636871,0.00616958875041095,0.00613900585768196,0.00610871430509432,0.00607871000699604,0.00604898895338025,0.00601954720814389,0.00599038090739495,0.0059614862578056,0.00593285953501065,0.00590449708204911,0.00587639530784817,0.00584855068574776,0.00582095975206463,0.00579361910469491,0.00576652540175347,0.00573967536024945,0.00571306575479651,0.0056866934163569,0.0056605552310182,0.00563464813880195,0.00560896913250275,0.00558351525655787,0.00555828360594494,0.0055332713251085,0.0055084756069135,0.00548389369162516,0.00545952286591478,0.00543536046189028,0.00541140385615112,0.00538765046886641,0.00536409776287639,0.00534074324281529,0.00531758445425666,0.00529461898287856,0,0.032151556094233,0.0314696405708179,0.030811591861307,0.0301802802084211,0.0295743266179425,0.0289922476277626,0.0284327246591905,0.0278945518525644,0.0273765976132013,0.0268777899049885,0.0263971124906918,0.0259336046173075,0.0254863610075247,0.0250545311409895,0.0246373176872763,0.0242339742580075,0.0238438027111862,0.0234661502172241,0.0231004062476788,0.0227459995995811,0.0224023955286715,0.0220690930351761,0.0217456223247057,0.0214315424525915,0.0211264391507145,0.0208299228301742,0.0205416267498774,0.0202612053394982,0.019988332664693,0.019722701022555,0.0194640196557911,0.0192120135748239,0.0189664224778406,0.0187269997596652,0.0184935116011638,0.0182657361316841,0.0180434626577722,0.0178264909520799,0.0176146305969928,0.0174077003780601,0.017205527722802,0.0170079481809179,0.016814804942309,0.0166259483896886,0.0164412356828629,0.0162605303720517,0.0160837020378653,0.0159106259557802,0.0157411827831579,0.0155752582670277,0.0154127429710186,0.0152535320199689,0.0150975248608705,0.0149446250389239,0.0147947399875863,0.014647780831586,0.0145036622019668,0.0143623020623028,0.0142236215452922,0.0140875447990061,0.013953998842124,0.0138229134275418,0.0136942209137856,0.0135678561437091,0.0134437563299919,0.0133218609469922,0.0132021116285432,0.0130844520713094,0.01296882794335,0.0128551867975617,0.0127434779896959,0.0126336526006682,0.0125256633628969,0.012419464590427,0.0123150121126113,0.0122122632111386,0.0121111765602098,0.0120117121696784,0.0119138313309849,0.0118174965657234,0.0117226715766907,0.0116293212012786,0.0115374113670777,0.0114469090495705,0.0113577822317982,0.0112699998658948,0.0111835318363859,0.0110983489251592,0.0110144227780167,0.0109317258727253,0.0108502314884878,0.0107699136767599,0.0106907472333447,0.0106127076716985,0.0105357711973867,0.0104599146836326,0.0103851156479036,0.0103113522294835,0.0102386031679833,0.0101668477827434,0.0100960659530847,0.0100262380993677,0.00995734516482073,0.00988936859810139,0.00982229033655574,0.00975609279014361,0.00969075882599845,0.00962627175359269,0.00956261531048095,0.00949977364859463,0.00943773132106309,0.00937647326953802,0.00931598481199808,0.00925625163101293,0.00919725976244659,0.00913899558458032,0.00908144580763766,0.00902459746369348,0.00896843789695125,0.00891295475437238,0.00885813597664321,0.00880396978946491,0.00875044469515335,0.00869754946453559,0.00864527312913136,0.00859360497360722,0.00854253452849257,0.00849205156314715,0.00844214607896943,0.00839280830283657,0.00834402868076683,0.00829579787179529,0.00824810674205475,0.00820094635905384,0.00815430798614445,0.00810818307717126,0.00806256327129672,0.00801744038799415,0.00797280642220312,0.00792865353964058,0.00788497407226247,0.00784176051386925,0.00779900551585127,0.00775670188306737,0.0077148425698534,0.00767342067615428,0.00763242944377651,0.00759186225275595,0.00755171261783704,0.0075119741850594,0.00747264072844791,0.00743370614680288,0.00739516446058647,0.00735700980890237,0.0073192364465648,0.0072818387412548,0.00724481117075958,0.00720814832029323,0.00717184487989519,0.00713589564190425,0.00710029549850527,0.00706503943934656,0.00703012254922507,0.0069955400058376,0.00696128707759547,0.00692735912150072,0.00689375158108208,0.00686045998438804,0.00682747994203602,0.00679480714531526,0.00676243736434182,0.00673036644626428,0.00669859031351809,0.0066671049621273,0.00663590646005234,0.00660499094558177,0.00657435462576759,0.00654399377490172,0.00651390473303311,0.0064840839045239,0.00645452775664357,0.00642523281819977,0.00639619567820497,0.00636741298457731,0.00633888144287557,0.0063105978150659,0.0062825589183208,0.00625476162384826,0.00622720285575078,0.00619987958991322,0.00617278885291839,0.00614592772099021,0.0061192933189628,0.00609288281927541,0.00606669344099228,0.00604072244884633,0.00601496715230675,0.00598942490466854,0.00596409310216564,0.00593896918310383,0,0.0338405780538028,0.0331287034336564,0.0324495205603891,0.0318028485111224,0.0311854592080757,0.0305945019273145,0.030027694447212,0.0294831741143546,0.0289593700428837,0.0284549206494966,0.027968622125459,0.0274993953292472,0.0270462634485157,0.0266083360842075,0.0261847973141311,0.0257748963453941,0.0253779399422586,0.0249932861353833,0.0246203388984777,0.0242585435826573,0.0239073829613074,0.0235663737773462,0.023235063710387,0.0229130286988923,0.0225998705650742,0.0222952148997601,0.021998709171759,0.0217100210320509,0.021428836787789,0.0211548600249182,0.0208878103613556,0.0206274223152907,0.0203734442753443,0.0201256375611567,0.0198837755645154,0.0196476429624371,0.0194170349947238,0.0191917567994527,0.0189716228006647,0.0187564561432024,0.0185460881702398,0.0183403579395573,0.0181391117750552,0.0179422028503829,0.0177494908018931,0.0175608413684232,0.0173761260556596,0.0171952218230669,0.0170180107915604,0.0168443799702756,0.0166742210009435,0.0165074299185193,0.0163439069268325,0.0161835561881398,0.0160262856255561,0.0158720067374321,0.0157206344228216,0.0155720868172557,0.0154262851381063,0.0152831535388765,0.0151426189718123,0.015004611058275,0.0148690619663583,0.0147359062952753,0.0146050809660732,0.014476525118271,0.0143501800120422,0.0142259889355938,0.0141038971174176,0.0139838516431139,0.0138658013765082,0.0137496968848001,0.0136354903675055,0.0135231355889644,0.0134125878142065,0.0133038037479787,0.013196741476752,0.0130913604135371,0.0129876212453504,0.0128854858831814,0.0127849174143213,0.0126858800569235,0.0125883391166741,0.0124922609454566,0.0123976129019048,0.0123043633137421,0.012212481441814,0.0121219374457232,0.0120327023509857,0.011944748017627,0.0118580471101476,0.0117725730687852,0.0116883000820096,0.0116052030601894,0.0115232576103702,0.0114424400121109,0.0113627271943262,0.0112840967130858,0.0112065267303249,0.0111299959934213,0.0110544838155996,0.0109799700571212,0.0109064351072255,0.0108338598667859,0.0107622257316477,0.0106915145766177,0.010621708740074,0.01055279100917,0.0104847446056039,0.0104175531719297,0.0103512007583855,0.0102856718102161,0.0102209511554676,0.0101570239932358,0.010093875882345,0.0100314927304428,0.00996986078349028,0.00990896661563183,0.00984879711942886,0.00978933949644181,0.00973058124814572,0.00967251016716647,0.00961511432882342,0.00955838208296678,0.00950230204609731,0.00944686309375711,0.00939205435318067,0.00933786519619555,0.00928428523236332,0.00923130430235045,0.00917891247152136,0.00912710002374358,0.00907585745539803,0.00902517546958569,0.0089750449705236,0.00892545705812281,0.0088764030227414,0.00882787434010617,0.00877986266639614,0.00873235983348276,0.00868535784432005,0.00863884886847975,0.00859282523782614,0.00854727944232513,0.00850220412598309,0.00845759208291039,0.00841343625350581,0.00836972972075659,0.00832646570665091,0.00828363756869831,0.00824123879655428,0.00819926300874576,0.00815770394949364,0.00811655548562906,0.0080758116036002,0.00803546640656688,0.00799551411157913,0.00795594904683796,0.00791676564903451,0.00787795846076581,0.00783952212802414,0.00780145139775729,0.00776374111549835,0.00772638622306169,0.00768938175630331,0.00765272284294392,0.00761640470045209,0.00758042263398569,0.00754477203439013,0.00750944837625111,0.00747444721600019,0.00743976419007207,0.00740539501311106,0.00737133547622598,0.00733758144529152,0.00730412885929468,0.0072709737287253,0.00723811213400863,0.00720554022397908,0.00717325421439416,0.0071412503864864,0.00710952508555357,0.00707807471958447,0.00704689575792043,0.00701598472995113,0.00698533822384292,0.00695495288530015,0.00692482541635717,0.00689495257420102,0.00686533117002344,0.00683595806790124,0.00680683018370505,0.00677794448403407,0.00674929798517808,0.00672088775210412,0.00669271089746808,0.00666476458065049,0.00663704600681544,0.00660955242599209,0.00658228113217858,0,0.0354458870824027,0.0347073940887016,0.0340118641969746,0.0333543004257851,0.0327295189527583,0.0321333657515415,0.0315626540819065,0.0310149064606876,0.0304881430660279,0.0299807362527946,0.0294913139764933,0.0290186953296964,0.0285618466285162,0.0281198507118749,0.0276918848812858,0.0272772046183385,0.0268751312607634,0.0264850424583422,0.0261063646280854,0.0257385668800061,0.0253811560473457,0.0250336725621521,0.0246956869890926,0.0243667970797941,0.0240466252445853,0.0237348163631883,0.0234310358738066,0.0231349680932616,0.0228463147307119,0.0225647935649868,0.0222901372613187,0.0220220923077325,0.0217604180548532,0.0215048858456689,0.0212552782240046,0.0210113882122445,0.0207730186502922,0.0205399815889353,0.0203120977317604,0.0200891959205647,0.0198711126598859,0.0196576916768304,0.0194487835128586,0.0192442451445846,0.0190439396309908,0.0188477357847539,0.018655507865627,0.0184671352940452,0.0182825023833087,0.0181014980888657,0.0179240157733598,0.0177499529862367,0.0175792112568157,0.0174116958998329,0.0172473158325507,0.0170859834026072,0.0169276142258519,0.0167721270334737,0.0166194435277887,0.016469488246103,0.0163221884321147,0.0161774739143609,0.016035276991251,0.0158955323222675,0.0157581768249421,0.0156231495772459,0.0154903917250609,0.0153598463944178,0.0152314586082162,0.0151051752071547,0.0149809447746234,0.0148587175653249,0.0147384454374083,0.0146200817879116,0.0145035814913256,0.0143889008411022,0.0142759974939417,0.0141648304167049,0.0140553598358058,0.0139475471889494,0.0138413550790871,0.0137367472304713,0.0136336884466982,0.0135321445706315,0.0134320824461115,0.0133334698813545,0.0132362756139569,0.0131404692774211,0.0130460213691263,0.012952903219672,0.0128610869635246,0.0127705455109033,0.0126812525208442,0.0125931823753847,0.0125063101548145,0.0124206116139409,0.0123360631593213,0.0122526418274155,0.0121703252636159,0.0120890917021134,0.0120089199465605,0.011929789351496,0.0118516798044936,0.0117745717090054,0.0116984459678646,0.0116232839674215,0.0115490675622823,0.0114757790606247,0.0114034012100652,0.0113319171840532,0.0112613105687702,0.0111915653505109,0.0111226659035265,0.0110545969783103,0.0109873436903066,0.0109208915090256,0.0108552262475465,0.0107903340523935,0.010726201393769,0.0106628150561289,0.0106001621290867,0.0105382299986328,0.010477006338656,0.0104164791027555,0.0103566365163318,0.0102974670689448,0.0102389595069298,0.0101811028262598,0.0101238862656458,0.0100672992998653,0.0100113316333101,0.00995597319374505,0.00990121412627049,0.00984704478747911,0.00979345573980156,0.00974043774603256,0.00968798176403153,0.00963607894159069,0.00958472061146495,0.00953389828655734,0.00948360365525452,0.00943382857690672,0.00938456507744695,0.00933580534514496,0.0092875417264901,0.00923976672219965,0.00919247298334736,0.00914565330760852,0.00909930063561706,0.00905340804743102,0.00900796875910264,0.00896297611934935,0.0089184236063224,0.00887430482446969,0.00883061350148914,0.00878734348537079,0.00874448874152307,0.00870204334998176,0.00866000150269811,0.00861835750090367,0.00857710575254958,0.00853624076981734,0.00849575716669949,0.00845564965664704,0.00841591305028216,0.00837654225317393,0.00833753226367478,0.00829887817081595,0.00826057515226027,0.00822261847230991,0.00818500347996817,0.00814772560705258,0.00811078036635883,0.00807416334987297,0.00803787022703126,0.00800189674302533,0.00796623871715214,0.00793089204120646,0.00789585267791557,0.00786111665941412,0.00782668008575824,0.00779253912347767,0.00775869000416494,0.0077251290231005,0.00769185253791209,0.00765885696726847,0.00762613878960552,0.00759369454188431,0.00756152081837996,0.00752961426950055,0.00749797160063517,0.00746658957103011,0.00743546499269265,0.00740459472932152,0.00737397569526341,0.00734360485449433,0.00731347921962609,0.00728359585093569,0.00725395185541898,0.00722454438586562,0,0.0369601424317891,0.036201611955248,0.0354960089459359,0.0348330155531888,0.0342055682938289,0.0336083641943425,0.033037436731397,0.0324897830011018,0.0319630780005855,0.0314554747068369,0.0309654682179756,0.0304918035774693,0.0300334125789513,0.0295893697509656,0.0291588611424991,0.0287411617662321,0.0283356189886156,0.027941640071716,0.0275586826614718,0.0271862474009162,0.0268238721001139,0.0264711270638634,0.0261276112930259,0.0257929493542815,0.0254667887681434,0.0251487978039204,0.0248386635981156,0.024536090532874,0.0242407988258313,0.0239525232936281,0.0236710122595245,0.0233960265817205,0.0231273387836989,0.0228647322715327,0.0226080006259184,0.0223569469588978,0.0221113833269766,0.0218711301937297,0.0216360159360974,0.0214058763894671,0.0211805544273714,0.0209598995722226,0.0207437676340006,0.0205320203742182,0.0203245251928255,0.0201211548360051,0.0199217871230497,0.0197263046907191,0.0195345947536514,0.0193465488795527,0.01916206277802,0.0189810361019691,0.0188033722607329,0.0186289782439888,0.0184577644557447,0.0182896445576863,0.0181245353212447,0.0179623564877983,0.0178030306364731,0.0176464830590449,0.01749264164149,0.0173414367517614,0.0171928011334053,0.0170466698046547,0.0169029799626698,0.0167616708926133,0.0166226838812752,0.0164859621349778,0.0163514507015136,0.0162190963958822,0.0160888477296116,0.0159606548434597,0.0158344694433082,0.0157102447390721,0.0155879353864586,0.0154674974314208,0.0153488882571616,0.0152320665335497,0.0151169921688217,0.0150036262634488,0.0148919310660562,0.0147818699312882,0.0146734072795191,0.0145665085583173,0.0144611402055717,0.0143572696141992,0.0142548650983532,0.0141538958610592,0.0140543319632086,0.0139561442938422,0.0138593045416638,0.0137637851677231,0.0136695593792116,0.0135766011043219,0.0134848849681159,0.0133943862693592,0.0133050809582733,0.0132169456151662,0.0131299574298987,0.0130440941821509,0.0129593342224501,0.0128756564539282,0.0127930403147752,0.0127114657613575,0.0126309132519728,0.012551363731212,0.0124727986149048,0.01239519977562,0.0123185495286995,0.0122428306188026,0.0121680262069376,0.0120941198579626,0.0120210955285332,0.0119489375554809,0.0118776306446024,0.0118071598598442,0.0117375106128662,0.0116686686529677,0.0116006200573628,0.0115333512217906,0.0114668488514454,0.0114010999522167,0.0113360918222251,0.0112718120436426,0.0112082484747865,0.0111453892424767,0.0110832227346447,0.0110217375931871,0.0109609227070518,0.0109007672055494,0.0108412604518808,0.0107823920368736,0.0107241517729187,0.0106665296880993,0.0106095160205069,0.0105531012127356,0.010497275906549,0.0104420309377136,0.0103873573309919,0.0103332462952907,0.0102796892189573,0.0102266776652202,0.0101742033677677,0.0101222582264603,0.0100708343031723,0.010019923817757,0.00996951914413309,0.00991961280648598,0.00987019747558167,0.00982126596518849,0.00977281122860331,0.0097248263552786,0.00967730456754704,0.00963023921744039,0.00958362378359901,0.00953745186827017,0.00949171719439041,0.0094464136027514,0.0094015350492444,0.00935707560218234,0.00931302943969612,0.00926939084720311,0.00922615421494535,0.00918331403559547,0.00914086490192778,0.00909880150455269,0.00905711862971276,0.00901581115713754,0.00897487405795659,0.00893430239266766,0.00889409130915935,0.00885423604078561,0.00881473190449142,0.00877557429898738,0.00873675870297191,0.00869828067339998,0.00866013584379626,0.00862231992261209,0.00858482869162432,0.00854765800437543,0.0085108037846529,0.00847426202500745,0.00843802878530864,0.0084021001913364,0.00836647243340846,0.00833114176504113,0.0082961045016441,0.00826135701924698,0.0082268957532573,0.00819271719724916,0.00815881790178119,0.00812519447324306,0.00809184357273054,0.0080587619149471,0.008025946267132,0.00799339344801428,0.00796110032679143,0.00792906382213217,0.0078972809012033,0.00786574857871868,0,0.0383765315749919,0.0376080107142744,0.0369000361216378,0.0362379729712245,0.0356131875658214,0.0350194755587118,0.0344522768378881,0.0339081962621545,0.0333846583320163,0.0328796649355825,0.032391628685354,0.0319192586643295,0.0314614816546989,0.0310173872628384,0.0305861892016983,0.0301671975915118,0.0297597988555059,0.0293634409129498,0.0289776221123524,0.0286018828380649,0.0282357990513409,0.0278789772481926,0.0275310504673481,0.0271916750857011,0.0268605282111607,0.0265373055338706,0.026221719533067,0.025913497962922,0.0256123825596244,0.0253181279257807,0.0250305005584345,0.0247492779946081,0.0244742480539817,0.0242052081626478,0.0239419647451798,0.023684332674786,0.0234321347732871,0.0231852013541842,0.0229433698032885,0.0227064841923356,0.0224743949217643,0.0222469583894473,0.0220240366826523,0.0218054972909094,0.0215912128377867,0.021381060829845,0.0211749234212644,0.0209726871928193,0.0207742429440386,0.0205794854975133,0.020388313514431,0.0202006293205104,0.0200163387415891,0.0198353509481946,0.0196575783084857,0.019482936249008,0.0193113431227556,0.0191427200840733,0.0189769909699691,0.0188140821874447,0.0186539226064781,0.0184964434583214,0.0183415782388013,0.0181892626163317,0.0180394343443691,0.0178920331780575,0.0177470007948307,0.0176042807187501,0.0174638182483755,0.0173255603879756,0.0171894557818992,0.0170554546519388,0.0169235087375283,0.0167935712386265,0.0166655967611468,0.0165395412648025,0.0164153620132431,0.0162930175263669,0.0161724675346989,0.0160536729357321,0.0159365957521334,0.0158211990917242,0.0157074471091465,0.0155953049691349,0.0154847388113154,0.0153757157164592,0.0152682036741203,0.0151621715515942,0.0150575890641329,0.0149544267463595,0.0148526559248253,0.0147522486916589,0.014653177879254,0.014555417035952,0.0144589404026723,0.0143637228904482,0.0142697400588285,0.0141769680951051,0.0140853837943319,0.0139949645400988,0.0139056882860277,0.0138175335379615,0.0137304793368129,0.0136445052420472,0.0135595913157715,0.0134757181074035,0.0133928666388975,0.0133110183905022,0.0132301552870297,0.0131502596846136,0.0130713143579363,0.0129933024879069,0.0129162076497705,0.0128400138016312,0.012764705273374,0.0126902667559672,0.0126166832911318,0.0125439402613626,0.0124720233802876,0.0124009186833522,0.0123306125188154,0.0122610915390464,0.012192342692109,0.0121243532136246,0.0120571106189011,0.0119906026953184,0.0119248174949623,0.0118597433274943,0.0117953687532517,0.0117316825765674,0.0116686738393022,0.0116063318145812,0.0115446460007276,0.0114836061153857,0.0114232020898272,0.0113634240634338,0.0113042623783494,0.0112457075742966,0.011187750383551,0.0111303817260682,0.0110735927047578,0.0110173746008993,0.0109617188696956,0.0109066171359578,0.0108520611899185,0.0107980429831686,0.0107445546247121,0.0106915883771373,0.0106391366528988,0.010587192010706,0.0105357471520169,0.0104847949176315,0.010434328284382,0.0103843403619175,0.0103348243895791,0.0102857737333628,0.0102371818829672,0.0101890424489236,0.0101413491598059,0.0100940958595162,0.0100472765046467,0.0100008851619123,0.00995491600565357,0.00990936331540741,0.00986422147354302,0.00981948496296154,0.00977514836485692,0.0097312063565364,0.00968765370929904,0.0096444852863698,0.00960169604088799,0.00955928101394844,0.00951723533269347,0.00947555420845443,0.00943423293494122,0.00939326688647813,0.00935265151628525,0.00931238235480306,0.00927245500806003,0.00923286515608136,0.00919360855133748,0.00915468101723177,0.00911607844662586,0.00907779680040152,0.00903983210605824,0.00900218045634528,0.00896483800792731,0.00892780098008288,0.00889106565343405,0.00885462836870755,0.00881848552552512,0.00878263358122351,0.00874706904970234,0.00871178850029981,0.00867678855669481,0.00864206589583526,0.00860761724689151,0.00857343939023462,0.00853952915643814,0.00850588342530341,0,0.0396900483800752,0.0389243940974802,0.0382229649393383,0.0375689222388563,0.0369525975779052,0.0363672194938643,0.0358078737509072,0.0352709434132749,0.0347537235460117,0.0342541517619798,0.0337706214599477,0.0333018527724015,0.0328468031118758,0.0324046047340146,0.0319745207599196,0.0315559138795558,0.0311482238329936,0.0307509510208461,0.0303636444344087,0.0299858926594441,0.02961731708821,0.0292575667333882,0.0289063142153028,0.0285632526167699,0.0282280929856917,0.0279005623258555,0.0275804019592073,0.0272673661734858,0.0269612210911811,0.0266617437118213,0.0263687210913349,0.026081949630901,0.0258012344541321,0.0255263888562506,0.0252572338125408,0.0249935975361101,0.0247353150770836,0.0244822279569671,0.0242341838331528,0.0239910361895063,0.0237526440497273,0.0235188717107639,0.023289588494032,0.0230646685125603,0.0228439904524771,0.0226274373674953,0.022414896485246,0.0222062590244642,0.0220014200221656,0.0218002781700513,0.0216027356594751,0.0214086980343733,0.0212180740516249,0.0210307755483614,0.0208467173157884,0.0206658169791245,0.0204879948832923,0.0203131739840292,0.0201412797441091,0.0199722400343915,0.0198059850394325,0.019642447167413,0.0194815609641534,0.0193232630310016,0.0191674919463929,0.0190141881908935,0.0188632940755507,0.0187147536733837,0.0185685127538583,0.0184245187201972,0.0182827205493877,0.018143068734755,0.0180055152309756,0.0178700134014154,0.0177365179676801,0.017604984961273,0.0174753716772606,0.0173476366298521,0.0172217395098029,0.0170976411435574,0.0169753034540513,0.0168546894230964,0.0167357630552754,0.0166184893432801,0.0165028342346238,0.0163887645996703,0.0162762482009171,0.0161652536634791,0.0160557504467189,0.015947708816972,0.0158410998213212,0.0157358952623717,0.0156320676739859,0.0155295902979344,0.0154284370614247,0.0153285825554701,0.015230002014063,0.0151326712941175,0.0150365668561506,0.0149416657456696,0.0148479455752362,0.0147553845071807,0.0146639612369372,0.0145736549769764,0.0144844454413092,0.014396312830541,0.0143092378174508,0.0142232015330765,0.0141381855532848,0.0140541718858078,0.0139711429577252,0.0138890816033772,0.0138079710526892,0.0137277949198936,0.0136485371926316,0.0135701822214226,0.0134927147094838,0.0134161197028901,0.0133403825810582,0.0132654890475451,0.0131914251211467,0.0131181771272875,0.0130457316896886,0.012974075722305,0.0129031964215213,0.0128330812585967,0.0127637179723498,0.012695094562075,0.0126271992806817,0.0125600206280473,0.0124935473445786,0.0124277684049722,0.0123626730121663,0.0122982505914798,0.0122344907849294,0.0121713834457192,0.0121089186328979,0.0120470866061755,0.0119858778208969,0.0119252829231635,0.0118652927451011,0.0118058983002669,0.0117470907791909,0.0116888615450489,0.0116312021294607,0.0115741042284101,0.0115175596982828,0.0114615605520181,0.0114060989553701,0.0113511672232761,0.0112967578163265,0.011242863337336,0.0111894765280094,0.0111365902657011,0.011084197560265,0.0110322915509915,0.0109808655036282,0.0109299128074832,0.0108794269726073,0.0108294016270524,0.0107798305142047,0.0107307074901894,0.0106820265213448,0.0106337816817649,0.0105859671509059,0.0105385772112573,0.0104916062460744,0.0104450487371687,0.0103988992627587,0.0103531524953742,0.0103078031998167,0.010262846231171,0.0102182765328693,0.010174089134804,0.0101302791514886,0.0100868417802656,0.0100437722995597,0.0100010660671746,0.00995871851863307,0.00991672516555788,0.00987508159409337,0.00983378346336601,0.00979282650398292,0.00975220651656723,0.00971191937032936,0.00967196100167293,0.0096323274128349,0.00959301467055802,0.00955401890479571,0.00951533630744783,0.0094769631311266,0.00943889568795198,0.00940113034837549,0.00936366354003187,0.00932649174661776,0.00928961150679673,0.00925301941312943,0.00921671211102926,0.0091806862977418,0.00914493872134775,0,0.0408984824678248,0.0401500868976174,0.0394649754785613,0.0388265375990507,0.0382247691031575,0.0376527350454806,0.0371054474501083,0.0365792661356846,0.0360714977361086,0.0355801165007045,0.0351035697395775,0.0346406424443836,0.034190362928231,0.0337519367664134,0.0333247002619518,0.0329080874234745,0.0325016063420921,0.032104822146993,0.0317173445976083,0.0313388189673332,0.0309689192813557,0.030607343250757,0.0302538084380181,0.0299080493231081,0.0295698150330632,0.0292388675639654,0.0289149803710174,0.028597937235806,0.0282875313438482,0.0279835645228699,0.0276858466049048,0.0273941948845533,0.0271084336525609,0.0268283937889275,0.0265539124035195,0.026284832514978,0.0260210027608317,0.0257622771333299,0.0255085147367233,0.0252595795626499,0.025015340280992,0.0247756700441156,0.0245404463028219,0.0243095506326701,0.0240828685695768,0.0238602894538002,0.0236417062815666,0.023427015563721,0.023216117190875,0.0230089143046055,0.0228053131743137,0.0226052230794038,0.0224085561964806,0.0222152274912951,0.0220251546151935,0.0218382578058476,0.0216544597920614,0.0214736857024628,0.0212958629779056,0.0211209212874145,0.0209487924475171,0.0207794103448163,0.0206127108616631,0.0204486318047972,0.0202871128368291,0.0201280954104442,0.0199715227052121,0.019817339566895,0.0196654924491462,0.0195159293575016,0.0193685997955669,0.0192234547133091,0.0190804464573632,0.0189395287232728,0.0188006565095795,0.0186637860736892,0.0185288748894362,0.018395881606279,0.0182647660100557,0.0181354889852382,0.0180080124786198,0.0178822994643792,0.0177583139104614,0.0176360207462245,0.0175153858312967,0.0173963759255963,0.0172789586604654,0.0171631025108723,0.0170487767686392,0.0169359515166518,0.0168245976040136,0.0167146866221034,0.0166061908815018,0.0164990833897508,0.0163933378299125,0.0162889285398956,0.0161858304925185,0.0160840192762796,0.0159834710768074,0.0158841626589625,0.0157860713495658,0.0156891750207295,0.0155934520737656,0.0154988814236505,0.0154054424840234,0.0153131151526984,0.0152218797976695,0.0151317172435907,0.0150426087587118,0.0149545360422537,0.0148674812122052,0.0147814267935263,0.014696355706742,0.0146122512569125,0.0145290971229653,0.0144468773473756,0.0143655763261824,0.0142851787993277,0.014205669841307,0.0141270348521189,0.0140492595485047,0.0139723299554652,0.0138962323980464,0.0138209534933832,0.0137464801429928,0.0136727995253081,0.0135998990884427,0.0135277665431798,0.0134563898561765,0.0133857572433762,0.0133158571636212,0.0132466783124597,0.0131782096161395,0.0131104402257821,0.0130433595117312,0.0129769570580691,0.0129112226572966,0.0128461463051688,0.0127817181956833,0.0127179287162145,0.0126547684427901,0.0125922281355037,0.0125302987340607,0.0124689713534515,0.0124082372797483,0.0123480879660222,0.0122885150283753,0.0122295102420854,0.0121710655378584,0.0121131729981861,0.0120558248538048,0.0119990134802528,0.0119427313945222,0.0118869712518033,0.0118317258423176,0.0117769880882377,0.01172275104069,0.0116690078768392,0.0116157518970504,0.0115629765221278,0.0115106752906271,0.0114588418562384,0.0114074699852396,0.0113565535540157,0.0113060865466439,0.0112560630525415,0.0112064772641748,0.011157323474828,0.0111085960764283,0.0110602895574285,0.0110123985007425,0.0109649175817342,0.0109178415662568,0.0108711653087417,0.0108248837503365,0.0107789919170878,0.0107334849181715,0.010688357944165,0.010643606265364,0.0105992252301393,0.0105552102633354,0.0105115568647069,0.010468260607394,0.0104253171364347,0.0103827221673124,0.0103404714845399,0.0102985609402753,0.0102569864529733,0.0102157440060666,0.01017482964668,0.0101342394843738,0.0100939696899174,0.0100540164940919,0.0100143761865195,0.00997504511452141,0.0099360196820017,0.00989729634835661,0.0098588716274096,0.00982074208637011,0.00978290434481673,0,0.0420028364695395,0.0412862343158361,0.0406275943912,0.0400125447840149,0.0394315118578192,0.0388778432955824,0.0383467825167438,0.0378348813491404,0.0373396109516346,0.0368590916767158,0.0363919038777926,0.0359369553246821,0.0354933882244223,0.0350605138720791,0.0346377665563959,0.0342246708988288,0.0338208185908775,0.0334258517326248,0.0330394508294565,0.0326613260924817,0.0322912110943076,0.0319288581129002,0.0315740346915695,0.0312265210794679,0.030886108312661,0.030552596763331,0.0302257950325434,0.0299055190961656,0.0295915916380066,0.0292838415219108,0.0289821033673304,0.0286862172022139,0.0283960281738702,0.0281113863034661,0.027832146273512,0.0275581672404169,0.0272893126662245,0.0270254501651463,0.0267664513616333,0.0265121917575642,0.026262550606755,0.0260174107954634,0.025776658727906,0.0255401842160703,0.0253078803732939,0.0250796435112245,0.0248553730398823,0.0246349713706199,0.0244183438218313,0.0242053985273012,0.0239960463471118,0.023790200781045,0.0235877778844306,0.0233886961863948,0.0231928766104743,0.0230002423975577,0.022810719031119,0.0226242341647078,0.0224407175516575,0.0222601009769732,0.0220823181913584,0.0219073048473382,0.0217349984374332,0.021565338234341,0.0213982652330755,0.0212337220950176,0.0210716530938283,0.0209120040631728,0.020754722346209,0.0205997567467862,0.0204470574823078,0.0202965761382057,0.0201482656239775,0.0200020801307379,0.0198579750902362,0.0197159071352908,0.0195758340615965,0.019437714790856,0.0193015093351934,0.0191671787628034,0.0190346851647959,0.0189039916231928,0.0187750621800366,0.0186478618075725,0.0185223563794652,0.0183985126430125,0.0182762981923225,0.0181556814424156,0.0180366316042225,0.0179191186604414,0.0178031133422257,0.0176885871066715,0.0175755121150744,0.017463861211929,0.0173536079046431,0.0172447263439398,0.0171371913049244,0.0170309781687883,0.0169260629051301,0.0168224220548689,0.0167200327137287,0.0166188725162735,0.0165189196204726,0.016420152692776,0.0163225508936829,0.0162260938637839,0.0161307617102603,0.0160365349938238,0.0159433947160807,0.0158513223073057,0.0157602996146086,0.0156703088904832,0.0155813327817215,0.0154933543186809,0.0154063569048942,0.0153203243070055,0.0152352406450258,0.0151510903828927,0.0150678583193255,0.0149855295789653,0.0149040896037891,0.0148235241447899,0.0147438192539113,0.0146649612762305,0.0145869368423783,0.0145097328611902,0.0144333365125791,0.0143577352406233,0.0142829167468612,0.0142088689837863,0.0141355801485358,0.0140630386767663,0.0139912332367096,0.0139201527234033,0.0138497862530904,0.0137801231577815,0.013711152979975,0.0136428654675295,0.0135752505686838,0.0135082984272201,0.0134419993777636,0.0133763439412171,0.0133113228203242,0.0132469268953567,0.0131831472199245,0.0131199750169006,0.0130574016744611,0.012995418742234,0.0129340179275542,0.0128731910918216,0.012812930246959,0.0127532275519658,0.0126940753095658,0.0126354659629454,0.0125773920925795,0.0125198464131422,0.0124628217705005,0.0124063111387872,0.0123503076175521,0.0122948044289872,0.012239794915226,0.0121852725357122,0.0121312308646377,0.0120776635884469,0.0120245645034053,0.0119719275132306,0.0119197466267849,0.0118680159558252,0.0118167297128117,0.011765882208771,0.0117154678512136,0.0116654811421038,0.0116159166758798,0.0115667691375237,0.0115180333006792,0.0114697040258159,0.0114217762584387,0.0113742450273413,0.0113271054429023,0.0112803526954224,0.0112339820535031,0.0111879888624627,0.0111423685427925,0.0110971165886482,0.0110522285663787,0.0110077001130887,0.0109635269352367,0.0109197048072646,0.0108762295702611,0.0108330971306551,0.0107903034589401,0.0107478445884289,0.0107057166140358,0.0106639156910882,0.0106224380341649,0.0105812799159609,0.0105404376661788,0.0104999076704445,0.0104596863692482,0.010419770256909,0,0.0430072909333435,0.042335995432206,0.041713827150533,0.0411298105137287,0.0405755361246235,0.0400450896975761,0.0395342568199175,0.0390400002303517,0.0385601114106434,0.0380929684883988,0.0376373655651225,0.0371923921008029,0.0367573477014205,0.0363316819237533,0.0359149517210167,0.035506791315081,0.0351068908253142,0.0347149810769737,0.0343308227801515,0.0339541988079996,0.0335849086788767,0.03322276460998,0.0328675886942521,0.0325192108817984,0.032177467538303,0.0318422004175121,0.0315132559307391,0.0311904846290766,0.0308737408374525,0.0305628823965266,0.0302577704805936,0.029958269468472,0.0296642468507575,0.0293755731614771,0.0290921219255793,0.0288137696161727,0.0285403956172373,0.0282718821888511,0.0280081144329352,0.0277489802582174,0.0274943703436135,0.0272441780995844,0.0269982996272801,0.0267566336754545,0.0265190815952545,0.026285547293061,0.0260559371816085,0.0258301601296306,0.0256081274102909,0.0253897526486549,0.0251749517684515,0.0249636429383559,0.0247557465180126,0.024551185003996,0.0243498829758887,0.024151767042639,0.0239567657893392,0.0237648097245513,0.0235758312282883,0.0233897645007459,0.0232065455118629,0.0230261119517791,0.0228484031822451,0.02267336018903,0.0225009255353611,0.0223310433164245,0.0221636591149459,0.0219987199578641,0.0218361742741055,0.0216759718534617,0.0215180638065675,0.0213624025259747,0.0212089416483103,0.0210576360175093,0.0209084416491057,0.0207613156955663,0.0206162164126485,0.0204731031267623,0.0203319362033158,0.0201926770160237,0.0200552879171534,0.0199197322086899,0.0197859741143924,0.0196539787527222,0.0195237121106162,0.019395141018084,0.0192682331236046,0.0191429568702989,0.0190192814728571,0.0188971768951954,0.0187766138288228,0.018657563671894,0.0185399985089275,0.0184238910911692,0.0183092148175779,0.0181959437164175,0.018084052427431,0.0179735161845811,0.0178643107993382,0.0177564126444961,0.0176497986385004,0.0175444462302706,0.0174403333845008,0.0173374385674226,0.0172357407330143,0.0171352193096428,0.0170358541871219,0.0169376257041748,0.0168405146362854,0.0167445021839276,0.0166495699611574,0.016555699984558,0.0164628746625236,0.0163710767848729,0.0162802895127797,0.0161904963690103,0.0161016812284575,0.0160138283089619,0.0159269221624092,0.0158409476660964,0.0157558900143564,0.015671734710433,0.0155884675585978,0.0155060746565016,0.0154245423877513,0.015343857414706,0.0152640066714848,0.0151849773571787,0.0151067569292612,0.0150293330971896,0.014952693816192,0.0148768272812329,0.0148017219211533,0.0147273663929771,0.0146537495763811,0.014580860568321,0.014508688677811,0.014437223420849,0.0143664545154853,0.0142963718770291,0.0142269656133886,0.0141582260205404,0.0140901435781244,0.0140227089451603,0.013955912955881,0.0138897466156806,0.0138242010971725,0.0137592677363547,0.0136949380288785,0.0136312036264176,0.013568056333135,0.0135054881022443,0.0134434910326617,0.013382057365748,0.0133211794821355,0.0132608498986397,0.0132010612652502,0.0131418063622022,0.0130830780971221,0.013024869502249,0.0129671737317264,0.0129099840589642,0.0128532938740685,0.0127970966813362,0.0127413860968142,0.0126861558459194,0.0126313997611201,0.0125771117796739,0.0125232859414238,0.0124699163866484,0.0124169973539657,0.012364523178289,0.0123124882888327,0.0122608872071675,0.0122097145453231,0.0121589650039373,0.0121086333704496,0.0120587145173389,0.0120092034004033,0.0119600950570823,0.0119113846048172,0.0118630672394523,0.0118151382336738,0.0117675929354847,0.0117204267667165,0.0116736352215756,0.011627213865224,0.0115811583323923,0.011535464326026,0.0114901276159624,0.011445144037638,0.0114005094908264,0.0113562199384034,0.0113122714051429,0.0112686599765372,0.0112253817976465,0.0111824330719728,0.0111398100603597,0.0110975090799174,0.0110555265029702,0,0.0439188921177222,0.0433046147894188,0.0427282238020881,0.042182386267745,0.0416604812207403,0.0411577619642757,0.0406708519186101,0.0401973333380516,0.0397354669774675,0.0392839958359336,0.0388420052768428,0.0384088229895325,0.037983947598677,0.0375669978831344,0.0371576767616301,0.0367557458162113,0.0363610073138337,0.0359732915540125,0.0355924479962927,0.035218339068984,0.03485083587914,0.0344898152697361,0.0341351578301454,0.0337867465795234,0.0334444661232752,0.0331082021400553,0.0327778410975635,0.0324532701245461,0.0321343769872781,0.0318210501337691,0.031513178779691,0.0312106530177652,0.0309133639379159,0.0306212037495076,0.0303340658998639,0.0300518451853274,0.0297744378525935,0.0295017416890901,0.029233656101903,0.0289700821852488,0.0287109227768339,0.0284560825036547,0.0282054678179289,0.0279589870239179,0.0277165502964291,0.0274780696917874,0.0272434591520421,0.027012634503142,0.0267855134477684,0.0265620155534698,0.0263420622366899,0.0261255767432361,0.0259124841256822,0.0257027112181575,0.025496186608928,0.0252928406111354,0.0250926052320221,0.0248954141409346,0.0247012026363662,0.0245099076122694,0.0243214675238439,0.0241358223529795,0.0239529135735123,0.0237726841164338,0.0235950783351729,0.0234200419710567,0.0232475221190391,0.0230774671937781,0.022909826896125,0.0227445521800843,0.0225815952202908,0.0224209093800428,0.0222624491799243,0.0221061702670416,0.0219520293848952,0.0217999843439014,0.0216499939925763,0.0215020181893881,0.021356017775282,0.0212119545468802,0.0210697912303539,0.0209294914559649,0.0207910197332712,0.0206543414269896,0.0205194227335072,0.0203862306580321,0.0202547329923734,0.020124898293338,0.0199966958617349,0.0198700957219716,0.0197450686022323,0.0196215859152231,0.0194996197394727,0.0193791428011732,0.0192601284565487,0.0191425506747385,0.0190263840211804,0.018911603641481,0.0187981852457607,0.0186861050934586,0.0185753399785858,0.0184658672154134,0.0183576646245833,0.0182507105196295,0.0181449836938962,0.0180404634078442,0.0179371293767304,0.0178349617586519,0.0177339411429421,0.0176340485389087,0.0175352653649031,0.0174375734377109,0.0173409549622541,0.0172453925215942,0.0171508690672283,0.0170573679096682,0.016964872709294,0.0168733674674735,0.0167828365179394,0.0166932645184157,0.0166046364424861,0.0165169375716969,0.0164301534878861,0.0163442700657326,0.0162592734655186,0.016175150126098,0.0160918867580644,0.0160094703371131,0.0159278880975903,0.0158471275262243,0.0157671763560327,0.0156880225603999,0.0156096543473202,0.0155320601538013,0.015455228640422,0.0153791486860418,0.0153038093826551,0.0152292000303875,0.0151553101326285,0.0150821293912974,0.0150096477022376,0.0149378551507361,0.014866742007164,0.0147962987227335,0.0147265159253702,0.0146573844156939,0.0145888951631086,0.0145210393019943,0.0144538081280006,0.0143871930944381,0.0143211858087637,0.0142557780291591,0.0141909616611973,0.014126728754597,0.0140630715000597,0.0139999822261894,0.0139374533964915,0.0138754776064476,0.0138140475806666,0.0137531561701062,0.013692796349367,0.0136329612140534,0.0135736439782012,0.0135148379717705,0.0134565366382001,0.0133987335320236,0.0133414223165442,0.0132845967615675,0.0132282507411891,0.0131723782316378,0.0131169733091704,0.0130620301480187,0.0130075430183855,0.0129535062844897,0.0128999144026584,0.0128467619194643,0.0127940434699087,0.0127417537756466,0.0126898876432551,0.0126384399625418,0.0125874057048941,0.0125367799216662,0.0124865577426051,0.0124367343743121,0.0123873050987414,0.0123382652717319,0.0122896103215745,0.0122413357476115,0.0121934371188679,0.012145910072715,0.0120987503135634,0.0120519536115859,0.0120055158014698,0.0119594327811967,0.0119137005108499,0.0118683150114491,0.0118232723638094,0.0117785687074279,0.0117342002393933,0.01169016321332,0,0.0447470031928332,0.0441993738881781,0.043676869687613,0.0431755001572099,0.0426909065151778,0.0422198804250889,0.0417601429293451,0.0413100801929374,0.0408685546884578,0.0404347700159686,0.0400081723198513,0.0395883782693734,0.0391751227979208,0.0387682215221448,0.0383675439664533,0.0379729946617609,0.0375844999336932,0.0372019987732234,0.0368254366196716,0.0364547612103619,0.0360899198887893,0.0357308579355651,0.0353775176107752,0.0350298376857744,0.0346877533065322,0.0343511960765591,0.0340200942803103,0.033694373191483,0.0333739554274598,0.0330587613231801,0.0327487093063204,0.0324437162617884,0.0321436978778867,0.0318485689695735,0.0315582437764072,0.0312726362342471,0.0309916602208069,0.0307152297758296,0.0304432592970856,0.0301756637136565,0.0299123586380986,0.0296532604991366,0.029398286656525,0.0291473554996717,0.0289003865315418,0.028657300439277,0.0284180191528641,0.0281824658930937,0.0279505652099457,0.0277222430124469,0.0274974265909502,0.027276044632702,0.0270580272314801,0.0268433058920102,0.0266318135298016,0.0264234844669741,0.0262182544245959,0.0260160605119931,0.0258168412134473,0.0256205363726527,0.0254270871752627,0.0252364361298229,0.025048527047353,0.0248633050198114,0.0246807163976504,0.0245007087666469,0.0243232309241692,0.024148232855027,0.0239756657070275,0.0238054817663522,0.0236376344328508,0.0234720781953375,0.0233087686069639,0.0231476622607348,0.0229887167652207,0.0228318907205168,0.0226771436944887,0.0225244361993402,0.0223737296685326,0.0222249864340805,0.0220781697042432,0.0219332435416299,0.0217901728417298,0.0216489233118787,0.0215094614506681,0.0213717545278036,0.0212357705644125,0.0211014783138061,0.020968847242692,0.0208378475128373,0.0207084499631791,0.0205806260923776,0.0204543480418084,0.0203295885789865,0.0202063210814176,0.0200845195208689,0.019964158448052,0.019845212977711,0.0197276587741077,0.0196114720368954,0.0194966294873735,0.0193831083551144,0.0192708863649537,0.0191599417243358,0.0190502531110066,0.0189417996610433,0.0188345609572147,0.0187285170176619,0.018623648284893,0.0185199356150808,0.0184173602676586,0.018315903895203,0.0182155485335989,0.0181162765924757,0.01801807084591,0.0179209144233862,0.0178247908010065,0.0177296837929462,0.0176355775431441,0.0175424565172238,0.0174503054946371,0.0173591095610256,0.0172688541007916,0.0171795247898739,0.017091107588722,0.0170035887354631,0.0169169547392556,0.016831192373825,0.0167462886711753,0.0166622309154716,0.0165790066370893,0.0164966036068233,0.0164150098302554,0.0163342135422715,0.0162542032017276,0.0161749674862586,0.0160964952872256,0.0160187757047979,0.0159417980431664,0.0158655518058836,0.0157900266913268,0.0157152125882811,0.0156410995716389,0.0155676778982114,0.0154949380026504,0.0154228704934763,0.0153514661492085,0.0152807159145973,0.0152106108969527,0.0151411423625669,0.01507230173323,0.0150040805828339,0.0149364706340635,0.0148694637551712,0.014803051956834,0.0147372273890897,0.01467198233835,0.0146073092244889,0.0145432005980041,0.0144796491372484,0.0144166476457312,0.0143541890494853,0.0142922663945003,0.0142308728442179,0.0141700016770892,0.0141096462841919,0.0140498001669052,0.013990456934641,0.0139316103026309,0.0138732540897651,0.0138153822164851,0.013757988702725,0.0137010676659037,0.0136446133189631,0.0135886199684548,0.0135330820126702,0.0134779939398158,0.013423350326231,0.0133691458346474,0.0133153752124892,0.0132620332902124,0.0132091149796832,0.0131566152725932,0.0131045292389116,0.0130528520253725,0.0130015788539968,0.0129507050206481,0.0129002258936212,0.0128501369122618,0.012800433585619,0.0127511114911265,0.0127021662733138,0.0126535936425466,0.0126053893737946,0.0125575493054273,0.0125100693380356,0.01246294543328,0.0124161736127637,0.0123697499569308,0.0123236706039879,0,0.0455029798398707,0.0450294357487939,0.0445672977414008,0.0441154935945925,0.0436722426017915,0.0432361590908208,0.0428062665421697,0.0423819023251015,0.0419626375879744,0.0415482145327378,0.0411384970694706,0.0407334325545056,0.0403330228450029,0.039937302966447,0.0395463257869802,0.0391601512901564,0.038778839283706,0.0384024446258275,0.038031014265115,0.0376645855662953,0.0373031855322557,0.036946830638437,0.0365955270747514,0.0362492712486298,0.0359080504455811,0.0355718435747232,0.0352406219492016,0.0349143500675373,0.0345929863734826,0.0342764839801471,0.0339647913499429,0.0336578529259288,0.033355609712922,0.0330579998086292,0.0327649588862954,0.0324764206311533,0.0321923171334211,0.0319125792408358,0.0316371368737868,0.0313659193060942,0.0310988554143776,0.0308358738988245,0.0305769034779997,0.03032187306016,0.0300707118933546,0.0298233496964086,0.0295797167727151,0.0293397441085878,0.0291033634577753,0.0288705074135852,0.0286411094699323,0.0284151040725015,0.0281924266610961,0.0279730137041419,0.0277568027262184,0.0275437323294027,0.0273337422091323,0.0271267731652211,0.0269227671085992,0.0267216670642865,0.0265234171710607,0.0263279626782287,0.0261352499398705,0.0259452264068852,0.0257578406171329,0.0255730421839373,0.0253907817831817,0.0252110111392119,0.0250336830097301,0.0248587511698469,0.0246861703954426,0.0245158964459649,0.0243478860467851,0.024182096871212,0.0240184875222592,0.023857017514244,0.023697647254291,0.0235403380238032,0.0233850519599546,0.0232317520372547,0.023080402049225,0.0229309665902253,0.0227834110374608,0.022637701533197,0.0224938049672074,0.0223516889594708,0.0222113218431372,0.0220726726477748,0.0219357110829098,0.0218004075218681,0.0216667329859249,0.0215346591287701,0.0214041582212892,0.0212752031366668,0.0211477673358095,0.0210218248530915,0.0208973502824208,0.0207743187636236,0.0206527059691467,0.0205324880910729,0.0204136418284469,0.0202961443749076,0.0201799734066227,0.0200651070705205,0.0199515239728146,0.0198392031678154,0.0197281241470242,0.0196182668285037,0.0195096115465197,0.0194021390414479,0.0192958304499403,0.0191906672953462,0.0190866314783805,0.0189837052680344,0.0188818712927239,0.0187811125316677,0.0186814123064917,0.0185827542730525,0.0184851224134754,0.0183885010284012,0.0182928747294365,0.0181982284318018,0.0181045473471731,0.0180118169767112,0.0179200231042736,0.0178291517898051,0.0177391893629009,0.0176501224165393,0.0175619378009769,0.0174746226178056,0.0173881642141622,0.0173025501770913,0.0172177683280534,0.0171338067175767,0.0170506536200472,0.0169682975286342,0.0168867271503467,0.0168059314012179,0.0167258994016131,0.0166466204716588,0.016568084126789,0.0164902800734053,0.0164131982046479,0.0163368285962748,0.0162611615026451,0.0161861873528043,0.0161118967466696,0.0160382804513099,0.0159653293973205,0.0158930346752889,0.0158213875323481,0.015750379368817,0.0156800017349241,0.0156102463276123,0.0155411049874233,0.0154725696954583,0.0154046325704146,0.0153372858656934,0.0152705219665801,0.0152043333874924,0.0151387127692952,0.0150736528766819,0.0150091465956173,0.0149451869308439,0.0148817670034467,0.0148188800484778,0.0147565194126364,0.014694678552005,0.0146333510298394,0.0145725305144101,0.0145122107768959,0.0144523856893261,0.0143930492225718,0.0143341954443831,0.0142758185174735,0.0142179126976473,0.0141604723319717,0.0141034918569902,0.0140469657969776,0.013990888762235,0.0139352554474233,0.0138800606299358,0.0138252991683066,0.0137709660006557,0.0137170561431694,0.0136635646886142,0.0136104868048846,0.0135578177335834,0.0135055527886333,0.01345368735492,0.0134022168869644,0.0133511369076249,0.0133004430068283,0.0132501308403277,0.0132001961284889,0.0131506346551019,0.0131014422662191,0.0130526148690187,0.0130041484306919,0.0129560389773548,0,0.0461999445840796,0.0458055992108692,0.0454083240724654,0.0450097027484056,0.0446107024278911,0.0442119371830363,0.0438138669381658,0.0434168795654479,0.0430213286879309,0.0426275498783568,0.0422358652848033,0.0418465827287633,0.0414599928317719,0.0410763660209569,0.0406959502181622,0.0403189694464293,0.0399456233119759,0.0395760872095522,0.0392105130733972,0.0388490305090434,0.0384917481686303,0.0381387552622883,0.0377901231252984,0.037445906783334,0.0371061464759499,0.0367708691121249,0.0364400896418005,0.0361138123347253,0.0357920319631526,0.0354747348885629,0.0351619000550267,0.0348534998933895,0.0345495011414032,0.0342498655854288,0.0339545507295161,0.0336635103976447,0.0333766952747377,0.0330940533918034,0.0328155305602477,0.0325410707600596,0.0322706164862248,0.0320041090573742,0.0317414888903397,0.03148269574397,0.0312276689352582,0.0309763475305533,0.0307286705143668,0.0304845769380507,0.0302440060504003,0.030006897412039,0.0297731909952603,0.0295428272708355,0.0293157472831494,0.029091892714888,0.028871205942382,0.0286536300825996,0.0284391090326805,0.0282275875028163,0.0280190110431979,0.0278133260656821,0.0276104798607591,0.0274104206103474,0.0272130973968864,0.0270184602091524,0.0268264599451759,0.0266370484126042,0.0264501783268158,0.02626580330706,0.0260838778708719,0.025904357426981,0.0257271982669151,0.0255523575554745,0.0253797933202386,0.0252094644402456,0.0250413306339735,0.0248753524467364,0.0247114912375982,0.0245497091658935,0.0243899691774384,0.0242322349905008,0.0240764710815964,0.0239226426711657,0.0237707157091831,0.0236206568607425,0.0234724334916578,0.0233260136541139,0.0231813660723978,0.0230384601287359,0.0228972658492617,0.0227577538901326,0.0226198955238134,0.0224836626255415,0.0223490276599857,0.0222159636681099,0.0220844442542494,0.0219544435734078,0.0218259363187796,0.0216988977095039,0.0215733034786507,0.0214491298614445,0.0213263535837247,0.0212049518506443,0.0210849023356068,0.0209661831694404,0.0208487729298092,0.0207326506308577,0.0206177957130891,0.0205041880334729,0.0203918078557802,0.0202806358411436,0.0201706530388371,0.0200618408772753,0.0199541811552255,0.0198476560332303,0.0197422480252375,0.0196379399904318,0.0195347151252658,0.0194325569556851,0.0193314493295445,0.0192313764092108,0.0191323226643475,0.0190342728648788,0.0189372120741274,0.0188411256421229,0.0187459991990765,0.0186518186490188,0.0185585701635956,0.0184662401760183,0.0183748153751662,0.0182842826998355,0.0181946293331319,0.0181058426970031,0.0180179104469086,0.0179308204666217,0.0178445608631614,0.0177591199618508,0.0176744863014986,0.0175906486297001,0.0175075958982556,0.0174253172587019,0.0173438020579553,0.0172630398340619,0.0171830203120531,0.0171037333999037,0.0170251691845893,0.0169473179282405,0.0168701700643923,0.0167937161943246,0.0167179470834927,0.0166428536580446,0.0165684270014234,0.0164946583510523,0.0164215390950999,0.0163490607693233,0.0162772150539889,0.016205993770865,0.0161353888802895,0.0160653924783053,0.0159959967938657,0.0159271941861062,0.0158589771416811,0.0157913382721629,0.0157242703115041,0.0156577661135579,0.0155918186496585,0.0155264210062569,0.0154615663826133,0.0153972480885419,0.0153334595422101,0.0152701942679871,0.0152074458943432,0.0151452081517975,0.0150834748709127,0.0150222399803359,0.0149614975048849,0.0149012415636768,0.014841466368301,0.0147821662210318,0.0147233355130832,0.0146649687229016,0.014607060414498,0.0145496052358168,0.0144925979171419,0.0144360332695375,0.0143799061833238,0.0143242116265875,0.0142689446437231,0.0142141003540085,0.0141596739502108,0.0141056606972226,0.0140520559307283,0.0139988550558996,0.013946053546119,0.0138936469417309,0.01384163084882,0.0137900009380157,0.0137387529433221,0.0136878826609731,0.013637385948312,0.0135872587226946,0,0.0468524990707019,0.0465399777892875,0.0462098132473049,0.0458662882318594,0.0455131545225044,0.0451530825090734,0.0447880205094263,0.0444194501796602,0.0440485424597841,0.0436762535714444,0.0433033847148337,0.0429306197009716,0.0425585492645066,0.0421876873790866,0.0418184827612588,0.0414513274435754,0.0410865635166958,0.0407244886809082,0.040365360980683,0.0400094029424458,0.0396568052482284,0.0393077300282134,0.0389623138271415,0.0386206702836574,0.0382828925525708,0.0379490554946319,0.0376192176550731,0.0372934230498899,0.0369717027771253,0.0366540764690141,0.036340553599585,0.0360311346611691,0.0357258122221735,0.0354245718774488,0.0351273931016115,0.0348342500147648,0.0345451120692108,0.0342599446649531,0.0339787097010552,0.0337013660692489,0.0334278700955667,0.0331581759352119,0.0328922359253671,0.0326300009001772,0.032371420471722,0.0321164432804132,0.0318650172179082,0.0316170896253204,0.0313726074692312,0.0311315174977534,0.0308937663786721,0.0306593008214843,0.0304280676849777,0.0302000140718216,0.0299750874114986,0.0297532355327691,0.0295344067267445,0.0293185498015361,0.0291056141293489,0.028895549686806,0.0286883070892076,0.0284838376193607,0.0282820932515516,0.0280830266711766,0.0278865912904941,0.0276927412609181,0.0275014314822273,0.0273126176090308,0.0271262560547945,0.0269423039937043,0.026760719360613,0.0265814608492952,0.0264044879092093,0.0262297607409487,0.0260572402905445,0.0258868882427662,0.0257186670135512,0.0255525397416826,0.0253884702798204,0.0252264231849823,0.02506636370856,0.024908257785946,0.024752072025843,0.0245977736993131,0.0244453307286266,0.0242947116759556,0.0241458857319587,0.0239988227042952,0.0238534930061027,0.0237098676444709,0.0235679182089367,0.0234276168600261,0.0232889363178637,0.0231518498508683,0.0230163312645515,0.0228823548904325,0.0227498955750824,0.0226189286693076,0.0224894300174825,0.0223613759470376,0.0222347432581116,0.0221095092133698,0.0219856515279962,0.0218631483598605,0.0217419782998637,0.0216221203624631,0.0215035539763797,0.0213862589754868,0.0212702155898804,0.0211554044371329,0.0210418065137257,0.0209294031866641,0.020818176185269,0.0207081075931472,0.0205991798403356,0.0204913756956194,0.0203846782590205,0.0202790709544554,0.0201745375225573,0.0200710620136636,0.0199686287809618,0.0198672224737954,0.0197668280311225,0.0196674306751283,0.0195690159049855,0.0194715694907612,0.0193750774674671,0.0192795261292498,0.0191849020237182,0.0190911919464055,0.0189983829353621,0.0189064622658776,0.0188154174453276,0.0187252362081438,0.0186359065109039,0.0185474165275379,0.01845975464465,0.0183729094569511,0.0182868697628007,0.0182016245598553,0.0181171630408203,0.0180334745893035,0.0179505487757674,0.0178683753535776,0.0177869442551457,0.0177062455881636,0.0176262696319271,0.0175470068337473,0.0174684478054468,0.017390583319938,0.0173134043078839,0.0172369018544361,0.0171610671960505,0.0170858917173779,0.0170113669482272,0.0169374845606003,0.0168642363657956,0.01679161431158,0.0167196104794265,0.0166482170818156,0.0165774264595997,0.0165072310794292,0.0164376235312364,0.0163685965257793,0.0163001428922406,0.0162322555758824,0.0161649276357543,0.0160981522424545,0.0160319226759408,0.0159662323233926,0.0159010746771205,0.0158364433325235,0.0157723319860928,0.0157087344334592,0.015645644567486,0.0155830563764035,0.0155209639419851,0.0154593614377652,0.0153982431272951,0.0153376033624389,0.0152774365817061,0.0152177373086216,0.0151585001501313,0.0150997197950424,0.0150413910124983,0.0149835086504861,0.0149260676343774,0.0148690629654998,0.0148124897197398,0.0147563430461762,0.0147006181657417,0.0146453103699145,0.0145904150194368,0.0145359275430616,0.0144818434363251,0.014428158260346,0.0143748676406499,0.0143219672660178,0.0142694528873603,0.0142173203166133,0,0.0474763750438756,0.0472456140381615,0.0469823838381745,0.0466940198432405,0.0463869627937815,0.0460658696860389,0.0457341414360036,0.0453943362751105,0.045048434874417,0.044698011190213,0.0443443445404532,0.0439884943938349,0.0436313512366091,0.04327367196485,0.0429161051676857,0.0425592097174822,0.0422034688503674,0.0418493011421922,0.0414970692933252,0.0411470873240571,0.0407996265837895,0.0404549208495709,0.0401131707066903,0.039774547349537,0.0394391959045254,0.0391072383521109,0.038778776107722,0.0384538923092022,0.0381326538494561,0.0378151131863398,0.0375013099567466,0.037191272417841,0.0368850187351969,0.036582558134976,0.0362838919351128,0.0359890144686372,0.0356979139107097,0.0354105730196002,0.0351269698006774,0.0348470781014652,0.0345708681449309,0.034298307007394,0.0340293590467501,0.0337639862861009,0.0335021487573386,0.0332438048087544,0.0329889113803173,0.032737424249887,0.0324892982532897,0.0322444874808841,0.0320029454529749,0.0317646252761909,0.0315294797827317,0.0312974616541934,0.0310685235315108,0.0308426181124014,0.0306196982375575,0.0303997169667078,0.0301826276455589,0.0299683839645297,0.0297569400100975,0.0295482503094973,0.0293422698694427,0.02913895420947,0.0289382593904502,0.0287401420387591,0.0285445593665495,0.0283514691885252,0.0281608299355788,0.0279726006656197,0.0277867410718871,0.027603211489015,0.0274219728970901,0.0272429869239198,0.0270662158457077,0.0268916225863132,0.0267191707152571,0.0265488244446173,0.0263805486249454,0.0262143087403239,0.0260500709026688,0.0258878018453759,0.0257274689163959,0.0255690400708188,0.0254124838630359,0.0252577694385456,0.0251048665254576,0.02495374542575,0.0248043770063228,0.0246567326898914,0.0245107844457569,0.0243665047804858,0.0242238667285303,0.0240828438428152,0.0239434101853154,0.0238055403176446,0.0236692092916761,0.0235343926402087,0.0234010663676969,0.0232692069410546,0.0231387912805456,0.0230097967507709,0.0228822011517604,0.0227559827101771,0.0226311200706402,0.0225075922871729,0.0223853788147775,0.0222644595011453,0.0221448145784996,0.0220264246555788,0.0219092707097581,0.0217933340793133,0.0216785964558258,0.0215650398767314,0.0214526467180107,0.0213413996870227,0.0212312818154802,0.0211222764525669,0.0210143672581938,0.0209075381963958,0.0208017735288654,0.0206970578086227,0.0205933758738202,0.0204907128416803,0.0203890541025638,0.0202883853141671,0.020188692395847,0.0200899615230697,0.0199921791219834,0.0198953318641108,0.0197994066611605,0.0197043906599546,0.01961027123747,0.019517035995992,0.0194246727583772,0.0193331695634234,0.0192425146613455,0.0191526965093533,0.0190637037673309,0.0189755252936142,0.0188881501408649,0.0188015675520385,0.0187157669564454,0.018630737965901,0.0185464703709647,0.0184629541372647,0.0183801794019067,0.0182981364699652,0.018216815811055,0.0181362080559804,0.018056303993462,0.0179770945669377,0.0178985708714363,0.0178207241505235,0.0177435457933159,0.0176670273315646,0.0175911604368035,0.0175159369175633,0.0174413487166487,0.017367387908476,0.0172940466964726,0.0172213174105334,0.0171491925045359,0.0170776645539104,0.0170067262532649,0.0169363704140632,0.0168665899623546,0.0167973779365553,0.0167287274852776,0.0166606318652089,0.0165930844390367,0.01652607867342,0.0164596081370053,0.0163936664984865,0.0163282475247074,0.0162633450788055,0.0161989531183972,0.0161350656938017,0.0160716769463042,0.0160087811064569,0.0159463724924164,0.0158844455083172,0.0158229946426807,0.0157620144668581,0.0157014996335065,0.015641444875098,0.015581845002461,0.0155226949033515,0.0154639895410558,0.0154057239530224,0.015347893249523,0.0152904926123412,0.0152335172934896,0.0151769626139531,0.0151208239624592,0.0150650967942732,0.015009776630019,0.0149548590545243,0.0149003397156894,0.01484621432338,0,0.0480880696953651,0.047936038089508,0.0477370684041061,0.0475020261904263,0.0472397994917834,0.0469568377215629,0.0466578712568737,0.0463464567003151,0.0460253335866391,0.0456966595683355,0.0453621685220012,0.0450232786245732,0.0446811674117701,0.0443368248029941,0.0439910912765406,0.0436446859258588,0.0432982275301837,0.042952250728877,0.0426072187044862,0.042263533329133,0.0419215434307758,0.0415815516372263,0.0412438201222519,0.0409085754874101,0.0405760129509896,0.0402462999721048,0.0399195794074442,0.0395959722762827,0.0392755801934544,0.038958487518194,0.0386447632578919,0.0383344627590153,0.0380276292121626,0.0377242949940371,0.0374244828657644,0.0371282070442477,0.036835474160995,0.0365462841209779,0.0362606308724928,0.0359785030976554,0.0356998848320076,0.0354247560207228,0.035153093018043,0.0348848690358273,0.0346200545464472,0.0343586176446845,0.03410052437279,0.0338457390124147,0.033594224346734,0.0333459418957368,0.033100852127344,0.0328589146467459,0.0326200883661051,0.0323843316565513,0.0321516024842027,0.0319218585317735,0.0316950573071719,0.031471156240355,0.0312501127695795,0.0310318844180783,0.0308164288620923,0.0306037039910927,0.0303936679609542,0.0301862792407616,0.0299814966538671,0.0297792794137608,0.029579587155257,0.0293823799614558,0.0291876183868947,0.0289952634772642,0.0288052767860281,0.0286176203882565,0.0284322568919494,0.0282491494471051,0.0280682617527611,0.0278895580622164,0.0277130031866224,0.0275385624971137,0.0273662019256336,0.0271958879645939,0.0270275876654975,0.026861268636637,0.0266968990399762,0.0265344475873075,0.0263738835357716,0.0262151766828172,0.0260582973606714,0.0259032164303836,0.0257499052755017,0.0255983357954322,0.025448480398531,0.0253003119949683,0.0251538039894054,0.0250089302735183,0.0248656652183996,0.0247239836668664,0.0245838609256994,0.0244452727578375,0.0243081953745454,0.0241726054275753,0.0240384800013374,0.0239057966050941,0.0237745331651914,0.0236446680173378,0.0235161798989425,0.0233890479415201,0.0232632516631712,0.0231387709611452,0.0230155861044904,0.0228936777267986,0.0227730268190467,0.0226536147225401,0.0225354231219605,0.0224184340385216,0.0223026298232335,0.0221879931502789,0.0220745070105013,0.0219621547050061,0.0218509198388765,0.0217407863150028,0.0216317383280261,0.0215237603583958,0.0214168371665412,0.021310953787155,0.0212060955235901,0.021102247942367,0.0209993968677912,0.0208975283766802,0.0207966287931983,0.0206966846837966,0.0205976828522599,0.0204996103348557,0.0204024543955853,0.0203062025215361,0.0202108424183318,0.0201163620056803,0.0200227494130164,0.0199299929752391,0.0198380812285402,0.0197470029063234,0.0196567469352124,0.0195673024311453,0.0194786586955547,0.019390805211631,0.0193037316406676,0.0192174278184861,0.0191318837519402,0.0190470896154961,0.0189630357478884,0.0188797126488492,0.0187971109759094,0.0187152215412704,0.0186340353087447,0.0185535433907638,0.0184737370454517,0.0183946076737636,0.0183161468166862,0.018238346152501,0.0181611974941066,0.0180846927864004,0.0180088241037177,0.0179335836473261,0.0178589637429762,0.0177849568385045,0.0177115555014892,0.0176387524169575,0.0175665403851421,0.0174949123192869,0.0174238612435002,0.0173533802906548,0.0172834627003332,0.0172141018168171,0.0171452910871208,0.0170770240590663,0.0170092943794007,0.0169420957919526,0.0168754221358297,0.0168092673436532,0.0167436254398314,0.0166784905388691,0.016613856843713,0.0165497186441327,0.0164860703151351,0.0164229063154138,0.016360221185829,0.0162980095479212,0.0162362661024553,0.0161749856279951,0.0161141629795079,0.0160537930869977,0.0159938709541675,0.0159343916571085,0.015875350343017,0.0158167422289376,0.0157585626005325,0.0157008068108752,0.0156434702792702,0.015586548490096,0.0155300369916715,0.0154739313951462,0,0.0487044188085714,0.0486247816460968,0.0484849451203498,0.0482995214509746,0.0480794396878499,0.0478326327323335,0.0475649565074891,0.0472808303509584,0.0469836603805587,0.0466761237134727,0.0463603630193635,0.0460381217633928,0.0457108395000429,0.0453797199498995,0.0450457803669712,0.0447098879279874,0.0443727870267682,0.0440351201194288,0.0436974439352091,0.0433602423077791,0.0430239365029332,0.0426888936607211,0.0423554337934066,0.0420238356586632,0.0416943417424301,0.0413671625260473,0.0410424801697367,0.040720451713867,0.0404012118771063,0.0400848755140697,0.0397715397827136,0.0394612860623467,0.0391541816559007,0.0388502813044653,0.038549628537624,0.0382522568795536,0.0379581909279459,0.0376674473204297,0.0373800356011987,0.0370959589988992,0.0368152151254417,0.0365377966042121,0.0362636916351503,0.0359928845032896,0.0357253560365938,0.035461084018279,0.0352000435582261,0.0349422074275969,0.034687546360318,0.0344360293247137,0.0341876237682233,0.0339422958378323,0.0337000105785815,0.0334607321122725,0.0332244237982785,0.0329910483781769,0.0327605681057492,0.0325329448637421,0.0323081402686482,0.0320861157646399,0.0318668327076829,0.0316502524407545,0.0314363363610076,0.0312250459796345,0.0310163429751215,0.0308101892405117,0.0306065469252438,0.0304053784720734,0.0302066466495431,0.0300103145804199,0.0298163457664822,0.0296247041100018,0.0294353539322355,0.0292482599892129,0.0290633874850777,0.0288807020832205,0.0287001699154162,0.0285217575891608,0.0283454321933858,0.0281711613027102,0.0279989129803768,0.0278286557800073,0.0276603587462954,0.0274939914147501,0.027329523810588,0.0271669264468675,0.0270061703219455,0.0268472269163343,0.0266900681890266,0.0265346665733498,0.026380994972408,0.026229026754162,0.0260787357461943,0.0259300962302021,0.0257830829362559,0.0256376710368589,0.0254938361408395,0.0253515542871047,0.0252108019382807,0.025071555974264,0.0249337936857046,0.0247974927674397,0.0246626313118955,0.0245291878024733,0.0243971411069324,0.024266470470783,0.0241371555107007,0.0240091762079721,0.0238825129019804,0.0237571462837387,0.023633057389479,0.0235102275943018,0.0233886386058923,0.0232682724583082,0.0231491115058432,0.0230311384169687,0.0229143361683584,0.0227986880389972,0.0226841776043768,0.0225707887307801,0.0224585055696554,0.0223473125520821,0.0222371943833274,0.0221281360374966,0.0220201227522753,0.0219131400237651,0.0218071736014121,0.0217022094830271,0.0215982339098996,0.0214952333620024,0.0213931945532871,0.021292104427071,0.0211919501515122,0.0210927191151743,0.0209943989226777,0.0208969773904379,0.0208004425424894,0.0207047826063928,0.0206099860092258,0.0205160413736559,0.0204229375140924,0.0203306634329191,0.0202392083168038,0.0201485615330847,0.0200587126262319,0.0199696513143829,0.01988136748595,0.0197938511962999,0.0197070926645022,0.0196210822701464,0.0195358105502269,0.0194512681960926,0.0193674460504622,0.0192843351045019,0.019201926494965,0.0191202115013928,0.0190391815433744,0.0189588281778646,0.0188791430965593,0.0188001181233256,0.0187217452116876,0.0186440164423649,0.0185669240208633,0.0184904602751169,0.0184146176531799,0.0183393887209675,0.0182647661600448,0.0181907427654618,0.0181173114436347,0.018044465210272,0.0179721971883438,0.0179005006060946,0.017829368795097,0.0177587951883472,0.0176887733184001,0.017619296815543,0.0175503594060085,0.0174819549102237,0.0174140772410969,0.017346720402339,0.0172798784868206,0.0172135456749627,0.0171477162331612,0.0170823845122433,0.0170175449459564,0.016953192049488,0.0168893204180156,0.0168259247252869,0.0167629997222291,0.0167005402355858,0.0166385411665829,0.016576997489621,0.0165159042509937,0.0164552565676337,0.0163950496258825,0.0163352786802855,0.0162759390524122,0.0162170261296983,0.0161585353643132,0.0161004622720483,0,0.0493419124459881,0.0493248665917269,0.049236760603919,0.0490955231371807,0.0489135468570383,0.0486998425239394,0.0484611192169176,0.0482024733484924,0.0479278484160529,0.0476403493350627,0.0473424613046142,0.0470362042528797,0.0467232430637793,0.0464049671401668,0.0460825485439597,0.0457569850604634,0.0454291325670256,0.0450997297415829,0.0447694172254497,0.0444387527222132,0.0441082230791206,0.0437782540963003,0.0434492186000007,0.0431214431697904,0.042795213806679,0.0424707807559948,0.0421483626464613,0.0418281500690041,0.0415103086910891,0.0411949819818942,0.0408822936082725,0.0405723495498463,0.0402652399726701,0.0399610408939875,0.0396598156651802,0.0393616162956949,0.0390664846372645,0.0387744534449247,0.0384855473290133,0.0381997836104212,0.0379171730897648,0.0376377207397968,0.0373614263292263,0.0370882849851426,0.0368182877003911,0.0365514217915257,0.0362876713123303,0.0360270174273492,0.0357694387493889,0.0355149116445252,0.0352634105077822,0.0350149080123171,0.0347693753346546,0.0345267823582565,0.0342870978574813,0.0340502896637839,0.0338163248158243,0.0335851696949876,0.0333567901476748,0.0331311515955912,0.0329082191351414,0.0326879576269353,0.0324703317763143,0.0322553062057207,0.0320428455196571,0.0318329143629138,0.0316254774726774,0.03142049972508,0.0312179461766952,0.0310177821014412,0.0308199730233113,0.0306244847453114,0.0304312833749515,0.0302403353466073,0.030051607441038,0.0298650668023241,0.0296806809524603,0.0294984178038241,0.029318245669716,0.0291401332731522,0.0289640497540752,0.0287899646751309,0.0286178480261509,0.028447670227464,0.0282794021321498,0.028113015027341,0.0279484806346664,0.0277857711099236,0.0276248590420584,0.0274657174515246,0.0273083197880881,0.0271526399281378,0.0269986521715553,0.0268463312381952,0.0266956522640203,0.0265465907969341,0.0263991227923475,0.0262532246085148,0.0261088730016693,0.0259660451209887,0.0258247185034141,0.0256848710683478,0.0255464811122507,0.0254095273031583,0.0252739886751335,0.0251398446226719,0.0250070748950745,0.0248756595907993,0.0247455791518058,0.0246168143579007,0.0244893463210971,0.024363156479992,0.024238226594174,0.0241145387386644,0.0239920752984005,0.0238708189627643,0.0237507527201641,0.0236318598526696,0.0235141239307084,0.0233975288078235,0.0232820586154968,0.0231676977580404,0.0230544309075572,0.022942242998974,0.0228311192251467,0.0227210450320401,0.0226120061139823,0.0225039884089962,0.0223969780942051,0.0222909615813168,0.0221859255121836,0.0220818567544389,0.0219787423972105,0.0218765697469103,0.0217753263230999,0.0216749998544314,0.0215755782746632,0.0214770497187504,0.0213794025190082,0.0212826252013484,0.0211867064815879,0.0210916352618277,0.0209974006269034,0.0209039918409034,0.0208113983437565,0.020719609747886,0.0206286158349311,0.0205384065525321,0.020448972011181,0.0203603024811349,0.020272388389391,0.0201852203167231,0.0200987889947777,0.0200130853032296,0.0199281002669942,0.0198438250534971,0.0197602509699999,0.0196773694609794,0.0195951721055612,0.0195136506150058,0.0194327968302454,0.0193526027194723,0.0192730603757758,0.0191941620148277,0.0191158999726162,0.0190382667032249,0.0189612547766583,0.0188848568767117,0.0188090657988848,0.0187338744483378,0.01865927583789,0.0185852630860586,0.0185118294151381,0.0184389681493193,0.0183666727128461,0.0182949366282103,0.0182237535143829,0.0181531170850823,0.0180830211470765,0.0180134595985209,0.0179444264273294,0.0178759157095781,0.0178079216079425,0.0177404383701652,0.017673460327555,0.0176069818935162,0.0175409975621077,0.0174755019066309,0.0174104895782456,0.0173459553046144,0.0172818938885736,0.0172183002068309,0.0171551692086888,0.0170924959147938,0.0170302754159101,0.0169685028717177,0.0169071735096345,0.0168462826236611,0.0167858255732489,0.0167257977821904,0,0.0500158137758427,0.0500482981110505,0.0500025647636702,0.0498985754012374,0.0497494597599781,0.0495648302923407,0.0493519255092233,0.0491162939280407,0.0488622571166094,0.0485932331090134,0.048311965780251,0.0480206892261034,0.0477212466146998,0.0474151769041582,0.0471037787575792,0.0467881581906796,0.0464692645416532,0.0461479179945155,0.0458248309384584,0.0455006247829014,0.0451758433842838,0.044850963915573,0.0445264057807262,0.0442025380146228,0.0438796854939751,0.0435581342023828,0.0432381357332779,0.0429199111712789,0.0426036544607237,0.0422895353466112,0.0419777019555461,0.0416682830709265,0.0413613901463943,0.0410571190936535,0.0407555518745734,0.0404567579225913,0.0401607954145124,0.0398677124106391,0.0395775478785766,0.0392903326139344,0.0390060900693746,0.0387248371019753,0.0384465846476269,0.0381713383301163,0.0378990990116435,0.0376298632907349,0.0373636239528374,0.0371003703782956,0.0368400889118943,0.0365827631977066,0.0363283744825889,0.0360769018913172,0.0358283226760533,0.0355826124425545,0.0353397453553007,0.0350996943234963,0.0348624311697118,0.0346279267827597,0.0343961512562443,0.0341670740140882,0.0339406639242155,0.0337168894014592,0.0334957185006607,0.0332771190008418,0.0330610584812448,0.0328475043899674,0.0326364241058484,0.0324277849942051,0.0322215544569668,0.0320176999776992,0.031816189161973,0.0316169897734884,0.0314200697663279,0.0312253973136844,0.0310329408333712,0.0308426690104037,0.0306545508169091,0.0304685555296037,0.0302846527450538,0.0301028123929188,0.0299230047473568,0.0297452004367591,0.0295693704519649,0.029395486153094,0.0292235192751245,0.0290534419323312,0.0288852266216914,0.028718846225353,0.0285542740122567,0.0283914836389905,0.0282304491499523,0.0280711449768892,0.0279135459378732,0.027757627235774,0.027603364456277,0.0274507335654973,0.0272997109072315,0.0271502731998878,0.0270023975331309,0.0268560613642747,0.0267112425144538,0.026567919164601,0.0264260698512562,0.0262856734622313,0.0261467092321497,0.0260091567378821,0.025872995893895,0.0257382069475279,0.0256047704742141,0.025472667372658,0.0253418788599818,0.0252123864668508,0.0250841720325888,0.0249572177002923,0.0248315059119499,0.0247070194035773,0.0245837412003708,0.0244616546118882,0.024340743227261,0.0242209909104425,0.0241023817954964,0.0239849002819295,0.0238685310300723,0.023753258956509,0.0236390692295612,0.0235259472648265,0.0234138787207734,0.0233028494943954,0.0231928457169254,0.0230838537496103,0.0229758601795481,0.0228688518155878,0.0227628156842929,0.0226577390259676,0.0225536092907484,0.0224504141347586,0.0223481414163276,0.0222467791922745,0.0221463157142543,0.0220467394251694,0.0219480389556425,0.0218502031205539,0.0217532209156398,0.021657081514153,0.0215617742635848,0.0214672886824466,0.0213736144571125,0.0212807414387196,0.021188659640128,0.0210973592329374,0.0210068305445604,0.0209170640553529,0.0208280503957981,0.020739780343746,0.0206522448217057,0.0205654348941904,0.0204793417651139,0.0203939567752389,0.0203092713996738,0.0202252772454199,0.0201419660489661,0.0200593296739313,0.0199773601087532,0.0198960494644229,0.019815389972264,0.0197353739817564,0.0196559939584023,0.0195772424816352,0.0194991122427702,0.0194215960429948,0.0193446867914003,0.0192683775030514,0.0191926612970946,0.0191175313949043,0.0190429811182657,0.0189690038875933,0.0188955932201854,0.0188227427285128,0.0187504461185418,0.0186786971880899,0.0186074898252148,0.0185368180066343,0.0184666757961787,0.0183970573432723,0.0183279568814463,0.0182593687268796,0.0181912872769699,0.0181237070089313,0.0180566224784206,0.0179900283181899,0.017923919236766,0.0178582900171555,0.0177931355155747,0.0177284506602051,0.0176642304499726,0.0176004699533506,0.0175371643071862,0.0174743087155492,0.0174118984486036,0.0173499288415003,0,0.0507392029316923,0.0508056006751582,0.0507913783077553,0.050716492052787,0.0505939907537357,0.0504335747961238,0.0502426577029047,0.0500269890353701,0.0497910876945055,0.049538552946589,0.0492722898372308,0.0489946735644192,0.0487076700504276,0.0484129249849022,0.0481118301171741,0.0478055730814182,0.0474951752513711,0.0471815208431685,0.0468653795731966,0.0465474245290441,0.0462282464503636,0.0459083652883076,0.0455882396783187,0.0452682747937903,0.0449488289279576,0.0446302190645879,0.0443127256349388,0.0439965966122435,0.0436820510608737,0.0433692822319345,0.0430584602779627,0.0427497346449286,0.0424432361886498,0.042139079054147,0.0418373623497621,0.0415381716425637,0.0412415802973346,0.0409476506780357,0.0406564352278681,0.0403679774417844,0.0400823127434172,0.0397994692768223,0.0395194686221144,0.0392423264429533,0.0389680530728834,0.0386966540467149,0.0384281305824261,0.0381624800184558,0.037899696210725,0.0376397698932582,0.037382689005868,0.0371284389920096,0.0368770030695898,0.0366283624772382,0.0363824966982966,0.0361393836645623,0.0358989999416203,0.0356613208974265,0.0354263208556416,0.035193973235077,0.0349642506764843,0.0347371251578072,0.0345125680989095,0.0342905504567025,0.0340710428115098,0.0338540154454312,0.0336394384134008,0.033427281607572,0.0332175148156038,0.0330101077733761,0.0328050302126112,0.0326022519038408,0.0324017426951169,0.0322034725468314,0.0320074115629791,0.0318135300191676,0.0316217983876542,0.031432187359664,0.031244667865223,0.031059211090721,0.0308757884943981,0.0306943718199362,0.0305149331083181,0.0303374447081062,0.0301618792842782,0.0299882098257461,0.0298164096516751,0.0296464524167089,0.0294783121151988,0.0293119630845254,0.0291473800075977,0.0289845379146016,0.0288234121840694,0.0286639785433338,0.0285062130684225,0.0283500921834502,0.028195592659554,0.028042691613419,0.0278913665054356,0.027741595137525,0.0275933556506689,0.0274466265221749,0.0273013865627071,0.0271576149131081,0.0270152910410375,0.0268743947374495,0.0267349061129293,0.0265968055939091,0.0264600739187781,0.0263246921339053,0.0261906415895872,0.0260579039359348,0.0259264611187117,0.0257962953751342,0.0256673892296428,0.0255397254896554,0.0254132872413098,0.0252880578452019,0.0251640209321291,0.0250411603988423,0.0249194604038135,0.0247989053630236,0.0246794799457757,0.0245611690705361,0.0244439579008089,0.0243278318410455,0.0242127765325936,0.0240987778496863,0.023985821895476,0.0238738949981118,0.023762983706866,0.0236530747883082,0.0235441552225286,0.023436212199414,0.0233292331149736,0.0232232055677192,0.0231181173550972,0.0230139564699746,0.0229107110971794,0.022808369610094,0.0227069205673041,0.0226063527093007,0.0225066549552368,0.0224078163997381,0.022309826309767,0.0222126741215406,0.0221163494375016,0.0220208420233416,0.0219261418050772,0.0218322388661777,0.0217391234447438,0.0216467859307374,0.0215552168632615,0.0214644069278894,0.0213743469540427,0.0212850279124187,0.0211964409124633,0.0211085771998934,0.0210214281542632,0.0209349852865776,0.0208492402369503,0.0207641847723049,0.0206798107841211,0.0205961102862225,0.020513075412607,0.0204306984153178,0.0203489716623564,0.0202678876356338,0.0201874389289624,0.0201076182460853,0.0200284183987442,0.019949832304784,0.0198718529862937,0.0197944735677837,0.0197176872743977,0.019641487430159,0.0195658674562509,0.0194908208693301,0.0194163412798721,0.01934242239055,0.0192690579946423,0.0191962419744733,0.0191239682998828,0.0190522310267249,0.0189810242953964,0.0189103423293927,0.0188401794338926,0.0187705299943685,0.0187013884752255,0.0186327494184646,0.0185646074423724,0.018496957240236,0.0184297935790822,0.0183631112984405,0.0182969053091305,0.0182311705920711,0.0181659021971139,0.0181010952418975,0.0180367449107241,0.0179728464534571,0,0.0515220482432548,0.0516054376548217,0.0516109115490473,0.0515561320869086,0.0514532449279426,0.0513115239847717,0.0511381951383282,0.0509389465764717,0.0507183023098699,0.0504799005637593,0.050226701128545,0.0499611397813811,0.0496852435235746,0.0494007169246351,0.0491090071999689,0.0488113536339505,0.0485088254560812,0.0482023511675617,0.0478927415028335,0.0475807076194138,0.0472668756809678,0.0469517986887413,0.0466359661923934,0.0463198123489356,0.0460037226805205,0.0456880397957479,0.0453730682760189,0.0450590788818687,0.0447463121995878,0.0444349818225154,0.0441252771418234,0.0438173658067176,0.0435113959025399,0.0432074978863922,0.0429057863129618,0.0426063613777507,0.0423093103005397,0.0420147085684041,0.0417226210547398,0.0414331030284227,0.0411462010652853,0.0408619538724906,0.0405803930350277,0.0403015436924136,0.0400254251527122,0.0397520514501517,0.0394814318519037,0.0392135713189678,0.0389484709255676,0.0386861282409924,0.0384265376774069,0.0381696908067871,0.0379155766498229,0.0376641819393401,0.0374154913605466,0.0371694877701809,0.0369261523964422,0.0366854650214018,0.036447404147437,0.0362119471490834,0.0359790704115737,0.0357487494572145,0.0355209590606479,0.0352956733539514,0.0350728659224431,0.0348525098919824,0.0346345780084877,0.0344190427103282,0.0342058761941899,0.0339950504749647,0.033786537440163,0.033580308899308,0.0333763366287316,0.0331745924121541,0.0329750480773993,0.0327776755295671,0.032582446780958,0.0323893339780186,0.0321983094255577,0.0320093456084581,0.0318224152110944,0.0316374911346465,0.0314545465124857,0.0312735547237936,0.0310944894055634,0.0309173244631178,0.0307420340792707,0.0305685927222456,0.0303969751524586,0.0302271564282607,0.0300591119107315,0.0298928172676046,0.0297282484764,0.0295653818268357,0.0294041939225796,0.029244661682402,0.0290867623407825,0.028930473448022,0.0287757728699042,0.02862263878695,0.0284710496933036,0.0283209843952847,0.0281724220096418,0.0280253419615349,0.0278797239822768,0.0277355481068572,0.0275927946712747,0.0274514443096971,0.0273114779514698,0.0271728768179917,0.0270356224194743,0.0268996965515991,0.0267650812920885,0.0266317589972024,0.0264997122981726,0.0263689240975851,0.0262393775657212,0.0261110561368664,0.0259839435055946,0.0258580236230353,0.0257332806931322,0.0256096991688965,0.0254872637486643,0.0253659593723598,0.0252457712177716,0.0251266846968445,0.0250086854519923,0.0248917593524334,0.0247758924905538,0.0246610711782992,0.0245472819435992,0.0244345115268261,0.0243227468772891,0.0242119751497674,0.0241021837010822,0.0239933600867095,0.0238854920574349,0.0237785675560519,0.0236725747141026,0.0235675018486644,0.0234633374591809,0.0233600702243378,0.023257688998986,0.0231561828111094,0.0230555408588392,0.0229557525075151,0.0228568072867922,0.0227586948877939,0.0226614051603113,0.0225649281100484,0.0224692538959127,0.0223743728273511,0.0222802753617312,0.0221869521017668,0.0220943937929878,0.0220025913212541,0.0219115357103126,0.0218212181193974,0.0217316298408718,0.021642762297913,0.0215546070422376,0.0214671557518681,0.0213804002289393,0.0212943323975452,0.0212089443016244,0.0211242281028837,0.0210401760787611,0.0209567806204243,0.0208740342308074,0.0207919295226833,0.0207104592167717,0.0206296161398823,0.0205493932230921,0.020469783499957,0.0203907801047563,0.0203123762707702,0.0202345653285893,0.0201573407044554,0.0200806959186339,0.020004624583816,0.0199291204035512,0.0198541771707088,0.0197797887659686,0.0197059491563395,0.0196326523937059,0.0195598926134019,0.0194876640328105,0.0194159609499918,0.0193447777423335,0.0192741088652301,0.0192039488507836,0.019134292306531,0.0190651339141938,0.0189964684284522,0.0189282906757407,0.0188605955530677,0.0187933780268556,0.0187266331318039,0.018660355969772,0.0185945417086836,0,0.0523707275009092,0.0524543482790174,0.0524673493199563,0.0524232182552878,0.0523324681327787,0.0522034682843256,0.0520429084999006,0.051856156992192,0.0516475497055666,0.0514206185635163,0.051178267993181,0.0509229101039115,0.0506565678362022,0.0503809536994537,0.0500975300662845,0.049807555591758,0.0495121212064892,0.049212178265018,0.0489085607717808,0.0486020031130322,0.0482931543560976,0.0479825899062017,0.0476708211113507,0.0473583032586485,0.0470454422970046,0.046732600541054,0.046420101551673,0.0461082343441691,0.0457972570420134,0.0454874000689376,0.0451788689531867,0.0448718468031566,0.0445664965024112,0.0442629626633332,0.0439613733718089,0.0436618417499181,0.0433644673592728,0.0430693374641551,0.0427765281707764,0.0424861054566529,0.0421981261021812,0.0419126385348975,0.0416296835955679,0.0413492952341273,0.041071501142523,0.0407963233306957,0.0405237786512283,0.0402538792775736,0.0399866331402493,0.0397220443249157,0.0394601134358515,0.0392008379279819,0.0389442124102954,0.03869022892321,0.0384388771921963,0.0381901448597466,0.0379440176975783,0.0377004798007866,0.0374595137654983,0.0372211008514409,0.0369852211307083,0.0367518536238929,0.0365209764246465,0.0362925668136403,0.0360666013628095,0.0358430560306871,0.0356219062495674,0.0354031270051718,0.0351866929094324,0.0349725782669599,0.0347607571357094,0.0345512033823191,0.0343438907325546,0.0341387928172556,0.0339358832141509,0.0337351354858751,0.0335365232144939,0.0333400200328208,0.0331455996527842,0.0329532358910814,0.0327629026923412,0.0325745741499927,0.0323882245250289,0.032203828262833,0.0320213600082256,0.0318407946188759,0.0316621071772108,0.0314852730009437,0.0313102676523363,0.0311370669462963,0.030965646957408,0.0307959840259829,0.0306280547632126,0.0304618360554978,0.0302973050680245,0.0301344392476488,0.0299732163251512,0.0298136143169131,0.0296556115260668,0.0294991865431641,0.029344318246407,0.0291909858014789,0.0290391686610136,0.028888846563734,0.0287399995332935,0.0285926078768457,0.0284466521833716,0.0283021133217863,0.0281589724388483,0.0280172109568918,0.0278768105714017,0.0277377532484466,0.0276000212219891,0.0274635969910845,0.0273284633169847,0.027194603220158,0.0270619999772368,0.0269306371179034,0.0268004984217248,0.0266715679149438,0.0265438298672357,0.0264172687884378,0.0262918694252583,0.0261676167579714,0.0260444959971036,0.0259224925801176,0.0258015921680972,0.0256817806424386,0.0255630441015514,0.0254453688575736,0.0253287414331034,0.0252131485579501,0.0250985771659086,0.0249850143915576,0.0248724475670857,0.0247608642191459,0.024650252065741,0.024540599013141,0.0244318931528337,0.0243241227585109,0.024217276283089,0.0241113423557673,0.0240063097791229,0.0239021675262436,0.0237989047379,0.0236965107197556,0.0235949749396166,0.0234942870247212,0.0233944367590683,0.0232954140807866,0.0231972090795425,0.0230998119939893,0.023003213209254,0.0229074032544663,0.0228123728003246,0.0227181126567027,0.0226246137702954,0.0225318672223019,0.0224398642261488,0.0223485961252502,0.0222580543908061,0.0221682306196381,0.0220791165320615,0.0219907039697946,0.021902984893904,0.021815951382785,0.0217295956301779,0.0216439099432188,0.0215588867405244,0.0214745185503112,0.0213907980085473,0.0213077178571376,0.0212252709421414,0.0211434502120211,0.0210622487159233,0.02098165960199,0.0209016761157005,0.0208222915982431,0.0207434994849164,0.0206652933035594,0.0205876666730095,0.0205106133015896,0.0204341269856215,0.020358201607967,0.0202828311365954,0.0202080096231768,0.0201337312017011,0.0200599900871226,0.0199867805740284,0.0199140970353318,0.0198419339209894,0.0197702857567409,0.0196991471428728,0.019628512753004,0.0195583773328936,0.0194887356992705,0.0194195827386842,0.0193509134063767,0.0192827227251744,0.0192150057844006,0,0.0532880729203761,0.0533566198647177,0.0533652115044027,0.0533222062745565,0.0532359301614049,0.0531134386044124,0.0529605716734447,0.0527821373640988,0.0525820998605298,0.0523637440524311,0.0521298106443415,0.0518826040466555,0.0516240774070592,0.0513558992545078,0.0510795056800395,0.0507961412815653,0.0505068914374193,0.0502127079061125,0.0499144292885023,0.0496127975250196,0.0493084713195804,0.0490020371673593,0.048694018501231,0.0483848833493302,0.0480750508041421,0.0477648965343144,0.0474547575182342,0.0471449361390092,0.0468357037506051,0.0465273038021082,0.0462199545896156,0.0459138516917821,0.0456091701345888,0.0453060663227108,0.0450046797684086,0.0447051346437396,0.044407541177779,0.0441119969172274,0.0438185878660798,0.0435273895178201,0.0432384677917749,0.0429518798837339,0.0426676750396671,0.0423858952602872,0.042106575943285,0.0418297464692809,0.0415554307368559,0.0412836476514417,0.0410144115723377,0.0407477327216781,0.0404836175587815,0.0402220691229709,0.0399630873476478,0.039706669348133,0.0394528096855494,0.0392015006088049,0.038952732276543,0.0387064929607595,0.0384627692336247,0.0382215461389174,0.0379828073493485,0.0377465353109395,0.0375127113755219,0.0372813159223281,0.0370523284695628,0.036825727776767,0.036601491938719,0.0363795984715529,0.0361600243917191,0.0359427462883583,0.0357277403896149,0.0355149826233706,0.0353044486728406,0.03509611402744,0.0348899540292913,0.0346859439157191,0.0344840588580454,0.0342842739969777,0.0340865644748564,0.0338909054650081,0.033697272198431,0.0335056399880224,0.0333159842505399,0.0331282805264741,0.0329425044979968,0.032758632005135,0.0325766390603114,0.0323965018613777,0.0322181968032616,0.032041700488336,0.0318669897356116,0.0316940415888462,0.0315228333236576,0.0313533424537193,0.0311855467361128,0.0310194241759049,0.0308549530300124,0.0306921118104129,0.0305308792867551,0.0303712344884184,0.0302131567060683,0.030056625492749,0.0299016206645535,0.0297481223009073,0.0295961107444991,0.0294455666008895,0.0292964707378266,0.0291488042842955,0.0290025486293252,0.0288576854205769,0.0287141965627329,0.0285720642157078,0.028431270792698,0.0282917989580866,0.0281536316252194,0.028016751954066,0.0278811433487781,0.0277467894551583,0.0276136741580501,0.0274817815786582,0.0273510960718107,0.0272216022231694,0.0270932848463983,0.0269661289802963,0.0268401198859015,0.0267152430435727,0.0265914841500549,0.0264688291155324,0.0263472640606762,0.0262267753136884,0.0261073494073482,0.0259889730760641,0.0258716332529335,0.0257553170668155,0.0256400118394167,0.025525705082395,0.0254123844944821,0.0253000379586281,0.0251886535391677,0.0250782194790128,0.0249687241968703,0.0248601562844881,0.0247525045039292,0.0246457577848762,0.024539905221966,0.0244349360721565,0.0243308397521247,0.0242276058356979,0.0241252240513182,0.0240236842795407,0.0239229765505646,0.0238230910418002,0.0237240180754683,0.0236257481162355,0.0235282717688837,0.0234315797760135,0.0233356630157826,0.0232405124996788,0.023146119370327,0.0230524748993305,0.022959570485146,0.0228673976509929,0.0227759480427955,0.022685213427159,0.0225951856893783,0.0225058568314793,0.0224172189702928,0.0223292643355603,0.0222419852680716,0.0221553742178335,0.0220694237422697,0.021984126504451,0.021899475271356,0.021815462912161,0.0217320823965603,0.0216493267931142,0.0215671892676266,0.0214856630815502,0.0214047415904195,0.0213244182423115,0.0212446865763328,0.0211655402211332,0.0210869728934462,0.0210089783966539,0.0209315506193782,0.0208546835340963,0.0207783711957807,0.0207026077405632,0.0206273873844232,0.0205527044218978,0.0204785532248162,0.0204049282410555,0.0203318239933192,0.020259235077937,0.020187156163686,0.020115581990633,0.0200445073689966,0.0199739271780308,0.0199038363649272,0.0198342299437367,0,0.0542737775083648,0.0543142933453351,0.0543072926355014,0.0542562089431345,0.0541668472295775,0.0540446327316739,0.0538942942446672,0.0537198706294644,0.0535247897802877,0.0533119605262005,0.0530838585420171,0.0528426006445253,0.052590006770822,0.0523276507331479,0.0520569013941586,0.0517789559429978,0.0514948667860792,0.0512055633356355,0.0509118697462495,0.0506145194408816,0.0503141670918375,0.0500113985787634,0.0497067393316157,0.0494006613769579,0.0490935893362459,0.0487859055708251,0.0484779546267393,0.0481700471003285,0.0478624630207837,0.047555454826613,0.0472492499980404,0.0469440533957002,0.0466400493468412,0.0463374035130333,0.0460362645676333,0.0457367657066755,0.0454390260131624,0.0451431516917298,0.0448492371882127,0.0445573662066234,0.0442676126343786,0.0439800413852198,0.0436947091680923,0.0434116651892588,0.0431309517940733,0.0428526050541141,0.0425766553047516,0.0423031276376798,0.0420320423524699,0.0417634153707889,0.041497258616562,0.0412335803650372,0.0409723855634238,0.0407136761255266,0.0404574512025678,0.0402037074321921,0.0399524391674638,0.0397036386875094,0.0394572963913055,0.0392134009759873,0.0389719396009284,0.0387328980387381,0.0384962608142239,0.038262011332278,0.0380301319955666,0.0378006043128283,0.0375734089985195,0.0373485260644855,0.0371259349042811,0.0369056143707113,0.0366875428471203,0.0364716983129112,0.0362580584037425,0.0360466004668113,0.0358373016116005,0.0356301387564383,0.0354250886711898,0.035222128016377,0.0350212333789996,0.0348223813053074,0.0346255483307583,0.0344307110073733,0.0342378459286889,0.0340469297524887,0.0338579392214826,0.0336708511820909,0.0334856426014755,0.0333022905829547,0.0331207723799215,0.0329410654083824,0.0327631472582201,0.0325869957032799,0.032412588710368,0.0322399044472474,0.0320689212897077,0.031899617827781,0.0317319728711703,0.031565965453952,0.0314015748386098,0.0312387805194521,0.0310775622254632,0.0309178999226313,0.0307597738157988,0.0306031643500705,0.0304480522118177,0.0302944183293116,0.0301422438730154,0.0299915102555669,0.0298421991314745,0.0296942923965544,0.0295477721871304,0.0294026208790171,0.0292588210863079,0.0291163556599832,0.0289752076863594,0.0288353604853904,0.0286967976088385,0.0285595028383275,0.0284234601832903,0.028288653878822,0.0281550683834498,0.0280226883768294,0.0278914987573763,0.0277614846398409,0.0276326313528353,0.0275049244363186,0.0273783496390467,0.027252892915994,0.0271285404257518,0.0270052785279077,0.026883093780413,0.0267619729369402,0.0266419029442352,0.0265228709394689,0.0264048642475902,0.0262878703786845,0.0261718770253393,0.0260568720600214,0.0259428435324651,0.0258297796670773,0.0257176688603576,0.025606499678338,0.0254962608540424,0.0253869412849674,0.0252785300305861,0.0251710163098757,0.0250643894988705,0.0249586391282397,0.0248537548808929,0.0247497265896125,0.0246465442347134,0.0245441979417323,0.0244426779791447,0.0243419747561121,0.0242420788202578,0.024142980855473,0.0240446716797531,0.0239471422430628,0.023850383625233,0.0237543870338865,0.0236591438023945,0.0235646453878631,0.0234708833691498,0.0233778494449099,0.0232855354316725,0.0231939332619466,0.0231030349823561,0.0230128327518042,0.0229233188396672,0.0228344856240162,0.0227463255898679,0.0226588313274637,0.0225719955305762,0.0224858109948437,0.022400270616132,0.0223153673889231,0.0222310944047303,0.0221474448505406,0.0220644120072816,0.0219819892483158,0.0219001700379583,0.0218189479300216,0.0217383165663831,0.0216582696755782,0.0215788010714163,0.0214999046516215,0.0214215743964953,0.0213438043676033,0.0212665887064832,0.0211899216333764,0.0211137974459797,0.0210382105182203,0.0209631552990501,0.0208886263112623,0.0208146181503273,0.0207411254832496,0.0206681430474435,0.020595665649629,0.0205236881647469,0.0204522055348913,0,0.0553251269641153,0.0553272819065734,0.0552946781089914,0.0552269760515404,0.0551273456349177,0.0549993722213989,0.054846476669364,0.05467176173615,0.0544779820227742,0.0542675593950946,0.0540426151150516,0.0538050063293192,0.0535563614424406,0.0532981121045077,0.0530315210977808,0.0527577061540072,0.0524776600675541,0.0521922675883111,0.0519023195890781,0.0516085249625646,0.0513115206441734,0.0510118800943969,0.0507101205165631,0.0504067090349099,0.0501020680152442,0.0497965796753245,0.0494905901036483,0.0491844127824966,0.0488783316928606,0.0485726040643692,0.0482674628217951,0.0479631187705274,0.047659762556059,0.047357566426662,0.0470566858236949,0.0467572608201631,0.0464594174250466,0.0461632687683663,0.0458689161798697,0.0455764501724827,0.0452859513402315,0.0449974911791234,0.0447111328384547,0.0444269318091393,0.0441449365549099,0.0438651890915999,0.0435877255191625,0.0433125765105989,0.0430397677615446,0.0427693204038964,0.0425012513865309,0.0422355738258795,0.0419722973288651,0.0417114282904785,0.0414529701680651,0.0411969237342093,0.0409432873099399,0.040692056979827,0.0404432267904098,0.0401967889332716,0.0399527339139658,0.0397110507078989,0.0394717269041857,0.0392347488384042,0.0390001017151097,0.0387677697208894,0.0385377361286854,0.0383099833940475,0.0380844932439306,0.0378612467586009,0.0376402244471702,0.0374214063172382,0.0372047719390862,0.0369903005048277,0.0367779708828959,0.0365677616682134,0.0363596512283668,0.0361536177460821,0.0359496392582769,0.0357476936919412,0.035547758897083,0.0353498126769551,0.0351538328157644,0.0349597971040485,0.0347676833618937,0.0345774694601523,0.0343891333398072,0.0342026530296209,0.0340180066621955,0.0338351724885616,0.0336541288914037,0.0334748543970256,0.0332973276861462,0.0331215276036161,0.0329474331671322,0.0327750235750283,0.0326042782132084,0.0324351766612888,0.0322676986980078,0.0321018243059596,0.0319375336757028,0.0317748072092916,0.0316136255232748,0.0314539694512033,0.0312958200456839,0.0311391585800165,0.0309839665494457,0.0308302256720598,0.0306779178893631,0.0305270253665509,0.0303775304925087,0.0302294158795613,0.0300826643629909,0.0299372590003448,0.0297931830705512,0.0296504200728594,0.0295089537256206,0.0293687679649239,0.029229846943101,0.0290921750271121,0.0289557367968251,0.0288205170431979,0.0286865007663757,0.0285536731737105,0.0284220196777131,0.0282915258939442,0.0281621776388538,0.0280339609275739,0.0279068619716715,0.0277808671768687,0.0276559631407337,0.0275321366503495,0.0274093746799624,0.0272876643886181,0.0271669931177854,0.0270473483889748,0.0269287179013521,0.026811089529353,0.0266944513202983,0.0265787914920161,0.0264640984304696,0.0263503606873951,0.0262375669779516,0.0261257061783834,0.026014767323697,0.0259047396053557,0.0257956123689904,0.0256873751121304,0.0255800174819534,0.0254735292730574,0.0253679004252532,0.0252631210213806,0.0251591812851471,0.0250560715789916,0.024953782401971,0.0248523043876729,0.024751628302153,0.0246517450418986,0.0245526456318169,0.0244543212232509,0.0243567630920199,0.0242599626364881,0.0241639113756578,0.0240686009472907,0.0239740231060545,0.0238801697216972,0.0237870327772462,0.0236946043672355,0.0236028766959576,0.0235118420757426,0.0234214929252628,0.023331821767863,0.0232428212299164,0.0231544840392064,0.0230668030233331,0.0229797711081443,0.022893381316193,0.0228076267652169,0.022722500666644,0.0226379963241218,0.0225541071320692,0.0224708265742531,0.0223881482223871,0.0223060657347538,0.022224572854849,0.0221436634100487,0.0220633313102972,0.0219835705468182,0.0219043751908455,0.0218257393923766,0.0217476573789453,0.021670123454416,0.0215931319977974,0.0215166774620764,0.0214407543730713,0.0213653573283045,0.0212904809958936,0.0212161201134617,0.0211422694870659,0.0210689239901433,0,0.056437830999824,0.0563935710900753,0.0563268296756263,0.0562349278222175,0.0561184662494195,0.0559790903027441,0.0558187890038878,0.0556396117516556,0.0554435369733182,0.0552324121013977,0.0550079306967386,0.0547716292191052,0.0545248938224535,0.0542689717797528,0.0540049845388715,0.0537339407983214,0.0534567487952212,0.0531742274563358,0.0528871163165873,0.0525960842421642,0.0523017370581371,0.0520046242039162,0.0517052445421739,0.0514040514386144,0.05110145721726,0.0507978370820371,0.0504935325820889,0.0501888546861919,0.0498840865211786,0.0495794858203719,0.0492752871205857,0.0489717037400612,0.0486689295646016,0.0483671406649619,0.0480664967650837,0.0477671425779043,0.0474692090231085,0.0471728143392281,0.0468780651008547,0.0465850571503679,0.0462938764524201,0.0460045998784471,0.0457172959276377,0.0454320253900855,0.0451488419572299,0.0448677927841621,0.0445889190079091,0.0443122562254024,0.044037834934482,0.0437656809409713,0.0434958157345781,0.0432282568361293,0.0429630181184243,0.0427001101027908,0.0424395402332494,0.0421813131300318,0.0419254308240488,0.0416718929737745,0.0414206970658912,0.0411718386009319,0.0409253112650554,0.0406811070890005,0.0404392165951819,0.0401996289338141,0.0399623320088823,0.0397273125947119,0.0394945564438351,0.0392640483867945,0.0390357724244784,0.0388097118135349,0.0385858491453717,0.0383641664192094,0.0381446451096223,0.037927266228966,0.037712010385064,0.0374988578344959,0.0372877885318048,0.0370787821749192,0.0368718182470614,0.0366668760553962,0.0364639347666529,0.0362629734399392,0.0360639710569484,0.0358669065497452,0.0356717588263068,0.035478506793977,0.0352871293809846,0.0350976055561644,0.0349099143470099,0.0347240348561764,0.0345399462765471,0.0343576279049644,0.0341770591547222,0.03399821956691,0.0338210888206893,0.0336456467425817,0.0334718733148384,0.0332997486829592,0.0331292531624224,0.032960367244683,0.032793071602493,0.0326273470945939,0.0324631747698279,0.0323005358707101,0.0321394118365033,0.031979784305831,0.0318216351188656,0.031664946319122,0.0315097001548882,0.0313558790803203,0.0312034657562286,0.0310524430505779,0.0309027940387264,0.0307545020034224,0.0306075504345798,0.0304619230288497,0.030317603689006,0.0301745765231594,0.0300328258438162,0.029892336166794,0.0297530922100078,0.0296150788921389,0.0294782813311955,0.0293426848429778,0.0292082749394556,0.029075037327067,0.0289429579049473,0.0288120227630957,0.0286822181804851,0.0285535306231246,0.028425946742078,0.0282994533714454,0.0281740375263124,0.028049686400673,0.0279263873653284,0.0278041279657686,0.0276828959200385,0.0275626791165927,0.027443465612143,0.0273252436295004,0.0272080015554153,0.0270917279384181,0.0269764114866624,0.0268620410657733,0.0267486056967029,0.0266360945535941,0.0265244969616551,0.0264138023950458,0.0263040004747775,0.0261950809666276,0.0260870337790689,0.0259798489612174,0.0258735167007961,0.0257680273221185,0.025663371284091,0.0255595391782351,0.0254565217267304,0.0253543097804788,0.0252528943171896,0.0251522664394878,0.0250524173730429,0.0249533384647221,0.0248550211807649,0.0247574571049816,0.0246606379369742,0.0245645554903818,0.0244692016911475,0.0243745685758104,0.0242806482898205,0.0241874330858761,0.0240949153222861,0.0240030874613546,0.0239119420677885,0.0238214718071296,0.0237316694442077,0.0236425278416186,0.0235540399582232,0.0234661988476702,0.0233789976569404,0.0232924296249141,0.0232064880809593,0.0231211664435426,0.0230364582188615,0.0229523569994977,0.0228688564630916,0.0227859503710378,0.0227036325672014,0.022621896976654,0.0225407376044305,0.0224601485343056,0.0223801239275898,0.0223006580219445,0.0222217451302169,0.0221433796392932,0.0220655560089703,0.0219882687708465,0.0219115125272293,0.0218352819500617,0.0217595717798658,0.0216843768247039,0,0.0576065215322948,0.0575094681343075,0.0574017295603459,0.0572792369401619,0.0571402074508941,0.0569843497777299,0.056812172948722,0.0566246101059371,0.0564227992706464,0.0562079533319759,0.0559812842080341,0.0557439603458217,0.0554970846391549,0.0552416846735021,0.0549787102360595,0.0547090349464096,0.0544334600775459,0.054152719403386,0.0538674843887438,0.0535783693348834,0.0532859362751067,0.0529906995233419,0.0526931298419028,0.05239365822994,0.0520926793526129,0.0517905546395427,0.051487615083893,0.0511841637730633,0.0508804781800012,0.0505768122414658,0.0502733982467076,0.0499704485572484,0.0496681571758874,0.0493667011807755,0.0490662420383968,0.0487669268075656,0.048468889245052,0.0481722508221753,0.0478771216606034,0.0475836013946584,0.0472917799666229,0.0470017383608383,0.0467135492817908,0.0464272777808516,0.0461429818358796,0.0458607128874975,0.0455805163354937,0.0453024319984913,0.0450264945397466,0.044752733861692,0.0444811754716113,0.0442118408206423,0.0439447476181118,0.0436799101230549,0.0434173394146117,0.0431570436428687,0.0428990282615843,0.0426432962441263,0.0423898482838486,0.0421386829800386,0.0418897970104823,0.0416431852916127,0.0413988411271375,0.0411567563459725,0.0409169214302479,0.0406793256340953,0.0404439570938742,0.040210802930446,0.0399798493440595,0.0397510817023718,0.0395244846220897,0.0393000420446812,0.0390777373065752,0.0388575532042371,0.0386394720544794,0.0384234757503417,0.0382095458128508,0.0379976634389483,0.037787809545853,0.0375799648121087,0.0373741097155465,0.0371702245683771,0.0369682895496137,0.0367682847350104,0.036570190124689,0.036373985668615,0.0361796512900725,0.035987166907277,0.0357965124532551,0.0356076678941129,0.0354206132458031,0.0352353285894982,0.035051794085664,0.0348699899869264,0.0346898966498142,0.0345114945454576,0.034334764269315,0.0341596865499969,0.0339862422572492,0.0338144124091568,0.033644178178622,0.0334755208991685,0.0333084220701199,0.0331428633611974,0.032978826616578,0.0328162938584515,0.0326552472901147,0.0324956692986338,0.0323375424571087,0.0321808495265676,0.0320255734575198,0.0318716973911912,0.0317192046604685,0.0315680787905717,0.0314183034994779,0.0312698626981139,0.0311227404903378,0.0309769211727235,0.0308323892341672,0.0306891293553274,0.0305471264079138,0.0304063654538379,0.0302668317442358,0.0301285107183758,0.0299913880024597,0.029855449408329,0.0297206809320825,0.0295870687526169,0.0294545992300944,0.029323258904348,0.0291930344932286,0.0290639128909019,0.0289358811660991,0.0288089265603291,0.0286830364860549,0.0285581985248404,0.0284344004254711,0.0283116301020536,0.0281898756320962,0.0280691252545752,0.0279493673679902,0.02783059052841,0.0277127834475135,0.0275959349906272,0.0274800341747612,0.0273650701666473,0.0272510322807796,0.0271379099774604,0.027025692860853,0.0269143706770424,0.0268039333121057,0.0266943707901933,0.0265856732716229,0.0264778310509857,0.0263708345552672,0.0262646743419836,0.0261593410973325,0.0260548256343619,0.0259511188911553,0.0258482119290347,0.0257460959307822,0.02564476219888,0.0255442021537699,0.0254444073321319,0.0253453693851825,0.0252470800769936,0.0251495312828312,0.0250527149875145,0.0249566232837954,0.0248612483707595,0.0247665825522466,0.0246726182352929,0.0245793479285937,0.0244867642409868,0.0243948598799565,0.0243036276501593,0.0242130604519688,0.024123151280042,0.0240338932219064,0.0239452794565666,0.0238573032531318,0.023769957969463,0.0236832370508405,0.0235971340286509,0.0235116425190938,0.0234267562219077,0.0233424689191163,0.0232587744737918,0.023175666828839,0.0230931400057973,0.0230111881036608,0.0229298052977174,0.0228489858384053,0.0227687240501878,0.0226890143304452,0.0226098511483846,0.0225312290439666,0.0224531426268485,0.0223755865753456,0.0222985556354066,0,0.0588246948234571,0.0586698768825803,0.0585160709333118,0.0583579521768958,0.0581916023464523,0.0580148885093228,0.0578268658957201,0.0576273443438624,0.0574165981813474,0.0571951753755398,0.05696377378192,0.0567231620903313,0.0564741302301143,0.0562174590204044,0.055953902282034,0.0556841769362604,0.0554089581573388,0.0551288776693609,0.0548445239532021,0.0545564435726307,0.054265143117778,0.0539710914516897,0.0536747220665109,0.0533764354331771,0.0530766012775295,0.0527755607465652,0.0524736284475819,0.0521710943545369,0.0518682255827489,0.051565268036896,0.0512624479392466,0.0509599732459087,0.0506580349590738,0.050356808343037,0.0500564540513755,0.0497571191721776,0.0494589381976904,0.0491620339242385,0.0488665182877719,0.0485724931399507,0.048280050969249,0.0479892755711884,0.0477002426714621,0.0474130205054052,0.0471276703569823,0.0468442470602154,0.0465627994657409,0.0462833708749803,0.0460059994442178,0.0457307185607055,0.0454575571927609,0.0451865402156746,0.0449176887151151,0.0446510202695941,0.0443865492134461,0.0441242868816677,0.0438642418378724,0.0436064200865219,0.0433508252705176,0.0430974588551575,0.0428463202993946,0.0425974072152663,0.0423507155163056,0.0421062395556862,0.0418639722548033,0.0416239052229427,0.0413860288686452,0.0411503325033322,0.0409168044377183,0.0406854320715019,0.0404562019767898,0.0402290999756804,0.0400041112124032,0.0397812202203808,0.0395604109845597,0.0393416669993275,0.0391249713223172,0.0389103066243738,0.0386976552359444,0.0384869991901329,0.0382783202626421,0.0380716000088162,0.0378668197979768,0.0376639608452353,0.0374630042409526,0.0372639309780035,0.0370667219769936,0.0368713581095683,0.0366778202199401,0.0364860891447561,0.0362961457314174,0.0361079708549535,0.0359215454335516,0.0357368504428297,0.0355538669289392,0.0353725760205775,0.0351929589399823,0.0350149970129786,0.0348386716781426,0.034663964495142,0.03449085715231,0.0343193314735051,0.0341493694243054,0.0339809531175844,0.03381406481851,0.0336486869490076,0.0334848020917237,0.0333223929935264,0.0331614425685743,0.033001933900984,0.0328438502471266,0.0326871750375775,0.0325318918787459,0.0323779845542072,0.0322254370257587,0.0320742334342209,0.0319243581000018,0.0317757955234427,0.0316285303849613,0.0314825475450094,0.0313378320438567,0.0311943691012173,0.0310521441157294,0.0309111426643007,0.0307713505013308,0.0306327535578206,0.0304953379403777,0.0303590899301279,0.0302239959815403,0.0300900427211742,0.0299572169463549,0.0298255056237854,0.0296948958880997,0.0295653750403645,0.0294369305465345,0.0293095500358656,0.0291832212992924,0.0290579322877725,0.0289336711106039,0.0288104260337167,0.028688185477946,0.0285669380172854,0.0284466723771282,0.028327377432496,0.0282090422062591,0.0280916558673503,0.0279752077289751,0.0278596872468202,0.0277450840172611,0.0276313877755728,0.0275185883941435,0.0274066758806932,0.0272956403764992,0.0271854721546292,0.0270761616181834,0.0269676992985469,0.0268600758536524,0.0267532820662563,0.026647308842226,0.0265421472088422,0.0264377883131143,0.0263342234201114,0.0262314439113082,0.0261294412829475,0.0260282071444185,0.0259277332166515,0.025828011330531,0.0257290334253245,0.0256307915471304,0.0255332778473427,0.0254364845811346,0.0253404041059597,0.0252450288800717,0.0251503514610626,0.0250563645044194,0.0249630607620993,0.0248704330811233,0.0247784744021886,0.0246871777582996,0.0245965362734171,0.0245065431611257,0.0244171917233208,0.0243284753489124,0.0242403875125482,0.024152921773354,0.0240660717736931,0.023979831237942,0.0238941939712855,0.0238091538585286,0.0237247048629253,0.0236408410250257,0.0235575564615397,0.0234748453642172,0.0233927019987463,0.0233111207036664,0.0232300958892996,0.0231496220366961,0.0230696936965982,0.0229903054884175,0.0229114520992301,0,0.0600843760100163,0.0598685866458561,0.0596654822448505,0.0594681552068992,0.0592708247564507,0.0590696889277614,0.0588624447368009,0.058647826033929,0.0584252611563785,0.0581946332403945,0.0579561161893164,0.0577100638381663,0.0574569357684356,0.057197248104625,0.0569315412228465,0.0566603588484555,0.0563842347878213,0.056103684753868,0.0558192015732379,0.0555312526246612,0.0552402787375194,0.0549466940350294,0.0546508863780455,0.0543532181805249,0.0540540274447466,0.0537536289159378,0.0534523152904355,0.0531503584345627,0.0528480105867789,0.0525455055259377,0.0522430596953138,0.0519408732766026,0.0516391312110911,0.0513380041671673,0.0510376494546108,0.0507382118869185,0.0504398245934212,0.0501426097832449,0.0498466794633229,0.0495521361127317,0.0492590733156292,0.048967576355035,0.0486777227696358,0.0483895828757203,0.0481032202562641,0.0478186922190928,0.0475360502259628,0.047255340294304,0.0469766033732785,0.0466998756957228,0.0464251891074524,0.0461525713753273,0.0458820464753959,0.0456136348623608,0.0453473537215345,0.0450832172043889,0.0448212366487312,0.0445614207844816,0.0443037759259663,0.0440483061515849,0.0437950134716573,0.0435438979852083,0.0432949580263965,0.0430481903012544,0.0428035900153626,0.0425611509930414,0.0423208657886076,0.0420827257902086,0.0418467213167139,0.0416128417081122,0.0413810754098364,0.0411514100514074,0.0409238325197677,0.0406983290276469,0.040474885177283,0.0402534860198004,0.0400341161105267,0.0398167595605115,0.0396014000844963,0.0393880210455622,0.039176605496676,0.0389671362193321,0.0387595957594829,0.0385539664609307,0.0383502304963498,0.0381483698960899,0.0379483665749074,0.0377502023567593,0.0375538589977853,0.0373593182075977,0.0371665616689875,0.0369755710561526,0.0367863280515433,0.0365988143614157,0.0364130117301784,0.036228901953611,0.0360464668910292,0.0358656884764648,0.0356865487289272,0.0355090297618049,0.0353331137914667,0.0351587831451123,0.0349860202679258,0.0348148077295753,0.0346451282301051,0.0344769646052591,0.0343102998312754,0.0341451170291859,0.0339813994686566,0.0338191305713985,0.0336582939141786,0.0334988732314593,0.0333408524176904,0.03318421552928,0.0330289467862645,0.0328750305737004,0.0327224514427973,0.0325711941118102,0.0324212434667086,0.0322725845616391,0.0321252026191961,0.031979083030515,0.0318342113552011,0.0316905733211069,0.0315481548239692,0.0314069419269174,0.0312669208598618,0.0311280780187736,0.0309903999648637,0.0308538734236693,0.0307184852840564,0.0305842225971448,0.0304510725751634,0.030319022590241,0.0301880601731395,0.0300581730119348,0.0299293489506501,0.0298015759878472,0.0296748422751803,0.029549136115915,0.0294244459634196,0.0293007604196285,0.0291780682334844,0.0290563582993603,0.0289356196554659,0.0288158414822395,0.0286970131007299,0.0285791239709684,0.0284621636903357,0.0283461219919232,0.0282309887428928,0.0281167539428351,0.0280034077221297,0.0278909403403065,0.0277793421844124,0.0276686037673816,0.0275587157264138,0.0274496688213583,0.0273414539331079,0.0272340620620012,0.0271274843262355,0.027021711960291,0.0269167363133656,0.0268125488478235,0.0267091411376559,0.0266065048669545,0.0265046318284006,0.026403513921767,0.0263031431524351,0.0262035116299276,0.0261046115664555,0.0260064352754818,0.0259089751703001,0.0258122237626299,0.0257161736612276,0.0256208175705143,0.0255261482892194,0.0254321587090413,0.0253388418133243,0.0252461906757528,0.0251541984590604,0.025062858413758,0.0249721638768768,0.0248821082707284,0.0247926851016815,0.0247038879589554,0.024615710513429,0.0245281465164673,0.0244411897987632,0.0243548342691961,0.0242690739137059,0.0241839027941838,0.0240993150473782,0.0240153048838161,0.0239318665867412,0.0238489945110658,0.0237666830823394,0.0236849267957313,0.0236037202150291,0.0235230579716509,0,0.0613763269335572,0.061098571578764,0.0608447735877779,0.0606061414191969,0.0603753174424916,0.0601470670822547,0.0599178864311535,0.0596855308605414,0.0594486393079558,0.0592064597562236,0.0589586546177536,0.0587051646259367,0.0584461143477059,0.058181746909122,0.0579123790782656,0.0576383704755718,0.0573601025647611,0.0570779644065624,0.0567923430864765,0.0565036173731805,0.056212153610573,0.0559183031544496,0.0556224008770128,0.0553247644086128,0.0550256938869074,0.0547254720532183,0.0544243645840287,0.0541226205789988,0.0538204731501618,0.0535181400732592,0.0532158244736127,0.0529137155270204,0.0526119891618973,0.0523108087529842,0.0520103257998835,0.0517106805858097,0.0514120028134821,0.0511144122162111,0.0508180191430527,0.0505229251175101,0.0502292233697051,0.0499369993422639,0.0496463311704031,0.0493572901368683,0.0490699411024994,0.0487843429132803,0.0485005487847834,0.0482186066649501,0.0479385595761662,0.0476604459375879,0.0473842998686706,0.0471101514748317,0.0468380271161623,0.0465679496600708,0.046299938718717,0.0460340108720617,0.0457701798773253,0.0455084568656137,0.0452488505264387,0.0449913672808251,0.0447360114436624,0.0444827853759284,0.0442316896273791,0.0439827230702678,0.0437358830246273,0.0434911653756195,0.0432485646834294,0.043008074286154,0.04276968639611,0.0425333921899622,0.0422991818930479,0.0420670448582562,0.0418369696397927,0.0416089440621477,0.0413829552845632,0.0411589898612756,0.0409370337977987,0.0407170726034907,0.0404990913406368,0.0402830746702652,0.0400690068948992,0.0398568719984383,0.0396466536833454,0.0394383354053116,0.0392319004055543,0.0390273317408993,0.0388246123117836,0.0386237248883123,0.0384246521344906,0.0382273766307451,0.0380318808948455,0.0378381474013237,0.0376461585994885,0.0374558969301237,0.037267344840952,0.0370804848009458,0.0368952993135551,0.036711770928924,0.0365298822551587,0.0363496159687087,0.0361709548239172,0.0359938816617947,0.0358183794180653,0.0356444311305328,0.0354720199458107,0.035301129125457,0.0351317420515528,0.0349638422317612,0.0347974133038992,0.0346324390400576,0.0344689033502943,0.0343067902859341,0.0341460840424967,0.0339867689622817,0.0338288295366306,0.0336722504078893,0.0335170163710912,0.03336311237538,0.0332105235251891,0.0330592350811967,0.0329092324610702,0.0327605012400157,0.0326130271511464,0.0324667960856828,0.0323217940929975,0.0321780073805145,0.0320354223134756,0.0318940254145827,0.0317538033635259,0.0316147429964065,0.031476831305062,0.0313400554363028,0.0312044026910658,0.0310698605234936,0.0309364165399436,0.0308040584979355,0.0306727743050401,0.0305425520177172,0.0304133798401049,0.0302852461227677,0.0301581393614047,0.0300320481955245,0.0299069614070893,0.0297828679191313,0.0296597567943458,0.0295376172336628,0.0294164385748016,0.0292962102908089,0.0291769219885853,0.0290585634073998,0.0289411244173971,0.0288245950180977,0.0287089653368939,0.0285942256275431,0.0284803662686587,0.028367377762203,0.0282552507319804,0.028143975922134,0.0280335441956462,0.0279239465328447,0.0278151740299142,0.0277072178974157,0.0276000694588136,0.0274937201490112,0.0273881615128965,0.027283385203897,0.0271793829825466,0.0270761467150622,0.0269736683719332,0.0268719400265231,0.0267709538536834,0.0266707021283801,0.0265711772243347,0.0264723716126778,0.0263742778606168,0.0262768886301177,0.0261801966766013,0.0260841948476537,0.0259888760817513,0.0258942334070009,0.0258002599398938,0.0257069488840756,0.0256142935291305,0.0255222872493805,0.0254309235026996,0.0253401958293434,0.0252500978507928,0.0251606232686137,0.0250717658633302,0.0249835194933146,0.02489587809369,0.0248088356752493,0.0247223863233882,0.0246365241970525,0.0245512435277004,0.0244665386182791,0.0243824038422147,0.0242988336424181,0.024215822530303,0.0241333650848188,0,0.0626906469329296,0.0623522993577103,0.0620481941846331,0.061767615233818,0.0615019354762946,0.0612447761506126,0.0609916417672256,0.0607394504437064,0.0604861431406115,0.0602303895506505,0.0599713740829911,0.0597086423289243,0.0594419916624094,0.0591713935486746,0.0588969384530048,0.0586187967927568,0.0583371912584945,0.0580523771912346,0.0577646286748087,0.0574742286912337,0.0571814621729031,0.0568866111272338,0.0565899512496071,0.0562917496092561,0.0559922631115588,0.0556917375240017,0.0553904069123752,0.0550884933758859,0.0547862069999426,0.0544837459669382,0.0541812967809264,0.0538790345733991,0.0535771234656462,0.0532757169692753,0.0529749584109941,0.0526749813711424,0.0523759101280143,0.0520778601019489,0.0517809382946474,0.0514852437203201,0.0511908678261469,0.0508978949002258,0.05060640246572,0.0503164616603401,0.0500281376006232,0.0497414897307372,0.0494565721557409,0.0491734339593875,0.0488921195066885,0.0486126687315455,0.048335117409833,0.0480594974183671,0.0477858369802351,0.0475141608969864,0.0472444907682021,0.0469768451989709,0.0467112399957978,0.0464476883514736,0.0461862010194219,0.0459267864780356,0.0456694510854969,0.0454141992255652,0.0451610334447971,0.0449099545816527,0.0446609618879158,0.0444140531428483,0.0441692247604723,0.0439264718903616,0.0436857885123043,0.0434471675251814,0.0432106008303886,0.042976079410114,0.0427435934007663,0.0425131321618348,0.0422846843404448,0.0420582379318618,0.0418337803361799,0.0416112984114212,0.0413907785232555,0.0411722065915431,0.0409555681338883,0.0407408483063819,0.040528031941701,0.040317103584724,0.0401080475258118,0.0399008478318923,0.0396954883754849,0.0394919528617859,0.0392902248539345,0.0390902877965694,0.0388921250377789,0.0386957198495436,0.0385010554467631,0.0383081150049534,0.0381168816766959,0.0379273386069156,0.0377394689470594,0.037553255868243,0.0373686825734293,0.0371857323086991,0.0370043883736692,0.0368246341311123,0.0366464530158263,0.0364698285428023,0.0362947443147328,0.0361211840289033,0.0359491314835048,0.0357785705834049,0.0356094853454098,0.0354418599030525,0.0352756785109344,0.0351109255486504,0.0349475855243246,0.0347856430777803,0.0346250829833691,0.0344658901524814,0.0343080496357578,0.0341515466250229,0.0339963664549581,0.0338424946045328,0.0336899166982077,0.0335386185069279,0.0333885859489188,0.0332398050902982,0.0330922621455189,0.0329459434776509,0.0328008355985176,0.0326569251686935,0.0325141989973761,0.0323726440421385,0.0322322474085736,0.032092996349837,0.0319548782660964,0.0318178807038949,0.0316819913554349,0.0315471980577882,0.0314134887920403,0.0312808516823716,0.0311492749950831,0.0310187471375708,0.0308892566572522,0.0307607922404512,0.0306333427112443,0.0305068970302719,0.0303814442935181,0.0302569737310633,0.0301334747058113,0.0300109367121954,0.029889349374864,0.0297687024473512,0.0296489858107318,0.0295301894722646,0.0294123035640266,0.0292953183415374,0.0291792241823793,0.029064011584811,0.0289496711663799,0.0288361936625315,0.0287235699252192,0.0286117909215155,0.0285008477322242,0.0283907315504971,0.0282814336804542,0.0281729455358094,0.0280652586385022,0.0279583646173361,0.0278522552066243,0.0277469222448446,0.0276423576733017,0.0275385535348001,0.0274355019723262,0.0273331952277408,0.0272316256404827,0.0271307856462833,0.0270306677758924,0.0269312646538166,0.0268325689970688,0.0267345736139305,0.0266372714027273,0.0265406553506159,0.0264447185323849,0.0263494541092683,0.0262548553277725,0.0261609155185165,0.0260676280950848,0.0259749865528946,0.0258829844680764,0.0257916154963674,0.025700873372019,0.025610751906718,0.0255212449885205,0.0254323465808001,0.0253440507212094,0.0252563515206542,0.0251692431622823,0.0250827199004845,0.0249967760599096,0.024911406034492,0.0248266042864926,0.0247423653455529,0,0.0640173211814415,0.0636220463295667,0.0632696908667365,0.0629478905236226,0.0626470974326474,0.0623601189965141,0.0620817184086782,0.0618081530983837,0.0615367865714799,0.0612657905312327,0.0609939235320281,0.0607203687538391,0.0604446158649678,0.0601663752214888,0.059885515581787,0.0596020188480201,0.0593159471167005,0.0590274186302428,0.0587365901759913,0.0584436441688694,0.0581487791492047,0.0578522027820639,0.0575541266981629,0.0572547626979073,0.0569543199701079,0.0566530030702412,0.0563510104703473,0.0560485335412814,0.0557457558633716,0.0554428527873639,0.055139991186523,0.0548373293548154,0.0545350170165782,0.0542331954209462,0.053931997500262,0.0536315480762368,0.0533319641011186,0.053033354923826,0.0527358225731163,0.0524394620515123,0.0521443616350227,0.0518506031747347,0.0515582623971915,0.0512674092011371,0.0509781079487529,0.05069041774995,0.0504043927386334,0.0501200823401476,0.0498375315293439,0.0495567810789025,0.0492778677976987,0.049000824759124,0.0487256815193772,0.0484524643258184,0.0481811963155456,0.0479118977044006,0.0476445859666515,0.0473792760056282,0.0471159803156069,0.0468547091352565,0.046595470592969,0.0463382708443974,0.0460831142025331,0.0458300032606463,0.0455789390084127,0.0453299209415444,0.0450829471652343,0.0448380144917155,0.0445951185322281,0.0443542537836768,0.0441154137102508,0.0438785908202696,0.043643776738504,0.043410962274215,0.0431801374851407,0.04295129173765,0.0427244137632734,0.0424994917118107,0.0422765132012057,0.0420554653643672,0.0418363348931092,0.0416191080793723,0.0414037708538794,0.0411903088223739,0.0409787072995772,0.0407689513409966,0.0405610257727078,0.0403549152192293,0.0401506041295984,0.0399480768017548,0.0397473174053291,0.0395483100029307,0.0393510385700229,0.039155487013467,0.0389616391888162,0.0387694789164312,0.0385789899964878,0.0383901562229435,0.0382029613965227,0.0380173893367821,0.0378334238933081,0.0376510489561011,0.0374702484651933,0.0372910064195484,0.037113306885284,0.0369371340032606,0.0367624719960732,0.0365893051744835,0.0364176179433262,0.0362473948069221,0.0360786203740278,0.035911279362351,0.0357453566026583,0.0355808370425012,0.0354177057495826,0.0352559479147892,0.035095548854908,0.0349364940150485,0.0347787689707891,0.0346223594300652,0.0344672512348155,0.0343134303624028,0.034160882926823,0.0340095951797172,0.0338595535111995,0.0337107444505125,0.0335631546665229,0.0334167709680667,0.0332715803041563,0.0331275697640567,0.0329847265772418,0.0328430381132386,0.0327024918813669,0.032563075530383,0.0324247768480334,0.0322875837605259,0.0321514843319246,0.0320164667634737,0.0318825193928561,0.0317496306933933,0.0316177892731881,0.0314869838742192,0.0313572033713879,0.031228436771524,0.0311006732123526,0.0309739019614259,0.0308481124150253,0.0307232940970327,0.0305994366577793,0.030476529872869,0.0303545636419845,0.0302335279876738,0.0301134130541224,0.0299942091059123,0.0298759065267693,0.0297584958183017,0.0296419675987304,0.0295263126016142,0.0294115216745692,0.0292975857779866,0.0291844959837478,0.0290722434739386,0.0289608195395653,0.0288502155792711,0.028740423098056,0.0286314337059997,0.0285232391169892,0.0284158311474512,0.028309201715091,0.0282033428376371,0.0280982466315936,0.0279939053110001,0.0278903111861997,0.0277874566626162,0.0276853342395397,0.0275839365089225,0.0274832561541842,0.0273832859490278,0.0272840187562657,0.0271854475266568,0.0270875652977547,0.0269903651927665,0.0268938404194241,0.0267979842688666,0.0267027901145339,0.0266082514110728,0.0265143616932553,0.0264211145749081,0.026328503747855,0.0262365229808709,0.0261451661186486,0.0260544270807773,0.0259642998607336,0.0258747785248849,0.0257858572115046,0.0256975301298002,0.0256097915589528,0.0255226358471696,0.0254360574107477,0.0253500507331505,0,0.0653466313601201,0.0649002117440518,0.0645031578261256,0.0641420871162032,0.0638069372127085,0.063490064322493,0.0631857691812679,0.062889850572231,0.0625992370901341,0.0623117013244762,0.0620256435311586,0.0617399298537947,0.061453772052222,0.0611666383035822,0.0608781870567115,0.0605882179105318,0.0602966350408954,0.0600034198785667,0.0597086106191081,0.0594122867928454,0.0591145575972671,0.0588155530401473,0.0585154171936038,0.0582143030426846,0.0579123685457156,0.0576097736212138,0.0573066778476451,0.0570032387148445,0.0566996103047316,0.0563959423077719,0.0560923793031572,0.0557890602468575,0.0554861181239372,0.0551836797308596,0.0548818655606639,0.054580789769439,0.0542805602068338,0.0539812784967284,0.0536830401568736,0.0533859347484293,0.053090046048047,0.0527954522365128,0.0525022260990835,0.0522104352335591,0.0519201422628729,0.0516314050495967,0.0513442769102577,0.0510588068277794,0.0507750396607059,0.0504930163481494,0.050212774109643,0.0499343466392712,0.0496577642936191,0.0493830542732127,0.0491102407972341,0.0488393452713908,0.0485703864488891,0.0483033805845268,0.0480383415819686,0.0477752811343078,0.0475142088580519,0.0472551324206898,0.0469980576620248,0.0467429887094641,0.0464899280874719,0.0462388768213963,0.0459898345358857,0.045742799548112,0.0454977689560172,0.0452547387217985,0.0450137037508435,0.0447746579663237,0.0445375943796484,0.044302505156978,0.0440693816819846,0.0438382146150496,0.0436089939490715,0.0433817090620599,0.0431563487666774,0.0429329013568895,0.0427113546518731,0.0424916960373272,0.0422739125043265,0.0420579906858463,0.0418439168910878,0.0416316771377202,0.0414212571821556,0.0412126425479629,0.041005818552525,0.0408007703320356,0.0405974828649283,0.0403959409938263,0.0401961294460943,0.0399980328530732,0.0398016357680706,0.0396069226831783,0.0394138780449838,0.0392224862692386,0.0390327317545428,0.0388445988951035,0.0386580720926194,0.0384731357673427,0.0382897743683654,0.0381079723831763,0.0379277143465298,0.0377489848486676,0.0375717685429312,0.0373960501528009,0.0372218144783956,0.0370490464024641,0.0368777308959002,0.0367078530228082,0.036539397945146,0.0363723509269727,0.0362066973383224,0.0360424226587284,0.0358795124804182,0.0357179525112004,0.0355577285770613,0.0353988266244895,0.0352412327225462,0.0350849330646954,0.0349299139704113,0.0347761618865743,0.0346236633886713,0.0344724051818121,0.0343223741015726,0.0341735571146784,0.0340259413195363,0.0338795139466272,0.0337342623587657,0.0335901740512392,0.0334472366518314,0.0333054379207411,0.0331647657504006,0.0330252081652033,0.0328867533211457,0.0327493895053895,0.0326131051357514,0.0324778887601242,0.0323437290558352,0.0322106148289469,0.0320785350135039,0.0319474786707311,0.0318174349881866,0.031688393278873,0.0315603429803113,0.0314332736535805,0.0313071749823258,0.0311820367717381,0.0310578489475084,0.0309346015547595,0.0308122847569566,0.0306908888348002,0.0305704041851028,0.0304508213196518,0.0303321308640595,0.0302143235566041,0.0300973902470608,0.0299813218955267,0.0298661095712388,0.0297517444513892,0.0296382178199363,0.0295255210664139,0.0294136456847408,0.0293025832720287,0.0291923255273938,0.0290828642507682,0.0289741913417153,0.0288662987982494,0.0287591787156588,0.0286528232853344,0.0285472247936039,0.0284423756205727,0.028338268238971,0.0282348952130084,0.0281322491972364,0.028030322935419,0.0279291092594113,0.0278286010880478,0.0277287914260388,0.0276296733628775,0.0275312400717554,0.0274334848084886,0.027336400910454,0.0272399817955352,0.0271442209610799,0.0270491119828666,0.0269546485140835,0.0268608242843168,0.0267676330985507,0.0266750688361784,0.0265831254500237,0.0264917969653737,0.0264010774790234,0.0263109611583307,0.0262214422402821,0.0261325150305708,0.0260441739026853,0.0259564132970087,0,0.0666697371828302,0.0661796173865103,0.065742668050183,0.0653453149500098,0.0649774497251322,0.064631361185485,0.0643011816309303,0.0639824677827165,0.0636718698389802,0.063366873028743,0.0630655983289482,0.0627666501793952,0.0624690007369612,0.0621719021215073,0.0618748199062591,0.061577382645584,0.0612793434789294,0.0609805508242318,0.0606809259207979,0.0603804455462602,0.0600791286555569,0.0597770260056223,0.0594742120642565,0.0591707786759935,0.0588668300872743,0.0585624790295323,0.0582578436305652,0.0579530449782428,0.0576482052008866,0.0573434459590426,0.0570388872664121,0.0567346465752675,0.0564308380751651,0.0561275721641716,0.0558249550599204,0.0555230885241417,0.0552220696793108,0.0549219909000173,0.054622939764826,0.0543249990569453,0.0540282468040767,0.0537327563494978,0.0534385964477982,0.0531458313798177,0.0528545210822647,0.0525647212882665,0.0522764836757419,0.051989856021027,0.0517048823556295,0.0514216031243645,0.0511400553434417,0.0508602727573373,0.0505822859935099,0.0503061227142057,0.0500318077647596,0.0497593633179283,0.049488809013908,0.0492201620957789,0.0489534375402017,0.0486886481832526,0.0484258048413419,0.0481649164272029,0.0479059900609782,0.047649031176458,0.0473940436225512,0.0471410297600898,0.0468899905540809,0.0466409256615343,0.0463938335150013,0.0461487114019685,0.0459055555402511,0.0456643611495372,0.0454251225192319,0.0451878330727522,0.0449524854284198,0.0447190714571018,0.0444875823367387,0.0442580086039054,0.0440303402025383,0.043804566529964,0.0435806764803579,0.0433586584857568,0.0431385005547465,0.042920190308939,0.0427037150173508,0.0424890616287896,0.0422762168023488,0.0420651669361113,0.041855898194152,0.0416483965319307,0.041442647720159,0.041238637367223,0.0410363509402382,0.0408357737848104,0.0406368911435724,0.0404396881735628,0.0402441499625096,0.0400502615440799,0.03985800791215,0.0396673740341525,0.0394783448635502,0.0392909053514849,0.0391050404576489,0.0389207351604201,0.0387379744663051,0.0385567434187266,0.0383770271061939,0.0381988106698912,0.0380220793107158,0.0378468182958,0.0376730129645432,0.0375006487341855,0.0373297111049472,0.0371601856647602,0.036992058093615,0.0368253141675458,0.0366599397622751,0.0364959208565375,0.0363332435351018,0.03617189399151,0.036011858530549,0.0358531235704725,0.0356956756449866,0.0355395014050146,0.0353845876202548,0.0352309211805421,0.0350784890970281,0.0349272785031891,0.0347772766556737,0.0346284709349997,0.0344808488461105,0.0343343980187992,0.0341891062080098,0.0340449612940228,0.0339019512825336,0.03376006430463,0.0336192886166767,0.0334796126001115,0.0333410247611614,0.0332035137304825,0.0330670682627299,0.0329316772360621,0.032797329651586,0.032664014632745,0.0325317214246561,0.032400439393399,0.0322701580252617,0.0321408669259457,0.0320125558197337,0.0318852145486244,0.0317588330714353,0.0316334014628782,0.031508909912609,0.0313853487242544,0.0312627083144179,0.0311409792116671,0.0310201520555048,0.030900217595325,0.0307811666893573,0.0306629903035984,0.0305456795107359,0.0304292254890626,0.0303136195213853,0.0301988529939278,0.0300849173952296,0.0299718043150419,0.0298595054432223,0.0297480125686271,0.0296373175780053,0.0295274124548924,0.0294182892785069,0.0293099402226479,0.0292023575545975,0.0290955336340259,0.0289894609119015,0.0288841319294056,0.0287795393168532,0.0286756757926196,0.0285725341620728,0.0284701073165139,0.0283683882321242,0.0282673699689195,0.028167045669713,0.0280674085590862,0.027968451942368,0.0278701692046227,0.0277725538096469,0.0276755992989757,0.0275792992908977,0.0274836474794799,0.0273886376336022,0.0272942635960009,0.0272005192823232,0.0271073986801902,0.0270148958482711,0.0269230049153666,0.0268317200795027,0.0267410356070348,0.0266509458317615,0.0265614451540485,0,0.0679790408917549,0.0674537750580628,0.0669826769580322,0.0665528382735341,0.066154624337084,0.06578064709347,0.0654251651446525,0.0650837127027243,0.0647528234367249,0.0644298136262062,0.0641126110417816,0.0637996206219689,0.0634896195960402,0.0631816758744296,0.0628750846335565,0.0625693190277313,0.0622639918239689,0.0619588254655596,0.0616536286382075,0.0613482778585172,0.0610427029504429,0.0607368755412238,0.0604307999116199,0.0601245056901455,0.059818041998781,0.0595114727471776,0.059204872840496,0.0588983251179404,0.0585919178787474,0.0582857428828308,0.0579798937367446,0.057674464593781,0.0573695491111523,0.0570652396182627,0.056761626458782,0.0564587974761289,0.0561568376174649,0.055855828635708,0.0555558488726277,0.0552569731089694,0.0549592724699074,0.0546628143760589,0.054367662531883,0.0540738769446081,0.0537815139679286,0.05349062636563,0.0532012633910678,0.0529134708790756,0.0526272913474191,0.0523427641053777,0.0520599253674213,0.0517788083702858,0.0514994434920283,0.0512218583718841,0.050946078029952,0.0506721249859058,0.0504000193760792,0.0501297790683955,0.0498614197747215,0.0495949551603156,0.0493303969501153,0.0490677550316772,0.0488070375546351,0.0485482510265899,0.0482914004053822,0.0480364891877332,0.047783519494264,0.0475324921509262,0.0472834067668975,0.0470362618090064,0.0467910546727652,0.0465477817500982,0.0463064384938601,0.0460670194792435,0.0458295184621794,0.045593928434836,0.0453602416783242,0.0451284498127148,0.0448985438444769,0.0446705142114427,0.0444443508254027,0.044220043112434,0.0439975800510631,0.0437769502083586,0.0435581417740517,0.0433411425927731,0.0431259401944979,0.0429125218232834,0.0427008744643817,0.0424909848698077,0.0422828395824393,0.0420764249587208,0.0418717271900426,0.0416687323228626,0.0414674262776335,0.041267794866599,0.0410698238105156,0.0408734987543574,0.0406788052820559,0.0404857289303274,0.040294255201634,0.0401043695763269,0.0399160575240135,0.039729304514191,0.0395440960261866,0.0393604175584404,0.0391782546371686,0.0389975928244389,0.0388184177256922,0.03864071499674,0.0384644703502666,0.0382896695618638,0.0381162984756247,0.0379443430093198,0.0377737891591807,0.0376046230043125,0.0374368307107556,0.037270398535218,0.0371053128284961,0.0369415600386023,0.0367791267136159,0.036617999504274,0.0364581651663168,0.0362996105626023,0.036142322665004,0.0359862885561035,0.0358314954306917,0.0356779305970893,0.0355255814782965,0.0353744356129847,0.0352244806563379,0.035075704380753,0.0349280946764098,0.0347816395517156,0.0346363271336364,0.0344921456679175,0.0343490835192045,0.0342071291710686,0.0340662712259437,0.0339264984049804,0.0337877995478239,0.0336501636123188,0.0335135796741475,0.0333780369264071,0.0332435246791274,0.0331100323587355,0.0329775495074714,0.0328460657827567,0.0327155709565214,0.0325860549144916,0.0324575076554404,0.0323299192904066,0.0322032800418825,0.0320775802429743,0.0319528103365367,0.0318289608742854,0.0317060225158879,0.0315839860280365,0.0314628422835036,0.0313425822601829,0.0312231970401169,0.0311046778085126,0.0309870158527479,0.0308702025613682,0.0307542294230763,0.0306390880257164,0.0305247700552525,0.0304112672947436,0.0302985716233156,0.0301866750151314,0.0300755695383611,0.0299652473541501,0.0298557007155898,0.0297469219666891,0.0296389035413475,0.0295316379623318,0.0294251178402554,0.0293193358725623,0.0292142848425151,0.0291099576181878,0.029006347151464,0.0289034464770417,0.0288012487114426,0.0286997470520298,0.0285989347760305,0.0284988052395675,0.0283993518766967,0.028300568198453,0.0282024477919041,0.0281049843192116,0.0280081715167014,0.0279120031939419,0.0278164732328304,0.0277215755866891,0.0276273042793691,0.0275336534043641,0.0274406171239321,0.0273481896682268,0.0272563653344385,0.027165138485943,0,0.0692684555145323,0.0687171050251085,0.068218189176943,0.0677602133340424,0.0673345609254685,0.0669345455546959,0.0665548323513051,0.0661911438020616,0.0658400555100489,0.0654988334648187,0.0651653007262837,0.0648377284915229,0.0645147477558402,0.0641952781368643,0.063878470778255,0.0635636626601234,0.0632503400686704,0.0629381093767301,0.0626266736389653,0.0623158138038419,0.0620053735907038,0.061695247279634,0.0613853698211029,0.0610757087985174,0.0607662578759807,0.0604570314412671,0.0601480602147318,0.0598393876422979,0.0595310669277125,0.0592231585882644,0.0589157284409154,0.0586088459437127,0.0583025828315161,0.0579970119963163,0.0576922065713927,0.0573882391857543,0.0570851813611022,0.0567831030282554,0.0564820721438031,0.0561821543908883,0.0558834129505993,0.0555859083325856,0.0552896982552816,0.0549948375676055,0.0547013782052345,0.054409369175604,0.0541188565666536,0.0538298835750906,0.0535424905505692,0.0532567150527246,0.0529725919184556,0.0526901533372441,0.0524094289326325,0.0521304458482663,0.0518532288371578,0.0515778003530347,0.0513041806428214,0.0510323878394538,0.0507624380543642,0.0504943454690875,0.0502281224255365,0.0499637795145812,0.0497013256626379,0.0494407682160355,0.0491821130229817,0.0489253645129927,0.0486705257736934,0.0484175986249231,0.048166583690112,0.047917480464916,0.0476702873831168,0.0474250018798082,0.0471816204519083,0.0469401387160405,0.0467005514638427,0.0464628527147634,0.0462270357664169,0.0459930932425653,0.0457610171388065,0.0455307988660422,0.0453024292918057,0.045075898779528,0.0448511972258208,0.044628314095855,0.0444072384569116,0.0441879590101818,0.0439704641208899,0.0437547418468124,0.0435407799652652,0.0433285659986253,0.043118087238457,0.0429093307683047,0.0427022834852167,0.0424969321200582,0.0422932632566736,0.0420912633499522,0.0418909187428517,0.0416922156824306,0.041495140334938,0.0412996788000099,0.0411058171240143,0.0409135413125907,0.0407228373424233,0.0405336911722887,0.0403460887534142,0.0401600160391833,0.0399754589942222,0.0397924036029005,0.0396108358772748,0.0394307418645078,0.039252107653788,0.0390749193827785,0.0388991632436195,0.038724825488508,0.0385518924348795,0.0383803504702109,0.0382101860564667,0.0380413857342088,0.0378739361263864,0.0377078239418257,0.0375430359784347,0.0373795591261402,0.0372173803695714,0.037056486790504,0.0368968655700796,0.0367385039908125,0.0365813894383958,0.036425509403319,0.0362708514823083,0.0361174033795984,0.0359651529080482,0.0358140879901071,0.035664196658643,0.0355154670576383,0.0353678874427636,0.0352214461818361,0.0350761317551683,0.0349319327558167,0.034788837889734,0.0346468359758327,0.0345059159459646,0.0343660668448225,0.0342272778297689,0.0340895381705964,0.0339528372492243,0.033817164559336,0.0336825097059618,0.0335488624050086,0.0334162124827444,0.0332845498752363,0.033153864627749,0.0330241468941042,0.0328953869360066,0.0327675751223358,0.0326407019284101,0.0325147579352224,0.0323897338286511,0.0322656203986486,0.0321424085384093,0.0320200892435188,0.0318986536110855,0.0317780928388583,0.03165839822433,0.0315395611638287,0.0314215731515992,0.0313044257788743,0.0311881107329392,0.0310726197961885,0.0309579448451775,0.0308440778496695,0.0307310108716795,0.0306187360645145,0.0305072456718129,0.0303965320265827,0.0302865875502393,0.0301774047516443,0.0300689762261452,0.0299612946546168,0.0298543528025056,0.0297481435188765,0.0296426597354635,0.0295378944657242,0.0294338408038986,0.0293304919240726,0.0292278410792471,0.0291258816004124,0.029024606895628,0.0289240104491097,0.0288240858203218,0.0287248266430766,0.0286262266246413,0.0285282795448509,0.0284309792552296,0.0283343196781184,0.0282382948058117,0.0281428986997006,0.0280481254894247,0.0279539693720316,0.0278604246111449,0.0277674855361398,0,0.0705335235724038,0.0699650910115284,0.0694448804329036,0.0689633943460813,0.0685135644829091,0.0680897497703788,0.0676872720810993,0.0673022328201965,0.066931396128458,0.0665720903556289,0.0662221201729585,0.0658796889998122,0.0655433318767828,0.065211858357953,0.064884304541611,0.0645598931385811,0.0642380004320929,0.0639181290421615,0.0635998855187959,0.0632829619188227,0.0629671206514468,0.0626521819977599,0.0623380138148719,0.0620245230251073,0.0617116485655301,0.0613993555345244,0.0610876303221497,0.0607764765513982,0.0604659116899969,0.0601559642185327,0.0598466712616538,0.0595380766059718,0.0592302290418638,0.0589231809773382,0.0586169872810097,0.0583117043184411,0.0580073891520082,0.0577040988792656,0.0574018900887691,0.057100818415596,0.0568009381815302,0.0565023021071567,0.0562049610850104,0.0559089640045286,0.055614357620901,0.0553211864610584,0.0550294927610056,0.0547393164295344,0.0544506950340531,0.0541636638048748,0.0538782556548219,0.053594501211451,0.05331242885958,0.0530320647921345,0.0527534330676103,0.0524765556726961,0.0522014525888128,0.0519281418615084,0.0516566396718082,0.0513869604087542,0.0511191167424901,0.0508531196973484,0.0505889787244873,0.0503267017736995,0.0500662953640849,0.0498077646533327,0.0495511135054107,0.0492963445565013,0.0490434592790593,0.0487924580438993,0.0485433401802462,0.0482961040337065,0.0480507470221342,0.0478072656893864,0.0475656557569735,0.0473259121736208,0.0470880291627712,0.0468520002680612,0.0466178183968139,0.046385475861595,0.0461549644198811,0.0459262753118966,0.0456993992966729,0.0454743266863877,0.045251047379045,0.045029550889552,0.0448098263792545,0.0445918626839879,0.0443756483407028,0.0441611716127228,0.0439484205136908,0.0437373828302585,0.0435280461435737,0.0433203978496174,0.0431144251784418,0.0429101152123589,0.0427074549031265,0.0425064310881792,0.0423070305059475,0.0421092398103091,0.0419130455842128,0.0417184343525149,0.0415253925940665,0.0413339067530875,0.0411439632498636,0.0409555484907981,0.0407686488778517,0.0405832508174012,0.0403993407285451,0.0402169050508858,0.0400359302518135,0.039856402833319,0.0396783093383577,0.0395016363567902,0.0393263705309199,0.0391524985606496,0.0389800072082767,0.0388088833029465,0.0386391137447815,0.038470685508704,0.0383035856479685,0.0381378012974199,0.0379733196764916,0.0378101280919589,0.0376482139404592,0.0374875647107945,0.0373281679860255,0.0371700114453703,0.0370130828659199,0.0368573701241773,0.0367028611974341,0.0365495441649913,0.0363974072092341,0.0362464386165694,0.0360966267782335,0.0359479601909774,0.0358004274576386,0.0356540172876032,0.035508718497168,0.0353645200098064,0.0352214108563452,0.0350793801750574,0.0349384172116763,0.0347985113193354,0.03465965195844,0.0345218286964734,0.0343850312077433,0.0342492492730716,0.0341144727794312,0.0339806917195345,0.0338478961913756,0.0337160763977303,0.0335852226456168,0.0334553253457199,0.0333263750117807,0.033198362259956,0.0330712778081486,0.0329451124753103,0.032819857180722,0.0326955029432496,0.0325720408805818,0.032449462208447,0.0323277582398152,0.0322069203840836,0.0320869401462493,0.0319678091260693,0.0318495190172095,0.0317320616063849,0.0316154287724907,0.0314996124857265,0.0313846048067147,0.031270397885613,0.0311569839612233,0.0310443553600975,0.0309325044956404,0.030821423867211,0.0307111060592234,0.0306015437402469,0.0304927296621069,0.0303846566589868,0.0302773176465312,0.0301707056209519,0.0300648136581361,0.0299596349127575,0.0298551626173916,0.0297513900816348,0.0296483106912266,0.0295459179071789,0.0294442052649079,0.0293431663733728,0.0292427949142192,0.029143084640929,0.029044029377976,0.0289456230199876,0.0288478595309135,0.0287507329432004,0.0286542373569742,0.0285583669392286,0.0284631159230212,0.028368478606676,0,0.0717712661046587,0.0711943612391201,0.0706591683913814,0.0701588041902271,0.0696882155318297,0.0692430901096024,0.0688196118279085,0.0684144210991972,0.0680245976372736,0.0676476330219915,0.0672813933710559,0.0669240772830474,0.0665741733282675,0.0662304197802998,0.065891768007249,0.0655573500832658,0.0652264506564138,0.0648984828174787,0.064572967574065,0.0642495164865599,0.0639278170277556,0.0636076202608034,0.0632887304751595,0.0629709964682144,0.0626543042064092,0.0623385706414478,0.0620237384937835,0.0617097718468455,0.0613966524218294,0.0610843764248633,0.0607729518765917,0.0604623963492718,0.060152735048887,0.0598439991900125,0.0595362246195974,0.0592294506528029,0.058923719089799,0.0586190733872177,0.0583155579619447,0.058013217608268,0.0577120970121931,0.0574122403490832,0.0571136909527692,0.0568164910459477,0.0565206815231153,0.056226301778499,0.0559333895724807,0.0556419809309029,0.0553521100724031,0.0550638093595826,0.0547771092703803,0.0544920383865105,0.0542086233962458,0.0539268891091944,0.0536468584810353,0.0533685526464548,0.0530919909587632,0.0528171910348831,0.0525441688045789,0.0522729385629568,0.0520035130254023,0.051735903384242,0.051470119366519,0.051206169292366,0.0509440601335357,0.0506837975717193,0.050425386056343,0.050168828861584,0.0499141281423944,0.0496612849893592,0.0494102994822477,0.0491611707421511,0.0489138969821179,0.0486684755562267,0.048424903007052,0.0481831751114927,0.047943286924951,0.0477052328238576,0.0474690065465499,0.0472346012325189,0.047002009460045,0.0467712232822527,0.0465422342616141,0.0463150335029377,0.0460896116848823,0.0458659590900351,0.0456440656335987,0.0454239208907294,0.0452055141225728,0.0449888343010404,0.0447738701323736,0.0445606100795401,0.0443490423835053,0.0441391550834258,0.0439309360358065,0.043724372932663,0.043519453318733,0.0433161646077754,0.043114494097997,0.0429144289866443,0.0427159563837997,0.0425190633254143,0.042323736785615,0.0421299636883181,0.0419377309181809,0.0417470253309232,0.0415578337630487,0.0413701430409934,0.0411839399897299,0.0409992114408541,0.040815944240177,0.0406341252548496,0.0404537413800412,0.0402747795451936,0.0400972267198741,0.0399210699192448,0.0397462962091703,0.03957289271098,0.0394008466059044,0.0392301451392,0.0390607756239822,0.0388927254447771,0.0387259820608112,0.0385605330090494,0.0383963659069964,0.0382334684552738,0.0380718284399843,0.0379114337348751,0.0377522723033105,0.0375943322000656,0.0374376015729489,0.0372820686642645,0.0371277218121228,0.0369745494516076,0.0368225401158075,0.0366716824367199,0.0365219651460347,0.0363733770758043,0.0362259071590063,0.0360795444300057,0.0359342780249223,0.0357900971819086,0.035646991241344,0.0355049496459497,0.0353639619408299,0.0352240177734435,0.0350851068935101,0.0349472191528555,0.0348103445051995,0.0346744730058906,0.0345395948115897,0.0344057001799087,0.0342727794690038,0.0341408231371292,0.034009821742153,0.0338797659410371,0.0337506464892857,0.0336224542403629,0.033495180145082,0.0333688152509704,0.033243350701609,0.0331187777359511,0.0329950876876207,0.0328722719841928,0.0327503221464564,0.0326292297876634,0.032508986612763,0.0323895844176239,0.032271015088246,0.0321532705999616,0.0320363430166288,0.0319202244898162,0.0318049072579824,0.0316903836456489,0.0315766460625688,0.0314636870028921,0.0313514990443266,0.0312400748472987,0.0311294071541107,0.0310194887880984,0.0309103126527884,0.030801871731055,0.030694159084279,0.0305871678515077,0.030480891248616,0.0303753225674716,0.0302704551751006,0.0301662825128589,0.0300627980956054,0.0299599955108798,0.0298578684180842,0.02975641054767,0.0296556157003291,0.0295554777461896,0.0294559906240183,0.0293571483404272,0.0292589449690866,0.029161374649944,0.0290644315884485,0.0289681100547822,0,0.0729802578412011,0.072402688247769,0.0718582290533268,0.0713433682606809,0.0708554150319151,0.0703915840393996,0.0699490683937661,0.0695251682188026,0.0691173797345698,0.0687234418715625,0.0683413517464513,0.0679693601927827,0.0676059557995439,0.0672498432284111,0.0668999194990157,0.0665552504579396,0.066215048660275,0.065878653260249,0.0655455121196448,0.0652151661171837,0.0648872355205354,0.0645614082256867,0.0642374296499934,0.0639150940686596,0.0635942371991941,0.0632747298582616,0.0629564725365893,0.0626393907581734,0.0623234311089372,0.0620085578368083,0.0616947499398219,0.061381998671445,0.0610703054030272,0.0607596797923612,0.0604501382149972,0.0601417024214088,0.0598343983885499,0.0595282553389258,0.0592233049041734,0.0589195804134175,0.0586171162894429,0.0583159475380794,0.0580161093181988,0.0577176365814387,0.0574205637722274,0.0571249245799449,0.0568307517361309,0.0565380768505851,0.0562469302810031,0.0559573410314927,0.0556693366759113,0.0553829433024936,0.0550981854766889,0.0548150862195277,0.054533666999177,0.0542539477336509,0.053975946802902,0.0536996810687498,0.0534251659013046,0.053152415210722,0.0528814414832739,0.0526122558208629,0.052344867983218,0.052079286432121,0.0518155183770969,0.051553569822087,0.0512934456126876,0.0510351494836049,0.0507786841060225,0.0505240511346311,0.0502712512541073,0.0500202842248645,0.0497711489279314,0.0495238434088383,0.049278364920417,0.0490347099644393,0.0487928743320376,0.048552853142865,0.0483146408829665,0.0480782314413449,0.0478436181452123,0.0476107937939285,0.0473797506916336,0.047150480678588,0.0469229751612386,0.0466972251410322,0.0464732212420029,0.0462509537371617,0.0460304125737177,0.0458115873971646,0.0455944675742635,0.0453790422149588,0.04516530019326,0.0449532301671251,0.0447428205973808,0.0445340597657139,0.0443269357917694,0.0441214366493885,0.0439175501820216,0.0437152641173469,0.0435145660811304,0.0433154436103556,0.0431178841656553,0.0429218751430753,0.042727403885198,0.042534457691656,0.0423430238290595,0.0421530895403679,0.0419646420537267,0.0417776685907982,0.0415921563746054,0.0414080926369149,0.0412254646251794,0.0410442596090599,0.0408644648865484,0.0406860677897111,0.0405090556900684,0.0403334160036312,0.0401591361956099,0.0399862037848113,0.0398146063477404,0.0396443315224208,0.0394753670119479,0.0393077005877892,0.0391413200928436,0.0389762134442722,0.0388123686361129,0.0386497737416899,0.0384884169158278,0.0383282863968818,0.0381693705085929,0.0380116576617778,0.0378551363558617,0.0376997951802634,0.0375456228156396,0.0373926080349968,0.0372407397046778,0.0370900067852301,0.0369403983321612,0.0367919034965894,0.036644511525795,0.036498211763676,0.0363529936511172,0.0362088467262738,0.0360657606247776,0.0359237250798689,0.0357827299224585,0.0356427650811241,0.0355038205820459,0.0353658865488836,0.0352289532026001,0.0350930108612335,0.0349580499396226,0.0348240609490871,0.0346910344970669,0.034558961286722,0.0344278321164966,0.0342976378796498,0.0341683695637541,0.0340400182501659,0.033912575113468,0.0337860314208879,0.0336603785316924,0.0335356078965618,0.0334117110569434,0.0332886796443881,0.0331665053798698,0.0330451800730906,0.0329246956217717,0.0328050440109323,0.0326862173121573,0.0325682076828557,0.0324510073655089,0.0323346086869128,0.0322190040574115,0.0321041859701265,0.0319901470001797,0.0318768798039132,0.031764377118105,0.0316526317591821,0.0315416366224319,0.0314313846812116,0.031321868986158,0.0312130826643954,0.0311050189187457,0.0309976710269374,0.0308910323408179,0.0307850962855658,0.0306798563589067,0.0305753061303307,0.0304714392403131,0.0303682493995385,0.0302657303881283,0.0301638760548721,0.0300626803164628,0.0299621371567374,0.0298622406259208,0.0297629848398755,0.0296643639793558,0.0295663722892677,0,0.0741606962572396,0.0735889027716331,0.0730399589121088,0.0725145120901714,0.0720124039747489,0.0715324682571293,0.0710729861627235,0.0706319922198909,0.0702074690188419,0.0697974663244275,0.0694001684515354,0.0690139271999564,0.0686372727655187,0.0682689112602403,0.067907714640028,0.0675527068053916,0.0672030482347539,0.0668580205667459,0.0665170119318245,0.0661795034417103,0.0658450570032227,0.0655133044793375,0.0651839381394744,0.0648567022996961,0.064531386036275,0.064207816853053,0.0638858551879153,0.0635653896526088,0.0632463329107303,0.0629286181095858,0.0626121957920486,0.0622970312241181,0.0619831020824642,0.061670396453806,0.0613589111045626,0.0610486499849209,0.0607396229363802,0.0604318445760544,0.0601253333346404,0.059820110628065,0.059516200145496,0.0592136272386883,0.0589124183996127,0.0586126008150082,0.0583142019879642,0.0580172494179049,0.0577217703314448,0.0574277914575309,0.0571353388411186,0.05684443769034,0.0565551122527555,0.0562673857168204,0.0559812801351817,0.0556968163668324,0.0554140140355203,0.055132891502128,0.0548534658490234,0.0545757528746259,0.054299767096652,0.0540255217626958,0.0537530288669683,0.0534822991721642,0.0532133422355621,0.0529461664385722,0.0526807790190506,0.0524171861057877,0.0521553927546568,0.0518954029859768,0.051637219822707,0.0513808453291418,0.0511262806498227,0.0508735260484268,0.0506225809464238,0.0503734439613314,0.0501261129444211,0.0498805850177549,0.0496368566104529,0.0493949234941122,0.0491547808173108,0.0489164231391493,0.0486798444617907,0.0484450382619714,0.048211997521468,0.0479807147565064,0.0477511820461146,0.0475233910594185,0.0472973330818906,0.0470729990405641,0.0468503795282256,0.0466294648266075,0.0464102449285997,0.0461927095595033,0.0459768481973513,0.0457626500923208,0.0455501042852646,0.0453391996253871,0.0451299247870941,0.0449222682860425,0.0447162184944184,0.04451176365547,0.0443088918973246,0.0441075912461143,0.043907849638438,0.0437096549331869,0.0435129949227564,0.0433178573436712,0.0431242298866479,0.042932100206117,0.0427414559292295,0.0425522846643684,0.0423645740091877,0.0421783115581991,0.0419934849099275,0.0418100816736531,0.0416280894757601,0.0414474959657099,0.0412682888216551,0.0410904557557124,0.0409139845189093,0.0407388629058202,0.0405650787589076,0.0403926199725808,0.0402214744969874,0.0400516303415496,0.0398830755782575,0.0397157983447333,0.0395497868470744,0.0393850293624894,0.0392215142417366,0.0390592299113731,0.0388981648758276,0.0387383077193021,0.0385796471075143,0.0384221717892873,0.0382658705979945,0.038110732452869,0.0379567463601821,0.0378039014143,0.0376521867986234,0.0375015917864188,0.0373521057415442,0.0372037181190773,0.0370564184658511,0.0369101964209013,0.0367650417158312,0.0366209441750982,0.0364778937162273,0.0363358803499539,0.0361948941803026,0.0360549254046037,0.0359159643134514,0.0357780012906082,0.0356410268128583,0.0355050314498119,0.0353700058636653,0.0352359408089189,0.0351028271320549,0.0349706557711787,0.0348394177556255,0.0347091042055348,0.0345797063313947,0.0344512154335581,0.0343236229017332,0.0341969202144503,0.034071098938505,0.0339461507283819,0.0338220673256592,0.0336988405583948,0.0335764623404976,0.033454924671083,0.0333342196338155,0.0332143393962394,0.0330952762090973,0.03297702240564,0.0328595704009267,0.032742912691117,0.032627041852757,0.032511950542058,0.0323976314941706,0.0322840775224542,0.0321712815177425,0.032059236447606,0.0319479353556123,0.031837371360584,0.0317275376558561,0.031618427508532,0.0315100342587401,0.0314023513188897,0.0312953721729288,0.0311890903756022,0.0310834995517121,0.0309785933953792,0.030874365669308,0.0307708102040536,0.0306679208972914,0.0305656917130907,0.0304641166811917,0.0303631898962856,0.0302629055172999,0.0301632577666865,0,0.0753142559119778,0.0747527232014542,0.0742028872619638,0.0736701257028912,0.073156759371262,0.0726632138350803,0.0721888632137022,0.0717325012496556,0.0712926326240238,0.0708676582056869,0.0704559901774705,0.0700561198878415,0.069666654313651,0.0692863322312616,0.0689140277107855,0.0685487460457864,0.0681896154753372,0.0678358768510304,0.067486872591143,0.0671420357282422,0.0668008795082043,0.0664629877765374,0.0661280062495743,0.0657956346846471,0.065465619915319,0.0651377496922205,0.0648118472585107,0.0644877665859287,0.0641653881992607,0.0638446155215676,0.0635253716783004,0.0632075967046269,0.0628912451064043,0.0625762837309998,0.0622626899094347,0.0619504498360809,0.0616395571563552,0.0613300117365747,0.0610218185933968,0.0607149869631105,0.0604095294935295,0.0601054615433942,0.0598028005760716,0.0595015656359766,0.0592017768975642,0.0589034552779848,0.0586066221055778,0.0583112988373261,0.0580175068192239,0.0577252670842329,0.0574346001831396,0.057145526044185,0.0568580638578266,0.0565722319834247,0.0562880478750259,0.0560055280237495,0.0557246879145782,0.055445541995615,0.0551681036580995,0.0548923852256763,0.0546183979515923,0.0543461520226553,0.0540756565689278,0.053806919678255,0.0535399484148361,0.0532747488411418,0.053011326042574,0.0527496841543334,0.0524898263900315,0.0522317550716437,0.0519754716604506,0.0517209767886641,0.0514682702914747,0.0512173512392922,0.0509682179699868,0.0507208681209635,0.0504752986609289,0.0502315059212318,0.0499894856266773,0.0497492329257328,0.0495107424200578,0.0492740081933032,0.0490390238391378,0.0488057824884675,0.0485742768358251,0.0483444991649121,0.048116441373284,0.047890094996173,0.0476654512294502,0.0474425009517306,0.0472212347456289,0.0470016429181787,0.0467837155204263,0.0465674423662164,0.0463528130501867,0.0461398169649897,0.0459284433177609,0.045718681145856,0.045510519331876,0.0453039466180031,0.0450989516196688,0.0448955228385769,0.0446936486751026,0.0444933174400898,0.0442945173660688,0.0440972366179152,0.0439014633029716,0.0437071854806526,0.0435143911715529,0.0433230683660798,0.0431332050326276,0.0429447891253142,0.0427578085912972,0.0425722513776878,0.0423881054380793,0.042205358738708,0.0420239992642603,0.0418440150233441,0.041665394053638,0.041488124426733,0.0413121942526806,0.0411375916842618,0.0409643049209878,0.0407923222128466,0.0406216318638069,0.0404522222350905,0.0402840817482242,0.0401171988878822,0.0399515622045285,0.039787160316869,0.0396239819141238,0.0394620157581262,0.0393012506852596,0.0391416756082384,0.0389832795177412,0.0388260514839048,0.0386699806576841,0.0385150562720872,0.0383612676432895,0.0382086041716352,0.0380570553425309,0.0379066107272371,0.0377572599835642,0.0376089928564757,0.0374617991786061,0.0373156688706965,0.0371705919419531,0.0370265584903326,0.0368835587027588,0.036741582855274,0.0366006213131288,0.0364606645308145,0.0363217030520404,0.0361837275096605,0.0360467286255508,0.0359106972104423,0.0357756241637109,0.0356415004731267,0.0355083172145668,0.0353760655516921,0.0352447367355914,0.0351143221043948,0.0349848130828584,0.034856201181922,0.0347284779982416,0.0346016352136997,0.0344756645948927,0.0343505579925991,0.0342263073412292,0.0341029046582576,0.0339803420436399,0.0338586116792151,0.0337377058280946,0.0336176168340397,0.0334983371208274,0.0333798591916065,0.0332621756282453,0.0331452790906703,0.0330291623161988,0.032913818118864,0.0327992393887359,0.0326854190912364,0.0325723502664508,0.0324600260284359,0.0323484395645249,0.0322375841346307,0.0321274530705473,0.0320180397752498,0.0319093377221946,0.0318013404546184,0.0316940415848387,0.0315874347935538,0.0314815138291451,0.0313762725069799,0.0312717047087167,0.0311678043816122,0.0310645655378312,0.0309619822537587,0.0308600486693156,0.0307587589872773,0,0.0764439487226475,0.0758945107637294,0.075346047378253,0.0748084998978241,0.0742863697653479,0.0737815261840799,0.073294366200239,0.0728244169830148,0.0723707059360671,0.0719320009827884,0.0715069661533153,0.0710942596465482,0.0706925929329481,0.0703007638846512,0.0699176729460338,0.0695423285103994,0.0691738456574419,0.068811441008653,0.068454425500356,0.0681021962260041,0.0677542280657442,0.0674100655344185,0.0670693150919107,0.066731638039396,0.0663967440493106,0.0660643853305631,0.065734351403454,0.0654064644441168,0.0650805751515004,0.0647565590879838,0.0644343134456778,0.0641137541930777,0.0637948135601625,0.0634774378237974,0.0631615853590796,0.0628472249258934,0.0625343341633234,0.0622228982676642,0.0619129088325526,0.0616043628322415,0.0612972617312562,0.060991610705633,0.0606874179626788,0.0603846941477168,0.0600834518276328,0.0597837050422227,0.0594854689153859,0.059188759319131,0.0588935925841707,0.0585999852515982,0.0583079538607693,0.0580175147690708,0.0577286839997499,0.0574414771144135,0.0571559091071934,0.0568719943179151,0.0565897463619073,0.0563091780743639,0.0560303014674011,0.0557531276981702,0.0554776670465698,0.0552039289012701,0.0549319217529094,0.0546616531934559,0.0543931299208418,0.0541263577480861,0.0538613416162087,0.053598085610327,0.053336592978394,0.0530768661521063,0.0528189067695655,0.0525627156993289,0.0523082930655311,0.0520556382737988,0.051804750037717,0.0515556264056367,0.0513082647876421,0.0510626619825217,0.0508188142046093,0.0505767171103794,0.0503363658247016,0.0500977549666712,0.0498608786749482,0.0496257306325495,0.0493923040910476,0.0491605918941401,0.0489305865005618,0.0487022800063176,0.0484756641662223,0.0482507304147361,0.0480274698860925,0.0478058734337165,0.0475859316489353,0.0473676348789884,0.047150973244343,0.0469359366553268,0.0467225148280885,0.0465106972998997,0.0463004734438131,0.0460918324826924,0.0458847635026295,0.0456792554657662,0.0454752972225388,0.0452728775233604,0.0450719850297616,0.0448726083250052,0.0446747359241943,0.0444783562838893,0.044283457811254,0.0440900288727455,0.0438980578023667,0.0437075329094964,0.0435184424863153,0.0433307748148422,0.0431445181735966,0.0429596608439025,0.0427761911158489,0.0425940972939207,0.0424133677023139,0.0422339906899483,0.0420559546351914,0.0418792479503059,0.0417038590856321,0.0415297765335179,0.0413569888320074,0.0411854845682989,0.0410152523819821,0.0408462809680664,0.040678559079808,0.0405120755313462,0.0403468192001575,0.0401827790293367,0.0400199440297116,0.0398583032818019,0.0396978459376267,0.0395385612223711,0.0393804384359154,0.0392234669542377,0.0390676362306915,0.0389129357971691,0.0387593552651531,0.0386068843266635,0.0384555127551051,0.0383052304060204,0.0381560272177529,0.0380078932120259,0.03786081849444,0.037714793254895,0.0375698077679402,0.0374258523930549,0.0372829175748662,0.0371409938433045,0.0370000718137021,0.0368601421868372,0.0367211957489267,0.0365832233715705,0.0364462160116503,0.0363101647111855,0.0361750605971489,0.0360408948812443,0.0359076588596481,0.0357753439127182,0.0356439415046713,0.0355134431832302,0.0353838405792445,0.0352551254062852,0.0351272894602155,0.0350003246187389,0.0348742228409274,0.0347489761667292,0.0346245767164597,0.0345010166902752,0.0343782883676315,0.0342563841067283,0.0341352963439414,0.0340150175932416,0.0338955404456044,0.0337768575684086,0.0336589617048266,0.0335418456732066,0.0334255023664476,0.0333099247513675,0.0331951058680663,0.0330810388292841,0.0329677168197542,0.0328551330955537,0.0327432809834495,0.0326321538802437,0.0325217452521154,0.032412048633962,0.0323030576287391,0.0321947659068002,0.0320871672052363,0.0319802553272151,0.0318740241413224,0.0317684675809029,0.0316635796434033,0.031559354389717,0.0314557859435311,0.0313528684906744,0,0.0775534156329526,0.0770149719517505,0.0764688191856535,0.0759282416332395,0.0753993946557277,0.0748853325179424,0.0743873355610227,0.0739055906427476,0.0734396147305302,0.0729885348820179,0.0725512741825209,0.0721266733166562,0.0717135679627571,0.0713108361492292,0.0709174254568476,0.07053236691419,0.0701547802824076,0.0697838739181821,0.0694189413575454,0.0690593560431517,0.0687045651256356,0.0683540829360645,0.0680074845020135,0.0676643993301267,0.0673245055793705,0.0669875246850925,0.0666532164532019,0.0663213746185655,0.0659918228468127,0.0656644111506099,0.0653390126876947,0.0650155209069447,0.0646938470094268,0.0643739176930211,0.0640556731513818,0.0637390653003907,0.063424056207692,0.0631106167032635,0.0627987251512061,0.0624883663650042,0.0621795306503947,0.0618722129616935,0.061566412158971,0.0612621303548447,0.060959372340893,0.0606581450847929,0.0603584572902629,0.0600603190127637,0.0597637413246841,0.0594687360244267,0.0591753153844227,0.0588834919336459,0.0585932782706842,0.0583046869038543,0.0580177301152314,0.0577324198458067,0.0574487675992885,0.057166784362336,0.0568864805392555,0.0566078658994046,0.0563309495357431,0.0560557398331391,0.055782244445196,0.055510470278498,0.0552404234832977,0.0549721094497773,0.054705532809112,0.0544406974386517,0.0541776064706152,0.0539162623037592,0.0536566666175486,0.0533988203884081,0.0531427239076846,0.0528883768009962,0.0526357780486794,0.0523849260070848,0.0521358184305004,0.05188845249351,0.0516428248136209,0.0513989314740137,0.0511567680462903,0.0509163296131108,0.0506776107906274,0.0504406057506364,0.0502053082423817,0.049971711613954,0.0497398088332385,0.0495095925083754,0.0492810549077009,0.0490541879791444,0.048828983369067,0.0486054324405235,0.0483835262909432,0.0481632557692221,0.0479446114922257,0.0477275838607043,0.0475121630746226,0.0472983391479116,0.0470861019226492,0.0468754410826781,0.0466663461666732,0.0464588065806678,0.0462528116100523,0.0460483504310581,0.0458454121217393,0.0456439856724678,0.0454440599959538,0.0452456239368083,0.0450486662806601,0.0448531757628435,0.0446591410766689,0.044466550881294,0.0442753938092057,0.04408565847333,0.0438973334737827,0.0437104074042724,0.0435248688581731,0.043340706434275,0.0431579087422292,0.0429764644076972,0.0427963620772173,0.0426175904227998,0.0424401381462624,0.0422639939833157,0.0420891467074106,0.041915585133358,0.0417432981207285,0.0415722745770444,0.0414025034607718,0.0412339737841213,0.0410666746156673,0.040900595082792,0.040735724373965,0.0405720517408627,0.0404095665003378,0.040248258036244,0.0400881158011237,0.0399291293177647,0.0397712881806323,0.0396145820571829,0.0394590006890649,0.0393045338932115,0.0391511715628323,0.038998903668307,0.0388477202579877,0.0386976114589132,0.0385485674774394,0.0384005785997925,0.0382536351925458,0.0381077277030262,0.0379628466596531,0.0378189826722142,0.03767612643208,0.0375342687123624,0.0373934003680176,0.0372535123359005,0.0371145956347681,0.0369766413652392,0.0368396407097105,0.0367035849322327,0.0365684653783474,0.0364342734748894,0.0363010007297541,0.0361686387316339,0.0360371791497245,0.0359066137334029,0.0357769343118802,0.0356481327938286,0.0355202011669864,0.0353931314977409,0.0352669159306924,0.0351415466881981,0.0350170160699004,0.0348933164522375,0.0347704402879405,0.0346483801055166,0.0345271285087184,0.0344066781760038,0.034287021859983,0.0341681523868576,0.0340500626558494,0.0339327456386227,0.0338161943786978,0.0337004019908593,0.033585361660558,0.0334710666433078,0.0333575102640787,0.0332446859166847,0.0331325870631696,0.0330212072331903,0.0329105400233962,0.0328005790968089,0.0326913181821994,0.0325827510734644,0.0324748716290032,0.0323676737710937,0.0322611514852687,0.0321552988196933,0.0320501098845437,0.0319455788513856,0,0.078645897238669,0.0781148427059756,0.0775707588444558,0.0770281771606793,0.0764942131853858,0.0759727602002752,0.0754657831432026,0.0749740128303482,0.0744973923651772,0.0740353781413383,0.073587143735132,0.0731517166550998,0.0727280684920042,0.072315172894713,0.0719120415130888,0.071517745004719,0.0711314240438396,0.0707522937483779,0.0703796438727704,0.0700128363681024,0.0696513013922833,0.0692945324937916,0.0689420814450666,0.0685935530320792,0.0682485999912416,0.0679069182069525,0.0675682422311071,0.0672323411517174,0.0668990148157693,0.0665680903976773,0.0662394192965038,0.065912874340618,0.0655883472764265,0.0652657465173277,0.0649449951295504,0.0646260290326322,0.0643087953937072,0.0639932511963462,0.0636793619662931,0.0633671006380234,0.063056446547551,0.0627473845383161,0.0624399041682943,0.0621339990076539,0.0618296660173768,0.0615269050002413,0.0612257181164531,0.0609261094570086,0.0606280846685959,0.0603316506244799,0.0600368151364029,0.0597435867030432,0.0594519742910462,0.0591619871450558,0.0588736346235458,0.0585869260575907,0.0583018706300098,0.0580184772725902,0.0577367545793348,0.0574567107338961,0.0571783534495522,0.0569016899202531,0.0566267267814226,0.0563534700793386,0.0560819252480439,0.0558120970928468,0.0555439897795761,0.0552776068288417,0.0550129511146377,0.0547500248666914,0.054488829676034,0.0542293665033212,0.053971635689487,0.0537156369683629,0.0534613694809319,0.0532088317909292,0.0529580219015333,0.0527089372729206,0.0524615748404856,0.0522159310335516,0.0519720017944202,0.0517297825976233,0.0514892684692645,0.0512504540063471,0.0510133333960022,0.0507779004345421,0.0505441485462744,0.0503120708020239,0.0500816599373155,0.04985290837018,0.0496258082185531,0.0494003513172401,0.0491765292344283,0.0489543332877302,0.0487337545597479,0.0485147839131493,0.0482974120052521,0.0480816293021156,0.0478674260921371,0.047654792499159,0.0474437184950897,0.0472341939120432,0.0470262084540059,0.0468197517080385,0.0466148131550212,0.0464113821799536,0.0462094480818183,0.0460090000830202,0.0458100273384114,0.0456125189439156,0.0454164639447612,0.0452218513433362,0.0450286701066773,0.0448369091736039,0.0446465574615095,0.0444576038728222,0.0442700373011463,0.0440838466370951,0.0438990207738278,0.0437155486123004,0.0435334190662418,0.0433526210668663,0.043173143567331,0.0429949755469499,0.0428181060151746,0.0426425240153492,0.0424682186282499,0.0422951789754192,0.0421233942223014,0.0419528535811886,0.0417835463139858,0.0416154617348026,0.041448589212378,0.041282918172348,0.0411184380993606,0.040955138539046,0.0407930090998488,0.0406320394547283,0.0404722193427325,0.0403135385704516,0.0401559870133582,0.0399995546170366,0.0398442313983095,0.0396900074462646,0.0395368729231877,0.0393848180654052,0.0392338331840414,0.0390839086656955,0.0389350349730397,0.0387872026453456,0.0386404022989399,0.038494624627594,0.038349860402852,0.0382061004742974,0.0380633357697647,0.0379215572954976,0.0377807561362552,0.0376409234553722,0.0375020504947723,0.0373641285749397,0.0372271490948493,0.0370911035318596,0.036955983441569,0.0368217804576383,0.036688486291581,0.0365560927325237,0.0364245916469387,0.0362939749783482,0.0361642347470062,0.0360353630495544,0.035907352058658,0.03578019402262,0.0356538812649766,0.0355284061840753,0.0354037612526351,0.0352799390172927,0.0351569320981332,0.0350347331882083,0.0349133350530413,0.0347927305301221,0.0346729125283904,0.0345538740277104,0.0344356080783361,0.0343181078003691,0.0342013663832092,0.0340853770849981,0.0339701332320579,0.0338556282183239,0.0337418555047733,0.0336288086188497,0.0335164811538841,0.0334048667685132,0.0332939591860951,0.0331837521941228,0.0330742396436375,0.0329654154486385,0.0328572735854945,0.0327498080923537,0.0326430130685537,0.0325368826740322,0,0.0797233680718166,0.0791945951655238,0.0786514318679983,0.0781072523785809,0.0775693680844033,0.0770421098322397,0.0765278846893821,0.0760278186688158,0.07554219288972,0.0750707448365926,0.0746128762550223,0.0741677956060351,0.0737346145838143,0.0733124124577939,0.0729002779691686,0.072497335659889,0.0721027614891279,0.0717157911559835,0.0713357235278078,0.070961920850707,0.0705938069070335,0.0702308639232282,0.0698726287767849,0.0695186888724309,0.0691686779327455,0.0688222718616448,0.0684791847792131,0.0681391652853242,0.0678019929817037,0.0674674752635484,0.067135444379726,0.0668057547529268,0.0664782805465428,0.0661529134625321,0.0658295607533895,0.0655081434311338,0.0651885946565911,0.064870858292986,0.0645548876087919,0.0642406441158336,0.06392809652971,0.0636172198406717,0.0633079944841143,0.0630004056008207,0.0626944423779921,0.0623900974629523,0.0620873664421783,0.0617862473790209,0.0614867404041232,0.0611888473531298,0.0608925714468128,0.0605979170092201,0.0603048892198887,0.0600134938965568,0.0597237373051664,0.0594356259942655,0.0591491666512106,0.0588643659778298,0.0585812305834417,0.0582997668933383,0.0580199810710301,0.0577418789527253,0.0574654659926676,0.0571907472181006,0.0569177271927504,0.0566464099878314,0.0563767991596855,0.056108897733254,0.0558427081906651,0.0555782324642988,0.0553154719337507,0.0550544274261864,0.054795099219623,0.054537487048733,0.0542815901128019,0.0540274070855171,0.0537749361262962,0.0535241748929006,0.0532751205551035,0.0530277698092124,0.0527821188932664,0.0525381636027506,0.0522958993066895,0.0520553209639967,0.0518164231399754,0.0515792000228749,0.051343645440423,0.0511097528762644,0.0508775154862437,0.0506469261144825,0.0504179773092044,0.0501906613382734,0.0499649702044122,0.0497408956600762,0.0495184292219615,0.049297562185131,0.0490782856367454,0.0488605904693894,0.048644467393987,0.0484299069523018,0.0482168995290203,0.0480054353634182,0.0477955045606127,0.0475870971024024,0.0473802028577016,0.0471748115925716,0.0469709129798599,0.0467684966084499,0.0465675519921332,0.04636806857811,0.0461700357551286,0.0459734428612723,0.0457782791914028,0.0455845340042713,0.0453921965293054,0.0452012559730828,0.0450117015255009,0.0448235223656533,0.0446367076674215,0.0444512466047924,0.0442671283569115,0.0440843421128796,0.0439028770763048,0.0437227224696162,0.0435438675381504,0.0433663015540178,0.0431900138197584,0.0430149936717949,0.0428412304836909,0.0426687136692219,0.0424974326852685,0.0423273770345355,0.0421585362681083,0.0419908999878503,0.0418244578486491,0.0416591995605186,0.0414951148905624,0.0413321936648046,0.0411704257698936,0.0410098011546859,0.0408503098317136,0.0406919418785414,0.0405346874390185,0.0403785367244297,0.0402234800145508,0.0400695076586124,0.0399166100761763,0.039764777757929,0.0396140012663964,0.0394642712365826,0.0393155783765373,0.0391679134678547,0.0390212673661087,0.0388756310012247,0.0387309953777946,0.0385873515753349,0.038444690748493,0.0383030041272028,0.0381622830167936,0.0380225187980532,0.0378837029272491,0.0377458269361093,0.0376088824317648,0.037472861096656,0.0373377546884056,0.0372035550396592,0.0370702540578949,0.0369378437252056,0.0368063160980533,0.0366756633069988,0.0365458775564073,0.0364169511241321,0.0362888763611764,0.036161645691337,0.0360352516108281,0.035909686687889,0.0357849435623752,0.035661014945335,0.0355378936185724,0.0354155724341962,0.0352940443141581,0.0351733022497794,0.0350533393012679,0.0349341485972249,0.0348157233341437,0.0346980567759014,0.0345811422532415,0.0344649731632525,0.0343495429688382,0.0342348451981853,0.0341208734442244,0.0340076213640877,0.0338950826785635,0.0337832511715472,0.0336721206894893,0.0335616851408426,0.0334519384955061,0.0333428747842686,0.0332344880982513,0.0331267725883488,0,0.0807861292237257,0.0802542050266253,0.0797102656573999,0.0791644399512303,0.0786235110715497,0.0780918271575337,0.0775719698343532,0.0770652899304713,0.0765723010842612,0.0760929598458461,0.0756268629487216,0.0751733854477609,0.0747317767719321,0.0743012268093803,0.0738809106604243,0.0734700182409817,0.0730677731764327,0.0726734441776618,0.0722863511915692,0.0719058679682567,0.0715314222168444,0.071162494181963,0.0707986142277308,0.0704393598395594,0.0700843523275759,0.0697332534250435,0.0693857619108785,0.0690416103399104,0.0687005619326162,0.068362407653845,0.0680269634947621,0.0676940679618896,0.0673635797702525,0.0670353757332459,0.0667093488391551,0.0663854065027779,0.0660634689799352,0.0657434679325407,0.0654253451321505,0.0651090512903973,0.0647945450053296,0.0644817918133709,0.0641707633373385,0.0638614365216833,0.0635537929468222,0.0632478182151053,0.0629435014016044,0.062640834563502,0.0623398123024164,0.0620404313745121,0.0617426903437139,0.0614465892737771,0.061152129455362,0.0608593131646188,0.0605681434501236,0.0602786239452991,0.0599907587037309,0.0597045520550356,0.0594200084791617,0.0591371324972076,0.0588559285770287,0.0585764010520679,0.0582985540520023,0.0580223914439301,0.0577479167829524,0.0574751332711118,0.0572040437237575,0.0569346505424945,0.0566669556939611,0.0564009606937537,0.0561366665948866,0.0558740739802365,0.055613182958478,0.0553539931630654,0.0550965037538646,0.0548407134210779,0.0545866203911429,0.0543342224343212,0.0540835168737203,0.0538345005955247,0.0535871700602306,0.0533415213147061,0.0530975500049173,0.0528552513891771,0.0526146203517937,0.0523756514170052,0.0521383387631069,0.0519026762366816,0.0516686573668615,0.051436275379555,0.0512055232115822,0.0509763935246694,0.050748878719263,0.0505229709481234,0.0502986621296722,0.0500759439610648,0.049854807930969,0.0496352453320305,0.0494172472730149,0.0492008046906115,0.0489859083608947,0.048772548910435,0.0485607168270574,0.0483504024702453,0.0481415960811898,0.0479342877924867,0.0477284676374816,0.0475241255592705,0.0473212514193567,0.0471198350059721,0.0469198660420672,0.046721334192978,0.046524229073775,0.0463285402563033,0.0461342572759208,0.0459413696379417,0.045749866823795,0.0455597382969044,0.0453709735082993,0.0451835619019642,0.0449974929199348,0.04481275600715,0.0446293406160665,0.0444472362110449,0.0442664322725159,0.044086918300932,0.0439086838205157,0.0437317183828091,0.043556011570033,0.0433815529982637,0.0432083323204332,0.0430363392291599,0.0428655634594171,0.0426959947910454,0.0425276230511152,0.0423604381161451,0.0421944299141829,0.0420295884267546,0.0418659036906863,0.0417033657998054,0.0415419649065256,0.0413816912233211,0.0412225350240941,0.0410644866454414,0.0409075364878237,0.0407516750166423,0.0405968927632272,0.0404431803257407,0.0402905283700006,0.0401389276302263,0.0399883689097115,0.0398388430814275,0.0396903410885594,0.039542853944979,0.0393963727356578,0.0392508886170222,0.0391063928172538,0.0389628766365391,0.038820331447268,0.0386787486941874,0.0385381198945087,0.0383984366379746,0.0382596905868848,0.0381218734760845,0.0379849771129165,0.0378489933771404,0.0377139142208182,0.037579731668171,0.0374464378154058,0.0373140248305166,0.0371824849530586,0.0370518104938996,0.0369219938349479,0.0367930274288594,0.0366649037987249,0.0365376155377379,0.036411155308846,0.0362855158443845,0.0361606899456958,0.036036670482734,0.035913450393656,0.0357910226844001,0.0356693804282539,0.0355485167654103,0.0354284249025143,0.0353090981122009,0.035190529732624,0.0350727131669781,0.0349556418830126,0.0348393094125405,0.03472370935094,0.0346088353566524,0.0344946811506741,0.0343812405160455,0.0342685072973353,0.0341564754001226,0.0340451387904754,0.0339344914944271,0.0338245275974521,0.0337152412439376,0,0.0818326165412943,0.08129300640864,0.080746434817669,0.0801986620684002,0.0796553557058621,0.0791204777964039,0.0785965122630564,0.0780848558662941,0.0775861405006209,0.0771004715861772,0.0766276003910299,0.0761670479499889,0.0757181938309421,0.0752803392805451,0.074852751636383,0.0744346950388575,0.0740254511521354,0.0736243326385837,0.073230691417944,0.0728439232115189,0.0724634694753622,0.0720888175309244,0.0717194994817374,0.0713550903417246,0.0709952056803522,0.07063949900133,0.070287659006775,0.0699394068515453,0.0695944934582401,0.0692526969387189,0.0689138201503645,0.0685776884028229,0.0682441473222012,0.0679130608736649,0.0675843095393019,0.0672577886454577,0.0669334068320908,0.0666110846557629,0.066290753317437,0.0659723535061743,0.0656558343499653,0.0653411524652331,0.0650282710969495,0.0647171593417606,0.0644077914470029,0.0641001461789837,0.0637942062543878,0.0634899578291418,0.0631873900395181,0.0628864945906882,0.0625872653883331,0.0622896982092918,0.0619937904075765,0.0616995406524021,0.0614069486951724,0.0611160151626403,0.0608267413737048,0.0605391291775402,0.0602531808109592,0.0599688987731058,0.0596862857157471,0.0594053443475936,0.0591260773512234,0.0588484873113185,0.0585725766530413,0.0582983475894925,0.0580258020772874,0.0577549417793842,0.0574857680343764,0.0572182818315389,0.0569524837909864,0.0566883741483635,0.0564259527435442,0.0561652190128686,0.0559061719844907,0.0556488102764571,0.0553931320971686,0.0551391352479184,0.0548868171272261,0.0546361747367202,0.0543872046883442,0.0541399032126855,0.05389426616825,0.0536502890515212,0.0534079670076616,0.05316729484173,0.0529282670303013,0.0526908777333907,0.0524551208065917,0.0522209898133517,0.0519884780373163,0.0517575784946824,0.0515282839465071,0.0513005869109269,0.051074479675249,0.0508499543078783,0.0506270026700539,0.0504056164273677,0.0501857870610467,0.0499675058789808,0.0497507640264814,0.0495355524967616,0.0493218621411276,0.0491096836788752,0.0488990077068871,0.0486898247089278,0.0484821250646361,0.0482758990582125,0.0480711368868057,0.0478678286685986,0.0476659644505969,0.0474655342161251,0.0472665278920333,0.0470689353556211,0.0468727464412818,0.046677950946876,0.0464845386398373,0.0462924992630196,0.0461018225402902,0.0459124981818769,0.0457245158894752,0.0455378653611236,0.0453525362958519,0.0451685183981122,0.0449858013819966,0.0448043749752512,0.0446242289230911,0.0444453529918243,0.0442677369722909,0.0440913706831239,0.043916243973838,0.0437423467277532,0.0435696688647585,0.0433982003439225,0.0432279311659559,0.0430588513755327,0.0428909510634746,0.0427242203688043,0.0425586494806735,0.04239422864017,0.0422309481420088,0.0420687983361125,0.0419077696290856,0.0417478524855861,0.0415890374296006,0.0414313150456254,0.041274675979758,0.041119110940704,0.0409646107007015,0.0408111660963683,0.0406587680294734,0.0405074074676384,0.0403570754449701,0.0402077630626292,0.0400594614893363,0.0399121619618193,0.0397658557852045,0.0396205343333547,0.0394761890491559,0.0393328114447553,0.0391903931017543,0.0390489256713564,0.0389084008744742,0.0387688105017967,0.0386301464138193,0.0384924005408377,0.0383555648829086,0.0382196315097779,0.0380845925607792,0.0379504402447033,0.0378171668396405,0.0376847646927976,0.0375532262202907,0.0374225439069149,0.037292710305893,0.0371637180386036,0.0370355597942901,0.0369082283297525,0.0367817164690212,0.0366560171030164,0.0365311231891921,0.0364070277511657,0.0362837238783362,0.0361612047254894,0.0360394635123919,0.0359184935233754,0.0357982881069108,0.0356788406751735,0.0355601447036012,0.0354421937304431,0.0353249813563034,0.035208501243677,0.0350927471164816,0.0349777127595822,0.0348633920183128,0.0347497787979938,0.0346368670634438,0.034524650838491,0.0344131242054796,0.0343022813047748,0,0.0828596455009214,0.082309644152149,0.0817587888111228,0.0812087363918543,0.0806636430366819,0.0801267284678766,0.079600122491544,0.0790850943641761,0.078582280553353,0.0780918631657785,0.0776137043101782,0.077147446711628,0.0766925888599745,0.0762485408005404,0.0758146651292648,0.0753903066787379,0.074974813596667,0.0745675519187024,0.0741679152674062,0.0737753309371471,0.0733892633307107,0.0730092154824646,0.0726347292229239,0.0722653844004134,0.0719007974687912,0.0715406196689063,0.0711845349699494,0.0708322578905953,0.0704835312852275,0.0701381241548047,0.0697958295229014,0.0694564624034706,0.0691198578766824,0.0687858692818192,0.068454366530936,0.068125234543287,0.0677983717979541,0.0674736890004019,0.0671511078575851,0.0668305599555888,0.0665119857334558,0.0661953335467646,0.0658805588145845,0.065567623243617,0.0652564941235766,0.0649471436881651,0.0646395485363124,0.0643336891086889,0.0640295492148306,0.0637271156065468,0.063426377593595,0.0631273266979169,0.0628299563430136,0.0625342615753135,0.0622402388146395,0.0619478856311212,0.0616572005461185,0.0613681828549296,0.0610808324692433,0.0607951497774756,0.0605111355212872,0.0602287906867306,0.0599481164086107,0.0596691138867691,0.0593917843131159,0.0591161288083401,0.0588421483673257,0.058569843812387,0.0582992157535215,0.0580302645549481,0.0577629903072694,0.0574973928046555,0.0572334715265061,0.0569712256230958,0.0567106539047562,0.0564517548341905,0.056194526521555,0.0559389667219766,0.0556850728352096,0.0554328419071618,0.0551822706330475,0.0549333553619506,0.0546860921026005,0.0544404765301853,0.0541965039940439,0.053954169526096,0.053713467849883,0.0534743933901066,0.0532369402825647,0.0530011023843939,0.0527668732845408,0.0525342463143888,0.0523032145584805,0.0520737708652789,0.0518459078579205,0.0516196179449171,0.0513948933307697,0.0511717260264626,0.0509501078598109,0.0507300304856366,0.050511485395754,0.0502944639287486,0.0500789572795327,0.0498649565086701,0.0496524525514574,0.0494414362267567,0.0492318982455747,0.049023829219382,0.0488172196681738,0.0486120600282681,0.0484083406598433,0.0482060518542145,0.0480051838408529,0.0478057267941473,0.0476076708399148,0.0474110060616615,0.0472157225065988,0.0470218101914196,0.0468292591078391,0.0466380592279063,0.0464482005090898,0.0462596728991459,0.046072466340772,0.0458865707760536,0.0457019761507092,0.0455186724181396,0.0453366495432869,0.04515589750631,0.0449764063060818,0.0447981659635142,0.0446211665247159,0.0444453980639902,0.0442708506866765,0.0440975145318427,0.0439253797748321,0.0437544366296719,0.043584675351347,0.0434160862379454,0.0432486596326774,0.0430823859257783,0.0429172555562937,0.0427532590137556,0.0425903868397524,0.0424286296293974,0.0422679780326991,0.0421084227558387,0.0419499545623575,0.0417925642742585,0.0416362427730254,0.0414809810005632,0.0413267699600632,0.0411736007167956,0.0410214643988337,0.0408703521977116,0.0407202553690191,0.0405711652329366,0.0404230731747123,0.0402759706450841,0.040129849160651,0.0399847003041922,0.0398405157249407,0.0396972871388104,0.039555006328581,0.0394136651440409,0.0392732555020923,0.0391337693868181,0.0389951988495144,0.0388575360086889,0.0387207730500284,0.0385849022263351,0.0384499158574349,0.0383158063300593,0.0381825660977002,0.038050187680442,0.0379186636647699,0.0377879867033568,0.0376581495148299,0.0375291448835178,0.0374009656591799,0.0372736047567186,0.0371470551558749,0.0370213099009099,0.0368963621002714,0.0367722049262481,0.0366488316146101,0.0365262354642397,0.0364044098367495,0.0362833481560921,0.0361630439081595,0.0360434906403744,0.0359246819612734,0.0358066115400826,0.0356892731062868,0.0355726604491924,0.0354567674174849,0.0353415879187809,0.0352271159191754,0.0351133454427853,0.0350002705712895,0.0348878854434647,0,0.0838633331150562,0.0833021127611232,0.0827458272087924,0.0821933508959577,0.0816471243638178,0.0811093377306779,0.0805815453543234,0.0800647348458012,0.0795594435920624,0.0790658625427213,0.0785839219018817,0.0781133608573278,0.0776537837386622,0.0772047046238527,0.0767655821803924,0.0763358463718752,0.0759149185070073,0.0755022259351964,0.0750972125081906,0.0746993457444766,0.0743081214634333,0.0739230665060475,0.0735437400308229,0.0731697337670463,0.072800671521001,0.0724362081614355,0.0720760282558888,0.0717198444867083,0.0713673959424741,0.071018446355064,0.0706727823331339,0.0703302116280138,0.0699905614568651,0.0696536768995891,0.0693194193797482,0.0689876652351706,0.068658304380547,0.0683312390619169,0.0680063827012225,0.0676836588279361,0.0673630000939789,0.0670443473676685,0.066727648902161,0.0664128595737484,0.0660999401853799,0.0657888568308631,0.0654795803153534,0.0651720856279185,0.064866351462179,0.0645623597812456,0.0642600954234001,0.0639595457452,0.0636607002989052,0.0633635505413456,0.0630680895715567,0.0627743118947079,0.0624822132100387,0.0621917902206908,0.0619030404634962,0.0616159621569322,0.0613305540655998,0.061046815379719,0.0607647456082568,0.0604843444844199,0.0602056118823531,0.0599285477439785,0.0596531520150083,0.0593794245892411,0.0591073652603332,0.0588369736803062,0.0585682493241161,0.0583011914596712,0.0580357991227385,0.0577720710962311,0.057510005893413,0.0572496017446006,0.056990856586981,0.0567337680571971,0.0564783334863886,0.0562245498974027,0.0559724140039157,0.0557219222112342,0.0554730706185638,0.0552258550225549,0.0549802709219548,0.0547363135232106,0.0544939777468839,0.0542532582347523,0.0540141493574852,0.0537766452227932,0.0535407396839614,0.0533064263486854,0.0530736985881392,0.0528425495462103,0.0526129721488462,0.0523849591134614,0.0521585029583612,0.0519335960121437,0.0517102304230446,0.051488398168197,0.0512680910627786,0.0510493007690251,0.0508320188050909,0.0506162365537398,0.0504019452708532,0.0501891360937438,0.0499778000492662,0.0497679280617162,0.0495595109605133,0.049352539487663,0.0491470043049949,0.0489428960011746,0.0487402050984901,0.048538922059411,0.0483390372929232,0.0481405411606386,0.0479434239826847,0.047747676043374,0.0475532875966589,0.0473602488713735,0.0471685500762683,0.0469781814048402,0.0467891330399634,0.0466013951583248,0.04641495793467,0.046229811545863,0.0460459461747665,0.045863352013946,0.0456820192692035,0.0455019381629463,0.0453230989373952,0.045145491857637,0.0449691072145271,0.0447939353274466,0.0446199665469182,0.0444471912570866,0.044275599878068,0.0441051828681722,0.0439359307260036,0.0437678339924441,0.0436008832525224,0.0434350691371747,0.0432703823249005,0.0431068135433168,0.0429443535706162,0.0427829932369304,0.0426227234256058,0.0424635350743918,0.042305419176547,0.0421483667818665,0.0419923689976327,0.0418374169894941,0.0416835019822741,0.0415306152607129,0.0413787481701454,0.041227892117119,0.0410780385699514,0.040929179059234,0.0407813051782808,0.0406344085835272,0.040488480994879,0.0403435141960163,0.0401995000346519,0.040056430422748,0.0399142973366925,0.0397730928174367,0.0396328089705971,0.0394934379665218,0.0393549720403235,0.0392174034918826,0.0390807246858187,0.0389449280514343,0.0388100060826325,0.0386759513378077,0.038542756439713,0.0384104140753047,0.0382789169955648,0.038148258015303,0.0380184300129398,0.0378894259302706,0.0377612387722131,0.0376338616065383,0.0375072875635861,0.0373815098359666,0.0372565216782482,0.0371323164066322,0.0370088873986163,0.0368862280926468,0.0367643319877605,0.0366431926432166,0.0365228036781201,0.0364031587710362,0.0362842516595978,0.0361660761401053,0.0360486260671197,0.0359318953530502,0.0358158779677357,0.0357005679380218,0.0355859593473326,0.0354720463352388,0,0.0848397347176081,0.0842678574173677,0.0837057238550708,0.0831510711333044,0.0826045640474857,0.0820671583988522,0.0815396637333267,0.0810226639778748,0.0805165126914094,0.0800213521749106,0.0795371429698933,0.0790636972526555,0.0786007120150871,0.0781477995346856,0.0777045138634791,0.0772703729202434,0.0768448763015466,0.0764275192154776,0.0760178030667805,0.0756152432465098,0.0752193746477273,0.0748297553701947,0.0744459690091657,0.0740676258562598,0.0736943632791255,0.0733258454932999,0.0729617628947729,0.0726018310847969,0.0722457896885345,0.0718934010452056,0.0715444488284375,0.0711987366406558,0.070856086613753,0.0705163380392966,0.0701793460446267,0.0698449803259028,0.0695131239451446,0.0691836721952819,0.0688565315349635,0.0685316185932106,0.0682088592427819,0.0678881877402593,0.0675695459302663,0.0672528825108447,0.0669381523567766,0.0666253158975217,0.066314338546409,0.0660051901777473,0.0656978446486044,0.0653922793621059,0.0650884748692423,0.0647864145063131,0.0644860840652952,0.0641874714945745,0.0638905666276416,0.0635953609375022,0.0633018473147077,0.0630100198670536,0.0627198737391321,0.0624314049500608,0.0621446102478288,0.0618594869788244,0.0615760329712152,0.0612942464309581,0.0610141258493113,0.0607356699208109,0.0604588774707588,0.0601837473913479,0.0599102785856179,0.0596384699185094,0.0593683201743371,0.0590998280200678,0.0588329919738359,0.0585678103781804,0.0583042813775315,0.0580424028995159,0.0577821726396875,0.0575235880493251,0.0572666463259721,0.0570113444064186,0.0567576789618583,0.0565056463949735,0.0562552428387243,0.056006464156642,0.0557593059444415,0.0555137635327868,0.0552698319910606,0.0550275061320011,0.0547867805170837,0.0545476494625373,0.054310107045896,0.0540741471129959,0.053839763285338,0.0536069489677438,0.0533756973562401,0.0531460014461159,0.0529178540400992,0.0526912477566086,0.0524661750380401,0.052242628159052,0.0520205992348183,0.0518000802292217,0.0515810629629627,0.051363539121564,0.0511475002632524,0.050932937826702,0.0507198431386266,0.0505082074212094,0.0502980217993614,0.0500892773078006,0.0498819648979467,0.0496760754446258,0.0494715997525823,0.0492685285627959,0.0490668525586012,0.0488665623716104,0.0486676485874399,0.0484701017512386,0.0482739123730241,0.0480790709328241,0.0478855678856284,0.0476933936661529,0.0475025386934198,0.047312993375155,0.04712474811201,0.0469377933016078,0.046752119342421,0.0465677166374823,0.0463845755979344,0.0462026866464217,0.04602204022033,0.0458426267748756,0.0456644367860513,0.0454874607534317,0.0453116892028419,0.0451371126888957,0.0449637217974055,0.0447915071476688,0.0446204593946363,0.0444505692309637,0.044281827388954,0.0441142246423905,0.0439477518082684,0.043782399748425,0.0436181593710752,0.0434550216322534,0.0432929775371675,0.0431320181414665,0.0429721345524261,0.0428133179300556,0.0426555594881277,0.0424988504951365,0.0423431822751852,0.0421885462088062,0.042034933733717,0.0418823363455151,0.0417307455983121,0.0415801531053128,0.0414305505393392,0.0412819296333028,0.0411342821806273,0.0409876000356232,0.0408418751138185,0.0406970993922444,0.0405532649096808,0.0404103637668615,0.0402683881266425,0.0401273302141335,0.039987182316796,0.0398479367845084,0.0397095860295997,0.0395721225268542,0.0394355388134882,0.0392998274890991,0.0391649812155902,0.0390309927170704,0.0388978547797324,0.0387655602517074,0.0386341020429013,0.0385034731248095,0.0383736665303151,0.0382446753534679,0.0381164927492493,0.0379891119333191,0.0378625261817501,0.037736728830747,0.0376117132763541,0.0374874729741493,0.037364001438928,0.0372412922443755,0.03711933902273,0.0369981354644357,0.036877675317788,0.0367579523885695,0.0366389605396798,0.0365206936907573,0.0364031458177953,0.0362863109527517,0.0361701831831535,0.0360547566516963,0,0.0857851536431848,0.0852039122121935,0.0846363982417956,0.0840803810982493,0.0835347636770521,0.0829991527156559,0.0824735093773197,0.0819579348437939,0.0814525406332976,0.0809573784920488,0.0804724101058497,0.0799975013560769,0.0795324302700833,0.0790769015173698,0.0786305630524184,0.0781930223932077,0.0777638612473023,0.0773426479493334,0.0769289476105933,0.0765223301165731,0.0761223762191464,0.075728682007736,0.0753408620407031,0.0749585513943943,0.0745814068547426,0.0742091074418551,0.073841354425263,0.0734778709581816,0.0731184014338304,0.0727627106455907,0.0724105828152109,0.0720618205389585,0.0717162436900798,0.0713736883067052,0.0710340054870202,0.0706970603077418,0.0703627307774199,0.0700309068325453,0.0697014893817159,0.0693743894010073,0.0690495270820854,0.0687268310333896,0.0684062375338098,0.0680876898376159,0.0677711375289305,0.0674565359237035,0.0671438455169381,0.0668330314727935,0.0665240631551266,0.0662169136960337,0.065911559599979,0.0656079803811577,0.0653061582318169,0.0650060777193533,0.0647077255101036,0.0644110901178546,0.0641161616752041,0.0638229317260169,0.0635313930373265,0.0632415394291393,0.0629533656207005,0.0626668670918771,0.0623820399584122,0.0620988808598877,0.0618173868593224,0.0615375553534087,0.0612593839924687,0.0609828706092781,0.0607080131559739,0.0604348096483232,0.0601632581166874,0.0598933565630674,0.0596251029236696,0.0593584950364729,0.0590935306133233,0.0588302072161206,0.0585685222366992,0.058308472880035,0.0580500561504481,0.0577932688404933,0.0575381075222603,0.057284568540828,0.0570326480096423,0.0567823418076039,0.0565336455776741,0.0562865547268239,0.0560410644271652,0.0557971696181215,0.0555548650095046,0.0553141450853802,0.0550750041086132,0.0548374361259961,0.0546014349738728,0.054366994284177,0.0541341074908153,0.0539027678363304,0.0536729683787868,0.0534447019988259,0.0532179614068474,0.0529927391502725,0.0527690276208552,0.0525468190620065,0.0523261055761056,0.0521068791317698,0.0518891315710636,0.0516728546166257,0.0514580398786978,0.051244678862041,0.0510327629727261,0.0508222835247885,0.0506132317467381,0.0504055987879169,0.0501993757246984,0.0499945535665236,0.0497911232617713,0.0495890757034573,0.0493884017347644,0.0491890921543982,0.0489911377217718,0.0487945291620174,0.0485992571708265,0.0484053124191204,0.0482126855575516,0.0480213672208395,0.0478313480319416,0.047642618606064,0.0474551695545125,0.0472689914883899,0.0470840750221402,0.0469004107769442,0.0467179893839707,0.0465368014874854,0.0463568377478224,0.0461780888442211,0.046000545477533,0.0458241983728015,0.0456490382817183,0.0454750559849615,0.0453022422944165,0.0451305880552864,0.044960084148093,0.0447907214905733,0.0446224910394743,0.0444553837922511,0.0442893907886685,0.0441245031123134,0.043960711892018,0.0437980083031986,0.0436363835691127,0.043475828962038,0.0433163358043747,0.0431578954696758,0.0430004993836073,0.0428441390248407,0.0426888059258811,0.0425344916738339,0.0423811879111101,0.042228886336077,0.0420775787036514,0.0419272568258425,0.0417779125722429,0.0416295378704723,0.0414821247065741,0.041335665125369,0.041190151230765,0.0410455751860281,0.0409019292140138,0.0407592055973614,0.040617396678654,0.0404764948605436,0.0403364926058455,0.0401973824376007,0.0400591569391104,0.0399218087539416,0.0397853305859074,0.039649715199021,0.0395149554174266,0.0393810441253075,0.0392479742667718,0.039115738845719,0.0389843309256856,0.0388537436296737,0.0387239701399614,0.0385950036978965,0.0384668376036754,0.0383394652161066,0.0382128799523604,0.0380870752877059,0.0379620447552351,0.0378377819455757,0.037714280506593,0.0375915341430817,0.0374695366164475,0.0373482817443805,0.0372277634005197,0.0371079755141102,0.0369889120696525,0.0368705671065451,0.0367529347187223,0.0366360090542836,0,0.0866961079985804,0.086107058949954,0.0855356304102239,0.0849797564325276,0.0844366071074958,0.0839044201625119,0.0833822808788827,0.0828697797249628,0.0823667602456351,0.0818731613317266,0.0813889280108202,0.0809139667655798,0.0804481279734267,0.0799912038717112,0.0795429346831568,0.0791030184034186,0.078671121620852,0.0782468899212033,0.0778299571580238,0.077419953303542,0.0770165108421442,0.076619269800251,0.0762278815679177,0.0758420116880024,0.0754613417864003,0.0750855708027858,0.0747144156621744,0.074347611507251,0.0739849115918737,0.0736260869184811,0.073270925686687,0.0729192326071916,0.0725708281241199,0.0722255475797903,0.0718832403484674,0.0715437689595983,0.0712070082261584,0.0708728443898171,0.070541174291518,0.070211904573595,0.0698849509175926,0.0695602373204335,0.069237695410383,0.0689172638033455,0.0685988874993254,0.0682825173183582,0.0679681093748288,0.0676556245888155,0.0673450282329009,0.0670362895127697,0.0667293811798369,0.0664242791741222,0.066120962295582,0.0658194119021401,0.0655196116326938,0.0652215471534349,0.0649252059258825,0.0646305769951007,0.0643376507966457,0.0640464189808657,0.0637568742532524,0.0634690102296205,0.0631828213049675,0.0628983025349362,0.0626154495288774,0.0623342583535729,0.062054725446748,0.0617768475395616,0.0615006215873196,0.0612260447077144,0.0609531141259438,0.0606818271261099,0.060412181008347,0.0601441730511664,0.059877800478549,0.0596130604313515,0.0593499499426274,0.0590884659164953,0.0588286051102171,0.0585703641191772,0.0583137393644779,0.0580587270828894,0.0578053233189177,0.0575535239187703,0.0573033245260208,0.0570547205787891,0.0568077073082715,0.0565622797384669,0.056318432686963,0.0560761607666534,0.0558354583882739,0.0555963197636505,0.0553587389095674,0.055122709652167,0.0548882256318056,0.054655280308293,0.0544238669664547,0.0541939787219571,0.0539656085273461,0.0537387491782515,0.0535133933197164,0.0532895334526146,0.0530671619401217,0.0528462710142121,0.0526268527821542,0.0524088992329809,0.0521924022439158,0.0519773535867359,0.0517637449340565,0.0515515678655224,0.0513408138738971,0.0511314743710357,0.0509235406937369,0.050717004109464,0.0505118558219308,0.050308086976546,0.0501056886657143,0.0499046519339892,0.0497049677830768,0.0495066271766884,0.0493096210452422,0.0491139402904125,0.0489195757895283,0.0487265183998206,0.0485347589625212,0.0483442883068129,0.0481550972536342,0.0479671766193403,0.0477805172192223,0.0475951098708873,0.0474109453975029,0.0472280146309077,0.0470463084145918,0.046865817606549,0.0466865330820057,0.0465084457360281,0.0463315464860115,0.0461558262740548,0.0459812760692234,0.0458078868697038,0.0456356497048536,0.0454645556371488,0.0452945957640329,0.0451257612196701,0.0449580431766067,0.0447914328473415,0.044625921485812,0.0444615003887947,0.0442981608972272,0.0441358943974498,0.0439746923223751,0.0438145461525824,0.043655447417345,0.0434973876955884,0.0433403586167855,0.0431843518617883,0.0430293591636014,0.0428753723080963,0.0427223831346727,0.0425703835368646,0.0424193654628974,0.0422693209161949,0.0421202419558405,0.0419721206969927,0.0418249493112584,0.0416787200270241,0.041533425129749,0.0413890569622185,0.0412456079247638,0.041103070475445,0.0409614371302026,0.0408207004629766,0.0406808531057963,0.0405418877488404,0.040403797140471,0.04026657408724,0.0401302114538721,0.0399947021632227,0.0398600391962147,0.0397262155917526,0.0395932244466165,0.0394610589153377,0.0393297122100543,0.0391991776003509,0.0390694484130804,0.0389405180321715,0.03881237989842,0.0386850275092671,0.0385584544185641,0.0384326542363245,0.0383076206284644,0.0381833473165318,0.0380598280774257,0.0379370567431046,0.037815027200287,0.0376937333901422,0.0375731693079736,0.0374533290028942,0.0373342065774954,0.0372157961875088,0,0.0875689624925036,0.0869740044966545,0.0864012144007388,0.0858477662794035,0.0853091240019476,0.0847822365158689,0.0842653680520858,0.0837576261117447,0.0832585959264866,0.0827681032727605,0.0822860719345204,0.0818124434448855,0.0813471358089716,0.0808900257355845,0.0804409444559197,0.0799996809137629,0.0795659885232418,0.0791395932344811,0.0787202016224451,0.0783075083196379,0.0779012024811147,0.0775009731867892,0.0771065138075021,0.0767175254240235,0.0763337194153971,0.0759548193395475,0.0755805622241344,0.0752106993749314,0.0748449967959514,0.0744832353021075,0.0741252103924655,0.0737707319406286,0.0734196237487076,0.0730717230026634,0.0727268796594881,0.0723849557905736,0.0720458249005482,0.071709371236697,0.0713754891006741,0.0710440821714505,0.0707150628461985,0.0703883516040118,0.0700638763959168,0.0697415720634779,0.0694213797873907,0.0691032465667376,0.0687871247290253,0.0684729714706922,0.0681607484274482,0.0678504212735662,0.0675419593490695,0.0672353353136381,0.0669305248259761,0.0666275062473378,0.0663262603678923,0.0660267701546069,0.0657290205193494,0.0654329981059375,0.0651386910949039,0.0648460890247932,0.0645551826288518,0.0642659636860306,0.0639784248852726,0.0636925597021109,0.0634083622866609,0.0631258273621435,0.0628449501331269,0.0625657262027298,0.0622881514980744,0.0620122222033269,0.0617379346997087,0.0614652855119026,0.0611942712603196,0.0609248886187329,0.0606571342768155,0.06039100490716,0.0601264971363841,0.0598636075199583,0.059602332520421,0.0593426684886696,0.0590846116480433,0.0588281580809329,0.0585733037176775,0.0583200443275236,0.0580683755114446,0.0578182926966305,0.0575697911324783,0.0573228658879239,0.0570775118499719,0.0568337237232918,0.0565914960307593,0.0563508231148331,0.0561116991396673,0.0558741180938677,0.0556380737938075,0.0554035598874303,0.0551705698584679,0.0549390970310127,0.0547091345743885,0.0544806755082683,0.0542537127079926,0.0540282389100477,0.0538042467176663,0.0535817286065169,0.0533606769304524,0.0531410839272903,0.0529229417246015,0.0527062423454862,0.0524909777143181,0.0522771396624402,0.0520647199337976,0.0518537101904957,0.0516441020182704,0.0514358869318637,0.0512290563802943,0.0510236017520168,0.0508195143799652,0.0506167855464731,0.0504154064880699,0.0502153684001475,0.0500166624414965,0.0498192797387103,0.0496232113904553,0.0494284484716073,0.0492349820372544,0.0490428031265657,0.0488519027665284,0.0486622719755518,0.0484739017669424,0.04828678315225,0.0481009071444874,0.047916264761225,0.0477328470275633,0.0475506449789863,0.0473696496640955,0.047189852147231,0.047011243510979,0.0468338148585703,0.0466575573161714,0.0464824620350726,0.0463085201937739,0.0461357229999729,0.0459640616924567,0.0457935275429021,0.0456241118575841,0.0454558059789984,0.045288601287399,0.0451224892022542,0.0449574611836225,0.0447935087334537,0.0446306233968139,0.0444687967630409,0.0443080204668298,0.0441482861892518,0.0439895856587098,0.0438319106518311,0.0436752529943011,0.0435196045616397,0.0433649572799222,0.0432113031264472,0.0430586341303536,0.0429069423731878,0.0427562199894247,0.0426064591669428,0.0424576521474558,0.0423097912269028,0.0421628687557978,0.0420168771395418,0.0418718088386973,0.0417276563692279,0.0415844123027041,0.0414420692664769,0.0413006199438204,0.041160057074045,0.0410203734525824,0.0408815619310435,0.0407436154172505,0.0406065268752449,0.0404702893252716,0.0403348958437408,0.0402003395631689,0.0400666136720988,0.0399337114150013,0.0398016260921575,0.0396703510595248,0.0395398797285858,0.0394102055661811,0.0392813220943281,0.0391532228900251,0.0390259015850426,0.0388993518657009,0.0387735674726376,0.0386485422005616,0.0385242698979986,0.0384007444670249,0.0382779598629932,0.0381559100942486,0.0380345892218366,0.0379139913592035,0.0377941106718891,0,0.0883996159497539,0.0878015883343427,0.0872311439367411,0.0866831976795865,0.0861515676870179,0.0856321015317295,0.0851223811479405,0.0846211150421139,0.0841276758471471,0.0836417985863638,0.0831633950765051,0.0826924445358123,0.0822289324022705,0.081772818956095,0.0813240259173566,0.0808824335092408,0.0804478832762164,0.0800201837494614,0.0795991172075571,0.0791844465156793,0.0787759214889415,0.0783732845114524,0.0779762753149503,0.0775846349206745,0.0771981088022511,0.0768164493532306,0.0764394177517592,0.0760667853138722,0.0756983344206023,0.0753338590952825,0.0749731652977876,0.0746160709929558,0.0742624060415943,0.0739120119545364,0.0735647415432592,0.0732204584945821,0.0728790368918635,0.0725403607008222,0.072204323234514,0.0718708266090148,0.0715397811988892,0.0712111050994991,0.0708847236015415,0.0705605686818507,0.0702385785133963,0.0699186969965227,0.0696008733127567,0.0692850615019407,0.0689712200629954,0.0686593115782595,0.0683493023610788,0.0680411621261061,0.0677348636816132,0.0674303826430041,0.0671276971666348,0.0668267877029981,0.0665276367682949,0.0662302287334082,0.0659345496292956,0.0656405869678273,0.0653483295771229,0.0650577674504636,0.0647688916078929,0.0644816939696523,0.0641961672406379,0.063912304805104,0.0636301006308768,0.0633495491823859,0.0630706453418568,0.0627933843380481,0.0625177616819547,0.0622437731089358,0.0619714145267583,0.0617006819690827,0.0614315715539508,0.0611640794468609,0.0608982018280511,0.060633934863632,0.0603712746802406,0.0601102173429092,0.0598507588358662,0.0595928950460056,0.0593366217487848,0.0590819345963261,0.0588288291075159,0.0585773006599108,0.0583273444832766,0.0580789556545989,0.0578321290944165,0.0575868595643419,0.0573431416656455,0.0571009698387862,0.0568603383637866,0.0566212413613554,0.0563836727946692,0.0561476264717342,0.0559130960482553,0.0556800750309444,0.0554485567812087,0.0552185345191645,0.0549900013279243,0.0547629501581142,0.0545373738325792,0.0543132650512405,0.0540906163960698,0.0538694203361521,0.0536496692328093,0.0534313553447602,0.0532144708332951,0.0529990077674472,0.0527849581291408,0.0525723138183045,0.0523610666579326,0.052151208399086,0.05194273072582,0.0517356252600314,0.0515298835662168,0.0513254971561348,0.0511224574933688,0.0509207559977822,0.0507203840498664,0.050521332994974,0.0503235941474399,0.0501271587945833,0.0499320182005933,0.0497381636102964,0.0495455862528039,0.0493542773450418,0.049164228095162,0.048975429705836,0.0487878733774332,0.0486015503110824,0.0484164517116215,0.0482325687904344,0.0480498927681776,0.0478684148773995,0.0476881263650532,0.0475090184949057,0.0473310825498451,0.0471543098340892,0.046978691675297,0.0468042194265852,0.0466308844684538,0.0464586782106213,0.0462875920937725,0.0461176175912231,0.0459487462105002,0.045780969494845,0.0456142790246364,0.0454486664187407,0.0452841233357889,0.0451206414753828,0.0449582125792339,0.0447968284322365,0.0446364808634774,0.0444771617471838,0.0443188630036128,0.0441615765998832,0.0440052945507528,0.0438500089193422,0.0436957118178078,0.0435423954079653,0.0433900519018663,0.043238673562329,0.0430882527034251,0.0429387816909247,0.0427902529427008,0.0426426589290947,0.0424959921732443,0.0423502452513765,0.0422054107930656,0.0420614814814581,0.0419184500534665,0.0417763092999331,0.041635052065764,0.0414946712500367,0.0413551598060797,0.0412165107415281,0.0410787171183546,0.0409417720528772,0.0408056687157447,0.0406704003319019,0.0405359601805342,0.040402341594993,0.0402695379627037,0.0401375427250548,0.0400063493772724,0.0398759514682778,0.0397463426005305,0.0396175164298574,0.0394894666652682,0.0393621870687583,0.0392356714550998,0.0391099136916208,0.0389849076979743,0.0388606474458969,0.0387371269589575,0.0386143403122978,0.0384922816323638,0.0383709450966292,0,0.0891836050524644,0.0885870363929166,0.0880238219172522,0.087485194060949,0.0869635014566394,0.0864537915305166,0.085953182620813,0.0854601203933208,0.0849738440199096,0.0844940413274044,0.0840206346684536,0.0835536515871144,0.0830931493406507,0.0826391732286496,0.0821917358541861,0.0817508090684739,0.0813163233332662,0.0808881711656259,0.0804662125819146,0.0800502812694349,0.0796401907375302,0.0792357400342033,0.0788367188245042,0.0784429117560179,0.0780541021132227,0.0776700748051332,0.0772906187519383,0.0769155287444799,0.0765446068507062,0.0761776634391125,0.0758145178828235,0.0754549990007111,0.0750989452845924,0.0747462049545644,0.074396635878143,0.0740501053831774,0.07370648998953,0.0733656750802067,0.0730275545289465,0.0726920302981591,0.072359012018469,0.0720284165589232,0.0717001675950802,0.0713741951806679,0.0710504353272348,0.0707288295951742,0.0704093246986434,0.0700918721261997,0.0697764277784021,0.0694629516231663,0.0691514073692879,0.0688417621582512,0.0685339862742077,0.0682280528718202,0.0679239377215344,0.0676216189717258,0.067321076927098,0.0670222938426491,0.0667252537324929,0.0664299421927955,0.0661363462380847,0.0658444541501898,0.0655542553390783,0.0652657402148751,0.0649789000703645,0.0646937269733058,0.0644102136679137,0.0641283534848864,0.0638481402593907,0.0635695682564449,0.0632926321031686,0.0630173267273965,0.0627436473021856,0.0624715891957699,0.062201147926544,0.0619323191226864,0.0616650984860549,0.0613994817600113,0.0611354647008577,0.0608730430525853,0.06061221252466,0.0603529687725862,0.0600953073810102,0.0598392238491423,0.0595847135782897,0.0593317718613132,0.0590803938738284,0.0588305746669913,0.0585823091617172,0.0583355921441938,0.058090418262562,0.0578467820246469,0.05760467779663,0.0573640998025641,0.0571250421246397,0.0568874987041186,0.0566514633428598,0.0564169297053649,0.0561838913212818,0.0559523415883059,0.0557222737754268,0.0554936810264705,0.0552665563638949,0.0550408926927956,0.054816682805088,0.054593919383831,0.0543725950076631,0.0541527021553237,0.0539342332102353,0.053717180465125,0.0535015361266642,0.0532872923201123,0.0530744410939441,0.0528629744244517,0.0526528842203048,0.0524441623270607,0.0522368005316144,0.0520307905665786,0.0518261241145892,0.0516227928125277,0.0514207882556564,0.0512201020016619,0.0510207255746023,0.050822650468757,0.0506258681523738,0.0504303700713147,0.0502361476525965,0.0500431923078267,0.0498514954365334,0.0496610484293904,0.0494718426713355,0.0492838695445854,0.0490971204315448,0.0489115867176132,0.0487272597938898,0.0485441310597769,0.0483621919254846,0.0481814338144382,0.0480018481655893,0.0478234264356333,0.0476461601011346,0.047470040660562,0.0472950596362366,0.0471212085761923,0.0469484790559545,0.0467768626802357,0.0466063510845526,0.0464369359367652,0.0462686089385408,0.0461013618267462,0.0459351863747672,0.0457700743937606,0.0456060177338399,0.045443008285195,0.0452810379791511,0.045120098789166,0.0449601827317694,0.0448012818674456,0.0446433883014618,0.0444864941846432,0.0443305917140977,0.0441756731338916,0.0440217307356771,0.0438687568592756,0.0437167438932157,0.0435656842752297,0.0434155704927093,0.0432663950831217,0.043118150634389,0.0429708297852299,0.0428244252254682,0.0426789296963066,0.0425343359905696,0.0423906369529148,0.0422478254800147,0.0421058945207111,0.041964837076141,0.0418246461998384,0.041685314997809,0.0415468366285833,0.0414092043032457,0.0412724112854417,0.0411364508913657,0.0410013164897276,0.0408670015017008,0.0407334994008529,0.0406008037130582,0.0404689080163945,0.040337805941024,0.0402074911690595,0.0400779574344166,0.0399491985226517,0.0398212082707889,0.0396939805671331,0.0395675093510725,0.0394417886128705,0.0393168123934467,0.0391925747841487,0.0390690699265147,0.0389462920120271,0,0.0899164463305578,0.0893282704415864,0.0887782819736731,0.0882533972132365,0.0877448860849956,0.0872474122711117,0.0867579185810521,0.0862747673695325,0.0857971711628106,0.0853248319214291,0.0848577163494823,0.0843959179637403,0.0839395743372514,0.0834888194037093,0.0830437579229244,0.0826044537706775,0.0821709266451246,0.0817431536879822,0.0813210737708939,0.0809045930236081,0.0804935907254877,0.0800879250393724,0.0796874382989926,0.0792919617095487,0.0789013194136873,0.0785153319308315,0.0781338190094259,0.077756601947725,0.0773835054450445,0.0770143590457345,0.0766489982350187,0.076287265240917,0.0759290095907444,0.0755740884647992,0.0752223668841846,0.074873717764459,0.0745280218620725,0.0741851676363505,0.0738450510461121,0.0735075752968448,0.0731726505516248,0.0728401936166543,0.0725101276103136,0.0721823816229625,0.0718568903733226,0.0715335938660998,0.0712124370545235,0.0708933695106622,0.0705763451056972,0.0702613217017749,0.0699482608565966,0.0696371275415266,0.0693278898736914,0.0690205188622914,0.0687149881691495,0.068411273883357,0.0681093543097569,0.0678092097709033,0.0675108224220657,0.0672141760787924,0.0669192560565078,0.0666260490215963,0.066334542853411,0.0660447265166389,0.065756589943457,0.0654701239249221,0.0651853200110471,0.0649021704190318,0.0646206679491352,0.0643408059076936,0.064062578036811,0.0637859784502696,0.0635110015752277,0.0632376420992989,0.0629658949226236,0.0626957551145676,0.0624272178747052,0.0621602784977598,0.0618949323422006,0.0616311748022095,0.0613690012827503,0.0611084071774921,0.0608493878493538,0.060591938613452,0.0603360547222513,0.0600817313527275,0.0598289635953708,0.0595777464448658,0.0593280747922978,0.059079943418747,0.0588333469901411,0.0585882800532477,0.0583447370326957,0.0581027122289252,0.0578621998169715,0.057623193845997,0.0573856882394922,0.0571496767960729,0.0569151531908053,0.0566821109769995,0.0564505435884144,0.0562204443418211,0.0559918064398796,0.0557646229742856,0.0555388869291461,0.0553145911845506,0.0550917285203044,0.0548702916197933,0.0546502730739552,0.0544316653853329,0.0542144609721855,0.0539986521726415,0.0537842312488724,0.0535711903912733,0.0533595217226353,0.0531492173022977,0.0529402691302671,0.0527326691512957,0.0525264092589082,0.0523214812993699,0.0521178770755906,0.0519155883509563,0.0517146068530854,0.0515149242775048,0.0513165322912413,0.0511194225363276,0.0509235866332171,0.0507290161841096,0.0505357027761832,0.0503436379847333,0.0501528133762173,0.049963220511205,0.0497748509472344,0.0495876962415739,0.0494017479538904,0.0492169976488246,0.0490334368984752,0.0488510572847914,0.0486698504018757,0.0484898078581997,0.048310921278732,0.0481331823069816,0.0479565826069574,0.047781113865046,0.04760676779181,0.0474335361237074,0.0472614106247348,0.0470903830879968,0.0469204453372015,0.0467515892280869,0.0465838066497769,0.0464170895260719,0.0462514298166736,0.0460868195183468,0.0459232506660201,0.0457607153338274,0.0455992056360918,0.0454387137282535,0.0452792318077443,0.0451207521148095,0.0449632669332799,0.0448067685912942,0.0446512494619751,0.0444967019640599,0.0443431185624867,0.0441904917689386,0.0440388141423475,0.0438880782893577,0.0437382768647526,0.0435894025718442,0.0434414481628282,0.0432944064391044,0.0431482702515658,0.0430030325008555,0.0428586861375946,0.0427152241625803,0.0425726396269572,0.042430925632362,0.042290075331042,0.0421500819259508,0.0420109386708191,0.0418726388702036,0.0417351758795159,0.0415985431050285,0.0414627340038633,0.0413277420839606,0.0411935609040302,0.0410601840734854,0.0409276052523613,0.0407958181512172,0.040664816531024,0.0405345942030382,0.0404051450286617,0.0402764629192897,0.0401485418361459,0.0400213757901067,0.0398949588415138,0.0397692850999776,0.0396443487241695,0.039520143921606,0,0.0905944669684567,0.0900242653181457,0.0894944059757192,0.0889880803614699,0.0884961603750521,0.0880134469350907,0.0875370466955626,0.0870654481737561,0.0865979631186878,0.0861343814843268,0.0856747563680023,0.0852192701511479,0.0847681523620402,0.0843216308471606,0.0838799044365043,0.0834431293768347,0.0830114144264882,0.082584821226772,0.0821633677151934,0.0817470331211862,0.0813357636091318,0.0809294779868018,0.0805280731338082,0.0801314289609751,0.0797394128130657,0.0793518832915357,0.078968693513066,0.0785896938419494,0.0782147341457397,0.0778436656278605,0.0774763422907889,0.0771126220807716,0.0767523677609746,0.0763954475552824,0.0760417356001293,0.0756911122370547,0.0753434641742919,0.0749986845417105,0.0746566728598598,0.0743173349407132,0.0739805827349568,0.0736463341382796,0.073314512767067,0.0729850477121332,0.0726578732776262,0.0723329287109585,0.0720101579285311,0.0716895092411045,0.0713709350818967,0.0710543917398403,0.0707398390998898,0.0704272403918149,0.0701165619485417,0.0698077729747906,0.0695008453265031,0.0691957533013403,0.0688924734403651,0.0685909843408788,0.068291266480279,0.0679933020507106,0.0676970748042216,0.0674025699080797,0.0671097738098694,0.0668186741119632,0.0665292594549432,0.0662415194095388,0.0659554443766449,0.0656710254949851,0.065388254555989,0.0651071239254646,0.0648276264716561,0.0645497554992889,0.0642735046892224,0.0639988680433422,0.0637258398343419,0.0634544145600615,0.0631845869020634,0.0629163516881464,0.0626497038585126,0.0623846384353192,0.0621211504953609,0.0618592351456469,0.0615988875016473,0.061340102668001,0.0610828757214873,0.060827201696081,0.0605730755699158,0.0603204922540002,0.0600694465825347,0.059819933304694,0.0595719470777437,0.0593254824613739,0.0590805339131378,0.0588370957848933,0.0585951623201528,0.0583547276522521,0.0581157858032596,0.0578783306835481,0.0576423560919627,0.0574078557165192,0.0571748231355753,0.0569432518194209,0.0567131351322381,0.0564844663343844,0.0562572385849594,0.0560314449446148,0.0558070783785753,0.055584131759837,0.0553625978725139,0.0551424694153089,0.0549237390050818,0.0547063991804952,0.0544904424057181,0.0542758610741682,0.0540626475122784,0.0538507939832723,0.0536402926909364,0.053431135783376,0.0532233153567466,0.0530168234589496,0.052811652093286,0.0526077932220591,0.0524052387701216,0.052203980628361,0.0520040106571181,0.0518053206895354,0.0516079025348318,0.0514117479815002,0.0512168488004265,0.0510231967479272,0.0508307835687057,0.0506396009987237,0.0504496407679901,0.0502608946032642,0.0500733542306748,0.0498870113782546,0.0497018577783906,0.0495178851701907,0.0493350853017675,0.0491534499324396,0.0489729708348531,0.0487936397970214,0.0486154486242879,0.0484383891412107,0.0482624531933716,0.0480876326491101,0.0479139194011857,0.0477413053683673,0.0475697824969547,0.0473993427622302,0.0472299781698452,0.0470616807571413,0.0468944425944086,0.0467282557860831,0.0465631124718834,0.0463990048278903,0.0462359250675699,0.046073865442742,0.0459128182444953,0.0457527758040516,0.04559373049358,0.0454356747269627,0.0452786009605151,0.045122501693659,0.0449673694695545,0.0448131968756875,0.0446599765444187,0.0445077011534908,0.0443563634265006,0.044205956133332,0.0440564720905555,0.0439079041617932,0.0437602452580504,0.0436134883380172,0.0434676264083384,0.0433226525238547,0.0431785597878169,0.0430353413520711,0.0428929904172203,0.0427515002327594,0.0426108640971875,0.0424710753580969,0.0423321274122398,0.0421940137055753,0.0420567277332947,0.0419202630398284,0.0417846132188345,0.0416497719131693,0.0415157328148416,0.0413824896649497,0.0412500362536046,0.0411183664198376,0.0409874740514937,0.0408573530851125,0.0407279975057958,0.0405994013470633,0.0404715586906968,0.0403444636665735,0.040218110452489,0.0400924932739703,0,0.0912157717167184,0.0906754219547598,0.0901731167778515,0.0896902588570912,0.0892183062211534,0.0887527938702094,0.0882913571764782,0.087832832755348,0.0873767655090712,0.0869231130536549,0.0864720611029706,0.0860239066432981,0.0855789845486236,0.0851376227350919,0.0847001162300665,0.0842667137298833,0.0838376122797842,0.0834129570906631,0.0829928444565843,0.0825773263976826,0.0821664161145143,0.0817600936614789,0.0813583114694079,0.080960999499633,0.0805680699143831,0.0801794212159763,0.0797949418505604,0.0794145132986706,0.0790380126899929,0.0786653149872329,0.0782962947865426,0.0779308277813894,0.0775687919343049,0.0772100683974889,0.0768545422193012,0.0765021028696289,0.0761526446131767,0.0758060667560312,0.0754622737874593,0.0751211754358443,0.0747826866549464,0.0744467275542747,0.0741132232852666,0.0737821038931451,0.0734533041427513,0.0731267633252924,0.0728024250517808,0.0724802370379428,0.0721601508845282,0.0718421218562259,0.0715261086617808,0.0712120732373855,0.0708999805349846,0.0705897983167599,0.0702814969567568,0.0699750492503547,0.0696704302320688,0.0693676170019937,0.0690665885610548,0.0687673256551108,0.0684698106278595,0.0681740272824141,0.0678799607513648,0.0675875973750852,0.0672969245880118,0.0670079308125955,0.0667206053606075,0.0664349383414674,0.0661509205772576,0.0658685435240831,0.0655877991994406,0.065308680115261,0.0650311792163003,0.0647552898235599,0.0644810055824287,0.0642083204152483,0.0639372284780175,0.0636677241209616,0.0633998018527063,0.063133456307808,0.062868682217404,0.0626054743827619,0.0623438276515135,0.0620837368963788,0.0618251969961894,0.0615682028190362,0.0613127492073772,0.0610588309649489,0.0608064428453367,0.0605555795420699,0.0603062356801126,0.0600584058086339,0.0598120843949471,0.0595672658195149,0.0593239443719259,0.0590821142477541,0.0588417695462183,0.0586029042685674,0.0583655123171187,0.0581295874948859,0.0578951235057359,0.0576621139550191,0.057430552350621,0.0572004321043901,0.0569717465338954,0.0567444888644773,0.0565186522315517,0.056294229683136,0.0560712141825661,0.055849598611374,0.0556293757723036,0.055410538392438,0.0551930791264197,0.054976990559742,0.0547622652120951,0.0545488955407513,0.0543368739439737,0.0541261927644357,0.053916844292641,0.0537088207703306,0.0535021143938712,0.0532967173176131,0.0530926216572123,0.0528898194929095,0.0526883028727603,0.0524880638158119,0.0522890943152206,0.0520913863413085,0.0518949318445542,0.0516997227585155,0.0515057510026826,0.0513130084852581,0.0511214871058651,0.0509311787581788,0.0507420753324846,0.0505541687181589,0.0503674508060747,0.0501819134909309,0.0499975486735051,0.0498143482628317,0.0496323041783045,0.0494514083517054,0.049271652729159,0.0490930292730158,0.0489155299636623,0.0487391468012626,0.0485638718074297,0.0483896970268289,0.0482166145287155,0.0480446164084069,0.0478736947886904,0.0477038418211696,0.0475350496875497,0.0473673106008632,0.0472006168066377,0.047034960584008,0.0468703342467725,0.0467067301443965,0.0465441406629643,0.0463825582260799,0.0462219752957197,0.0460623843730368,0.0459037779991203,0.0457461487557094,0.0455894892658647,0.045433792194597,0.045279050249457,0.045125256181084,0.044972402783719,0.0448204828956795,0.0446694893997998,0.0445194152238375,0.0443702533408467,0.0442219967695195,0.044074638574498,0.0439281718666549,0.0437825898033484,0.0436378855886476,0.0434940524735328,0.0433510837560706,0.0432089727815643,0.0430677129426813,0.0429272976795584,0.042787720479885,0.0426489748789663,0.0425110544597663,0.0423739528529324,0.0422376637368012,0.0421021808373875,0.0419674979283565,0.0418336088309798,0.0417005074140766,0.0415681875939404,0.0414366433342512,0.0413058686459754,0.0411758575872518,0.0410466042632676,0.0409181028261199,0.0407903474746699,0.0406633324543833,0,0.0917812319009362,0.0912839024016212,0.0908165220489341,0.090361764951097,0.0899128900279618,0.0894667890228209,0.0890219836595179,0.0885778726043796,0.0881343633377546,0.0876916589228733,0.0872501234009717,0.0868101941048798,0.0863723246890765,0.0859369491696967,0.0855044605366313,0.0850751994291521,0.0846494496436039,0.0842274381460844,0.0838093379244047,0.083395272502385,0.0829853213002441,0.0825795252889218,0.0821778925773052,0.0817804037076723,0.0813870165303074,0.0809976705939469,0.0806122910327062,0.0802307919585671,0.079853079385961,0.0794790537248167,0.0791086118830983,0.0787416490210893,0.0783780599987101,0.0780177405548689,0.0776605882548185,0.0773065032381365,0.0769553887965159,0.0766071518072194,0.0762617030449081,0.0759189573916651,0.0755788339624028,0.0752412561604979,0.0749061516764059,0.0745734524401696,0.0742430945371241,0.0739150180946948,0.0735891671469672,0.0732654894826511,0.0729439364811495,0.0726244629406623,0.0723070269015803,0.0719915894678524,0.0716781146285136,0.071366569081149,0.0710569220587066,0.0707491451607775,0.0704432121902023,0.0701390989956523,0.0698367833206515,0.0695362446593591,0.0692374641193046,0.0689404242911665,0.0686451091256018,0.068351503817064,0.0680595946944931,0.0677693691187172,0.0674808153863724,0.0671939226401205,0.066908680784925,0.0666250804101358,0.0663431127171187,0.0660627694521687,0.0657840428444367,0.0655069255486089,0.0652314105920742,0.0649574913263264,0.0646851613823503,0.0644144146297503,0.0641452451393886,0.0638776471493099,0.0636116150337353,0.0633471432749231,0.0630842264376987,0.0628228591464704,0.0625630360645527,0.062304751875632,0.0620480012672169,0.0617927789159251,0.0615390794744661,0.0612868975601907,0.0610362277450817,0.0607870645470721,0.0605394024225822,0.0602932357601738,0.0600485588752288,0.0598053660055626,0.0595636513078917,0.0593234088550773,0.0590846326340768,0.0588473165445337,0.0586114543979482,0.0583770399173698,0.0581440667375594,0.0579125284055733,0.057682418381724,0.0574537300408754,0.0572264566740361,0.0570005914902128,0.0567761276184951,0.0565530581103385,0.0563313759420206,0.0561110740172441,0.0558921451698648,0.0556745821667231,0.0554583777105597,0.0552435244429984,0.0550300149475802,0.0548178417528345,0.0546069973353735,0.0543974741229995,0.0541892644978126,0.0539823607993114,0.0537767553274762,0.0535724403458284,0.0533694080844582,0.0531676507430157,0.0529671604936594,0.0527679294839568,0.0525699498397348,0.0523732136678741,0.0521777130590469,0.0519834400903931,0.0517903868281348,0.0515985453301256,0.0514079076483348,0.0512184658312642,0.0510302119262974,0.050843137981981,0.0506572360502368,0.0504724981885056,0.0502889164618223,0.0501064829448223,0.0499251897236808,0.049745028897984,0.0495659925825334,0.0493880729090852,0.0492112620280233,0.0490355521099693,0.0488609353473291,0.0486874039557769,0.0485149501756797,0.0483435662734607,0.0481732445429058,0.0480039773064114,0.0478357569161782,0.0476685757553489,0.0475024262390932,0.047337300815642,0.0471731919672691,0.0470100922112258,0.0468479941006259,0.0466868902252859,0.0465267732125181,0.0463676357278818,0.0462094704758905,0.0460522702006786,0.0458960276866275,0.045740735758954,0.0455863872842595,0.0454329751710446,0.0452804923701874,0.0451289318753886,0.0449782867235832,0.0448285499953207,0.0446797148151148,0.0445317743517639,0.0443847218186421,0.0442385504739638,0.0440932536210215,0.0439488246083975,0.0438052568301522,0.0436625437259877,0.0435206787813896,0.0433796555277461,0.0432394675424466,0.0431001084489602,0.0429615719168947,0.0428238516620366,0.0426869414463742,0.0425508350781026,0.0424155264116129,0.042281009347466,0.0421472778323505,0.0420143258590265,0.0418821474662565,0.0417507367387221,0.0416200878069287,0.0414901948470976,0.0413610520810481,0.0412326537760668,0,0.0922952915835714,0.0918538589302338,0.0914279842710496,0.0910052744345072,0.0905820734851855,0.0901572087455226,0.0897304012274873,0.0893017958270256,0.0888717744091478,0.0884408533560398,0.0880096152767657,0.0875786605309077,0.087148573152172,0.0867198980216415,0.0862931268199204,0.0858686906499257,0.0854469575485627,0.0850282334300815,0.0846127653104931,0.0842007459342997,0.0837923191537115,0.0833875855955369,0.0829866082955757,0.082589418090263,0.0821960186366935,0.0818063909908908,0.0814204977154114,0.0810382865153948,0.080659693420414,0.0802846455406436,0.0799130634320041,0.0795448631075928,0.0791799577330245,0.0788182590420964,0.078459678507057,0.0781041282951117,0.0777515220399159,0.077401775453895,0.077054806804391,0.0767105372739652,0.076368891222708,0.0760297963681493,0.0756931838963311,0.0753589885157848,0.0750271484645407,0.0746976054788776,0.0743703047312704,0.0740451947438973,0.0737222272831212,0.0734013572395261,0.0730825424973766,0.0727657437967443,0.0724509245910115,0.0721380509020011,0.0718270911745852,0.0715180161322872,0.0712107986351007,0.0709054135405014,0.0706018375684194,0.0703000491707601,0.0700000284059108,0.0697017568185456,0.0694052173249323,0.0691103941038607,0.0688172724932341,0.0685258388923093,0.0682360806695202,0.0679479860757807,0.067661544163131,0.0673767447085698,0.067093578142891,0.0668120354843369,0.0665321082768644,0.0662537885328187,0.065977068679804,0.0657019415115412,0.0654284001425036,0.0651564379661237,0.0648860486163699,0.0646172259324961,0.064349963926773,0.0640842567550179,0.0638200986897451,0.0635574840957664,0.0632964074080819,0.0630368631119025,0.0627788457246606,0.0625223497798663,0.0622673698126786,0.0620139003470657,0.0617619358844359,0.0615114708936288,0.061262499802161,0.0610150169886288,0.0607690167761749,0.0605244934269331,0.0602814411373691,0.0600398540344434,0.0597997261725235,0.0595610515309815,0.0593238240124137,0.0590880374414273,0.0588536855639381,0.0586207620469334,0.0583892604786508,0.058159174369133,0.0579304971511178,0.0577032221812279,0.0574773427414265,0.057252852040707,0.05702974321699,0.0568080093391991,0.056587643409494,0.0563686383656352,0.0561509870834635,0.0559346823794733,0.0557197170134636,0.0555060836912502,0.055293775067427,0.0550827837481605,0.0548731022940087,0.0546647232227513,0.0544576390122237,0.0542518421031442,0.0540473249019288,0.0538440797834842,0.0536420990939745,0.0534413751535557,0.0532419002590727,0.0530436666867147,0.0528466666946251,0.052650892525463,0.052456336408913,0.0522629905641408,0.0520708472021934,0.0518798985283406,0.0516901367443586,0.0515015540507527,0.0513141426489184,0.0511278947432426,0.0509428025431408,0.0507588582650338,0.0505760541342611,0.0503943823869328,0.0502138352717196,0.050034405051582,0.0498560840054379,0.0496788644297708,0.0495027386401787,0.0493276989728642,0.0491537377860664,0.0489808474614374,0.0488090204053625,0.0486382490502254,0.04846852585562,0.0482998433095108,0.0481321939293402,0.0479655702630869,0.0477999648902758,0.0476353704229383,0.0474717795065281,0.04730918482079,0.0471475790805859,0.0469869550366763,0.0468273054764619,0.0466686232246827,0.0465109011440791,0.0463541321360137,0.0461983091410572,0.0460434251395368,0.0458894731520512,0.0457364462399505,0.0455843375057848,0.0454331400937199,0.0452828471899234,0.0451334520229204,0.0449849478639216,0.0448373280271227,0.0446905858699784,0.0445447147934498,0.0443997082422273,0.0442555597049297,0.0441122627142806,0.0439698108472618,0.0438281977252467,0.0436874170141115,0.0435474624243281,0.0434083277110375,0.0432700066741051,0.043132493158158,0.0429957810526059,0.0428598642916466,0.0427247368542543,0.0425903927641547,0.0424568260897852,0.0423240309442414,0.0421920014852109,0.0420607319148947,0.0419302164799161,0.0418004494712191,0,0.0927663957973878,0.0923914895420897,0.092012095215166,0.0916242758422877,0.0912285886575405,0.0908262498794972,0.0904184095647577,0.0900060921726274,0.0895902356881194,0.0891717201192014,0.0887513766234724,0.0883299851904795,0.087908268103922,0.0874868834362158,0.087066420536897,0.0866473981003531,0.0862302646822049,0.0858154012212086,0.0854031250360716,0.084993694793128,0.0845873160168841,0.0841841468056979,0.0837843035013968,0.0833878661365698,0.0829948835441908,0.0826053780615174,0.0822193497955184,0.0818367804424768,0.081457636671937,0.0810818730966388,0.0807094348570364,0.080340259852664,0.0799742806539455,0.0796114261277885,0.0792516228090019,0.0788947960476206,0.0785408709599207,0.0781897732084444,0.0778414296338705,0.0774957687591656,0.0771527211841683,0.0768122198866436,0.0764742004439097,0.0761386011873762,0.0758053633007561,0.0754744308713032,0.0751457509021726,0.074819273292893,0.0744949507939681,0.0741727389407642,0.0738525959710936,0.07353448273025,0.0732183625666818,0.0729042012209931,0.0725919667105358,0.0722816292114823,0.0719731609399488,0.0716665360334631,0.0713617304338323,0.071058721772264,0.0707574892574171,0.0704580135669149,0.0701602767427201,0.0698642620906711,0.0695699540843845,0.0692773382736541,0.068986401197413,0.0686971303012755,0.0684095138596276,0.0681235409022051,0.0678392011450653,0.0675564849258389,0.0672753831431304,0.0669958871999208,0.0667179889508187,0.0664416806529982,0.066166954920658,0.0658938046828337,0.0656222231443965,0.0653522037500721,0.0650837401513142,0.0648168261758741,0.0645514557999088,0.0642876231224764,0.0640253223422721,0.063764547736464,0.0635052936414939,0.0632475544357123,0.0629913245237267,0.0627365983223431,0.0624833702479904,0.0622316347055226,0.0619813860782965,0.0617326187194327,0.0614853269441695,0.0612395050232253,0.0609951471770912,0.0607522475711803,0.0605108003117617,0.0602707994426167,0.0600322389423546,0.059795112722331,0.0595594146251166,0.0593251384234659,0.059092277819739,0.0588608264457347,0.0586307778628951,0.0584021255628421,0.0581748629682147,0.0579489834337723,0.0577244802477367,0.057501346633344,0.0572795757505809,0.0570591606980843,0.0568400945151804,0.0566223701840442,0.0564059806319627,0.056190918733683,0.0559771773138315,0.0557647491493902,0.0555536269722161,0.0553438034715946,0.0551352712968132,0.0549280230597482,0.0547220513374556,0.0545173486747568,0.0543139075868139,0.0541117205616865,0.0539107800628661,0.0537110785317812,0.0535126083902705,0.0533153620430184,0.0531193318799508,0.0529245102785862,0.0527308896063429,0.0525384622227951,0.0523472204818816,0.0521571567340598,0.0519682633284085,0.0517805326146751,0.0515939569452689,0.0514085286771968,0.0512242401739451,0.0510410838073027,0.0508590519591293,0.050678137023067,0.0504983314061949,0.0503196275306289,0.0501420178350655,0.0499654947762708,0.0497900508305158,0.049615678494957,0.0494423702889658,0.0492701187554045,0.0490989164618521,0.04892875600178,0.0487596299956774,0.0485915310921303,0.0484244519688515,0.0482583853336657,0.048093323925449,0.0479292605150236,0.0477661879060115,0.0476040989356438,0.0474429864755312,0.0472828434323938,0.047123662748752,0.0469654374035804,0.0468081604129248,0.0466518248304836,0.046496423748155,0.0463419502965507,0.0461883976454771,0.0460357590043846,0.0458840276227875,0.0457331967906539,0.0455832598387666,0.0454342101390569,0.0452860411049121,0.0451387461914566,0.0449923188958081,0.0448467527573103,0.0447020413577421,0.0445581783215041,0.0444151573157844,0.0442729720507025,0.0441316162794344,0.043991083798317,0.0438513684469356,0.043712464108192,0.0435743647083566,0.0434370642171031,0.0433005566475284,0.0431648360561558,0.0430298965429253,0.0428957322511689,0.0427623373675721,0.0426297061221237,0.0424978327880526,0.0423667116817525,0,0.0932068144028184,0.0929048688131816,0.0925745409660511,0.0922229774096882,0.0918556750263083,0.0914764856125701,0.091088100192261,0.0906924872679085,0.0902911820868295,0.0898854544880245,0.0894763997203885,0.0890649852341764,0.0886520739723433,0.0882384359855594,0.0878247548365351,0.0874116321349825,0.0869995917872042,0.0865890845926123,0.0861804933315449,0.0857741382613782,0.0853702828521833,0.0849691395803692,0.0845708756200614,0.0841756183060875,0.0837834602783037,0.0833944642493232,0.0830086673644632,0.0826260851435738,0.0822467150098385,0.0818705394214505,0.0814975286291914,0.0811276430871718,0.0807608355460886,0.0803970528588792,0.0800362375281027,0.079678329023089,0.0793232648931706,0.0789709817013206,0.0786214158004331,0.0782745039723816,0.0779301839479539,0.0775883948238288,0.0772490773909567,0.0769121743870444,0.076577630684331,0.0762453934224732,0.075915412095126,0.0755876385977067,0.0752620272428532,0.0749385347492175,0.0746171202084719,0.0742977450347302,0.0739803728999927,0.0736649696587049,0.0733515032640651,0.0730399436783185,0.0727302627789319,0.0724224342622387,0.0721164335458878,0.0718122376712006,0.071509825206345,0.0712091761510712,0.0709102718436034,0.0706130948701622,0.0703176289774843,0.0700238589886155,0.0697317707221763,0.0694413509152365,0.0691525871498768,0.0688654677834732,0.0685799818827005,0.0682961191612194,0.068013869920989,0.0677332249971209,0.0674541757061814,0.0671767137978298,0.0669008314096744,0.0666265210252205,0.0663537754347794,0.0660825876992056,0.0658129511163266,0.0655448591899313,0.0652783056011845,0.0650132841823344,0.0647497888925867,0.0644878137960184,0.0642273530414115,0.0639684008438884,0.0637109514682362,0.0634549992138125,0.0632005384009281,0.0629475633586083,0.0626960684136383,0.0624460478808026,0.0621974960542348,0.0619504071997958,0.0617047755484049,0.0614605952902526,0.0612178605698261,0.0609765654816843,0.0607367040669238,0.0604982703102765,0.0602612581377896,0.060025661415036,0.05979147394581,0.0595586894712653,0.0593273016694547,0.0590973041552332,0.0588686904804917,0.0586414541346856,0.0584155885456316,0.0581910870805413,0.0579679430472682,0.0577461496957423,0.057525700219571,0.0573065877577853,0.0570888053967118,0.0568723461719548,0.0566572030704696,0.0564433690327143,0.0562308369548664,0.0560195996910907,0.055809650055847,0.0556009808262291,0.0553935847443236,0.0551874545195799,0.0549825828311859,0.0547789623304388,0.0545765856431078,0.0543754453717806,0.0541755340981901,0.0539768443855154,0.0537793687806546,0.0535830998164633,0.0533880300139581,0.0531941518844809,0.0530014579318215,0.052809940654297,0.0526195925467857,0.0524304061027139,0.0522423738159954,0.0520554881829203,0.0518697417039956,0.0516851268857337,0.0515016362423906,0.0513192622976528,0.0511379975862725,0.0509578346556514,0.0507787660673739,0.0506007843986883,0.0504238822439379,0.0502480522159424,0.0500732869473284,0.0498995790918122,0.0497269213254331,0.0495553063477398,0.0493847268829293,0.04921517568094,0.0490466455184995,0.0488791292001281,0.0487126195590981,0.0485471094583516,0.0483825917913756,0.0482190594830374,0.0480565054903792,0.0478949228033749,0.0477343044456481,0.0475746434751542,0.0474159329848262,0.0472581661031853,0.0471013359949181,0.0469454358614202,0.0467904589413087,0.0466363985109023,0.0464832478846722,0.0463310004156637,0.0461796494958882,0.0460291885566897,0.0458796110690829,0.0457309105440664,0.0455830805329108,0.0454361146274226,0.0452900064601852,0.0451447497047764,0.0450003380759655,0.0448567653298885,0.0447140252642033,0.0445721117182251,0.0444310185730438,0.0442907397516223,0.044151269218878,0.0440126009817474,0.043874729089234,0.0437376476324412,0.0436013507445904,0.0434658326010241,0.0433310874191956,0.0431971094586454,0.0430638930209651,0.0429314324497486,0,0.0936320644291883,0.0934035343465208,0.0931218554303139,0.092806152749674,0.0924669793196548,0.0921107974863674,0.0917418078603229,0.0913629060066727,0.090976217596668,0.0905833996656791,0.090185809503798,0.0897845989618877,0.0893807671783022,0.0889751905058187,0.0885686402431209,0.0881617940765416,0.08775524444326,0.0873495054934166,0.0869450194691787,0.0865421628504852,0.086141252373965,0.0857425509156451,0.085346273182182,0.0849525911460559,0.0845616391683753,0.084173518768001,0.0837883030120118,0.0834060405173342,0.0830267590655491,0.082650468842218,0.0822771653187492,0.0819068317992257,0.0815394416571826,0.0811749602884739,0.0808133468064511,0.0804545555050214,0.0800985371139726,0.0797452398694572,0.0793946104208453,0.0790465945934,0.0787011380244644,0.078358186689136,0.0780176873297737,0.0776795878021478,0.0773438373496324,0.0770103868155332,0.0766791888024703,0.076350197786658,0.0760233701939698,0.0756986644438139,0.0753760409660749,0.0750554621957012,0.0747368925489066,0.0744202983844255,0.0741056479527852,0.0737929113361483,0.0734820603809099,0.0731730686249158,0.0728659112208901,0.0725605648574137,0.0722570076785833,0.0719552192032965,0.0716551802449451,0.0713568728321611,0.0710602801311402,0.0707653863699615,0.0704721767652338,0.0701806374513235,0.069890755412353,0.0696025184171005,0.069315914956891,0.0690309341865211,0.068747565868234,0.068465800318728,0.0681856283591634,0.0679070412681106,0.0676300307373703,0.0673545888305817,0.0670807079445294,0.0668083807730497,0.066537600273432,0.0662683596352113,0.0660006522512418,0.065734471690943,0.06546981167561,0.0652066660556807,0.064945028789853,0.0646848939259505,0.0644262555834339,0.0641691079374618,0.0639134452044061,0.0636592616287322,0.0634065514711544,0.0631553089979859,0.0629055284716011,0.0626572041419371,0.0624103302389581,0.0621649009660189,0.0619209104940579,0.0616783529565613,0.0614372224452388,0.0611975130063564,0.0609592186376748,0.0607223332859447,0.0604868508449131,0.0602527651537977,0.0600200699961909,0.059788759099353,0.0595588261338619,0.0593302647135852,0.0591030683959448,0.0588772306824448,0.0586527450194369,0.0584296047990981,0.0582078033605977,0.0579873339914331,0.0577681899289132,0.0575503643617734,0.0573338504319031,0.0571186412361711,0.056904729828335,0.0566921092210209,0.0564807723877606,0.056270712265077,0.056061921754605,0.0558543937252408,0.0556481210153098,0.0554430964347458,0.0552393127672738,0.0550367627725911,0.0548354391885397,0.0546353347332658,0.0544364421073606,0.0542387539959793,0.0540422630709334,0.053846961992754,0.0536528434127225,0.0534598999748661,0.053268124317916,0.0530775090772263,0.0528880468866517,0.0526997303803829,0.0525125521947387,0.0523265049699121,0.0521415813516725,0.0519577739930211,0.0517750755557996,0.0515934787122526,0.0514129761465427,0.0512335605562189,0.0510552246536381,0.0508779611673394,0.0507017628433732,0.0505266224465827,0.0503525327618415,0.0501794865952449,0.0500074767752569,0.0498364961538141,0.0496665376073856,0.0494975940379907,0.049329658374175,0.049162723571945,0.0489967826156635,0.0488318285189043,0.0486678543252699,0.0485048531091704,0.0483428179765657,0.0481817420656725,0.0480216185476359,0.0478624406271657,0.0477042015431418,0.0475468945691844,0.0473905130141947,0.0472350502228643,0.0470804995761541,0.0469268544917449,0.0467741084244601,0.0466222548666602,0.0464712873486114,0.0463211994388286,0.0461719847443932,0.0460236369112467,0.0458761496244615,0.0457295166084889,0.0455837316273847,0.0454387884850146,0.0452946810252384,0.0451514031320753,0.0450089487298496,0.0448673117833181,0.0447264862977797,0.0445864663191688,0.0444472459341312,0.0443088192700843,0.0441711804952628,0.0440343238187492,0.0438982434904898,0.0437629338012979,0.0436283890828437,0.0434946037076313,0,0.0940595735670299,0.0938978493013153,0.0936610747003656,0.0933789326956405,0.0930664223994913,0.0927322859085554,0.092382047377407,0.0920194257914237,0.0916470791588433,0.0912670178522078,0.0908808397680269,0.090489865883144,0.0900952192471791,0.0896978717237882,0.0892986724205413,0.0888983658342689,0.0884976043121701,0.0880969574284284,0.0876969197088854,0.0872979174614174,0.0869003150866853,0.0865044210334828,0.0861104934533119,0.0857187455569826,0.0853293506561951,0.0849424468699767,0.0845581414806801,0.0841765149320592,0.0837976244700781,0.0834215074342992,0.0830481842134419,0.0826776608829028,0.0823099315448192,0.0819449803928528,0.081582783524498,0.0812233105236218,0.0808665258352954,0.0805123899539707,0.0801608604447919,0.079811892816443,0.0794654412624698,0.0791214592865526,0.0787799002257751,0.0784407176845663,0.0781038658906995,0.077769299983534,0.0774369762435706,0.077106852271382,0.0767788871230512,0.076453041408417,0.0761292773576726,0.075807558861186,0.0754878514868098,0.0751701224784043,0.0748543407388228,0.0745404768001807,0.0742285027838519,0.0739183923523067,0.0736101206546079,0.0733036642671263,0.0729990011308083,0.0726961104861287,0.0723949728066893,0.0720955697322692,0.071797884002001,0.071501899388231,0.0712076006315227,0.0709149733771717,0.0706240041135307,0.0703346801123732,0.0700469893714731,0.0697609205595256,0.0694764629635004,0.0691936064384758,0.0689123413599816,0.0686326585788475,0.0683545493785393,0.0680780054349431,0.0678030187785499,0.067529581758976,0.0672576870117524,0.0669873274273037,0.0667184961220376,0.0664511864114574,0.0661853917852135,0.0659211058840015,0.065658322478223,0.0653970354483162,0.0651372387666729,0.0648789264810533,0.0646220926994168,0.0643667315760866,0.0641128372991686,0.0638604040791494,0.0636094261385985,0.0633598977029054,0.0631118129919836,0.0628651662128758,0.0626199515532015,0.0623761631753843,0.0621337952116079,0.0618928417594435,0.0616532968781026,0.061415154585265,0.0611784088544388,0.0609430536128108,0.0607090827395462,0.0604764900645025,0.06024526936732,0.0600154143768596,0.0597869187709539,0.0595597761764451,0.0593339801694821,0.0591095242760515,0.0588864019727204,0.0586646066875675,0.0584441318012838,0.0582249706484233,0.0580071165187864,0.0577905626589204,0.0575753022737211,0.0573613285281228,0.0571486345488628,0.0569372134263098,0.0567270582163444,0.056518161942282,0.0563105175968293,0.0561041181440658,0.055898956521442,0.0556950256417885,0.0554923183953283,0.0552908276516881,0.0550905462619017,0.0548914670604011,0.0546935828669926,0.0544968864888113,0.0543013707222535,0.0541070283548814,0.0539138521672987,0.053721834934995,0.0535309694301553,0.0533412484234351,0.0531526646856968,0.0529652109897087,0.0527788801118034,0.0525936648334956,0.0524095579430593,0.0522265522370616,0.0520446405218549,0.0518638156150263,0.0516840703468035,0.0515053975614184,0.051327790118427,0.0511512408939871,0.0509757427820934,0.0508012886957692,0.0506278715682185,0.0504554843539337,0.0502841200297651,0.0501137715959479,0.049944432077091,0.0497760945231249,0.0496087520102125,0.0494423976416215,0.0492770245485594,0.0491126258909724,0.0489491948583086,0.0487867246702461,0.0486252085773875,0.0484646398619202,0.0483050118382445,0.0481463178535709,0.0479885512884846,0.0478317055574813,0.0476757741094731,0.0475207504282657,0.047366628033008,0.0472134004786144,0.0470610613561611,0.0469096042932569,0.0467590229543889,0.0466093110412446,0.0464604622930102,0.0463124704866475,0.0461653294371468,0.0460190329977612,0.0458735750602183,0.0457289495549135,0.0455851504510832,0.0454421717569602,0.0453000075199109,0.0451586518265547,0.0450180988028683,0.0448783426142719,0.0447393774657014,0.0446011976016654,0.044463797306287,0.0443271709033327,0.0441913127562276,0.0440562172680574,0,0.0945065440135892,0.0943982063810932,0.0941993193023306,0.0939465571002544,0.0936580407647234,0.0933441634292575,0.0930114383211959,0.0926642210656025,0.0923055941490412,0.0919378565245389,0.0915628056768944,0.0911819038469512,0.0907963775166955,0.0904072778491564,0.0900155181664197,0.0896218979467838,0.0892271189566706,0.0888317968314219,0.0884364700384641,0.0880416073283681,0.0876476142866896,0.0872548393109846,0.0868635791728345,0.0864740842346734,0.0860865633452163,0.0857011884166275,0.0853180986798699,0.0849374046151434,0.0845591915579772,0.0841835229861833,0.0838104434973262,0.08343998149008,0.0830721515656452,0.0827069566672803,0.0823443899770737,0.0819844365894776,0.0816270749809842,0.0812722782947859,0.0809200154584337,0.0805702521514907,0.0802229516390458,0.0798780754857622,0.0795355841639357,0.0791954375678556,0.0788575954456216,0.0785220177584929,0.0781886649768276,0.0778574983207327,0.0775284799526763,0.0772015731285171,0.0768767423126863,0.0765539532625978,0.0762331730867721,0.0759143702806256,0.0755975147433993,0.0752825777792724,0.0749695320853254,0.0746583517286764,0.0743490121148122,0.0740414899488681,0.0737357631913733,0.0734318110097666,0.0731296137268064,0.0728291527668315,0.0725304106006878,0.0722333706900128,0.0719380174314544,0.0716443361013081,0.0713523128009737,0.0710619344035545,0.0707731885018649,0.0704860633580532,0.070200547855,0.0699166314496139,0.069634304128108,0.0693535563633148,0.0690743790740685,0.0687967635866639,0.0685207015983852,0.0682461851430786,0.0679732065587354,0.0677017584570387,0.0674318336948206,0.0671634253473713,0.0668965266835337,0.0666311311425178,0.0663672323123623,0.0661048239099744,0.0658438997626721,0.0655844537911593,0.0653264799938593,0.0650699724325374,0.0648149252191417,0.0645613325037937,0.0643091884638639,0.0640584872940658,0.0638092231975085,0.0635613903776467,0.0633149830310712,0.0630699953410845,0.0628264214720096,0.0625842555641816,0.0623434917295739,0.0621041240480146,0.0618661465639488,0.0616295532837074,0.0613943381732432,0.0611604951562977,0.060928018112965,0.0606969008786191,0.0604671372431771,0.0602387209506653,0.0600116456990661,0.0597859051404174,0.0595614928811422,0.0593384024825863,0.0591166274617435,0.0588961612921496,0.0586769974049265,0.0584591291899603,0.0582425499971984,0.0580272531380506,0.0578132318868811,0.0576004794825791,0.0573889891301972,0.0571787540026458,0.0569697672424352,0.056762021963456,0.0565555112527886,0.056350228172536,0.0561461657616722,0.0559433170378989,0.0557416749995065,0.0555412326272336,0.0553419828861189,0.055143918727343,0.0549470330900555,0.0547513189031838,0.0545567690872201,0.0543633765559848,0.0541711342183629,0.0539800349800112,0.0537900717450355,0.0536012374176343,0.0534135249037092,0.0532269271124394,0.0530414369578205,0.0528570473601657,0.0526737512475692,0.0524915415573309,0.0523104112373426,0.052130353247434,0.051951360560681,0.0517734261646727,0.0515965430627398,0.0514207042751438,0.0512459028402265,0.051072131815521,0.0508993842788235,0.0507276533292278,0.0505569320881212,0.0503872137001429,0.0502184913341069,0.0500507581838871,0.0498840074692678,0.0497182324367583,0.0495534263603741,0.0493895825423834,0.0492266943140209,0.0490647550361698,0.0489037581000105,0.0487436969276401,0.0485845649726607,0.0484263557207381,0.048269062690132,0.0481126794321978,0.0479571995318615,0.047802616608067,0.0476489243141989,0.0474961163384782,0.0473441864043349,0.0471931282707563,0.0470429357326121,0.0468936026209568,0.0467451228033109,0.0465974901839202,0.046450698703995,0.0463047423419297,0.0461596151135027,0.0460153110720579,0.0458718243086678,0.0457291489522805,0.0455872791698479,0.0454462091664392,0.0453059331853381,0.0451664455081249,0.0450277404547439,0.044889812383557,0.0447526556913833,0.0446162648135258,0,0.0949881385426053,0.0949141723813321,0.0947433434907731,0.0945141056683962,0.0942458129874833,0.0939496366660474,0.0936326211050191,0.0932995012476561,0.0929536328012101,0.0925975107910018,0.0922330731745791,0.0918618836630877,0.0914852437584246,0.0911042623819062,0.0907198998390357,0.0903329962184318,0.0899442903756237,0.0895544332530477,0.0891639978110506,0.0887734869323704,0.0883833401004306,0.0879939393086068,0.0876056144514957,0.0872186483284576,0.0868332813215774,0.0864497157739871,0.0860681200771569,0.0856886324691705,0.0853113645451669,0.0849364044830604,0.0845638199906124,0.0841936609829736,0.0838259620024607,0.0834607443943831,0.0830980182541543,0.0827377841617526,0.0823800347199216,0.0820247559124197,0.0816719282982243,0.0813215280569704,0.0809735279001079,0.0806278978613661,0.0802846059791696,0.0799436188826727,0.0796049022921203,0.0792684214433052,0.0789341414449967,0.0786020275773637,0.0782720455386277,0.0779441616464379,0.0776183429997877,0.0772945576066633,0.0769727744820519,0.0766529637204155,0.0763350965462735,0.0760191453461113,0.0757050836844554,0.0753928863066118,0.0750825291302612,0.0747739892278308,0.0744672448013189,0.0741622751510314,0.0738590606394984,0.073557582651666,0.0732578235523085,0.0729597666414729,0.0726633961086473,0.0723686969862442,0.0720756551028952,0.0717842570369753,0.0714944900707048,0.0712063421451138,0.0709198018161036,0.0706348582117893,0.0703515009912722,0.0700697203049512,0.0697895067564554,0.0695108513662544,0.0692337455369788,0.0689581810204669,0.0686841498865383,0.068411644493478,0.0681406574602105,0.067871181640127,0.0676032100965278,0.0673367360796316,0.0670717530051019,0.0668082544340362,0.06654623405436,0.0662856856635689,0.0660266031527581,0.0657689804918799,0.0655128117161691,0.0652580909136782,0.0650048122138628,0.0647529697771605,0.0645025577855079,0.0642535704337408,0.0640060019218258,0.0637598464478716,0.0635150982018719,0.0632717513601334,0.0630298000803421,0.0627892384972277,0.0625500607187822,0.0623122608229963,0.0620758328550744,0.0618407708250944,0.0616070687060787,0.0613747204324435,0.0611437198987993,0.0609140609590714,0.0606857374259163,0.0604587430704081,0.060233071621971,0.0600087167685368,0.0597856721569067,0.0595639313932972,0.0593434880440533,0.0591243356365107,0.0589064676599931,0.0586898775669278,0.0584745587740676,0.0582605046638058,0.058047708585572,0.0578361638572985,0.0576258637669467,0.0574168015740844,0.0572089705115048,0.0570023637868805,0.0567969745844434,0.0565927960666849,0.0563898213760704,0.0561880436367612,0.05598745595634,0.0557880514275342,0.0555898231299333,0.0553927641316967,0.055196867491247,0.0550021262589476,0.0548085334787602,0.0546160821898804,0.0544247654283487,0.054234576228635,0.0540455076251954,0.0538575526539982,0.0536707043540198,0.0534849557687075,0.0533002999474096,0.0531167299467709,0.0529342388320933,0.0527528196786616,0.052572465573033,0.0523931696142906,0.0522149249152612,0.0520377246036958,0.0518615618234142,0.0516864297354137,0.051512321518941,0.0513392303725284,0.051167149514995,0.0509960721864106,0.0508259916490275,0.0506569011881754,0.0504887941131235,0.0503216637579084,0.0501555034821292,0.0499903066717101,0.0498260667396312,0.0496627771266275,0.0495004313018576,0.0493390227635421,0.0491785450395727,0.049018991688092,0.0488603562980457,0.0487026324897067,0.0485458139151729,0.0483898942588382,0.0482348672378384,0.0480807266024718,0.0479274661365959,0.047775079658,0.0476235610187555,0.0474729041055434,0.04732310283996,0.0471741511788021,0.047026043114331,0.0468787726745172,0.046732333923266,0.0465867209606239,0.0464419279229668,0.0462979489831718,0.0461547783507709,0.0460124102720886,0.0458708390303642,0.045730058945858,0.0455900643759434,0.0454508497151838,0.0453124093953968,0.0451747378857041,0,0.095515561670947,0.0954536874697996,0.0952990979158987,0.0950862302619316,0.0948334832535853,0.0945517839270621,0.0942481686560187,0.0939274447204866,0.0935930572754645,0.0932475829518627,0.092893026074382,0.0925310017718304,0.0921628511276626,0.091789714455364,0.0914125784727543,0.0910323071582795,0.0906496624296435,0.090265318509799,0.0898798724035648,0.0894938519895412,0.0891077226474276,0.0887218929713577,0.0883367198891922,0.0879525133663164,0.0875695407881114,0.0871880310668306,0.0868081784924327,0.0864301463341758,0.0860540701948357,0.08568006111875,0.0853082084563473,0.0849385824901093,0.0845712368293134,0.0842062105830338,0.0838435303225726,0.083483211845705,0.0831252617558781,0.0827696788698576,0.0824164554673345,0.0820655783957631,0.0817170300432576,0.0813707891917892,0.0810268317622434,0.0806851314621565,0.0803456603461818,0.0800083892985625,0.0796732884461272,0.0793403275095874,0.0790094761002134,0.0786807039683028,0.0783539812092323,0.0780292784323108,0.0777065668971125,0.0773858186214867,0.0770670064649863,0.076750104191053,0.0764350865109266,0.0761219291119072,0.0758106086723006,0.0755011028650999,0.0751933903522158,0.0748874507708435,0.074583264713361,0.0742808137019766,0.0739800801591846,0.0736810473749535,0.0733836994714402,0.0730880213659211,0.0727939987325272,0.0725016179632882,0.0722108661289128,0.0719217309396657,0.0716342007066447,0.0713482643037059,0.0710639111302444,0.0707811310749955,0.0704999144809878,0.070220252111751,0.069942135118854,0.0696655550108282,0.0693905036235094,0.0691169730918202,0.0688449558229952,0.0685744444712444,0.0683054319138381,0.0680379112285898,0.0677718756727054,0.0675073186629633,0.0672442337571857,0.0669826146369562,0.0667224550915391,0.0664637490029519,0.0662064903321429,0.0659506731062233,0.0656962914067056,0.0654433393586982,0.0651918111210074,0.0649417008770988,0.0646930028268716,0.0644457111791986,0.0641998201451893,0.0639553239321309,0.0637122167380672,0.0634704927469744,0.0632301461244955,0.0629911710141967,0.0627535615343104,0.0625173117749308,0.0622824157956306,0.0620488676234683,0.0618166612513565,0.061585790636765,0.0613562497007316,0.0611280323271567,0.0609011323623588,0.0606755436148683,0.0604512598554397,0.0602282748172633,0.0600065821963569,0.059786175652122,0.059567048808048,0.059349195252549,0.0591326085399202,0.0589172821914006,0.0587032096963295,0.0584903845133858,0.0582788000719001,0.0580684497732288,0.0578593269921823,0.0576514250784981,0.057444737358352,0.0572392571358983,0.0570349776948357,0.0568318922999893,0.0566299941989051,0.0564292766234526,0.056229732791428,0.0560313559081572,0.0558341391680914,0.055638075756395,0.0554431588505196,0.055249381621763,0.0550567372368104,0.0548652188592553,0.0546748196510971,0.0544855327742154,0.0542973513918176,0.0541102686698592,0.0539242777784364,0.0537393718931468,0.0535555441964223,0.0533727878788276,0.0531910961403292,0.0530104621915302,0.0528308792548728,0.052652340565807,0.0524748393739266,0.0522983689440714,0.0521229225573949,0.0519484935124,0.0517750751259401,0.0516026607341873,0.0514312436935679,0.0512608173816649,0.051091375198088,0.0509229105653119,0.0507554169294829,0.0505888877611943,0.0504233165562307,0.0502586968362829,0.050095022149633,0.0499322860718092,0.0497704822062135,0.0496096041847205,0.049449645668249,0.0492906003473067,0.0491324619425082,0.0489752242050682,0.0488188809172686,0.0486634258929018,0.0485088529776897,0.0483551560496797,0.0482023290196178,0.0480503658312994,0.0478992604618992,0.0477490069222794,0.0475995992572783,0.0474510315459785,0.0473032979019563,0.0471563924735123,0.0470103094438838,0.0468650430314401,0.04672058748986,0.046576937108294,0.0464340862115089,0.0462920291600188,0.0461507603501998,0.0460102742143905,0.0458705652209792,0.0457316278744767,0,0.0960947436853318,0.0960224312520271,0.0958713525492997,0.0956669119142437,0.0954243948546144,0.0951534361455031,0.0948604984200998,0.0945501318913732,0.0942256693526038,0.0938896406064293,0.093544031759513,0.0931904516343981,0.0928302399419154,0.0924645380993595,0.0920943358861651,0.0917205024683476,0.0913438073607952,0.0909649349644047,0.0905844950398449,0.0902030306356104,0.0898210244310176,0.0894389040900841,0.0890570469863003,0.0886757845081839,0.088295406062137,0.0879161628328009,0.0875382713286293,0.0871619167229286,0.0867872559923362,0.0864144208518284,0.0860435204854524,0.0856746440735428,0.0853078631193143,0.0849432335798812,0.0845807978086756,0.0842205863177862,0.0838626193698934,0.0835069084102436,0.0831534573495331,0.0828022637087142,0.0824533196366473,0.0821066128112507,0.0817621272344034,0.0814198439303518,0.0810797415568203,0.0807417969374272,0.0804059855233978,0.0800722817919599,0.0797406595882079,0.0794110924166453,0.0790835536880675,0.0787580169269259,0.0784344559438286,0.0781128449773806,0.077793158809146,0.0774753728551295,0.0771594632368222,0.0768454068345274,0.0765331813253965,0.0762227652083272,0.0759141378176434,0.0756072793272488,0.0753021707467551,0.0749987939109042,0.0746971314634451,0.0743971668364845,0.0740988842261991,0.0738022685656872,0.0735073054956316,0.0732139813333568,0.0729222830407836,0.0726321981917103,0.0723437149387898,0.0720568219805111,0.0717715085284509,0.07148776427501,0.0712055793618188,0.0709249443489562,0.0706458501851005,0.0703682881787067,0.0700922499702781,0.069817727505785,0.0695447130112656,0.0692731989686298,0.0690031780926743,0.0687346433093085,0.0684675877349804,0.0682020046572863,0.0679378875167407,0.0676752298896778,0.0674140254722551,0.0671542680655211,0.0668959515615122,0.0666390699303394,0.0663836172082233,0.0661295874864389,0.0658769749011258,0.0656257736239264,0.0653759778534074,0.0651275818072265,0.064880579715004,0.0646349658118602,0.0643907343325807,0.0641478795063734,0.0639063955521812,0.0636662766745155,0.0634275170597795,0.0631901108730468,0.0629540522552675,0.0627193353208707,0.0624859541557374,0.0622539028155165,0.0620231753242582,0.0617937656733431,0.0615656678206816,0.0613388756901648,0.0611133831713449,0.060889184119327,0.0606662723548539,0.0604446416645672,0.0602242858014286,0.0600051984852862,0.0597873734035728,0.0595708042121217,0.0593554845360887,0.0591414079709684,0.0589285680836936,0.0587169584138096,0.0585065724747113,0.0582974037549369,0.0580894457195091,0.0578826918113159,0.0576771354525256,0.0574727700460271,0.0572695889768932,0.0570675856138574,0.0568667533108024,0.0566670854082545,0.0564685752348785,0.0562712161089723,0.0560750013399542,0.0558799242298421,0.0556859780747206,0.0554931561661944,0.0553014517928236,0.0551108582415415,0.0549213687990506,0.0547329767531969,0.054545675394319,0.0543594580165735,0.0541743179192326,0.0539902484079544,0.0538072427960258,0.0536252944055756,0.0534443965687576,0.0532645426289047,0.0530857259416515,0.0529079398760267,0.0527311778155144,0.0525554331590841,0.0523806993221903,0.0522069697377399,0.0520342378570297,0.0518624971506525,0.051691741109373,0.0515219632449728,0.0513531570910657,0.0511853162038834,0.0510184341630312,0.0508525045722158,0.0506875210599433,0.0505234772801898,0.0503603669130445,0.0501981836653252,0.0500369212711671,0.049876573492586,0.0497171341200153,0.0495585969728182,0.0494009558997753,0.0492442047795477,0.0490883375211178,0.0489333480642056,0.0487792303796642,0.0486259784698522,0.0484735863689854,0.048322048143468,0.0481713578922032,0.048021509746884,0.0478724978722657,0.0477243164664191,0.0475769597609653,0.0474304220212945,0.0472846975467662,0.0471397806708932,0.0469956657615109,0.0468523472209287,0.0467098194860687,0.0465680770285881,0.0464271143549888,0.0462869260067121,0,0.096726266707216,0.0966234395578737,0.0964634203112919,0.0962592637734869,0.0960213458413034,0.0957570686222696,0.095471789491437,0.0951694804830139,0.0948531588881557,0.094525174780276,0.0941874065395985,0.0938413946034519,0.0934884328561984,0.0931296308607229,0.092765956128275,0.0923982628601467,0.0920273116360994,0.0916537831294375,0.0912782879401411,0.0909013739438326,0.0905235320734796,0.0901452011219948,0.0897667719327028,0.08938859119858,0.0890109649968741,0.0886341621265601,0.0882584172804127,0.0878839340631408,0.0875108878564949,0.0871394285277584,0.08676968297709,0.0864017575201666,0.086035740104483,0.0856717023598474,0.0853097014857355,0.084949781980026,0.0845919772151609,0.0842363108689323,0.0838827982179221,0.0835314473021361,0.0831822599696367,0.0828352328100313,0.0824903579855551,0.0821476239682465,0.081807016191376,0.0814685176228866,0.0811321092681601,0.0807977706089529,0.0804654799848696,0.0801352149232615,0.0798069524229761,0.079480669196929,0.0791563418780414,0.0788339471926795,0.0785134621053505,0.0781948639380529,0.0778781304673496,0.0775632400019239,0.0772501714431021,0.0769389043305653,0.076629418875239,0.0763216959811345,0.0760157172577233,0.0757114650242449,0.0754089223071941,0.0751080728320846,0.0748089010104596,0.0745113919230018,0.0742155312994901,0.0739213054962565,0.0736287014717143,0.0733377067604507,0.0730483094463125,0.0727604981348537,0.072474261925459,0.0721895903834137,0.071906473512146,0.0716249017258321,0.0713448658225236,0.0710663569579268,0.0707893666199377,0.0705138866040184,0.0702399089894782,0.0699674261167067,0.0696964305653953,0.0694269151337658,0.0691588728188189,0.0688922967976052,0.0686271804095107,0.0683635171395483,0.0681013006026358,0.0678405245288392,0.0675811827495571,0.0673232691846172,0.0670667778302549,0.0668117027479429,0.066558038054037,0.0663057779102064,0.066054916514612,0.0658054480937991,0.0655573668952709,0.0653106671807068,0.0650653432197934,0.0648213892846348,0.0645787996447097,0.0643375685623435,0.0640976902886672,0.0638591590600299,0.0636219690948405,0.0633861145908087,0.0631515897225597,0.0629183886395979,0.0626865054645954,0.0624559342919826,0.0622266691868182,0.061998704183919,0.0617720332872292,0.0615466504694109,0.0613225496716377,0.0610997248035743,0.0608781697435279,0.060657878338755,0.0604388444059103,0.0602210617316236,0.0600045240731944,0.0597892251593902,0.059575158691339,0.0593623183435053,0.059150697764741,0.0589402905794005,0.0587310903885135,0.0585230907710072,0.0583162852849702,0.0581106674689517,0.0579062308432909,0.057702968911469,0.0575008751614801,0.0572999430672147,0.0571001660898535,0.0569015376792643,0.0567040512754016,0.056507700309702,0.0563124782064751,0.0561183783842859,0.055925394257325,0.0557335192367661,0.0555427467321079,0.0553530701524976,0.0551644829080354,0.0549769784110588,0.0547905500774029,0.0546051913276388,0.054420895588287,0.0542376562930048,0.054055466883748,0.0538743208119055,0.0536942115394062,0.0535151325397988,0.0533370772993019,0.0531600393178272,0.0529840121099726,0.0528089892059874,0.0526349641527079,0.052461930514465,0.0522898818739622,0.0521188118331255,0.0519487140139244,0.0517795820591655,0.0516114096332567,0.0514441904229455,0.0512779181380284,0.0511125865120339,0.0509481893028792,0.0507847202935005,0.0506221732924569,0.0504605421345097,0.0502998206811767,0.0501400028212615,0.0499810824713596,0.0498230535763405,0.0496659101098069,0.0495096460745315,0.0493542555028721,0.0491997324571645,0.0490460710300949,0.0488932653450521,0.048741309556459,0.0485901978500853,0.0484399244433407,0.0482904835855503,0.0481418695582113,0.0479940766752328,0.0478470992831582,0.0477009317613714,0.0475555685222866,0.0474110040115231,0.0472672327080644,0.0471242491244028,0.0469820478066703,0.0468406233347545,0,0.0974059081365228,0.097257013288513,0.0970770093576611,0.0968653965355055,0.0966264771312683,0.0963647102738776,0.0960839093572631,0.0957871861302451,0.0954770551680537,0.095155559591566,0.0948243817611142,0.0944849310849637,0.0941384100486287,0.0937858622562092,0.0934282066392475,0.0930662615041646,0.0927007613657688,0.0923323688037605,0.0919616829739351,0.0915892459267446,0.0912155475239941,0.0908410294802872,0.0904660888684491,0.0900910812987337,0.0897163238946571,0.0893420981316683,0.0889686525693972,0.0885962054871612,0.0882249474209224,0.0878550435945414,0.0874866362366133,0.0871198467748077,0.0867547779014112,0.0863915155060246,0.0860301304736877,0.0856706803488569,0.085313210867525,0.0849577573613083,0.0846043460385197,0.084252995148131,0.0839037160331345,0.0835565140801818,0.0832113895725542,0.0828683384535333,0.082527353007131,0.0821884224629426,0.0818515335316086,0.0815166708770608,0.0811838175313731,0.0808529552576736,0.0805240648662024,0.0801971264882243,0.0798721198121449,0.0795490242858248,0.0792278192887489,0.0789084842773914,0.0785909989068136,0.0782753431312517,0.0779614972861919,0.0776494421541828,0.0773391590164186,0.0770306296919138,0.0767238365659072,0.0764187626089579,0.0761153913880394,0.0758137070707959,0.0755136944239961,0.0752153388070986,0.0749186261617439,0.0746235429978842,0.0743300763771837,0.0740382138942396,0.0737479436561067,0.0734592542605459,0.0731721347733624,0.0728865747051467,0.0726025639876927,0.07232009295032,0.0720391522963027,0.0717597330795657,0.0714818266817907,0.0712054247900445,0.0709305193750235,0.0706571026699897,0.0703851671504567,0.0701147055146691,0.0698457106649087,0.0695781756896489,0.0693120938465684,0.0690474585464297,0.0687842633378206,0.0685225018927493,0.0682621679930814,0.0680032555178022,0.0677457584310844,0.0674896707711381,0.0672349866398193,0.0669817001929702,0.0667298056314648,0.06647929719293,0.066230169144115,0.0659824157738792,0.0657360313867702,0.0654910102971625,0.0652473468239278,0.0650050352856107,0.0647640699960811,0.0645244452606351,0.064286155372522,0.064049194609868,0.0638135572329753,0.0635792374819711,0.0633462295747852,0.0631145277054332,0.062884126042586,0.0626550187284035,0.0624271998776165,0.0622006635768357,0.0619754038840728,0.0617514148284564,0.0615286904101268,0.0613072246002966,0.0610870113414617,0.06086804454775,0.0606503181053963,0.0604338258733305,0.0602185616838692,0.0600045193434998,0.0597916926337483,0.05958007531212,0.0593696611131073,0.0591604437492539,0.0589524169122706,0.0587455742741937,0.0585399094885808,0.0583354161917381,0.0581320880039725,0.0579299185308656,0.0577289013645621,0.0575290300850702,0.0573302982615699,0.0571326994537241,0.0569362272129902,0.0567408750839293,0.0565466366055093,0.0563535053123996,0.0561614747362549,0.0559705384069871,0.0557806898540211,0.0555919226075348,0.0554042301996807,0.0552176061657878,0.0550320440455435,0.0548475373841521,0.054664079733472,0.054481664653128,0.0543002857116,0.0541199364872857,0.0539406105695392,0.0537623015596817,0.053585003071988,0.0534087087346445,0.0532334121906819,0.0530591070988804,0.0528857871346483,0.0527134459908731,0.0525420773787472,0.0523716750285652,0.0522022326904962,0.0520337441353283,0.0518662031551888,0.0516996035642368,0.0515339391993314,0.0513692039206745,0.0512053916124282,0.0510424961833085,0.0508805115671541,0.0507194317234724,0.0505592506379611,0.050399962323008,0.0502415608181675,0.0500840401906157,0.0499273945355838,0.04977161797677,0.0496167046667318,0.0494626487872565,0.0493094445497139,0.0491570861953881,0.0490055679957919,0.048854884252962,0.0487050292997363,0.0485559975000148,0.0484077832490026,0.0482603809734367,0.048113785131797,0.0479679902145015,0.0478229907440868,0.0476787812753728,0.047535356395615,0.0473927107246405,0,0.0981256558053402,0.0979209166670058,0.0977122155113945,0.0974863562316952,0.0972412003763266,0.0969778756764973,0.0966983540779989,0.0964046710451408,0.0960986831740066,0.0957820149286645,0.0954560717644295,0.09512207281524,0.0947810850487737,0.094434052553038,0.0940818195211136,0.0937251474339786,0.0933647275621692,0.0930011899647613,0.0926351100049337,0.0922670131829534,0.0918973788776975,0.091526643411799,0.091155202718418,0.0907834147862499,0.0904116019875269,0.0900400533448635,0.0896690267609902,0.0892987512158697,0.0889294289246763,0.0885612374447974,0.0881943317183765,0.0878288460374889,0.0874648959208576,0.087102579893402,0.0867419811624537,0.0863831691869114,0.0860262011378046,0.0856711232506165,0.0853179720712726,0.0849667755989325,0.0846175543296651,0.0842703222057646,0.0839250874759296,0.0835818534717991,0.0832406193064654,0.0829013805005892,0.0825641295416524,0.0822288563817259,0.0818955488789157,0.0815641931874067,0.0812347741007466,0.0809072753527332,0.0805816798799732,0.0802579700498931,0.0799361278576971,0.0796161350954936,0.0792979734965433,0.0789816248573353,0.0786670711399575,0.0783542945570055,0.0780432776410679,0.0777340033006309,0.0774264548640673,0.0771206161132125,0.0768164713078733,0.0765140052024829,0.0762132030559834,0.0759140506359044,0.0756165342175003,0.0753206405787114,0.0750263569916302,0.0747336712110737,0.0744425714607918,0.0741530464177791,0.0738650851950997,0.0735786773235809,0.0732938127326891,0.0730104817308568,0.0727286749854931,0.0724483835028788,0.0721695986081158,0.0718923119252746,0.071616515357863,0.0713422010697142,0.0710693614663794,0.0707979891770903,0.0705280770373446,0.0702596180721557,0.0699926054799958,0.0697270326174542,0.0694628929846226,0.0692001802112139,0.0689388880434143,0.0686790103314643,0.0684205410179581,0.0681634741268499,0.0679078037531514,0.0676535240533007,0.0674006292361854,0.0671491135547956,0.066898971298486,0.0666501967858228,0.0664027843579917,0.0661567283727426,0.0659120231988457,0.0656686632110357,0.0654266427854198,0.0651859562953239,0.0649465981075565,0.0647085625790636,0.064471844053956,0.0642364368608844,0.0640023353107425,0.0637695336946779,0.0635380262823902,0.0633078073206984,0.0630788710323596,0.0628512116151209,0.0626248232409878,0.0623997000556954,0.0621758361783644,0.0619532257013295,0.0617318626901266,0.0615117411836255,0.0612928551942948,0.0610751987085905,0.0608587656874539,0.0606435500669113,0.0604295457587643,0.0602167466513622,0.0600051466104474,0.0597947394800674,0.0595855190835433,0.0593774792244902,0.0591706136878819,0.0589649162411533,0.058760380635336,0.0585570006062205,0.0583547698755415,0.0581536821521803,0.0579537311333806,0.0577549105059745,0.0575572139476138,0.0573606351280046,0.0571651677101402,0.0569708053515326,0.0567775417054362,0.0565853704220644,0.0563942851497955,0.0562042795363669,0.0560153472300538,0.0558274818808334,0.0556406771415321,0.0554549266689533,0.0552702241249867,0.0550865631776966,0.0549039375023884,0.054722340782654,0.0545417667113935,0.0543622089918136,0.0541836613384027,0.0540061174778808,0.053829571150126,0.0536540161090753,0.0534794461236011,0.0533058549783618,0.0531332364746288,0.0529615844310867,0.0527908926846096,0.0526211550910125,0.0524523655257772,0.0522845178847543,0.0521176060848404,0.0519516240646313,0.0517865657850516,0.0516224252299603,0.051459196406733,0.0512968733468219,0.0511354501062928,0.0509749207663393,0.0508152794337764,0.0506565202415115,0.0504986373489951,0.0503416249426507,0.0501854772362837,0.050030188471472,0.0498757529179362,0.0497221648738903,0.0495694186663757,0.0494175086515752,0.0492664292151108,0.049116174772323,0.0489667397685341,0.0488181186792957,0.0486703060106179,0.0485232962991864,0.0483770841125613,0.0482316640493629,0.0480870307394432,0.047943178844043,0,0.0988750777890479,0.0986108203288212,0.0983676485632844,0.0981221364263599,0.0978661691883699,0.09759752333108,0.0973162047521261,0.0970230430025076,0.0967191264996131,0.0964055734750107,0.0960834447141479,0.0957537170482141,0.0954172818319747,0.0950749523727742,0.094727473319079,0.094375529233872,0.0940197515134055,0.0936607236473295,0.0932989851249396,0.0929350343577527,0.0925693309514453,0.0922022975886946,0.0918343217101878,0.0914657571169627,0.091096925567127,0.0907281184035016,0.0903595982237916,0.0899916005890276,0.0896243357568893,0.0892579904221563,0.0888927294453671,0.0885286975516219,0.0881660209835017,0.0878048090946874,0.0874451558736647,0.0870871413896268,0.0867308331552029,0.0863762874028526,0.0860235502736585,0.0856726589188132,0.0853236425153543,0.0849765231986842,0.0846313169151475,0.0842880341984737,0.0839466808742445,0.083607258696759,0.0832697659227692,0.0829341978265542,0.0826005471607412,0.0822688045671523,0.0819389589417947,0.0816109977579217,0.0812849073508799,0.0809606731682369,0.0806382799884581,0.0803177121111764,0.0799989535218733,0.0796819880335761,0.0793667994079666,0.0790533714580986,0.078741688134736,0.0784317335981406,0.0781234922769809,0.0778169489158742,0.0775120886129306,0.0772088968485397,0.0769073595065132,0.0766074628885882,0.0763091937231921,0.0760125391692737,0.0757174868159235,0.075424024678423,0.0751321411912955,0.074841825198864,0.0745530659437652,0.0742658530538127,0.0739801765275596,0.0736960267188628,0.073413394320715,0.073132270348578,0.0728526461234136,0.0725745132545879,0.0722978636227949,0.0720226893631248,0.071748982848384,0.071476736672754,0.0712059436358631,0.0709365967273299,0.0706686891118265,0.0704022141146974,0.0701371652081637,0.06987353599813,0.0696113202116087,0.0693505116847676,0.0690911043516026,0.0688330922332323,0.0685764694278088,0.0683212301010337,0.0680673684772685,0.0678148788312233,0.0675637554802083,0.0673139927769305,0.067065585102816,0.0668185268618398,0.0665728124748408,0.0663284363743035,0.066085392999584,0.0658436767925614,0.0656032821936915,0.0653642036384453,0.0651264355541089,0.0648899723569287,0.0646548084495791,0.064420938218937,0.0641883560341423,0.0639570562449295,0.0637270331802102,0.0634982811468935,0.0632707944289258,0.063044567286537,0.0628195939556769,0.0625958686476294,0.0623733855487909,0.0621521388205999,0.0619321225996063,0.0617133309976698,0.0614957581022748,0.0612793979769542,0.0610642446618097,0.0608502921741222,0.0606375345090419,0.0604259656403508,0.0602155795212905,0.0600063700854466,0.059798331247685,0.0595914569051328,0.0593857409381977,0.0591811772116214,0.058977759575561,0.0587754818666943,0.0585743379093442,0.058374321516618,0.0581754264915587,0.0579776466283034,0.0577809757132469,0.0575854075262061,0.057390935841584,0.0571975544295297,0.0570052570570919,0.0568140374893651,0.0566238894906249,0.0564348068254516,0.0562467832598409,0.0560598125622989,0.0558738885049213,0.0556890048644553,0.0555051554233429,0.055322333970745,0.0551405343035452,0.0549597502273333,0.054779975557367,0.0546012041195112,0.0544234297511562,0.0542466463021122,0.0540708476354808,0.0538960276285045,0.0537221801733908,0.0535492991781153,0.0533773785671992,0.0532064122824646,0.053036394283766,0.0528673185496984,0.0526991790782825,0.0525319698876263,0.0523656850165649,0.0522003185252761,0.0520358644958753,0.0518723170329872,0.051709670264296,0.0515479183410744,0.0513870554386905,0.051227075757095,0.0510679735212874,0.0509097429817613,0.0507523784149315,0.0505958741235402,0.0504402244370454,0.0502854237119891,0.0501314663323492,0.0499783467098724,0.0498260592843892,0.0496745985241134,0.0495239589259233,0.0493741350156279,0.0492251213482164,0.049076912508093,0.0489295031092954,0.0487828877957005,0.0486370612412141,0.0484920181499473,0,0.0996427184097283,0.0993209137890897,0.0990406699378479,0.09877175903727,0.0985012933447938,0.0982240414484216,0.097938101938421,0.0976430662334982,0.0973391982798945,0.0970270532014213,0.0967072972069905,0.0963806233795114,0.0960477137653207,0.0957092235946364,0.0953657757047281,0.0950179593354788,0.0946663305455429,0.0943114130426819,0.0939536989766692,0.0935936495904782,0.0932316957664697,0.0928682385450579,0.0925036496893488,0.0921382723487235,0.091772421850942,0.0914063866319797,0.0910404292974481,0.0906747877991836,0.0903096767046605,0.089945288534337,0.0895817951419144,0.0892193491139767,0.0888580851679286,0.0884981215301013,0.0881395612789941,0.0877824936416527,0.0874269952340028,0.0870731312384875,0.0867209565145574,0.0863705166394406,0.0860218488781716,0.0856749830831278,0.0853299425243257,0.0849867446525076,0.0846454017976302,0.0843059218057848,0.083968308617858,0.0836325627934113,0.0832986819833313,0.082966661354813,0.0826364939721825,0.0823081711369772,0.0819816826905726,0.0816570172824999,0.0813341626074353,0.0810131056136712,0.0806938326857012,0.0803763298033771,0.0800605826799205,0.0797465768809005,0.0794342979261266,0.0791237313762481,0.078814862905702,0.0785076783635109,0.0782021638233013,0.0778983056237861,0.0775960904008444,0.07729550511222,0.0769965370557651,0.0766991738820647,0.0764034036021874,0.0761092145912428,0.075816595588342,0.075525535693505,0.0752360243619934,0.0749480513964953,0.0746616069375425,0.0743766814524938,0.0740932657233805,0.0738113508338731,0.0735309281555969,0.073251989333995,0.0729745262739091,0.0726985311250294,0.0724239962673391,0.0721509142966642,0.0718792780104192,0.0716090803936286,0.0713403146052865,0.0710729739651078,0.070807051940714,0.0705425421352863,0.0702794382757112,0.0700177342012387,0.0697574238526628,0.0694985012620345,0.0692409605429076,0.0689847958811178,0.0687300015260888,0.0684765717826592,0.0682245010034206,0.0679737835815544,0.0677244139441539,0.0674763865460182,0.0672296958639014,0.0669843363912001,0.0667403026330644,0.0664975891019124,0.066256190313332,0.0660161007823533,0.0657773150200716,0.0655398275306056,0.0653036328083724,0.0650687253356634,0.0648350995805028,0.0646027499947748,0.0643716710126013,0.0641418570489578,0.0639133024985089,0.0636860017346531,0.0634599491087608,0.0632351389495927,0.063011565562887,0.0627892232311019,0.0625681062133033,0.0623482087451854,0.0621295250392145,0.0619120492848868,0.0616957756490886,0.0614806982765521,0.0612668112903973,0.0610541087927526,0.0608425848654447,0.0606322335707547,0.0604230489522283,0.060215025035539,0.0600081558293941,0.0598024353264818,0.0595978575044506,0.0593944163269185,0.0591921057445071,0.0589909196958955,0.0587908521088907,0.0585918969015113,0.0583940479830796,0.058197299255321,0.0580016446134652,0.0578070779473498,0.0576135931425205,0.0574211840813279,0.0572298446440177,0.0570395687098126,0.0568503501579851,0.0566621828689179,0.0564750607251512,0.0562889776124169,0.0561039274206556,0.0559199040450195,0.0557369013868553,0.0555549133546707,0.0553739338650811,0.0551939568437369,0.0550149762262309,0.0548369859589842,0.0546599800001127,0.0544839523202703,0.0543088969034724,0.054134807747896,0.0539616788666594,0.0537895042885786,0.0536182780589026,0.0534479942400263,0.0532786469121812,0.0531102301741048,0.0529427381436877,0.0527761649585994,0.0526105047768925,0.0524457517775857,0.0522819001612257,0.0521189441504286,0.0519568779904005,0.0517956959494377,0.0516353923194081,0.0514759614162111,0.05131739758022,0.0511596951767043,0.0510028485962341,0.0508468522550657,0.0506917005955092,0.0505373880862796,0.0503839092228294,0.0502312585276646,0.0500794305506453,0.0499284198692691,0.0497782210889388,0.0496288288432158,0.049480237794057,0.0493324426320386,0.0491854380765644,0.0490392188760612,0,0.100417168161044,0.100044596706974,0.09972770692525,0.0994334111855996,0.0991457918188943,0.0988572603919854,0.0985642384382389,0.0982651450556331,0.0979594210378534,0.0976470361666656,0.0973282333908109,0.0970033938292808,0.0966729649268957,0.0963374219951569,0.0959972474286815,0.0956529192348712,0.095304904439484,0.0949536550461065,0.094599605364171,0.0942431701218717,0.0938847430897042,0.0935246960917119,0.0931633783495462,0.0928011161303505,0.0924382126756761,0.0920749483869072,0.0917115812388904,0.0913483473902858,0.0909854619575177,0.0906231199192291,0.0902614971195543,0.0899007513409577,0.0895410234204516,0.0891824383863899,0.0888251065964882,0.0884691248610581,0.0881145775385649,0.0877615375934342,0.0874100676085225,0.0870602207468313,0.0867120416588659,0.0863655673335799,0.086020827892094,0.085677847324395,0.0853366441700133,0.0849972321442981,0.084659620712367,0.0843238156131364,0.0839898193360633,0.0836576315533651,0.083327249510546,0.0829986683780671,0.0826718815669646,0.0823468810111445,0.0820236574189943,0.0817022004968337,0.0813824991466047,0.0810645416400647,0.0807483157716145,0.0804338089917472,0.080121008522976,0.0798099014599565,0.0795004748553942,0.0791927157932036,0.0788866114502615,0.0785821491479922,0.0782793163949082,0.0779781009211384,0.0776784907058755,0.0773804739985956,0.0770840393348155,0.0767891755470845,0.0764958717718374,0.0762041174526711,0.0759139023405517,0.0756252164914064,0.0753380502615023,0.0750523943009761,0.0747682395458337,0.0744855772087044,0.0742043987686019,0.0739246959599121,0.0736464607608037,0.0733696853812306,0.0730943622506745,0.0728204840057564,0.0725480434778262,0.0722770336806279,0.0720074477981175,0.0717392791725044,0.0714725212925717,0.071207167782322,0.0709432123899871,0.0706806489774314,0.0704194715099718,0.0701596740466322,0.0699012507308428,0.0696441957815946,0.0693885034850477,0.0691341681865984,0.0688811842833978,0.0686295462173193,0.0683792484683654,0.0681302855485057,0.0678826519959343,0.0676363423697349,0.0673913512449407,0.0671476732079748,0.066905302852458,0.0666642347753675,0.0664244635735333,0.0661859838404566,0.0659487901634347,0.0657128771209778,0.0654782392805041,0.0652448711962953,0.0650127674077029,0.0647819224375866,0.0645523307909749,0.0643239869539317,0.0640968853926192,0.063871020552541,0.0636463868579577,0.0634229787114592,0.0632007904936863,0.0629798165631892,0.0627600512564122,0.0625414888877974,0.0623241237499954,0.0621079501141766,0.0618929622304329,0.0616791543282633,0.0614665206171353,0.0612550552871151,0.0610447525095596,0.0608356064378652,0.0606276112082651,0.0604207609406726,0.0602150497395616,0.0600104716948827,0.0598070208830081,0.059604691367702,0.0594034772011113,0.0592033724247749,0.059004371070646,0.0588064671621247,0.0586096547150989,0.0584139277389891,0.0582192802377962,0.0580257062111477,0.0578331996553422,0.0576417545643888,0.0574513649310409,0.05726202474782,0.0570737280080316,0.0568864687067689,0.0567002408419035,0.0565150384150634,0.0563308554325957,0.0561476859065136,0.055965523855427,0.0557843633054553,0.055604198291123,0.0554250228562361,0.0552468310547401,0.0550696169515573,0.0548933746234064,0.0547180981595994,0.0545437816628207,0.0543704192498838,0.0541980050524685,0.0540265332178369,0.0538559979095286,0.0536863933080359,0.0535177136114571,0.0533499530361306,0.0531831058172473,0.0530171662094436,0.0528521284873736,0.0526879869462613,0.0525247359024337,0.0523623696938335,0.0522008826805129,0.0520402692451085,0.0518805237932972,0.0517216407542334,0.0515636145809686,0.0514064397508525,0.0512501107659171,0.0510946221532432,0.05093996846531,0.0507861442803282,0.050633144202557,0.050480962862605,0.0503295949177153,0.0501790350520365,0.0500292779768772,0.049880318430947,0.0497321511805835,0.049584771019965,0,0.101187949097159,0.100775157501216,0.100424601925448,0.100104620577559,0.0997982773397071,0.099496488942435,0.0991943695963051,0.0988893202784533,0.0985800158485967,0.0982658541449626,0.0979466491210754,0.0976224566718285,0.097293474232901,0.0969599820042894,0.0966223078729999,0.0962808059170579,0.0959358427525728,0.0955877884724793,0.0952370103432259,0.0948838682312093,0.0945287111840153,0.0941718748424903,0.093813679495505,0.0934544286607084,0.0930944081108883,0.092733885283509,0.0923731090198867,0.0920123095853377,0.0916516989250545,0.091291471113622,0.0909318029594429,0.0905728547289785,0.0902147709595509,0.0898576813333612,0.0895017015892176,0.0891469344521248,0.0887934705642862,0.0884413894041552,0.0880907601829237,0.0877416427102469,0.0873940882230796,0.0870481401732721,0.0867038349710574,0.0863612026827849,0.0860202676822629,0.0856810492558711,0.0853435621622391,0.0850078171477751,0.0846738214196926,0.0843415790784506,0.0840110915116958,0.0836823577519131,0.0833553748000372,0.0830301379172964,0.0827066408875292,0.0823848762521658,0.082064835519993,0.0817465093537372,0.081429887735401,0.081114960112185,0.0808017155247241,0.0804901427192517,0.080180230245205,0.0798719665396723,0.0795653399999841,0.0792603390456502,0.0789569521707468,0.0786551679877725,0.0783549752639028,0.0780563629504943,0.077759320206615,0.0774638364173064,0.0771699012072172,0.0768775044501903,0.0765866362753266,0.0762972870699979,0.0760094474802363,0.0757231084088789,0.0754382610118132,0.0751548966926253,0.0748730070959257,0.074592584099593,0.0743136198061499,0.0740361065334615,0.0737600368049214,0.0734854033392725,0.0732121990401889,0.072940416985731,0.0726700504177684,0.0724010927314539,0.0721335374648181,0.0718673782885444,0.0716026089959748,0.0713392234933861,0.0710772157905721,0.0708165799917577,0.0705573102868663,0.0702994009431553,0.0700428462972329,0.0697876407474607,0.0695337787467486,0.0692812547957402,0.0690300634363886,0.0687801992459173,0.0685316568311609,0.0682844308232776,0.0680385158728251,0.0677939066451884,0.0675505978163516,0.0673085840689988,0.0670678600889337,0.0668284205618067,0.0665902601701336,0.0663533735905963,0.0661177554916106,0.0658834005311491,0.065650303354806,0.065418458594092,0.0651878608649463,0.0649585047664527,0.0647303848797509,0.064503495767128,0.0642778319712813,0.0640533880147415,0.0638301583994442,0.063608137606442,0.0633873200957457,0.0631677003062864,0.0629492726559893,0.0627320315419504,0.0625159713407089,0.0623010864086066,0.0620873710822277,0.0618748196789118,0.061663426497333,0.0614531858181403,0.0612440919046514,0.0610361390035958,0.0608293213459016,0.0606236331475205,0.0604190686102871,0.0602156219228074,0.0600132872613728,0.059812058790896,0.0596119306658644,0.059412897031308,0.0592149520237795,0.0590180897723417,0.0588223043995619,0.058627590022509,0.0584339407537507,0.0582413507023512,0.0580498139748642,0.0578593246763213,0.0576698769112136,0.0574814647844653,0.0572940824023967,0.057107723873677,0.0569223833102647,0.0567380548283343,0.0565547325491894,0.0563724106001602,0.0561910831154857,0.0560107442371791,0.0558313881158757,0.0556530089116644,0.0554756007948996,0.0552991579469961,0.0551236745612042,0.0549491448433663,0.0547755630126544,0.0546029233022879,0.0544312199602319,0.0542604472498766,0.0540905994506961,0.0539216708588891,0.0537536557879981,0.0535865485695114,0.053420343553444,0.0532550351089003,0.0530906176246174,0.0529270855094896,0.0527644331930743,0.0526026551260791,0.0524417457808315,0.0522816996517295,0.0521225112556757,0.0519641751324924,0.0518066858453214,0.0516500379810054,0.0514942261504532,0.0513392449889895,0.0511850891566869,0.051031753338684,0.0508792322454874,0.0507275206132584,0.0505766132040852,0.0504265048062409,0.0502771902344275,0.0501286643300054,0,0.101946748689138,0.101506355149795,0.101126954590871,0.100782449467529,0.100456863009797,0.100140569951956,0.0998278391709886,0.0995152776708394,0.0992009007135265,0.0988835812573835,0.0985627214513007,0.0982380543450734,0.097909522702227,0.097577203886497,0.0972412624845678,0.096901919741039,0.0965594332716164,0.0962140831422789,0.0958661619730951,0.0955159676656191,0.0951637979129315,0.0948099459825256,0.0944546974561211,0.0940983277228448,0.0937411000868045,0.093383264387198,0.0930250560507713,0.0926666955097039,0.0923083879268494,0.0919503231768834,0.09159267603746,0.0912356065495018,0.090879260510472,0.0905237700689678,0.0901692543932229,0.0898158203900782,0.0894635634546376,0.089112568234153,0.0887629093926536,0.0884146523654691,0.0880678540950883,0.0877225637417728,0.0873788233640362,0.0870366685655191,0.0866961291059768,0.0863572294750755,0.0860199894284852,0.085684424486397,0.0853505463950937,0.0850183635525912,0.0846878813996596,0.0843591027777453,0.0840320282554598,0.0837066564253933,0.0833829841730564,0.0830610069197665,0.0827407188412795,0.0824221130639287,0.0821051818399805,0.0817899167038476,0.0814763086107307,0.0811643480591723,0.0808540251989298,0.0805453299254844,0.0802382519624193,0.0799327809328182,0.0796289064207485,0.0793266180238207,0.0790259053977329,0.0787267582936422,0.078429166589133,0.0781331203134887,0.0778386096679108,0.0775456250412757,0.0772541570219621,0.0769641964062359,0.0766757342036321,0.0763887616397304,0.0761032701566841,0.0758192514118234,0.0755366972746227,0.0752555998222914,0.0749759513342177,0.0746977442854739,0.0744209713395635,0.0741456253405735,0.0738716993048736,0.0735991864124888,0.0733280799982547,0.0730583735428506,0.0727900606637947,0.0725231351064727,0.0722575907352593,0.0719934215247868,0.0717306215514044,0.0714691849848625,0.0712091060802549,0.0709503791702404,0.0706929986575646,0.0704369590078954,0.0701822547429821,0.0699288804341471,0.0696768306961114,0.0694261001811568,0.0691766835736243,0.068928575584743,0.0686817709477882,0.0684362644135596,0.0681920507461752,0.0679491247191692,0.0677074811118882,0.0674671147061735,0.0672280202833216,0.066990192621309,0.0667536264922749,0.0665183166602465,0.0662842578790991,0.0660514448907382,0.0658198724234931,0.0655895351907117,0.0653604278895443,0.0651325451999083,0.0649058817836209,0.0646804322836919,0.0644561913237655,0.0642331535077031,0.064011313419296,0.0637906656221016,0.0635712046593926,0.0633529250542127,0.0631358213095293,0.0629198879084779,0.0627051193146893,0.0624915099726929,0.0622790543083919,0.0620677467296007,0.0618575816266416,0.061648553372994,0.0614406563259906,0.0612338848275572,0.0610282332049889,0.0608236957717608,0.0606202668283675,0.0604179406631884,0.060216711553374,0.060016573765751,0.0598175215577425,0.0596195491782997,0.0594226508688437,0.0592268208642131,0.0590320533936161,0.0588383426815846,0.0586456829489283,0.058454068413686,0.0582634932920738,0.0580739517994276,0.0578854381511376,0.0576979465635761,0.0575114712550138,0.0573260064465263,0.0571415463628885,0.0569580852334558,0.056775617293032,0.056594136782722,0.0564136379507706,0.0562341150533837,0.0560555623555353,0.0558779741317556,0.0557013446669036,0.0555256682569213,0.0553509392095703,0.0551771518451505,0.0550043004972004,0.0548323795131791,0.0546613832551303,0.054491306100327,0.054322142441898,0.0541538866894369,0.0539865332695908,0.0538200766266321,0.0536545112230116,0.053489831539893,0.0533260320776704,0.0531631073564669,0.0530010519166161,0.0528398603191262,0.0526795271461266,0.0525200470012976,0.0523614145102836,0.0522036243210891,0.0520466711044592,0.0518905495542439,0.0517352543877462,0.0515807803460552,0.0514271221943644,0.0512742747222742,0.0511222327440809,0.0509709910990503,0.0508205446516786,0.0506708882919385,0,0.102688328071171,0.102232836462508,0.101830420086606,0.101463687408492,0.101119280485347,0.100787949875825,0.100463617945571,0.100142367117698,0.0998216975618439,0.0995000334470065,0.0991764035167368,0.0988502356063746,0.0985212240710867,0.0981892435728607,0.0978542923121942,0.0975164539968544,0.0971758717941276,0.0968327300193524,0.0964872408955818,0.0961396347130485,0.0957901523377928,0.0954390394039374,0.0950865417614101,0.094732901896272,0.0943783561295112,0.0940231324543953,0.0936674489060153,0.0933115123779828,0.0929555178154601,0.0925996477238481,0.0922440719402843,0.091888947621577,0.0915344194078564,0.0911806197263146,0.0908276692040629,0.090475677163393,0.0901247421766231,0.0897749526612325,0.0894263874991467,0.0890791166668511,0.0887332018654786,0.0883886971421758,0.0880456494959117,0.0877040994624882,0.0873640816748566,0.0870256253959833,0.0866887550224471,0.0863534905577256,0.0860198480547629,0.0856878400279102,0.0853574758347397,0.0850287620285325,0.0847017026824839,0.0843762996868352,0.0840525530202605,0.0837304609969173,0.0834100204906019,0.0830912271374726,0.0827740755187879,0.0824585593250818,0.0821446715031581,0.0818324043872351,0.0815217498155133,0.0812126992333778,0.0809052437843798,0.0805993743900767,0.080295081819739,0.079992356750871,0.079691189821421,0.0793915716744973,0.0790934929963441,0.0787969445482722,0.0785019171931839,0.078208401917281,0.0779163898474923,0.0776258722651121,0.0773368406160985,0.0770492865184371,0.0767632017669413,0.0764785783358229,0.076195408379336,0.0759136842307653,0.0756333984000063,0.0753545435699549,0.0750771125919038,0.074801098480123,0.074526494405777,0.0742532936903208,0.0739814897984959,0.0737110763310329,0.0734420470171576,0.0731743957069828,0.0729081163638563,0.0726432030567289,0.0723796499525957,0.0721174513090548,0.0718566014670241,0.0715970948436463,0.0713389259254099,0.0710820892615066,0.070826579457444,0.0705723911689245,0.0703195190960014,0.0700679579775188,0.0698177025858384,0.0695687477218554,0.0693210882103036,0.0690747188953459,0.0688296346364481,0.0685858303045309,0.0683433007783931,0.0681020409414002,0.0678620456784305,0.0676233098730704,0.0673858284050499,0.0671495961479112,0.0669146079668978,0.0666808587170584,0.0664483432415535,0.0662170563701565,0.0659869929179397,0.0657581476841345,0.0655305154511597,0.0653040909838045,0.0650788690285616,0.0648548443130977,0.0646320115458572,0.0644103654157864,0.0641899005921741,0.0639706117245983,0.0637524934429734,0.0635355403576891,0.0633197470598363,0.0631051081215107,0.0628916180961908,0.062679271519182,0.0624680629081223,0.0622579867635441,0.062049037569486,0.0618412097941516,0.0616344978906085,0.061428896297524,0.0612243994399346,0.0610210017300436,0.0608186975680429,0.0606174813429581,0.0604173474335108,0.060218290208996,0.0600203040301731,0.0598233832501652,0.059627522215367,0.059432715266356,0.0592389567388082,0.0590462409644129,0.0588545622717875,0.0586639149873888,0.0584742934364196,0.0582856919437301,0.0580981048347107,0.057911526436178,0.0577259510772492,0.0575413730902067,0.0573577868113513,0.0571751865818417,0.0569935667485222,0.0568129216647348,0.0566332456911179,0.0564545331963894,0.0562767785581139,0.0560999761634542,0.0559241204099064,0.055749205706018,0.0555752264720896,0.0554021771408586,0.0552300521581666,0.055058845983608,0.0548885530911634,0.0547191679698124,0.0545506851241313,0.0543830990748725,0.0542164043595257,0.0540505955328625,0.053885667167464,0.0537216138542298,0.0535584302028714,0.0533961108423879,0.053234650421525,0.0530740436092179,0.0529142850950173,0.0527553695894998,0.0525972918246621,0.0524400465542995,0.0522836285543692,0.0521280326233381,0.0519732535825162,0.0518192862763749,0.0516661255728511,0.051513766363637,0.0513622035644569,0.0512114321153289,0,0.103410230585563,0.102950352050095,0.102530936710887,0.102145025526587,0.101782999376553,0.101436756173093,0.101100351663046,0.100769630577099,0.100441746887098,0.100114774327615,0.0997874246411725,0.0994588519334539,0.0991285188480843,0.098796105281215,0.098461445805143,0.0981244862983579,0.0977852533994375,0.0974438325556847,0.0971003518881165,0.0967549700561089,0.0964078669348059,0.0960592363267542,0.0957092801917895,0.0953582040469022,0.0950062132945167,0.0946535103055296,0.0943002921269904,0.0939467487127036,0.0935930615941319,0.0932394029224062,0.0928859348222406,0.0925328090064271,0.0921801666061358,0.0918281381779089,0.0914768438532617,0.0911263936013187,0.0907768875789901,0.0904284165468722,0.0900810623323555,0.0897348983243712,0.0893899899868197,0.0890463953800141,0.0887041656814801,0.0883633456991821,0.0880239743717376,0.0876860852514465,0.0873497069670406,0.0870148636639524,0.0866815754206542,0.0863498586402314,0.086019726416857,0.0856911888772354,0.0853642534974064,0.0850389253955441,0.0847152076015796,0.0843931013046121,0.0840726060791704,0.0837537200914533,0.0834364402867084,0.0831207625589273,0.0828066819040236,0.082494192557648,0.0821832881187584,0.0818739616600281,0.0815662058261299,0.0812600129208837,0.080955374984206,0.080652283859744,0.0803507312540263,0.080050708787907,0.0797522080410274,0.0794552205899706,0.0791597380407338,0.0788657520560939,0.0785732543784022,0.0782822368482945,0.0779926914197689,0.0777046101720403,0.0774179853185483,0.0771328092134617,0.0768490743559892,0.0765667733927791,0.0762858991186644,0.0760064444759841,0.0757284025526873,0.0754517665794091,0.0751765299256842,0.0749026860954493,0.0746302287219675,0.074359151562293,0.0740894484913826,0.0738211134959463,0.0735541406681182,0.0732885241990203,0.0730242583722814,0.0727613375575646,0.072499756204151,0.072239508834618,0.071980590038648,0.0717229944669937,0.0714667168256256,0.0712117518700787,0.0709580944000158,0.0707057392540175,0.0704546813046098,0.0702049154535327,0.0699564366272566,0.0697092397727464,0.0694633198534743,0.0692186718456791,0.0689752907348699,0.0687331715125696,0.0684923091732945,0.0682526987117621,0.0680143351203231,0.0677772133866103,0.0675413284913947,0.067306675406645,0.0670732490937797,0.0668410445021048,0.0666100565674291,0.0663802802108486,0.0661517103376923,0.0659243418366207,0.0656981695788692,0.065473188417629,0.0652493931875571,0.0650267787044078,0.0648053397647795,0.0645850711459675,0.0643659676059185,0.0641480238832773,0.0639312346975219,0.0637155947491786,0.0635010987201121,0.0632877412738854,0.0630755170561822,0.0628644206952888,0.0626544468026281,0.0624455899733436,0.0622378447869264,0.0620312058078814,0.0618256675864308,0.0616212246592473,0.0614178715502168,0.0612156027712247,0.0610144128229639,0.0608142961957608,0.0606152473704167,0.0604172608190615,0.0602203310060175,0.0600244523886712,0.0598296194183498,0.0596358265412015,0.0594430681990766,0.059251338830409,0.0590606328710949,0.058870944755368,0.0586822689166692,0.0584945997885111,0.0583079318053336,0.0581222594033509,0.0579375770213894,0.0577538791017146,0.0575711600908461,0.0573894144403608,0.0572086366076829,0.0570288210568603,0.0568499622593269,0.0566720546946503,0.0564950928512643,0.0563190712271866,0.0561439843307197,0.055969826681137,0.0557965928093515,0.0556242772585698,0.055452874584927,0.0552823793581083,0.0551127861619508,0.0549440895950305,0.0547762842712321,0.0546093648203018,0.0544433258883842,0.0542781621385414,0.0541138682512572,0.0539504389249238,0.0537878688763125,0.0536261528410288,0.0534652855739512,0.0533052618496543,0.0531460764628166,0.0529877242286127,0.0528301999830907,0.0526734985835345,0.0525176149088115,0.0523625438597058,0.0522082803592375,0.0520548193529677,0.0519021558092904,0.0517502847197103,0,0.104112410447801,0.103655769690067,0.103224868945648,0.102823199401475,0.102445338730975,0.10208487665621,0.101736414597273,0.101395836604956,0.101060128708363,0.100727126672063,0.100395295289057,0.100063558009753,0.0997311717793858,0.0993976369704285,0.0990626329624385,0.0987259719239508,0.0983875653324112,0.0980473993689304,0.0977055165151672,0.0973620015270073,0.0970169705465949,0.0966705625132118,0.0963229323009816,0.0959742451889297,0.0956246723860106,0.0952743874107373,0.0949235631758662,0.0945723696624773,0.0942209720908556,0.0938695295117677,0.0935181937535831,0.0931671086697916,0.0928164096387942,0.0924662232739992,0.0921166673075792,0.0917678506159482,0.0914198733592293,0.091072827210752,0.0907267956560126,0.0903818543435624,0.0900380714729919,0.0896955082075689,0.0893542191012009,0.0890142525312251,0.0886756511301391,0.0883384522107558,0.0880026881804567,0.0876683869412216,0.0873355722729624,0.0870042641984045,0.0866744793283532,0.0863462311866691,0.0860195305146797,0.0856943855550741,0.0853708023155846,0.0850487848129612,0.0847283352978943,0.0844094544616599,0.0840921416253363,0.0837763949124996,0.0834622114063342,0.0831495872921065,0.08283851798595,0.0825289982508959,0.0822210223010596,0.0819145838948677,0.0816096764181703,0.0813062929580513,0.081004426368103,0.0807040693258947,0.0804052143833179,0.0801078540104516,0.0798119806335469,0.07951758666769,0.0792246645446627,0.0789332067364827,0.0786432057750652,0.0783546542684181,0.0780675449137447,0.0777818705078011,0.0774976239548231,0.07721479827231,0.0769333865949303,0.0766533821767866,0.0763747783922556,0.0760975687356009,0.0758217468195346,0.0755473063728863,0.0752742412375242,0.0750025453646546,0.074732212810617,0.0744632377322732,0.0741956143820847,0.0739293371029566,0.0736644003229178,0.0734007985497028,0.0731385263652851,0.0728775784204136,0.0726179494291884,0.0723596341637147,0.0721026274488623,0.0718469241571558,0.0715925192038174,0.0713394075419788,0.0710875841580754,0.0708370440674344,0.0705877823100646,0.0703397939466538,0.0700930740547771,0.0698476177253189,0.0696034200591081,0.0693604761637664,0.0691187811507667,0.0688783301326994,0.0686391182207418,0.0684011405223262,0.0681643921390016,0.0679288681644829,0.0676945636828818,0.0674614737671122,0.0672295934774641,0.0669989178603393,0.0667694419471405,0.0665411607533091,0.0663140692775017,0.0660881625009013,0.0658634353866544,0.0656398828794271,0.065417499905075,0.0651962813704183,0.0649762221631173,0.0647573171516412,0.0645395611853247,0.0643229490945053,0.0641074756907375,0.0638931357670769,0.0636799240984293,0.0634678354419604,0.0632568645375601,0.0630470061083582,0.0628382548612854,0.0626306054876768,0.0624240526639131,0.0622185910520965,0.0620142153007557,0.0618109200455795,0.0616086999101729,0.0614075495068349,0.0612074634373533,0.0610084362938151,0.0608104626594288,0.0606135371093577,0.0604176542115594,0.0602228085276329,0.060028994613668,0.0598362070210966,0.0596444402975449,0.0594536889876834,0.0592639476340737,0.059075210778012,0.0588874729603656,0.0587007287224031,0.0585149726066171,0.0583301991575377,0.0581464029225353,0.0579635784526143,0.0577817203031944,0.0576008230348799,0.0574208812142165,0.0572418894144347,0.0570638422161802,0.0568867342082289,0.0567105599881879,0.0565353141631829,0.0563609913505281,0.0561875861783831,0.0560150932863925,0.0558435073263109,0.0556728229626118,0.0555030348730802,0.0553341377493903,0.0551661262976656,0.0549989952390251,0.0548327393101119,0.0546673532636068,0.0545028318687256,0.0543391699117017,0.0541763621962515,0.0540144035440261,0.0538532887950466,0.0536930128081246,0.0535335704612678,0.0533749566520704,0.0532171662980899,0.0530601943372082,0.0529040357279798,0.0527486854499649,0.0525941385040495,0.0524403899127522,0.0522874347205171,0,0.10479699197552,0.104346910947617,0.103909065429934,0.103495093015462,0.10310356346826,0.102730035473899,0.102369965117552,0.102019519056104,0.101675688335219,0.101336188603825,0.100999316310863,0.100663815991456,0.100328772580955,0.0999935285868505,0.0996576218539197,0.0993207391645561,0.0989826815814899,0.0986433383466505,0.098302666977569,0.0979606778645659,0.0976174221679328,0.0972729821720437,0.0969274635049776,0.0965809888062484,0.0962336925441776,0.0958857167651957,0.0955372076121089,0.0951883124856742,0.0948391777495846,0.0944899468971386,0.0941407591111064,0.0937917481583262,0.0934430415684722,0.0930947600529341,0.0927470171252714,0.0923999188895129,0.0920535639668346,0.0917080435349538,0.0913634414579985,0.091019834487673,0.0906772925192871,0.0903358788886623,0.0899956506980995,0.0896566591615069,0.0893189499604667,0.0889825636044858,0.0886475357899449,0.0883138977533574,0.0879816766154854,0.087650895713659,0.0873215749203234,0.0869937309464007,0.0866673776285286,0.0863425261996303,0.0860191855425835,0.0856973624270238,0.0853770617295152,0.0850582866374908,0.084741038837485,0.0844253186882775,0.0841111253796316,0.0837984570773569,0.083487311055455,0.0831776838161137,0.0828695711983231,0.0825629684758712,0.082257870445464,0.0819542715056922,0.0816521657275385,0.0813515469170903,0.0810524086710928,0.0807547444259401,0.0804585475006715,0.0801638111345044,0.079870528519402,0.0795786928281405,0.0792882972383079,0.0789993349526368,0.0787117992160416,0.0784256833297049,0.0781409806625271,0.0778576846602301,0.0775757888523827,0.0772952868575883,0.0770161723870603,0.0767384392467849,0.076462081338456,0.0761870926593498,0.0759134673012881,0.0756411994488279,0.0753702833767979,0.075100713447294,0.0748324841062298,0.0745655898795316,0.0743000253690554,0.0740357852482942,0.0737728642579388,0.0735112572013441,0.073250958939949,0.07299196438869,0.0727342685114458,0.0724778663165413,0.0722227528523388,0.0719689232029378,0.0717163724840018,0.0714650958387277,0.0712150884339697,0.0709663454565271,0.0707188621096054,0.0704726336094528,0.070227655182179,0.0699839220607559,0.0697414294822027,0.0695001726849529,0.0692601469064039,0.0690213473806448,0.0687837693363598,0.0685474079949039,0.0683122585685451,0.0680783162588707,0.0678455762553485,0.0676140337340421,0.0673836838564705,0.0671545217686089,0.0669265426000226,0.0666997414631301,0.0664741134525875,0.0662496536447885,0.0660263570974751,0.0658042188494518,0.0655832339203979,0.0653633973107725,0.0651447040018056,0.0649271489555712,0.0647107271151362,0.0644954334047798,0.0642812627302792,0.0640682099792563,0.0638562700215803,0.0636454377098235,0.0634357078797632,0.0632270753509287,0.0630195349271873,0.0628130813973663,0.0626077095359079,0.0624034141035524,0.0622001898480484,0.0619980315048847,0.0617969337980429,0.0615968914407665,0.0613978991363458,0.0611999515789134,0.0610030434542511,0.0608071694406037,0.0606123242094991,0.0604185024265714,0.0602256987523874,0.060033907843272,0.0598431243521344,0.0596533429292896,0.059464558223278,0.0592767648816788,0.0590899575519174,0.0589041308820657,0.0587192795216343,0.0585353981223555,0.0583524813389557,0.0581705238299184,0.0579895202582353,0.0578094652921449,0.0576303536058599,0.0574521798802805,0.0572749388036951,0.0570986250724669,0.056923233391707,0.0567487584759319,0.0565751950497082,0.0564025378482809,0.0562307816181879,0.0560599211178584,0.0558899511181977,0.0557208664031545,0.0555526617702756,0.055385332031243,0.0552188720123973,0.055053276555245,0.0548885405169509,0.0547246587708156,0.0545616262067383,0.0543994377316635,0.0542380882700147,0.0540775727641118,0.0539178861745752,0.0537590234807156,0.0536009796809087,0.0534437497929572,0.0532873288544383,0.0531317119230379,0.0529768940768715,0.0528228704147922,0,0.105466395285714,0.105022268209787,0.104580843183996,0.104157801796547,0.103754961114232,0.103369861414544,0.102998999925939,0.102639017593803,0.102287065319649,0.101940853422894,0.101598591797511,0.101258903135849,0.100920739695806,0.10058331297998,0.100246037468839,0.0999084866860959,0.0995703591914129,0.099231452238346,0.0988916412332722,0.0985508635536172,0.0982091056489058,0.0978663926363848,0.0975227798192781,0.0971783457130114,0.0968331862767559,0.0964874101263528,0.0961411345596067,0.0957944822632513,0.0954475785977899,0.0951005493755845,0.094753519061555,0.0944066093363737,0.0940599379702576,0.0937136179621127,0.0933677569043621,0.0930224565385974,0.0926778124714134,0.092333914023555,0.0919908441888813,0.0916486796826907,0.0913074910616846,0.0909673429003001,0.0906282940103357,0.0902903976927415,0.0899537020121788,0.0896182500864683,0.0892840803843876,0.0889512270264339,0.0886197200841799,0.0882895858747165,0.0879608472474217,0.0876335238609283,0.0873076324487004,0.0869831870720813,0.0866601993600513,0.086338678735248,0.0860186326260579,0.0857000666647959,0.0853829848721581,0.0850673898282639,0.0847532828307065,0.0844406640401069,0.0841295326137245,0.083819886827712,0.08351172418863,0.0832050415348451,0.082899835128439,0.0825961007382499,0.0822938337146542,0.0819930290566822,0.0816936814720373,0.0813957854305672,0.0810993352117116,0.0808043249464193,0.0805107486540071,0.0802186002744002,0.0799278736961687,0.0796385627807491,0.0793506613832105,0.0790641633699023,0.078779062633295,0.0784953531043023,0.07821302876235,0.0779320836434363,0.0776525118464096,0.0773743075376678,0.0770974649544689,0.076821978407024,0.0765478422795295,0.07627505103028,0.0760035991909905,0.0757334813654451,0.0754646922275759,0.075197226519067,0.0749310790465679,0.0746662446785925,0.0744027183421698,0.0741404950193081,0.0738795697433235,0.0736199375950816,0.0733615936991916,0.0731045332201897,0.0728487513587429,0.0725942433478998,0.0723410044494102,0.0720890299501363,0.0718383151585675,0.0715888554014562,0.0713406460205834,0.0710936823696633,0.0708479598113944,0.0706034737146613,0.0703602194518914,0.0701181923965672,0.0698773879208969,0.069637801393642,0.0693994281781001,0.0691622636302428,0.068926303097004,0.0686915419147174,0.0684579754076977,0.0682255988869628,0.0679944076490914,0.0677643969752126,0.0675355621301213,0.0673078983615156,0.0670814008993498,0.0668560649552986,0.0666318857223275,0.066408858374363,0.0661869780660586,0.0659662399326508,0.0657466390899003,0.0655281706341131,0.0653108296422366,0.0650946111720265,0.0648795102622796,0.0646655219331271,0.0644526411863857,0.0642408630059608,0.0640301823582987,0.0638205941928833,0.0636120934427738,0.0634046750251799,0.0631983338420711,0.0629930647808162,0.0627888627148506,0.062585722504368,0.0623836389970347,0.062182607028721,0.0619826214242511,0.0617836769981656,0.0615857685554967,0.0613888908925525,0.0611930387977088,0.0609982070522074,0.0608043904309568,0.0606115837033372,0.0604197816340037,0.0602289789836913,0.060039170510015,0.0598503509682692,0.0596625151122201,0.0594756576948938,0.0592897734693577,0.059104857189493,0.0589209036107602,0.0587379074909544,0.0585558635909509,0.0583747666754401,0.0581946115136513,0.0580153928800642,0.0578371055551092,0.0576597443258538,0.057483303986677,0.0573077793399293,0.0571331651965808,0.0569594563768527,0.0567866477108379,0.056614734039104,0.056443710213285,0.0562735710966563,0.056104311564696,0.0559359265056314,0.0557684108209713,0.0556017594260226,0.0554359672503933,0.0552710292384801,0.0551069403499425,0.0549436955601617,0.0547812898606845,0.0546197182596551,0.0544589757822302,0.0542990574709821,0.0541399583862873,0.0539816736067013,0.0538241982293196,0.0536675273701265,0.05351165616433,0.0533565797666833,0,0.106121713599637,0.105680684304377,0.105237917768284,0.104808657732615,0.104396896783945,0.104001945468541,0.103621404187504,0.103252517824481,0.102892723993089,0.102539831938479,0.102192044774968,0.101847922282952,0.101506326753511,0.101166369294294,0.100827362788766,0.100488782864879,0.100150236310944,0.0998114357637572,0.0994721794365084,0.0991323348055694,0.0987918253813703,0.0984506198848602,0.0981087233153244,0.0977661695239021,0.0974230150038723,0.0970793336797056,0.0967352125281206,0.0963907479011016,0.0960460424471693,0.0957012025462253,0.0953563361872792,0.0950115512288948,0.0946669539903783,0.0943226481282997,0.0939787337584023,0.0936353067876268,0.0932924584250616,0.0929502748442716,0.0926088369727177,0.0922682203869365,0.0919284952948071,0.0915897265886504,0.0912519739550694,0.0909152920293918,0.090579730584313,0.0902453347438883,0.0899121452153928,0.0895801985327712,0.0892495273064602,0.0889201604752851,0.0885921235569324,0.0882654388941895,0.0879401258947336,0.0876162012627588,0.0872936792211559,0.086972571723324,0.086652888653994,0.0863346380186943,0.0860178261216977,0.0857024577324584,0.0853885362406804,0.0850760638002699,0.0847650414625061,0.0844554692988312,0.0841473465137028,0.0838406715479896,0.0835354421734072,0.083231655578505,0.082929308446716,0.0826283970269792,0.0823289171974335,0.0820308645226711,0.0817342343050221,0.0814390216303212,0.0811452214085922,0.0808528284100598,0.0805618372968792,0.0802722426509525,0.0799840389981764,0.0796972208294458,0.0794117826187162,0.0791277188384066,0.0788450239724044,0.0785636925269158,0.0782837190393859,0.0780050980856937,0.0777278242858153,0.0774518923081273,0.0771772968725109,0.0769040327524043,0.0766320947759353,0.0763614778262552,0.0760921768411852,0.0758241868122745,0.0755575027833583,0.0752921198487008,0.0750280331507911,0.0747652378778619,0.0745037292611852,0.0742435025722007,0.073984553119519,0.0737268762458444,0.0734704673248493,0.0732153217580339,0.0729614349715977,0.0727088024133466,0.0724574195496547,0.0722072818625006,0.0719583848465898,0.0717107240065774,0.0714642948543998,0.0712190929067241,0.0709751136825213,0.0707323527007668,0.0704908054782739,0.0702504675276591,0.0700113343554437,0.0697734014602881,0.0695366643313617,0.0693011184468434,0.0690667592725534,0.0688335822607119,0.0686015828488225,0.0683707564586766,0.0681410984954751,0.0679126043470633,0.0676852693832745,0.06745908895538,0.0672340583956373,0.0670101730169358,0.0667874281125335,0.0665658189558801,0.0663453408005232,0.0661259888800917,0.0659077584083529,0.065690644579339,0.065474642567538,0.0652597475281456,0.0650459545973735,0.0648332588928109,0.0646216555138341,0.0644111395420621,0.0642017060418531,0.0639933500608402,0.0637860666305006,0.0635798507667582,0.0633746974706135,0.0631706017287998,0.0629675585144634,0.0627655627878626,0.0625646094970857,0.0623646935787845,0.0621658099589207,0.0619679535535236,0.0617711192694576,0.0615753020051956,0.0613804966515994,0.0611866980927023,0.0609939012064959,0.0608021008657149,0.0606112919386245,0.0604214692898022,0.06023262778092,0.0600447622715192,0.0598578676197822,0.0596719386832964,0.0594869703198119,0.0593029573879903,0.0591198947481455,0.0589377772629747,0.0587565997982792,0.0585763572236746,0.0583970444132899,0.0582186562464546,0.0580411876083746,0.0578646333907944,0.0576889884926473,0.057514247820693,0.0573404062901406,0.0571674588252591,0.056995400359974,0.0568242258384501,0.0566539302156598,0.0564845084579385,0.0563159555435247,0.0561482664630871,0.0559814362202365,0.0558154598320247,0.0556503323294283,0.0554860487578193,0.0553226041774212,0.0551599936637514,0.0549982123080503,0.0548372552176958,0.0546771175166046,0.0545177943456215,0.0543592808628927,0.0542015722442285,0.0540446636834519,0.0538885503927348,0,0.10676219374729,0.106321067901862,0.10587830285905,0.105445223270861,0.105026846761704,0.104623885927769,0.104234995459175,0.103858089189276,0.103490984101896,0.10313167619372,0.102778434934654,0.102429814627571,0.102084631350071,0.101741928587874,0.101400941931127,0.101061067010631,0.10072183193883,0.100382874234754,0.100043921716414,0.0997047767174015,0.0993653030167564,0.0990254149607712,0.0986850683550051,0.0983442527948653,0.0980029851772166,0.097661304193376,0.0973192656476738,0.0969769384783156,0.0966344013812761,0.0962917399556403,0.0959490443019734,0.0956064070152845,0.0952639215219063,0.0949216807158403,0.0945797758552649,0.094238295684295,0.0938973257489205,0.0935569478794638,0.0932172398149776,0.0928782749477947,0.0925401221689861,0.092202845797797,0.0918665055802342,0.0915311567438827,0.0911968500977483,0.0908636321674633,0.0905315453575739,0.0902006281338539,0.0898709152196726,0.089542437801405,0.0892152237387076,0.0888892977762169,0.088564681753862,0.0882413948135311,0.0879194536003051,0.0875988724568743,0.087279663610096,0.0869618373489437,0.0866454021933385,0.0863303650535596,0.0860167313800969,0.0857045053039455,0.0853936897674541,0.0850842866459263,0.0847762968602463,0.0844697204808489,0.0841645568233958,0.0838608045365495,0.0835584616822481,0.0832575258089016,0.0829579940179286,0.0826598630240502,0.0823631292097564,0.0820677886743444,0.0817738372779205,0.0814812706807394,0.0811900843782422,0.080900273732135,0.0806118339978323,0.0803247603485747,0.0800390478965088,0.0797546917110009,0.0794716868344397,0.0791900282957646,0.0789097111219402,0.0786307303475823,0.078353081022925,0.0780767582203039,0.0778017570393169,0.0775280726108115,0.0772557000998344,0.0769846347076674,0.0767148716730656,0.0764464062727993,0.0761792338215944,0.0759133496715589,0.07564874921117,0.0753854278638932,0.0751233810864967,0.0748626043671164,0.074603093223122,0.0743448431988309,0.0740878498631077,0.0738321088068867,0.0735776156406463,0.073324365991866,0.0730723555024866,0.0728215798263963,0.0725720346269604,0.0723237155746095,0.0720766183444984,0.0718307386142486,0.0715860720617809,0.0713426143632472,0.071100361191066,0.070859308212066,0.0706194510857417,0.0703807854626222,0.0701433069827538,0.069907011274299,0.069671893952248,0.0694379506172444,0.0692051768545218,0.0689735682329502,0.0687431203041885,0.0685138286019416,0.0682856886413178,0.0680586959182837,0.0678328459092131,0.0676081340705259,0.0673845558384134,0.0671621066286459,0.0669407818364597,0.0667205768365176,0.0665014869829415,0.066283507609411,0.0660666340293253,0.0658508615360252,0.0656361854030692,0.0654226008845633,0.0652101032155381,0.0649986876123711,0.0647883492732515,0.0645790833786825,0.0643708850920191,0.0641637495600388,0.0639576719135413,0.0637526472679751,0.0635486707240875,0.0633457373685972,0.0631438422748848,0.0629429805037007,0.0627431471038872,0.0625443371131132,0.0623465455586194,0.0621497674579717,0.0619539978198215,0.0617592316446715,0.0615654639256445,0.0613726896492544,0.061180903796178,0.0609901013420255,0.06080027725811,0.0606114265122133,0.0604235440693477,0.0602366248925128,0.060050663943446,0.0598656561833666,0.0596815965737118,0.0594984800768641,0.0593163016568705,0.0591350562801512,0.0589547389161985,0.0587753445382644,0.0585968681240383,0.0584193046563117,0.0582426491236318,0.0580668965209422,0.0578920418502124,0.0577180801210525,0.0575450063513168,0.0573728155676927,0.0572015028062781,0.057031063113143,0.0568614915448797,0.0566927831691383,0.0565249330651491,0.0563579363242306,0.0561917880502851,0.0560264833602795,0.0558620173847129,0.0556983852680714,0.0555355821692683,0.0553736032620718,0.055212443735519,0.0550520987943173,0.0548925636592319,0.0547338335674613,0.0545759037729998,0.0544187695469871,0,0.107385384739839,0.106942194031911,0.106500201955781,0.106065262897667,0.105642412965411,0.105233320579469,0.104837560074124,0.104453719149622,0.104080050251455,0.103714803544924,0.103356377607341,0.103003374197865,0.102654605730383,0.102309081387932,0.101965985169754,0.101624652355027,0.101284547298425,0.100945243659594,0.100606407291638,0.100267781625487,0.0999291752456388,0.0995904513294538,0.099251518649711,0.0989123238847142,0.0985728450260736,0.0982330857147122,0.0978930703687785,0.0975528399931532,0.0972124485801973,0.0968719600265375,0.0965314455021987,0.0961909812172442,0.0958506465380162,0.0955105224106551,0.0951706900542049,0.0948312298895668,0.0944922206740282,0.0941537388141973,0.0938158578329757,0.0934786479687811,0.0931421758875847,0.0928065044905006,0.0924716928016545,0.092137795922879,0.0918048650434438,0.0914729474945339,0.091142086839548,0.0908123229925131,0.0904836923580023,0.0901562279869153,0.0898299597433441,0.089504914478504,0.0891811162083795,0.0888585862923138,0.0885373436102799,0.0882174047370089,0.0878987841115274,0.0875814942009819,0.0872655456579021,0.0869509474702892,0.0866377071041113,0.086325830637956,0.08601532288972,0.0857061875353348,0.0853984272196141,0.0850920436593821,0.0847870377391006,0.0844834095992557,0.0841811587177982,0.0838802839849562,0.083580783771753,0.0832826559925716,0.0829858981621134,0.0826905074470962,0.0823964807130302,0.0821038145664072,0.0818125053926264,0.0815225493899675,0.0812339425999129,0.0809466809341033,0.0806607601982004,0.0803761761129117,0.0800929243324238,0.0798110004604688,0.0795304000642414,0.0792511186863643,0.0789731518550901,0.0786964950929115,0.078421143923743,0.07814709387882,0.0778743405014558,0.0776028793507798,0.0773327060045761,0.0770638160613268,0.0767962051415589,0.0765298688885832,0.0762648029687065,0.0760010030709903,0.0757384649066232,0.0754771842079671,0.0752171567273312,0.0749583782355243,0.0747008445202264,0.0744445513842215,0.0741894946435254,0.073935670125439,0.0736830736665548,0.0734317011107414,0.073181548307126,0.0729326111080934,0.0726848853673177,0.0724383669378403,0.0721930516702053,0.0719489354106618,0.0717060139994422,0.0714642832691212,0.0712237390430634,0.0709843771339601,0.070746193342461,0.070509183455901,0.0702733432471251,0.070038668473409,0.0698051548754785,0.0695727981766234,0.069341594081908,0.0691115382774739,0.068882626429934,0.0686548541858555,0.0684282171713291,0.0682027109916213,0.0679783312309068,0.0677550734520789,0.0675329331966326,0.0673119059846192,0.0670919873146681,0.0668731726640717,0.0666554574889324,0.0664388372243648,0.0662233072847534,0.0660088630640602,0.0657954999361796,0.0655832132553378,0.0653719983565329,0.0651618505560139,0.0649527651517942,0.0647447374241977,0.0645377626364347,0.0643318360352052,0.0641269528513255,0.0639231083003787,0.0637202975833831,0.0635185158874792,0.0633177583866323,0.0631180202423471,0.0629192966043956,0.0627215826115527,0.0625248733923409,0.0623291640657808,0.0621344497421456,0.0619407255237199,0.0617479865055592,0.06155622777625,0.0613654444186698,0.061175631510744,0.0609867841262005,0.0607988973353204,0.0606119662056827,0.0604259858029043,0.0602409511913728,0.0600568574349715,0.0598736995977971,0.0596914727448677,0.0595101719428226,0.0593297922606111,0.0591503287701717,0.0589717765471002,0.0587941306713069,0.058617386227662,0.058441538306629,0.058266582004887,0.058092512425939,0.0579193246807094,0.0577470138881274,0.0575755751756982,0.0574050036800613,0.0572352945475353,0.0570664429346499,0.0568984440086643,0.0567312929480732,0.0565649849430983,0.0563995151961681,0.0562348789223832,0.0560710713499696,0.0559080877207178,0.0557459232904099,0.0555845733292338,0.0554240331221833,0.0552642979694478,0.055105363186787,0.0549472241058952,0,0.107987747691761,0.107542609324011,0.107101910485254,0.10666670186838,0.106241321903398,0.105827946649688,0.105426881381574,0.105037342658884,0.104658039125939,0.104287520188766,0.103924363243215,0.103567263467888,0.103215068943407,0.102866786869668,0.102521575610622,0.102178730654772,0.101837668743996,0.101497912273304,0.101159074895163,0.100820848651111,0.100482992652555,0.100145323199323,0.0998077051779669,0.0994700445774696,0.099132281973821,0.0987943868546854,0.0984563526752041,0.0981181925534234,0.0977799355282578,0.0974416233144136,0.0971033074977711,0.09676504712187,0.0964269066218499,0.0960889540668461,0.0957512596757393,0.0954138945745162,0.0950769297664697,0.0947404352891543,0.0944044795344751,0.0940691287105681,0.0937344464262514,0.0934004933807979,0.0930673271436158,0.0927350020101196,0.0924035689216393,0.0920730754386541,0.0917435657579481,0.0914150807654792,0.091087658117826,0.0907613323460527,0.0904361349766936,0.0901120946653361,0.0897892373389633,0.0894675863438255,0.0891471625961369,0.0888279847333648,0.0885100692642799,0.0881934307162879,0.0878780817788685,0.0875640334422056,0.0872512951303167,0.0869398748281779,0.0866297792025006,0.0863210137159495,0.0860135827347048,0.0857074896293592,0.0854027368692194,0.0850993261101404,0.0847972582760663,0.084496533634493,0.0841971518660911,0.0838991121287508,0.0836024131163229,0.0833070531123369,0.0830130300389841,0.0827203415016492,0.0824289848292751,0.0821389571108363,0.0818502552281911,0.0815628758855733,0.0812768156359743,0.0809920709046531,0.0807086380100061,0.0804265131820091,0.0801456925784386,0.0798661722990651,0.0795879483979972,0.0793110168943475,0.0790353737813791,0.078761015034277,0.0784879366166845,0.0782161344861294,0.0779456045984574,0.0776763429113807,0.0774083453872428,0.0771416079950877,0.0768761267121208,0.0766118975246355,0.0763489164284755,0.0760871794290984,0.0758266825412955,0.0755674217886211,0.0753093932025799,0.0750525928216123,0.074797016689918,0.0745426608561502,0.0742895213720134,0.0740375942907883,0.073786875665812,0.07353736154893,0.0732890479889437,0.0730419310300644,0.0727960067103921,0.0725512710604287,0.0723077201016359,0.0720653498450488,0.0718241562899488,0.0715841354226053,0.0713452832150883,0.071107595624157,0.0708710685902269,0.0706356980364167,0.0704014798676773,0.0701684099700021,0.0699364842097195,0.0697056984328673,0.0694760484646467,0.0692475301089556,0.0690201391479992,0.0687938713419764,0.0685687224288384,0.0683446881241193,0.068121764120834,0.0678999460894416,0.0676792296778729,0.0674596105116164,0.067241084193862,0.0670236463056997,0.066807292406368,0.0665920180335526,0.0663778187037293,0.0661646899125501,0.0659526271352697,0.0657416258272087,0.0655316814242514,0.0653227893433757,0.0651149449832123,0.0649081437246312,0.0647023809313521,0.0644976519505777,0.0642939521136468,0.0640912767367049,0.063889621121392,0.0636889805555427,0.0634893503138992,0.0632907256588348,0.0630931018410854,0.0628964741004884,0.062700837666727,0.0625061877600776,0.0623125195921617,0.0621198283666968,0.0619281092802492,0.061737357522985,0.0615475682794186,0.061358736729159,0.0611708580476509,0.0609839274069118,0.0607979399762624,0.0606128909230511,0.0604287754133708,0.0602455886127685,0.0600633256869447,0.0598819818024457,0.0597015521273451,0.0595220318319157,0.0593434160892904,0.059165700076113,0.0589888789731771,0.0588129479660547,0.0586379022457109,0.0584637370091089,0.0582904474598019,0.0581180288085118,0.057946476273697,0.0577757850821066,0.0576059504693218,0.0574369676802853,0.0572688319698169,0.0571015386031171,0.0569350828562576,0.0567694600166586,0.0566046653835538,0.0564406942684423,0.0562775419955276,0.0561152039021452,0.0559536753391754,0.0557929516714459,0.0556330282781212,0.0554739005530785,0,0.10856586618229,0.108120628682486,0.107681739970879,0.107247580730616,0.106821412381486,0.106405529987149,0.10600075991444,0.105606866375746,0.105223003743408,0.104848043402139,0.104480776751814,0.104120029572153,0.103764720050382,0.103413883337915,0.103066677284936,0.102722378238175,0.102380372080513,0.102040143417202,0.101701264464206,0.101363384416892,0.10102621964379,0.100689544818209,0.100353184983529,0.10001700849477,0.0996809207594639,0.0993448586981386,0.0990087858494603,0.0986726880524896,0.0983365696461776,0.0980004501331882,0.0976643612610657,0.0973283444787027,0.0969924487301584,0.0966567285513219,0.0963212424378698,0.0959860514555801,0.0956512180664224,0.0953168051460244,0.0949828751701528,0.0946494895497769,0.0943167080961038,0.0939845885987078,0.0936531865015065,0.093322554662875,0.0929927431876264,0.0926637993199228,0.0923357673874218,0.0920086887880957,0.0916826020122081,0.0913575426928712,0.0910335436794695,0.0907106351290027,0.0903888446110923,0.0900681972230134,0.0897487157116574,0.0894304205998173,0.0891133303146118,0.0887974613162363,0.0884828282255571,0.0881694439493439,0.0878573198021839,0.0875464656243301,0.0872368898949136,0.0869285998401099,0.0866216015359719,0.0863159000057561,0.0860114993116587,0.0857084026409525,0.085406612386579,0.0851061302222988,0.0848069571725432,0.0845090936771409,0.0842125396511182,0.0839172945397863,0.0836233573693424,0.0833307267932187,0.0830394011344149,0.0827493784240542,0.0824606564363949,0.0821732327205322,0.0818871046290123,0.0816022693435798,0.0813187238982661,0.0810364652000222,0.0807554900470862,0.0804757951452697,0.080197377122334,0.0799202325406209,0.0796443579080894,0.079369749687904,0.0790964043067072,0.0788243181617024,0.0785534876266645,0.0782839090569845,0.0780155787938495,0.077748493167652,0.0774826485007104,0.0772180411093827,0.0769546673056433,0.0766925233981895,0.0764316056931385,0.0761719104943682,0.0759134341035536,0.0756561728199439,0.0754001229399188,0.0751452807563645,0.0748916425579008,0.0746392046279885,0.0743879632439459,0.0741379146758961,0.0738890551856669,0.0736413810256631,0.0733948884377256,0.073149573651993,0.0729054328857778,0.0726624623424678,0.0724206582104622,0.0721800166621503,0.0719405338529384,0.0717022059203315,0.0714650289830737,0.0712289991403508,0.0709941124710566,0.0707603650331271,0.0705277528629418,0.0702962719747934,0.0700659183604257,0.0698366879886407,0.0696085768049721,0.0693815807314259,0.0691556956662853,0.0689309174839802,0.0687072420350173,0.06848466514597,0.0682631826195264,0.0680427902345921,0.0678234837464458,0.0676052588869461,0.0673881113647853,0.0671720368657903,0.0669570310532651,0.0667430895683747,0.0665302080305677,0.0663183820380331,0.0661076071681921,0.0658978789782196,0.0656891930055952,0.0654815447686797,0.0652749297673166,0.0650693434834552,0.0648647813817936,0.0646612389104396,0.0644587115015881,0.0642571945722123,0.064056683524767,0.0638571737479033,0.0636586606171918,0.0634611394958533,0.0632646057354959,0.0630690546768561,0.0628744816505439,0.062680881977789,0.0624882509711886,0.0622965839354543,0.0621058761681575,0.0619161229604733,0.0617273195979198,0.0615394613610933,0.0613525435264,0.0611665613667794,0.0609815101524229,0.0607973851514848,0.0606141816307847,0.060431894856503,0.0602505200948651,0.0600700526128191,0.0598904876787011,0.0597118205628917,0.0595340465384615,0.0593571608818058,0.0591811588732674,0.0590060357977492,0.058831786945314,0.0586584076117729,0.0584858930992619,0.0583142387168054,0.0581434397808686,0.0579734916158965,0.0578043895548413,0.0576361289396766,0.0574687051218995,0.0573021134630197,0.0571363493350372,0.0569714081209056,0.0568072852149849,0.0566439760234806,0.0564814759648711,0.0563197804703224,0.0561588849840911,0.0559987849639149,0,0.109117225341594,0.108674385676909,0.108237968990602,0.107806012449706,0.107380616243445,0.106963905515579,0.106557026114595,0.106160187512752,0.105772954310988,0.105394521956136,0.105023916173887,0.104660120655353,0.104302151996959,0.103949099699993,0.10360014441785,0.103254563313125,0.102911728164077,0.102571099674571,0.102232220033991,0.101894704898026,0.10155823543164,0.10122255074369,0.100887440864289,0.100552740317471,0.100218322289815,0.0998840933701551,0.0995499888244539,0.0992159683663771,0.0988820123842422,0.098548118586718,0.0982142990319047,0.0978805775067188,0.0975469872256685,0.0972135688201015,0.0968803685908357,0.0965474369988074,0.0962148273700086,0.0958825947925722,0.0955507951854093,0.0952194845193182,0.094888718172962,0.0945585504075568,0.0942290339455009,0.0939002196395214,0.0935721562201855,0.0932448901108374,0.0929184653001542,0.0925929232635759,0.0922683029258437,0.091944640657787,0.0916219703013259,0.0913003232174087,0.0909797283522883,0.0906602123181537,0.0903417994846856,0.090024512078598,0.0897083702886641,0.0893933923741139,0.0890795947746311,0.0887669922204771,0.0884555978415355,0.0881454232742917,0.0878364787659675,0.0875287732751973,0.0872223145687789,0.0869171093141587,0.0866131631674167,0.0863104808566043,0.0860090662603664,0.0857089224818383,0.0854100519178599,0.0851124563235928,0.0848161368726556,0.084521094212922,0.0842273285181448,0.0839348395355815,0.0836436266298126,0.083353688822943,0.0830650248313874,0.0827776330994348,0.082491511829792,0.0822066590112968,0.0819230724439918,0.0816407497617418,0.0813596884525705,0.0810798858768888,0.0808013392837741,0.0805240458254566,0.0802480025701591,0.079973206513427,0.0796996545880806,0.079427343672911,0.0791562706002341,0.0788864321624101,0.0786178251174279,0.0783504461936472,0.0780842920937848,0.0778193594982231,0.0775556450677158,0.0772931454455578,0.0770318572592818,0.0767717771219372,0.0765129016330054,0.0762552273789989,0.0759987509337851,0.0757434688586779,0.0754893777023301,0.0752364740004595,0.074984754275439,0.074734215035775,0.074484852775499,0.074236663973493,0.073989645092766,0.0737437925797004,0.0734991028632811,0.0732555723543201,0.0730131974446892,0.0727719745065686,0.07253189989172,0.0722929699307937,0.0720551809326711,0.0718185291838521,0.0715830109478879,0.0713486224648656,0.0711153599509434,0.0708832195979417,0.0706521975729891,0.0704222900182252,0.0701934930505595,0.0699658027614873,0.0697392152169609,0.069513726457317,0.0692893324972571,0.0690660293258816,0.0688438129067745,0.0686226791781389,0.0684026240529792,0.06818364341933,0.0679657331405294,0.0677488890555335,0.0675331069792717,0.0673183827030392,0.0671047119949263,0.0668920906002794,0.0666805142421961,0.0664699786220472,0.0662604794200278,0.0660520122957328,0.0658445728887557,0.0656381568193096,0.0654327596888662,0.0652283770808134,0.0650250045611287,0.0648226376790661,0.0646212719678555,0.0644209029454131,0.0642215261150612,0.0640231369662547,0.063825730975315,0.0636293036061683,0.0634338503110884,0.0632393665314396,0.0630458476984242,0.0628532892338274,0.0626616865507622,0.0624710350544134,0.0622813301427771,0.0620925672073976,0.0619047416340995,0.0617178488037146,0.0615318840928026,0.0613468428743654,0.0611627205185538,0.060979512393367,0.0607972138653426,0.0606158203002389,0.0604353270637072,0.0602557295219545,0.0600770230423962,0.0598992029942983,0.0597222647494088,0.0595462036825779,0.0593710151723679,0.0591966946016506,0.0590232373581929,0.0588506388352318,0.0586788944320365,0.0585079995544588,0.0583379496154712,0.058168740035693,0.0580003662439044,0.0578328236775472,0.0576661077832152,0.0575002140171305,0.0573351378456081,0.0571708747455091,0.0570074202046807,0.0568447697223846,0.0566829188097136,0.0565218629899955,0,0.109640108445215,0.109201898344504,0.108768819835792,0.10834014657709,0.107916935955196,0.107500971227953,0.107093546662852,0.10669520759805,0.106305875540943,0.105925054373324,0.105552010293478,0.1051859019741,0.104825865807392,0.104471067641124,0.104120731638412,0.103774154352031,0.103430709642166,0.10308984815851,0.102751093761872,0.102414038359603,0.102078336046382,0.101743697074547,0.101409881951631,0.101076695825851,0.100743983239237,0.10041162328111,0.100079525148014,0.0997476241015766,0.099415877807974,0.0990842630387632,0.0987527727110326,0.0984214132441775,0.0980902022105894,0.0977591662578955,0.0974283392809411,0.0970977608224239,0.0967674746819128,0.096437527713905,0.0961079687965625,0.0957788479538255,0.0954502156146837,0.0951221219945054,0.0947946165844382,0.0944677477360109,0.0941415623291476,0.0938161055128649,0.0934914205089259,0.0931675484696876,0.0928445283822793,0.0925223970120903,0.0922011888793318,0.0918809362631536,0.0915616692284607,0.0912434156711737,0.0909262013782241,0.0906100500990673,0.0902949836259364,0.0899810218804588,0.0896681830046032,0.0893564834542437,0.0890459380938972,0.0887365602914348,0.0884283620117798,0.0881213539087909,0.0878155454146873,0.087510944826514,0.0872075593892625,0.0869053953753673,0.0866044581603824,0.0863047522947177,0.0860062815713769,0.085709049089688,0.0854130573150616,0.0851183081348468,0.0848248029103802,0.0845325425253484,0.084241527430597,0.0839517576855359,0.0836632329962964,0.083375952750803,0.0830899160509244,0.0828051217418696,0.082521568438996,0.0822392545521897,0.0819581783079802,0.0816783377695412,0.0813997308547291,0.0811223553523025,0.0808462089364591,0.0805712891798219,0.0802975935649998,0.0800251194948386,0.0797538643014747,0.0794838252542952,0.0792149995669036,0.0789473844031814,0.0786809768825308,0.0784157740843808,0.0781517730520269,0.0778889707958759,0.0776273642961578,0.077366950505163,0.0771077263490598,0.0768496887293405,0.0765928345239416,0.0763371605880803,0.0760826637548438,0.0758293408355671,0.0755771886200291,0.0753262038764973,0.0750763833516438,0.0748277237703584,0.0745802218354782,0.0743338742274509,0.0740886776039515,0.0738446285994634,0.073601723824839,0.0733599598668514,0.073119333287745,0.0728798406247967,0.0726414783898916,0.0724042430691235,0.0721681311224219,0.0719331389832129,0.0716992630581159,0.0714664997266801,0.0712348453411623,0.0710042962263492,0.0707748486794236,0.0705464989698765,0.0703192433394656,0.0700930780022195,0.0698679991444874,0.0696440029250346,0.0694210854751821,0.0691992428989891,0.0689784712734785,0.0687587666489027,0.0685401250490486,0.0683225424715813,0.0681060148884228,0.0678905382461663,0.0676761084665219,0.0674627214467947,0.067250373060391,0.0670390591573521,0.0668287755649134,0.0666195180880882,0.0664112825102717,0.0662040645938668,0.0659978600809275,0.065792664693819,0.0655884741358937,0.0653852840921801,0.0651830902300835,0.064981888200098,0.064781673636527,0.0645824421582108,0.0643841893692622,0.0641869108598051,0.0639906022067189,0.0637952589743831,0.0636008767154261,0.0634074509714722,0.0632149772738896,0.0630234511445359,0.0628328680965014,0.0626432236348493,0.0624545132573521,0.062266732455222,0.0620798767138368,0.0618939415134599,0.0617089223299517,0.0615248146354757,0.0613416138991952,0.0611593155879622,0.0609779151669971,0.0607974081005597,0.0606177898526097,0.0604390558874575,0.0602612016704051,0.0600842226683755,0.0599081143505323,0.059732872188887,0.0595584916588962,0.0593849682400461,0.0592122974164266,0.0590404746772928,0.0588694955176153,0.0586993554386176,0.0585300499483031,0.0583615745619681,0.0581939248027047,0.0580270962018903,0.0578610842996658,0.0576958846454013,0.0575314927981498,0.0573679043270898,0.0572051148119551,0.0570431198434529,0,0.11013368443076,0.10970112321099,0.109272455896444,0.108848142468493,0.108428422047717,0.108014677992041,0.107608225732105,0.107209841741836,0.106819740557923,0.106437704902153,0.106063234942858,0.105695671463531,0.105334284818955,0.104978334248384,0.104627104913543,0.104279929375016,0.103936198691276,0.103595366841907,0.103256950999688,0.10292052932143,0.102585737336923,0.102252263620329,0.101919845170243,0.101588262758841,0.101257336405618,0.100926921065504,0.100596902580307,0.100267193917226,0.0999377317026108,0.099608473049475,0.099279392671307,0.0989504802709381,0.0986217381909002,0.0982931793102612,0.0979648251721135,0.0976367043255022,0.0973088508655289,0.0969813031555526,0.0966541027158042,0.096327293263273,0.0960009198883858,0.0956750283547541,0.0953496645090779,0.0950248737891477,0.09470070081876,0.0943771890792325,0.0940543806480683,0.0937323159961539,0.0934110338356791,0.0930905710117326,0.0927709624312472,0.0924522410236406,0.0921344377281253,0.091817581503236,0.0915016993546527,0.0911868163778795,0.0908729558127772,0.0905601391073411,0.0902483859884735,0.089937714537816,0.0896281412709911,0.0893196812188542,0.0890123480095804,0.0887061539506049,0.0884011101096102,0.0880972263939013,0.0877945116276432,0.0874929736265465,0.087192619269685,0.0868934545682151,0.0865954847308336,0.0862987142258769,0.086003146840011,0.085708785733506,0.0854156334921239,0.0851236921756777,0.0848329633633425,0.0845434481958156,0.0842551474144417,0.0839680613974246,0.0836821901932575,0.0833975335515075,0.0831140909510949,0.082831861626204,0.082550844589968,0.0822710386560642,0.0819924424583528,0.0817150544686923,0.0814388730130585,0.0811638962860863,0.0808901223641549,0.0806175492171249,0.0803461747188363,0.0800759966564651,0.0798070127388353,0.0795392206037765,0.0792726178246079,0.0790072019158321,0.0787429703381077,0.0784799205025721,0.0782180497745785,0.077957355476904,0.0776978348924859,0.077439485266736,0.0771823038094792,0.0769262876965604,0.0766714340711581,0.0764177400448413,0.0761652026984029,0.0759138190824994,0.0756635862181245,0.0754145010969409,0.0751665606814936,0.0749197619053242,0.0746741016730051,0.0744295768601091,0.0741861843131303,0.0739439208493681,0.0737027832567856,0.073462768293855,0.0732238726893952,0.072986093142413,0.072749426321952,0.0725138688669564,0.0722794173861545,0.0720460684579652,0.0718138186304328,0.0715826644211904,0.0713526023174565,0.0711236287760649,0.0708957402235304,0.0706689330561498,0.0704432036401402,0.0702185483118139,0.0699949633777888,0.0697724451152373,0.0695509897721681,0.0693305935677455,0.0691112526926407,0.0688929633094171,0.0686757215529466,0.0684595235308568,0.0682443653240074,0.0680302429869932,0.0678171525486751,0.0676050900127334,0.0673940513582466,0.0671840325402902,0.0669750294905565,0.0667670381179926,0.0665600543094551,0.0663540739303812,0.0661490928254736,0.0659451068193975,0.0657421117174893,0.0655401033064757,0.0653390773552,0.0651390296153574,0.0649399558222347,0.0647418516954557,0.0645447129397305,0.0643485352456062,0.0641533142902211,0.0639590457380568,0.0637657252416924,0.0635733484425551,0.0633819109716709,0.0631914084504097,0.0630018364912282,0.0628131906984084,0.0626254666687892,0.0624386599924941,0.0622527662536503,0.0620677810311031,0.06188369989912,0.0617005184280893,0.061518232185208,0.0613368367351619,0.0611563276407964,0.0609767004637768,0.0607979507652394,0.0606200741064312,0.060443066049341,0.0602669221573171,0.0600916379956762,0.0599172091322998,0.0597436311382196,0.0595708995881919,0.0593990100612596,0.0592279581413029,0.0590577394175786,0.0588883494852467,0.0587197839458859,0.0585520384079972,0.058385108487495,0.0582189898081871,0.0580536780022423,0.0578891687106462,0.0577254575836463,0.0575625402811834,0,0.11059686013267,0.110169988182549,0.109746992924022,0.109328151442868,0.108913152507812,0.108503017249256,0.108099002618105,0.107702024232261,0.107312521757253,0.106930517272058,0.10655572789611,0.106187674583174,0.105825768743078,0.105469374872457,0.105117853014171,0.104770585965393,0.10442699561374,0.104086551818098,0.103748776327308,0.103413243484821,0.103079578913058,0.102747456977592,0.102416597559938,0.102086762484542,0.101757751823557,0.101429400222578,0.101101573337678,0.100774164439513,0.100447091217485,0.100120292801871,0.0997937270117111,0.0994673678293807,0.0991412030980681,0.0988152324350872,0.0984894653517255,0.0981639195687826,0.0978386195159798,0.0975135950028449,0.0971888800484299,0.0968645118572326,0.0965405299288953,0.0962169752896272,0.0958938898337791,0.0955713157645742,0.0952492951236341,0.0949278693996115,0.0946070792069345,0.0942869640263647,0.0939675619997571,0.0936489097720831,0.0933310423744176,0.0930139931422083,0.0926977936637185,0.0923824737540791,0.0920680614508828,0.0917545830277208,0.0914420630224842,0.0911305242776409,0.0908199879900511,0.0905104737682025,0.0902019996950334,0.0898945823947671,0.0895882371024128,0.0892829777347886,0.088978816962108,0.0886757662793233,0.0883738360765674,0.0880730357081511,0.0877733735596857,0.0874748571129881,0.0871774930085102,0.0868812871051012,0.0865862445369691,0.086292369767761,0.0859996666417209,0.0857081384319204,0.0854177878855866,0.0851286172665764,0.0848406283950637,0.084553822684524,0.0842682011761104,0.0839837645705261,0.0837005132575033,0.0834184473430045,0.0831375666742613,0.0828578708627725,0.0825793593053762,0.0823020312035146,0.0820258855808047,0.0817509212990274,0.0814771370726427,0.0812045314819335,0.0809331029848815,0.0806628499278656,0.0803937705552792,0.0801258630181479,0.0798591253818317,0.0795935556328895,0.0793291516851745,0.0790659113852331,0.078803832517067,0.0785429128063199,0.0782831499239442,0.0780245414893971,0.0777670850734162,0.0775107782004167,0.077255618350552,0.0770016029614748,0.0767487294298333,0.0764969951125337,0.0762463973277988,0.0759969333560483,0.0757486004406249,0.0755013957883891,0.075255316570201,0.0750103599213086,0.0747665229416574,0.074523802696137,0.0742821962147766,0.074041700492902,0.0738023124912641,0.0735640291361475,0.0733268473194683,0.0730907638988668,0.0728557756978035,0.07262187950566,0.072389072077854,0.0721573501359678,0.0719267103678972,0.0716971494280206,0.0714686639373923,0.0712412504839613,0.0710149056228165,0.0707896258764587,0.0705654077351019,0.0703422476570024,0.0701201420688156,0.0698990873659829,0.0696790799131444,0.0694601160445801,0.0692421920646773,0.0690253042484239,0.0688094488419262,0.0685946220629509,0.0683808201014896,0.0681680391203441,0.0679562752557335,0.0677455246179189,0.0675357832918465,0.0673270473378073,0.0671193127921118,0.0669125756677788,0.0667068319552365,0.0665020776230352,0.0662983086185707,0.0660955208688154,0.0658937102810583,0.0656928727436509,0.0654930041267588,0.0652941002831175,0.0650961570487916,0.0648991702439361,0.0647031356735591,0.0645080491282848,0.0643139063851161,0.0641207032081952,0.0639284353495625,0.0637370985499123,0.0635466885393445,0.0633572010381123,0.0631686317573641,0.06298097639988,0.0627942306608022,0.0626083902283579,0.0624234507845751,0.0622394080059904,0.0620562575643485,0.0618739951272935,0.0616926163590497,0.0615121169210939,0.0613324924728183,0.061153738672182,0.0609758511763532,0.0607988256423406,0.0606226577276136,0.0604473430907118,0.0602728773918437,0.0600992562934729,0.0599264754608947,0.0597545305627997,0.0595834172718259,0.0594131312651006,0.0592436682247685,0.0590750238385096,0.0589071938000449,0.0587401738096303,0.0585739595745382,0.0584085468095289,0.0582439312373088,0.0580801085889779,0,0.111027301544714,0.110606419685601,0.110190516966181,0.109778306238759,0.109369215328672,0.108964008395151,0.108563847225218,0.108169711437627,0.107782199155172,0.107401526457925,0.107027602380852,0.106660118357216,0.106298627411531,0.105942606065196,0.105591499352778,0.105244751869694,0.104901828164609,0.104562225383549,0.104225480458876,0.103891173551585,0.103558928976379,0.103228414474514,0.10289933943382,0.102571452467068,0.102244538628736,0.10191841646003,0.101592934990255,0.101267970780442,0.100943425066241,0.100619221037145,0.100295301275185,0.0999716253664455,0.0996481676917026,0.0993249153974569,0.0990018665449038,0.0986790284317365,0.0983564160797352,0.0980340508797505,0.0977119593847932,0.0973901722413947,0.097068723249147,0.0967476485382907,0.096426985855366,0.0961067739472156,0.095787052034011,0.0954678593624322,0.0951492348306368,0.0948312166771998,0.0945138422267576,0.0941971476856551,0.0938811679814472,0.0935659366406436,0.0932514856996067,0.0929378456440024,0.092625045372671,0.0923131121822178,0.0920020717690288,0.0916919482457879,0.0913827641699166,0.0910745405816673,0.0907672970498871,0.0904610517237276,0.0901558213888037,0.0898516215265164,0.0895484663754402,0.0892463689938381,0.0889453413225175,0.0886453942473698,0.0883465376610476,0.0880487805233386,0.0877521309198779,0.0874565961189208,0.0871621826259605,0.0868688962360339,0.0865767420836082,0.0862857246899781,0.0859958480081445,0.0857071154651684,0.0854195300020246,0.0851330941109941,0.084847809870654,0.0845636789785349,0.0842807027815274,0.0839988823041248,0.0837182182745967,0.0834387111491907,0.0831603611344624,0.0828831682078334,0.0826071321364786,0.0823322524946423,0.0820585286794803,0.0817859599255225,0.0815145453178506,0.0812442838040778,0.0809751742052164,0.0807072152255171,0.0804404054613562,0.0801747434092452,0.0799102274730343,0.0796468559703747,0.0793846271385034,0.0791235391394091,0.0788635900644328,0.078604777938357,0.07834710072303,0.0780905563205695,0.077835142576189,0.0775808572806829,0.0773276981726087,0.0770756629401957,0.0768247492230143,0.0765749546134302,0.0763262766578713,0.0760787128579293,0.0758322606713182,0.0755869175127076,0.0753426807544506,0.0750995477272201,0.0748575157205693,0.0746165819834278,0.0743767437245479,0.0741379981129075,0.0739003422780826,0.0736637733105949,0.073428288262244,0.0731938841464288,0.0729605579384645,0.0727283065759007,0.0724971269588435,0.0722670159502859,0.0720379703764502,0.071809987027143,0.0715830626561277,0.0713571939815125,0.0711323776861594,0.0709086104181118,0.0706858887910424,0.0704642093847231,0.0702435687455148,0.0700239633868792,0.0698053897899105,0.0695878444038886,0.0693713236468513,0.0691558239061862,0.0689413415392416,0.0687278728739543,0.0685154142094951,0.06830396181693,0.0680935119398961,0.0678840607952917,0.0676756045739796,0.0674681394415016,0.0672616615388047,0.0670561669829758,0.0668516518679865,0.0666481122654442,0.0664455442253505,0.0662439437768651,0.066043306929074,0.0658436296717612,0.0656449079761834,0.0654471377958457,0.0652503150672787,0.0650544357108155,0.0648594956313669,0.0646654907191963,0.0644724168506902,0.0642802698891282,0.064089045685446,0.0638987400789959,0.0637093488983018,0.0635208679618076,0.06333329307862,0.0631466200492442,0.0629608446663123,0.0627759627153034,0.0625919699752562,0.0624088622194727,0.0622266352162124,0.0620452847293774,0.0618648065191883,0.0616851963428494,0.0615064499552043,0.0613285631093803,0.0611515315574231,0.0609753510509198,0.0608000173416112,0.0606255261819929,0.0604518733259052,0.0602790545291117,0.060107065549866,0.0599359021494672,0.0597655600928037,0.0595960351488851,0.0594273230913632,0.0592594196990406,0.0590923207563675,0.0589260220539277,0.0587605193889127,0.0585958085655832,0,0.111421862736407,0.111008377555009,0.110601102243846,0.110196715308617,0.10979469474438,0.109395687303816,0.109000754822406,0.108610883067754,0.108226766900028,0.107848768815824,0.107476959354723,0.107111184618343,0.106751134137049,0.106396398481999,0.106046514066398,0.105700996056845,0.10535936149247,0.105021144840151,0.104685907934752,0.104353245863719,0.104022789982988,0.103694208940437,0.103367208341226,0.103041529508489,0.102716947661141,0.10239326973606,0.10207033201482,0.101747997667663,0.101426154293783,0.101104711513048,0.100783598647135,0.100462762515618,0.100142165363389,0.0998217829290811,0.0995016026590684,0.0991816220678481,0.0988618472427536,0.0985422914888351,0.0982229741081965,0.0979039193069801,0.0975851552224608,0.0972667130622625,0.096948626347503,0.09663093025164,0.096313661026913,0.0959968555105016,0.0956805507028368,0.0953647834108714,0.0950495899495329,0.0947350058950218,0.0944210658840713,0.0941078034537349,0.0937952509167222,0.0934834392677344,0.0931723981166713,0.0928621556449789,0.0925527385817826,0.0922441721968,0.0919364803073561,0.0916296852971228,0.0913238081444806,0.0910188684586575,0.090714884522024,0.0904118733371377,0.0901098506773137,0.0898088311396717,0.0895088281997542,0.0892098542669545,0.0889119207401048,0.0886150380626853,0.0883192157772079,0.0880244625784095,0.0877307863649617,0.0874381942894679,0.087146692806571,0.0868562877190434,0.0865669842217697,0.086278786943568,0.0859916999868243,0.0857057269649386,0.085420871037602,0.0851371349439407,0.0848545210335768,0.0845730312956651,0.0842926673859772,0.0840134306521058,0.0837353221568702,0.0834583427000079,0.0831824928382348,0.0829077729037621,0.0826341830213549,0.082361723124019,0.0820903929673966,0.081820192142957,0.0815511200900573,0.0812831761069529,0.08101635936083,0.080750668896931,0.0804861036468408,0.0802226624359975,0.0799603439904886,0.0796991469431903,0.0794390698393038,0.0791801111413408,0.0789222692336042,0.0786655424262103,0.0784099289586945,0.0781554270032378,0.0779020346675525,0.07764974999746,0.0773985709791907,0.0771484955414374,0.0768995215571855,0.0766516468453487,0.0764048691722273,0.0761591862528152,0.0759145957519711,0.0756710952854708,0.0754286824209592,0.0751873546788131,0.074947109532929,0.0747079444114481,0.0744698566974279,0.0742328437294694,0.0739969028023112,0.0737620311673931,0.0735282260334008,0.0732954845667945,0.0730638038923271,0.0728331810935574,0.0726036132133613,0.0723750972544452,0.0721476301798627,0.0719212089135396,0.0716958303408072,0.0714714913089465,0.0712481886277438,0.07102591907006,0.0708046793724128,0.0705844662355735,0.0703652763251784,0.0701471062723546,0.0699299526743597,0.0697138120952372,0.0694986810664845,0.0692845560877353,0.0690714336274543,0.0688593101236453,0.0686481819845697,0.0684380455894773,0.068228897289346,0.0680207334076318,0.0678135502410271,0.0676073440602263,0.0674021111106988,0.0671978476134674,0.0669945497658918,0.0667922137424567,0.0665908356955625,0.0663904117563193,0.0661909380353418,0.065992410623545,0.0657948255929408,0.0655981789974324,0.0654024668736088,0.0652076852415355,0.0650138301055433,0.0648208974550133,0.0646288832651571,0.0644377834977932,0.064247594102117,0.0640583110154649,0.0638699301640728,0.0636824474638266,0.0634958588210055,0.0633101601330179,0.0631253472891284,0.0629414161711761,0.0627583626542847,0.0625761826075621,0.0623948718947912,0.0622144263751101,0.0620348419036831,0.0618561143323599,0.0616782395103253,0.0615012132847381,0.0613250315013576,0.061149690005161,0.0609751846409486,0.0608015112539366,0.0606286656903407,0.0604566437979467,0.0602854414266693,0.0601150544291007,0.0599454786610461,0.0597767099820488,0.0596087442559024,0.0594415773511527,0.0592752051415873,0.0591096235067132,0,0.111777057361285,0.111373898143332,0.110976823187648,0.110581459419143,0.11018766126094,0.109796097159621,0.109407741366296,0.109023542856481,0.108644238688063,0.108270291048927,0.107901898788493,0.10753904254668,0.107181538683668,0.106829089687858,0.106481326255044,0.106137840135571,0.105798208593707,0.105462011923605,0.105128845516092,0.104798327792693,0.104470105079129,0.104143854253179,0.103819283799134,0.103496133739345,0.103174174789248,0.102853206989337,0.102533057998978,0.10221358118683,0.101894653615972,0.10157617399509,0.101258060647342,0.100940249533948,0.100622692358596,0.100305354770527,0.0999882146778476,0.0996712606778174,0.0993544906071241,0.0990379102123359,0.0987215319385352,0.098405373832511,0.0980894585556882,0.0977738125011227,0.097458465008329,0.0971434476693649,0.0968287937194546,0.096514537505418,0.0962007140252883,0.0958873585326943,0.0955745061998478,0.0952621918332828,0.0949504496368413,0.0946393130167505,0.0943288144240142,0.0940189852297063,0.0937098556291162,0.0934014545710556,0.0930938097089668,0.0927869473708014,0.0924808925449382,0.0921756688796945,0.0918712986942483,0.091567802999033,0.0912652015238908,0.0909635127524753,0.0906627539615826,0.090362941264256,0.0900640896556655,0.0897662130609013,0.0894693243839394,0.089173435557154,0.0888785575908433,0.0885847006223264,0.0882918739642446,0.0880000861517645,0.0877093449884474,0.0874196575905909,0.0871310304299023,0.0868434693743961,0.0865569797274447,0.086271566264939,0.0859872332705364,0.0857039845690017,0.0854218235576537,0.0851407532359529,0.0848607762332713,0.0845818948348975,0.0843041110063362,0.084027426415967,0.0837518424561314,0.0834773602627199,0.0832039807333322,0.0829317045440842,0.0826605321651371,0.0823904638750198,0.0821214997738187,0.0818536397953044,0.081586883718064,0.0813212311757053,0.0810566816661963,0.0807932345604019,0.0805308891098759,0.0802696444539636,0.0800094996262686,0.0797504535605335,0.0794925050959811,0.0792356529821624,0.0789798958833511,0.0787252323825251,0.0784716609849716,0.0782191801215499,0.0779677881516426,0.0777174833658277,0.0774682639882952,0.0772201281790376,0.0769730740358347,0.0767270995960559,0.0764822028382998,0.0762383816838887,0.0759956339982361,0.0757539575921005,0.0755133502227418,0.0752738095949914,0.0750353333622477,0.0747979191274084,0.0745615644437481,0.0743262668157498,0.074092023699899,0.0738588325054449,0.0736266905951375,0.0733955952859445,0.0731655438497519,0.0729365335140552,0.0727085614626418,0.0724816248362697,0.0722557207333445,0.0720308462105975,0.071806998283766,0.0715841739282785,0.0713623700799449,0.0711415836356541,0.0709218114540787,0.0707030503563879,0.0704852971269686,0.0702685485141564,0.0700528012309737,0.069838051955878,0.069624297333518,0.0694115339754983,0.0691997584611521,0.068988967338321,0.0687791571241423,0.0685703243058426,0.0683624653415369,0.0681555766610335,0.0679496546666427,0.0677446957339903,0.067540696212833,0.0673376524278779,0.0671355606796019,0.0669344172450739,0.0667342183787762,0.0665349603134252,0.0663366392607929,0.0661392514125246,0.0659427929409557,0.0657472599999244,0.0655526487255818,0.0653589552371971,0.0651661756379583,0.0649743060157676,0.0647833424440307,0.06459328098244,0.064404117677751,0.0642158485645513,0.0640284696660219,0.0638419769946901,0.0636563665531748,0.063471634334922,0.0632877763249315,0.0631047885004748,0.0629226668318015,0.0627414072828376,0.0625610058118728,0.0623814583722367,0.0622027609129655,0.0620249093794567,0.0618478997141138,0.0616717278569795,0.0614963897463571,0.0613218813194214,0.0611481985128178,0.0609753372632499,0.0608032935080551,0.0606320631857695,0.0604616422366804,0.0602920266033676,0.0601232122312327,0.059955195069017,0.0597879710693078,0.0596215361890333,0,0.112089962930401,0.111701135205103,0.111315756203554,0.110930588631922,0.110546165486285,0.110163282525322,0.109782840537757,0.109405719680339,0.109032652850707,0.108664158521043,0.108300530267112,0.107941860661965,0.107588079899362,0.107238996851863,0.106894336320292,0.10655377005418,0.106216941196663,0.105883482774976,0.105553031204736,0.105225235809312,0.104899765250297,0.10457631161454,0.104254592752087,0.103934353326783,0.103615364932409,0.103297425541464,0.102980358487651,0.102664011133075,0.102348253333395,0.102032975785882,0.101718088323937,0.101403518205462,0.101089208430172,0.100775116111421,0.100461210920795,0.100147473618004,0.0998338946740964,0.0995204729925465,0.0992072147299667,0.0988941322161069,0.098581242971132,0.0982685688169409,0.0979561350783824,0.0976439698695814,0.0973321034601704,0.0970205677159806,0.0967093956086474,0.0963986207886016,0.0960882772160209,0.0957783988444905,0.0954690193523406,0.0951601719168902,0.0948518890271074,0.0945442023304903,0.0942371425102765,0.0939307391893909,0.0936250208578341,0.0933200148205049,0.0930157471627214,0.0927122427309714,0.0924095251266629,0.0921076167108819,0.0918065386183752,0.0915063107791736,0.091206951946458,0.0909084797294297,0.090610910630106,0.0903142600830951,0.090018542497531,0.0897237713004622,0.089429958981086,0.0891371171353135,0.0888452565102299,0.0885543870480831,0.088264517929502,0.0879756576156963,0.0876878138894411,0.0874009938946919,0.0871152041747122,0.0868304507086272,0.0865467389463468,0.0862640738418224,0.0859824598846236,0.0857019011298373,0.0854224012263061,0.0851439634432336,0.0848665906951955,0.084590285565602,0.0843150503286624,0.0840408869699092,0.0837677972053406,0.0834957824992442,0.0832248440807639,0.0829549829592757,0.0826861999386354,0.0824184956303617,0.0821518704658173,0.0818863247074499,0.0816218584591507,0.0813584716757895,0.0810961641719821,0.0808349356301406,0.0805747856078612,0.0803157135446952,0.0800577187683507,0.079800800500368,0.0795449578613107,0.0792901898755113,0.0790364954754074,0.0787838735055036,0.0785323227259917,0.0782818418160574,0.0780324293769042,0.0777840839345191,0.0775368039422042,0.0772905877828978,0.0770454337713051,0.0768013401558579,0.0765583051205207,0.0763163267864611,0.0760754032135966,0.0758355324020344,0.0755967122934153,0.0753589407721728,0.0751222156667193,0.0748865347505672,0.0746518957433945,0.0744182963120623,0.0741857340715909,0.0739542065861015,0.073723711369728,0.0734942458875048,0.0732658075562348,0.0730383937453405,0.072812001777704,0.0725866289304952,0.0723622724359952,0.0721389294824135,0.0719165972147022,0.0716952727353699,0.0714749531052945,0.0712556353445379,0.071037316433162,0.0708199933120482,0.0706036628837192,0.0703883220131645,0.0701739675286701,0.0699605962226512,0.0697482048524889,0.0695367901413712,0.0693263487791355,0.0691168774231165,0.0689083726989954,0.0687008312016514,0.0684942494960158,0.0682886241179275,0.0680839515749883,0.0678802283474203,0.0676774508889219,0.0674756156275234,0.0672747189664416,0.0670747572849327,0.066875726939142,0.066677624262952,0.0664804455688257,0.0662841871486468,0.0660888452745548,0.0658944161997762,0.0657008961594481,0.0655082813714382,0.0653165680371561,0.0651257523423596,0.0649358304579526,0.0647467985407751,0.0645586527343861,0.0643713891698371,0.0641850039664371,0.0639994932325085,0.0638148530661338,0.0636310795558919,0.0634481687815855,0.0632661168149568,0.0630849197203948,0.0629045735556296,0.0627250743724184,0.0625464182172179,0.0623686011318483,0.0621916191541438,0.0620154683185927,0.0618401446569667,0.0616656441989375,0.0614919629726821,0.0613190970054773,0.0611470423242811,0.0609757949563041,0.0608053509295675,0.0606357062734505,0.0604668570192256,0.0602987992005825,0.06013152885414,0,0.112359084799631,0.111988372550539,0.111615968729964,0.111242118884257,0.110868235917678,0.11049528741662,0.110124103472675,0.109755470036056,0.109390077856548,0.109028463455319,0.108670983261651,0.108317818475095,0.107968998109284,0.10762442935423,0.107283928380283,0.106947248030669,0.106614101009222,0.106284178383843,0.105957163817842,0.105632744168399,0.105310617124972,0.104990496503121,0.104672115717976,0.10435522986574,0.104039616754503,0.103725077152007,0.103411434458244,0.10309853396356,0.10278624181607,0.102474443793692,0.102163043954069,0.101851963218596,0.101541137933521,0.101230518440714,0.100920067682557,0.100609759858934,0.100299579149184,0.0999895185077732,0.099679578539201,0.09936976645503,0.09906009511392,0.0987505821439145,0.0984412491450077,0.0981321209690884,0.0978232250736743,0.0975145909453818,0.0972062495887686,0.0968982330760215,0.0965905741529045,0.0962833058964136,0.095976461419683,0.0956700736198389,0.0953641749646857,0.0950587973143258,0.0947539717740449,0.0944497285750441,0.0941460969798393,0.0938431052094018,0.0935407803893502,0.0932391485127397,0.092938234417219,0.0926380617745357,0.0923386530905718,0.0920400297142814,0.0917422118540701,0.0914452186003245,0.0911490679529424,0.0908537768528543,0.0905593612166478,0.0902658359735217,0.0899732151038967,0.0896815116791017,0.0893907379016393,0.0891009051456047,0.0888120239969013,0.0885241042929531,0.0882371551616656,0.0879511850594353,0.0876662018080441,0.0873822126303139,0.0870992241844253,0.0868172425968302,0.0865362734937137,0.0862563220309784,0.0859773929227393,0.085699490468337,0.0854226185778816,0.0851467807963561,0.0848719803263114,0.0845982200491931,0.0843255025453473,0.0840538301127525,0.08378320478453,0.0835136283452885,0.0832451023463557,0.0829776281199543,0.0827112067923777,0.0824458392962204,0.0821815263817173,0.0819182686272457,0.0816560664490424,0.0813949201101834,0.0811348297288782,0.0808757952861228,0.0806178166327565,0.0803608934959649,0.0801050254852703,0.0798502120980474,0.0795964527245994,0.0793437466528313,0.0790920930725501,0.0788414910794251,0.0785919396786326,0.078343437788217,0.0780959842421883,0.0778495777933821,0.0776042171161025,0.0773599008085689,0.0771166273951835,0.0768743953286392,0.0766332029918809,0.0763930486999375,0.0761539307016362,0.0759158471812123,0.0756787962598253,0.0754427759969926,0.0752077843919483,0.0749738193849387,0.0747408788584586,0.0745089606384388,0.0742780624953891,0.0740481821455034,0.0738193172517312,0.073591465424822,0.0733646242243445,0.0731387911596849,0.0729139636910288,0.0726901392303282,0.0724673151422561,0.0722454887451512,0.0720246573119553,0.0718048180711436,0.0715859682076496,0.0713681048637874,0.071151225140169,0.0709353260966211,0.0707204047530991,0.0705064580906,0.0702934830520747,0.0700814765433393,0.0698704354339851,0.0696603565582891,0.0694512367161228,0.0692430726738603,0.0690358611652856,0.068829598892498,0.0686242825268162,0.0684199087096804,0.0682164740535519,0.06801397514281,0.0678124085346456,0.0676117707599516,0.0674120583242092,0.0672132677083697,0.0670153953697312,0.0668184377428109,0.0666223912402107,0.0664272522534775,0.0662330171539565,0.0660396822936381,0.0658472440059968,0.0656556986068233,0.0654650423950475,0.0652752716535549,0.065086382649992,0.0648983716375648,0.0647112348558266,0.0645249685314572,0.0643395688790313,0.0641550321017779,0.0639713543923284,0.0637885319334549,0.0636065608987974,0.0634254374535803,0.0632451577553176,0.0630657179545075,0.062887114195315,0.062709342616243,0.062532399350793,0.0623562805281129,0.0621809822736334,0.0620065007096938,0.0618328319561538,0.061659972130996,0.0614879173509146,0.0613166637318931,0.0611462073897705,0.0609765444407947,0.0608076710021652,0.0606395831925631,0,0.112584470554488,0.112233981838462,0.111875496110382,0.111514028869097,0.111151881179282,0.110790158055588,0.110429601994292,0.110070882670935,0.109714618905683,0.10936133353918,0.109011417438368,0.108665118032867,0.108322547399935,0.107983701360507,0.107648482763707,0.107316724682188,0.106988211279092,0.106662695442547,0.106339913053812,0.106019594146369,0.105701471375446,0.10538528625294,0.105070793575013,0.104757764415556,0.104445987998186,0.104135272702041,0.103825446406587,0.10351635633875,0.103207868551679,0.102899867137156,0.102592253252004,0.102284944021617,0.101977871370144,0.101670980815944,0.101364230262268,0.101057588806134,0.100751035582724,0.100444558658086,0.100138153979218,0.0998318243876447,0.0995255787001675,0.0992194308585651,0.0989133991484652,0.0986075054864242,0.0983017747733175,0.0979962343114511,0.097690913282301,0.0973858422814411,0.0970810529070018,0.0967765773978926,0.0964724483179939,0.0961686982825619,0.0958653597231863,0.0955624646877669,0.0952600446721399,0.0949581304801626,0.0946567521092593,0.0943559386586308,0.0940557182575354,0.093756118011245,0.0934571639624842,0.0931588810663442,0.0928612931768494,0.0925644230435275,0.0922682923164943,0.0919729215587204,0.0916783302642869,0.0913845368815685,0.0910915588404055,0.0907994125824333,0.0905081135938443,0.090217676439945,0.0899281148009566,0.0896394415085825,0.0893516685829347,0.0890648072694679,0.0887788680756321,0.0884938608069936,0.0882097946026237,0.0879266779695907,0.0876445188164211,0.0873633244854296,0.087083101783839,0.0868038570136359,0.0865255960001255,0.0862483241191649,0.085972046323071,0.0856967671652055,0.0854224908232569,0.0851492211212386,0.0848769615502381,0.0846057152879494,0.0843354852170317,0.0840662739423357,0.083798083807044,0.0835309169077741,0.0832647751086888,0.0829996600546689,0.0827355731835892,0.0824725157377542,0.0822104887745341,0.081949493176253,0.0816895296593714,0.0814305987830087,0.0811727009568473,0.0809158364484596,0.0806600053900974,0.0804052077849797,0.0801514435131163,0.0798987123366994,0.0796470139050966,0.0793963477594746,0.079146713337083,0.0788981099752239,0.0786505369149343,0.0784039933044027,0.0781584782021447,0.0779139905799557,0.0776705293256612,0.0774280932456833,0.0771866810674384,0.0769462914415822,0.0767069229441171,0.0764685740783738,0.0762312432768799,0.0759949289031265,0.0757596292532436,0.0755253425575926,0.0752920669822853,0.0750598006306368,0.0748285415445601,0.0745982877059081,0.0743690370377689,0.0741407874057204,0.0739135366190486,0.0736872824319333,0.0734620225446063,0.0732377546044842,0.07301447620728,0.0727921848980959,0.0725708781724984,0.0723505534775802,0.0721312082130087,0.0719128397320636,0.071695445342665,0.0714790223083921,0.0712635678494957,0.0710490791439022,0.0708355533282133,0.0706229874986987,0.0704113787122839,0.0702007239875337,0.0699910203056303,0.0697822646113474,0.0695744538140192,0.0693675847885052,0.0691616543761507,0.0689566593857411,0.0687525965944539,0.0685494627488025,0.0683472545655774,0.0681459687327796,0.0679456019105499,0.0677461507320903,0.0675476118045812,0.0673499817100893,0.0671532570064701,0.0669574342282627,0.0667625098875764,0.0665684804749702,0.0663753424603228,0.066183092293695,0.0659917264061825,0.0658012412107608,0.0656116331031183,0.0654228984624825,0.0652350336524341,0.0650480350217122,0.0648618989050083,0.0646766216237505,0.0644921994868762,0.0643086287915942,0.0641259058241356,0.063944026860494,0.0637629881671529,0.0635827860018032,0.0634034166140482,0.0632248762460962,0.0630471611334436,0.0628702675055433,0.0626941915864634,0.0625189295955324,0.0623444777479735,0.0621708322555262,0.0619979893270564,0.0618259451691538,0.0616546959867177,0.0614842379835313,0.0613145673628228,0.0611456803278157,0,0.112766922806266,0.112436316452511,0.112092310704716,0.111744259456455,0.111395097590916,0.111045950904649,0.110697435973087,0.110350086002375,0.110004426193105,0.109660941406614,0.109320033356822,0.108981995596513,0.108647007941635,0.108315144437993,0.107986388605008,0.107660651339822,0.107337788629589,0.10701761756095,0.106699929992708,0.106384503773683,0.106071111659842,0.105759528206159,0.105449534943671,0.105140924141925,0.104833501425907,0.104527087478509,0.10422151902178,0.103916649235963,0.103612347745833,0.10330850027912,0.10300500808154,0.102701787156345,0.102398767382827,0.102095891557292,0.101793114391071,0.101490401492885,0.101187728356901,0.100885079372948,0.100582446871315,0.100279830211282,0.0999772349198026,0.0996746718845719,0.0993721566038822,0.0990697084942662,0.0987673502557417,0.0984651072935901,0.0981630071948986,0.0978610792575819,0.0975593540692244,0.097257863132833,0.0969566385364398,0.096655712663419,0.0963551179403781,0.0960548866195259,0.0957550505925045,0.095455641232786,0.0951566892638698,0.094858224650666,0.0945602765116133,0.0942628730492414,0.0939660414970574,0.0936698080807969,0.0933741979922451,0.0930792353739874,0.0927849433135959,0.0924913438459025,0.0921984579621411,0.0919063056248638,0.0916149057876561,0.0913242764187795,0.0910344345279713,0.0907453961957214,0.0904571766044275,0.0901697900709091,0.0898832500798249,0.0895975693176037,0.0893127597065525,0.0890288324388554,0.088745798010224,0.0884636662529968,0.0881824463685217,0.0879021469586878,0.0876227760564987,0.0873443411556049,0.0870668492387327,0.086790306804967,0.0865147198958586,0.086240094120344,0.0859664346784728,0.0856937463839519,0.0854220336855201,0.0851513006871764,0.0848815511672903,0.0846127885966242,0.0843450161553066,0.0840782367487922,0.0838124530228509,0.0835476673776268,0.0832838819808105,0.0830210987799665,0.0827593195140605,0.0824985457242277,0.0822387787638241,0.0819800198078029,0.0817222698614556,0.0814655297685552,0.0812098002189416,0.0809550817555825,0.0807013747811465,0.0804486795641202,0.0801969962445016,0.0799463248390981,0.0796966652464611,0.0794480172514791,0.0792003805296597,0.0789537546511201,0.0787081390843123,0.0784635331995008,0.0782199362720153,0.0779773474852954,0.077735765933744,0.077495190625408,0.0772556204844977,0.0770170543537621,0.0767794909967308,0.0765429290998349,0.0763073672744185,0.0760728040586505,0.0758392379193455,0.0756066672537031,0.0753750903909735,0.0751445055940559,0.0749149110610366,0.0746863049266731,0.0744586852638294,0.0742320500848666,0.0740063973429952,0.0737817249335911,0.0735580306954801,0.073335312412194,0.0731135678132006,0.0728927945751112,0.0726729903228672,0.0724541526309076,0.0722362790243204,0.0720193669799784,0.0718034139276602,0.0715884172511599,0.0713743742893844,0.0711612823374396,0.0709491386477066,0.0707379404309088,0.0705276848571696,0.0703183690570615,0.0701099901226471,0.0699025451085116,0.0696960310327877,0.0694904448781724,0.0692857835929364,0.0690820440919255,0.0688792232575533,0.0686773179407875,0.0684763249621268,0.0682762411125704,0.0680770631545786,0.0678787878230252,0.0676814118261412,0.0674849318464488,0.0672893445416879,0.0670946465457314,0.0669008344694924,0.0667079049018205,0.0665158544103891,0.066324679542572,0.0661343768263095,0.0659449427709649,0.0657563738681686,0.0655686665926529,0.0653818174030749,0.0651958227428281,0.0650106790408432,0.0648263827123765,0.0646429301597877,0.0644603177733049,0.0642785419317785,0.0640975990034228,0.0639174853465456,0.0637381973102656,0.0635597312352178,0.0633820834542467,0.0632052502930873,0.0630292280710334,0.0628540131015938,0.0626796016931368,0.0625059901495215,0.0623331747707174,0.0621611518534114,0.0619899176916026,0.0618194685771858,0.061649800800521,0,0.112906984192877,0.112593558166418,0.112264291906756,0.111930719189985,0.111595883249808,0.111260746493629,0.110925745244134,0.110591258781155,0.11025770528736,0.109925515389961,0.109595083869363,0.109266733681021,0.108940698498272,0.108617120298574,0.108296056574963,0.107977492546458,0.107661355143831,0.107347526799055,0.107035857979929,0.106726178007524,0.106418304050883,0.106112048388167,0.105807224116069,0.105503649521742,0.105201151330844,0.104899567028251,0.104598746424349,0.104298552614901,0.103998862458996,0.103699566678684,0.103400569665881,0.103101789066922,0.102803155202358,0.102504610369045,0.102206108062701,0.101907612151823,0.101609096027754,0.101310541750585,0.10101193920639,0.100713285287716,0.100414583106354,0.100115841244945,0.0998170730519894,0.0995182959831418,0.0992195309903521,0.0989208019593046,0.0986221351947482,0.0983235589526267,0.0980251030174042,0.0977267983225845,0.0974286766121591,0.0971307701405254,0.0968331114083204,0.0965357329315618,0.0962386670415013,0.095941945712634,0.0956456004163856,0.0953496619980947,0.0950541605750241,0.094759125453256,0.094464585061465,0.0941705668996906,0.0938770975013745,0.0935842024070587,0.0932919061482744,0.0930002322402768,0.092709203182405,0.0924188404649585,0.092129164581594,0.0918401950463445,0.0915519504144601,0.0912644483063565,0.0909777054340375,0.0906917376294353,0.0904065598741752,0.0901221863303396,0.0898386303718562,0.0895559046161913,0.0892740209560724,0.0889929905910047,0.0887128240583863,0.0884335312640562,0.0881551215121402,0.0878776035340859,0.0876009855168,0.0873252751298209,0.0870504795514778,0.0867766054940039,0.0865036592275798,0.0862316466033011,0.0859605730750679,0.0856904437204067,0.0854212632602378,0.0851530360776109,0.084885766235433,0.0846194574932199,0.084354113322901,0.0840897369237146,0.0838263312362267,0.0835638989555143,0.0833024425435475,0.083041964240811,0.0827824660772015,0.0825239498822407,0.082266417294638,0.0820098697712426,0.0817543085954178,0.0814997348848736,0.0812461495989901,0.0809935535456629,0.0807419473877031,0.0804913316488197,0.0802417067192125,0.0799930728608032,0.0797454302121289,0.0794987787929228,0.0792531185084036,0.0790084491532969,0.0787647704156072,0.0785220818801586,0.0782803830319256,0.0780396732591658,0.0777999518563737,0.0775612180270686,0.07732347088643,0.0770867094637933,0.0768509327050179,0.0766161394747374,0.0763823285585036,0.0761494986648312,0.0759176484271539,0.075686776405699,0.0754568810892866,0.0752279608970623,0.0750000141801669,0.0747730392233509,0.0745470342465371,0.0743219974063375,0.0740979267975268,0.0738748204544783,0.0736526763525641,0.0734314924095235,0.0732112664868022,0.0729919963908647,0.0727736798744823,0.0725563146379981,0.0723398983305726,0.0721244285514086,0.0719099028509592,0.0716963187321194,0.071483673651402,0.0712719650200984,0.0710611902054268,0.0708513465316664,0.0706424312812794,0.0704344416960214,0.0702273749780392,0.0700212282909581,0.0698159987609581,0.069611683477839,0.0694082794960748,0.0692057838358572,0.0690041934841296,0.0688035053956093,0.0686037164937998,0.0684048236719927,0.0682068237942578,0.0680097136964246,0.0678134901870506,0.0676181500483804,0.0674236900372933,0.0672301068862391,0.0670373973041641,0.0668455579774239,0.0666545855706868,0.0664644767278235,0.0662752280727865,0.0660868362104773,0.0658992977276015,0.0657126091935118,0.0655267671610393,0.0653417681673119,0.0651576087345608,0.0649742853709151,0.0647917945711825,0.0646101328176192,0.0644292965806858,0.0642492823197914,0.0640700864840253,0.0638917055128748,0.0637141358369319,0.0635373738785863,0.0633614160527056,0.0631862587673042,0.0630118984241971,0.0628383314196444,0.0626655541449796,0.0624935629872286,0.0623223543297139,0.0621519245526476,0,0.113003753180763,0.112703557382973,0.112389209247384,0.112071300101804,0.111752259887131,0.111432669398542,0.111112726292754,0.110792644251697,0.110472729917467,0.110153351830368,0.109834886472425,0.109517673649734,0.109201989259822,0.108888033749891,0.108575931784232,0.108265738741232,0.107957450676308,0.107651015479992,0.107346343845768,0.107043319292419,0.106741806897904,0.106441660652924,0.106142729483891,0.105844862066293,0.105547910578111,0.105251733547268,0.104956197938568,0.104661180611113,0.10436656926086,0.104072262946805,0.103778172284427,0.103484219376797,0.103190337542274,0.10289647088789,0.102602573769106,0.102308610169539,0.102014553028193,0.101720383536642,0.101426090424281,0.101131669246096,0.100837121684325,0.100542454872759,0.10024768075028,0.099952815448357,0.0996578787157532,0.0993628933824009,0.0990678848634116,0.0987728807033426,0.0984779101601907,0.0981830038280715,0.0978881932971458,0.0975935108490699,0.0972989891860396,0.0970046611913679,0.096710559719461,0.0964167174130337,0.0961231665454139,0.0958299388858335,0.0955370655856616,0.0952445770836278,0.0949525030281704,0.0946608722151538,0.0943697125393081,0.0940790509578531,0.0937889134648838,0.0934993250752049,0.0932103098164058,0.0929218907280794,0.0926340898671774,0.0923469283185991,0.0920604262101917,0.0917746027314282,0.0914894761551055,0.0912050638614747,0.0909213823642877,0.0906384473382976,0.090356273647814,0.0900748753759598,0.0897942658543236,0.0895144576927475,0.089235462809021,0.0889572924582915,0.0886799572620311,0.0884034672364234,0.0881278318200628,0.0878530599008771,0.0875791598422042,0.0873061395079688,0.0870340062869237,0.0867627671159269,0.0864924285022416,0.0862229965448531,0.0859544769548059,0.0856868750745688,0.0854201958964456,0.0851544440800488,0.0848896239688623,0.0846257396059179,0.0843627947486165,0.084100792882724,0.0838397372355746,0.0835796307885164,0.0833204762886294,0.0830622762597551,0.0828050330128666,0.0825487486558166,0.0822934251024942,0.0820390640814238,0.0817856671438371,0.0815332356712503,0.0812817708825729,0.0810312738407807,0.0807817454591772,0.0805331865072711,0.0802855976162944,0.0800389792843852,0.0797933318814577,0.0795486556537815,0.0793049507282892,0.0790622171166324,0.078820454719005,0.0785796633277487,0.0783398426307592,0.0781009922147052,0.0778631115680778,0.0776262000840801,0.0773902570633709,0.0771552817166744,0.0769212731672646,0.0766882304533361,0.0764561525302704,0.0762250382728036,0.075994886477108,0.075765695862789,0.0755374650748098,0.0753101926853456,0.075083877195575,0.0748585170374141,0.0746341105751959,0.0744106561073022,0.0741881518677492,0.0739665960277327,0.0737459866971347,0.0735263219259945,0.073307599705948,0.0730898179716362,0.0728729746020861,0.0726570674220659,0.0724420942034154,0.0722280526663545,0.0720149404807701,0.0718027552674825,0.0715914945994944,0.0713811560032202,0.0711717369597,0.0709632349057956,0.0707556472353724,0.0705489713004649,0.0703432044124288,0.0701383438430776,0.0699343868258064,0.0697313305567015,0.0695291721956369,0.0693279088673576,0.0691275376625496,0.0689280556388978,0.0687294598221296,0.0685317472070478,0.0683349147585487,0.0681389594126291,0.0679438780773797,0.0677496676339656,0.0675563249375954,0.0673638468184762,0.0671722300827555,0.0669814715134527,0.0667915678713743,0.0666025158960189,0.066414312306468,0.0662269538022636,0.0660404370642742,0.0658547587555452,0.065669915522139,0.0654859039939597,0.0653027207855661,0.0651203624969705,0.0649388257144251,0.0647581070111945,0.0645782029483155,0.0643991100753432,0.0642208249310849,0.0640433440443195,0.0638666639345044,0.0636907811124698,0.0635156920810989,0.0633413933359958,0.0631678813661406,0.0629951526545303,0.0628232036788089,0.0626520309118827,0,0.113054317072389,0.112763724256137,0.112464732222195,0.112163907932126,0.111862303520283,0.111559914476992,0.111256653670109,0.110952567845724,0.110647857291735,0.110342829115062,0.110037836779963,0.109733229009571,0.10942931510557,0.109126345923172,0.108824506892321,0.108523919133464,0.108224645372194,0.107926698247847,0.107630049415059,0.107334638457379,0.107040381068632,0.106747176245597,0.106454912414262,0.106163472515839,0.105872738133768,0.105582592767611,0.10529292436629,0.105003627229717,0.104714603379287,0.104425763487051,0.104137027442292,0.103848324623595,0.103559593934769,0.103270783654258,0.102981851140064,0.102692762425511,0.102403491735419,0.102114020947292,0.1018243390178,0.101534441391183,0.101244329403014,0.10095400969008,0.100663493614821,0.100372796710806,0.100081938154104,0.0997909402639712,0.099499828035172,0.0992086287032615,0.09891737134339,0.0986260865025588,0.0983348058647542,0.0980435619479954,0.0977523878320371,0.0974613169152471,0.0971703826990312,0.096879618598079,0.0965890577746556,0.0962987329951487,0.0960086765070966,0.0957189199349641,0.0954294941929844,0.0951404294134625,0.0948517548890095,0.0945634990272674,0.0942756893167716,0.0939883523026927,0.0937015135712893,0.0934151977419948,0.0931294284661499,0.0928442284314776,0.0925596193714788,0.0922756220790027,0.0919922564233226,0.0917095413701107,0.0914274950037744,0.0911461345516716,0.0908654764097807,0.0905855361694455,0.0903063286448702,0.090027867901071,0.0897501672820374,0.0894732394388873,0.08919709635783,0.0889217493877832,0.0886472092675106,0.0883734861521737,0.0881005896392071,0.0878285287934487,0.0875573121714675,0.0872869478450493,0.0870174434238099,0.0867488060769175,0.0864810425539144,0.0862141592046355,0.0859481619982297,0.0856830565412927,0.0854188480951277,0.0851555415921526,0.0848931416514753,0.0846316525936629,0.0843710784547306,0.0841114229993798,0.0838526897335125,0.0835948819160551,0.0833380025701199,0.0830820544935351,0.0828270402687746,0.0825729622723176,0.082319822683466,0.0820676234926518,0.0818163665092589,0.0815660533689901,0.0813166855408037,0.0810682643334462,0.080820790901605,0.0805742662517056,0.080328691247375,0.0800840666145922,0.079840392946548,0.0795976707082317,0.0793559002407636,0.0791150817654912,0.0788752153878646,0.0786363011011066,0.0783983387896932,0.0781613282326562,0.0779252691067219,0.0776901609892983,0.0774560033613204,0.0772227956099646,0.0769905370312439,0.0767592268324891,0.0765288641347281,0.0762994479749685,0.0760709773083928,0.0758434510104709,0.0756168678789975,0.0753912266360598,0.0751665259299399,0.0749427643369586,0.0747199403632623,0.0744980524465607,0.0742770989578146,0.074057078202882,0.0738379884241216,0.0736198278019585,0.0734025944564151,0.0731862864486082,0.0729709017822149,0.0727564384049101,0.0725428942097759,0.0723302670366857,0.0721185546736638,0.0719077548582217,0.0716978652786729,0.0714888835754263,0.0712808073422596,0.0710736341275736,0.0708673614356283,0.0706619867277602,0.0704575074235832,0.0702539209021719,0.0700512245032288,0.0698494155282358,0.069648491241589,0.0694484488717185,0.0692492856121936,0.0690509986228117,0.0688535850306734,0.0686570419312415,0.0684613663893877,0.0682665554404223,0.0680726060911107,0.0678795153206756,0.0676872800817844,0.067495897301523,0.0673053638823543,0.0671156767030638,0.0669268326196899,0.066738828466441,0.0665516610565978,0.0663653271834016,0.0661798236209293,0.0659951471249528,0.0658112944337862,0.0656282622691177,0.0654460473368278,0.0652646463277942,0.0650840559186816,0.0649042727727194,0.0647252935404632,0.0645471148605452,0.0643697333604088,0.0641931456570307,0.0640173483576287,0.0638423380603568,0.0636681113549859,0.0634946648235723,0.0633219950411117,0.0631500985761809,0,0.113053960268835,0.112771024110436,0.112488478775278,0.11220650965367,0.111924184316957,0.111640779096375,0.111355905820577,0.111069458219045,0.11078154589384,0.110492423476733,0.110202423195695,0.1099118994896,0.109621189366201,0.109330587822134,0.109040335440829,0.108750614761803,0.108461552371288,0.108173224333131,0.107885663260229,0.107598865897255,0.107312800515983,0.107027413727863,0.106742636520874,0.106458389456071,0.106174587036121,0.105891141300919,0.105607964726143,0.105324972508039,0.105042084317213,0.104759225599453,0.104476328494737,0.104193332437985,0.103910184497486,0.103626839499725,0.103343259982703,0.103059416013879,0.102775284903508,0.102490850839518,0.102206104465857,0.101921042422704,0.10163566686375,0.101349984963032,0.10106400842144,0.100777752980985,0.100491237953161,0.100204485766252,0.0999175215351603,0.099630372656293,0.0993430684291295,0.0990556397053775,0.0987681185660182,0.0984805380260585,0.0981929317664233,0.0979053338921216,0.0976177787155954,0.0973303005639949,0.0970429336090099,0.096755711717819,0.096468668323681,0.0961818363146887,0.0958952479392221,0.0956089347266686,0.0953229274220339,0.0950372559331202,0.0947519492890163,0.094467035608718,0.0941825420787681,0.0938984949388843,0.0936149194746157,0.0933318400161455,0.0930492799424284,0.0927672616899217,0.0924858067652365,0.0922049357610957,0.0919246683750502,0.0916450234304568,0.091366018899274,0.0910876719262829,0.0908099988543815,0.0905330152506464,0.0902567359328895,0.0899811749964736,0.0897063458411845,0.089432261197981,0.0891589331554741,0.0888863731860085,0.0886145921712388,0.0883436004271148,0.0880734077282031,0.0878040233312897,0.0875354559982206,0.0872677140179473,0.0870008052277566,0.0867347370336708,0.0864695164300128,0.0862051500181375,0.0859416440243349,0.0856790043169173,0.0854172364225041,0.0851563455415238,0.0848963365629532,0.0846372140783173,0.0843789823949743,0.0841216455487118,0.0838652073156804,0.0836096712236928,0.0833550405629157,0.0831013183959808,0.0828485075675452,0.0825966107133258,0.082345630268635,0.0820955684764452,0.081846427395005,0.0815982089050345,0.0813509147165219,0.0811045463751445,0.080859105268337,0.0806145926310278,0.0803710095510632,0.0801283569743401,0.0798866357096641,0.0796458464333521,0.0794059896935939,0.0791670659145911,0.0789290754004859,0.0786920183390954,0.0784558948054636,0.0782207047652431,0.0779864480779212,0.0777531244998959,0.0775207336874177,0.0772892751994031,0.0770587485001302,0.0768291529618237,0.076600487867139,0.0763727524115504,0.0761459457056511,0.0759200667773722,0.075695114574124,0.0754710879648677,0.0752479857421205,0.0750258066238988,0.074804549255606,0.0745842122118648,0.0743647939983008,0.0741462930532799,0.0739287077496013,0.0737120363961503,0.0734962772395129,0.0732814284655536,0.0730674882009609,0.0728544545147584,0.0726423254197889,0.0724310988741663,0.0722207727827032,0.0720113449983106,0.0718028133233737,0.0715951755111041,0.0713884292668687,0.0711825722494968,0.0709776020725663,0.0707735163056694,0.0705703124756582,0.070367988067871,0.0701665405273407,0.0699659672599832,0.0697662656337693,0.0695674329798786,0.0693694665938357,0.0691723637366293,0.0689761216358158,0.0687807374866047,0.0685862084529284,0.0683925316684963,0.0681997042378319,0.0680077232372944,0.0678165857160853,0.0676262886972377,0.067436829178592,0.0672482041337548,0.0670604105130427,0.0668734452444111,0.0666873052343684,0.0665019873688737,0.0663174885142202,0.0661338055179048,0.0659509352094801,0.0657688744013951,0.0655876198898179,0.0654071684554461,0.0652275168643018,0.0650486618685117,0.0648706002070739,0.0646933286066095,0.0645168437821002,0.0643411424376128,0.0641662212670077,0.0639920769546356,0.0638187061760194,0.0636461055985218,0,0.112996612621711,0.112722112759963,0.112458109074513,0.112197199009354,0.111936215147529,0.111673700619348,0.111408994699915,0.111141871212831,0.110872375522155,0.110600726452309,0.110327242758638,0.110052285912936,0.109776218103016,0.109499374204288,0.109222045408551,0.108944471720874,0.108666840664997,0.108389289983273,0.108111912647237,0.107834762983045,0.107557863112532,0.107281209208537,0.107004777274754,0.106728528303838,0.106452412760537,0.106176374394205,0.105900353418319,0.105624289112169,0.105348121907191,0.10507179502166,0.104795255705056,0.104518456149137,0.104241354117528,0.103963913340184,0.10368610371374,0.103407901343623,0.103129288459177,0.102850253228727,0.1025707894977,0.102290896469474,0.102010578345576,0.101729843939168,0.101448706273394,0.101167182174077,0.100885291864484,0.100603058568289,0.100320508125534,0.10003766862526,0.0997545700574668,0.0994712439862686,0.099187723245421,0.0989040416568162,0.0986202337720907,0.0983363346371067,0.0980523795787788,0.097768404013481,0.0974844432761009,0.0972005324686786,0.0969167063274851,0.0966329991073429,0.0963494444819667,0.0960660754591015,0.0957829243092515,0.095500022506823,0.0952174006825462,0.0949350885860917,0.0946531150578492,0.0943715080088994,0.0940902944082666,0.0938095002766069,0.093529150685543,0.0932492697619236,0.0929698806963402,0.0926910057552937,0.0924126662964581,0.0921348827865385,0.0918576748212723,0.091581061147167,0.0913050596846109,0.091029687552033,0.0907549610908276,0.0904808958907873,0.0902075068158272,0.0899348080298042,0.0896628130222663,0.0893915346339883,0.0891209850821714,0.0888511759852043,0.0885821183869002,0.0883138227801398,0.0880462991298632,0.0877795568953673,0.0875136050518745,0.0872484521113499,0.0869841061425499,0.0867205747902952,0.0864578652939647,0.0861959845052147,0.0859349389049308,0.0856747346194236,0.085415377435884,0.0851568728171153,0.0848992259155616,0.0846424415866552,0.0843865244015034,0.0841314786589418,0.0838773083969754,0.083624017403635,0.0833716092272718,0.0831200871863178,0.082869454378534,0.0826197136897735,0.0823708678022824,0.082122919202563,0.0818758701888206,0.0816297228780187,0.0813844792125622,0.0811401409666305,0.0808967097521801,0.0806541870246363,0.0804125740882915,0.0801718721014296,0.0799320820811904,0.0796932049081931,0.0794552413309307,0.0792181919699532,0.0789820573218498,0.0787468377630448,0.0785125335534196,0.0782791448397703,0.0780466716591135,0.0778151139418492,0.0775844715147911,0.0773547441040716,0.0771259313379321,0.0768980327494038,0.0766710477788881,0.0764449757766428,0.0762198160051789,0.075995567641577,0.0757722297797246,0.0755498014324835,0.075328281533789,0.0751076689406854,0.0748879624353044,0.0746691607267862,0.0744512624531505,0.0742342661831171,0.0740181704178819,0.0738029735928491,0.0735886740793224,0.0733752701861584,0.0731627601613826,0.0729511421937716,0.072740414414402,0.0725305748981681,0.0723216216652693,0.07211355268267,0.0719063658655313,0.0717000590786163,0.071494630137671,0.0712900768107799,0.0710863968196991,0.0708835878411651,0.0706816475081835,0.0704805734112944,0.0702803630998175,0.0700810140830777,0.069882523831609,0.0696848897783402,0.0694881093197612,0.0692921798170698,0.0690970985973008,0.0689028629544368,0.0687094701505002,0.068516917416629,0.0683252019541336,0.0681343209355372,0.067944271505599,0.0677550507823205,0.0675666558579346,0.0673790837998788,0.067192331651752,0.0670063964342542,0.0668212751461104,0.0666369647649797,0.0664534622483463,0.0662707645343967,0.0660888685428802,0.0659077711759545,0.0657274693190153,0.0655479598415111,0.0653692395977433,0.0651913054276496,0.0650141541575749,0.0648377826010256,0.06466218755941,0.0644873658227639,0.0643133141704625,0.0641400293719172,0,0.112875433063116,0.112613619143031,0.112371462836341,0.112134277831823,0.111896907135518,0.111657297876752,0.111414598255047,0.111168516101162,0.110919069166201,0.110666463762144,0.110411018031072,0.110153105793146,0.109893114865401,0.109631417765564,0.109368352958031,0.109104214518577,0.108839248061726,0.108573651006403,0.108307575617364,0.108041133640787,0.107774401690983,0.107507426818379,0.107240231895432,0.106972820605865,0.10670518192531,0.106437294049725,0.106169127771395,0.105900649328585,0.105631822769463,0.105362611877895,0.105092981710783,0.104822899795774,0.104552337035523,0.104281268361218,0.104009673174101,0.103737535609753,0.103464844655956,0.103191594151255,0.102917782687902,0.102643413439686,0.102368493932318,0.102093035771422,0.101817054340908,0.101540568482438,0.101263600164885,0.100986174151092,0.100708317667859,0.100430060083865,0.100151432599194,0.0998724679492528,0.0995932001250927,0.099313664111523,0.0990338956438544,0.098753930983679,0.0984738067137268,0.0981935595515467,0.097913226181531,0.0976328431046224,0.0973524465049098,0.0970720721322216,0.0967917551997622,0.0965115302957974,0.0962314313083786,0.0959514913620977,0.0956717427658776,0.0953922169708314,0.0951129445372572,0.0948339551098765,0.0945552774004716,0.0942769391771225,0.0939989672592989,0.0937213875181092,0.0934442248810636,0.0931675033407558,0.0928912459669168,0.0926154749213432,0.0923402114752447,0.0920654760286008,0.0917912881311546,0.0915176665047117,0.0912446290664454,0.0909721929529446,0.0907003745447682,0.0904291894913013,0.0901586527357314,0.0898887785399881,0.0896195805095092,0.0893510716177196,0.0890832642301211,0.0888161701279136,0.0885498005310759,0.0882841661208549,0.0880192770616131,0.0877551430220066,0.0874917731954627,0.0872291763199437,0.0869673606969847,0.0867063342100013,0.0864461043418669,0.0861866781917678,0.0859280624913402,0.0856702636201067,0.0854132876202221,0.0851571402105502,0.0849018268000854,0.0846473525007444,0.0843937221395456,0.0841409402701993,0.0838890111841322,0.0836379389209682,0.083387727278488,0.0831383798220919,0.0828898998937872,0.0826422906207237,0.0823955549232981,0.0821496955228502,0.0819047149489709,0.0816606155464422,0.08141739948183,0.0811750687497476,0.0809336251788083,0.0806930704372849,0.0804534060384933,0.0802146333459147,0.0799767535780738,0.0797397678131853,0.0795036769935845,0.0792684819299544,0.0790341833053605,0.0788007816791071,0.0785682774904254,0.0783366710620025,0.0781059626033642,0.077876152214117,0.0776472398870618,0.0774192255111847,0.0771921088745339,0.07696588966699,0.076740567482935,0.0765161418238284,0.0762926121006943,0.0760699776365262,0.075848237668614,0.0756273913507983,0.0754074377556558,0.0751883758766207,0.0749702046300457,0.0747529228572046,0.0745365293262431,0.0743210227340769,0.0741064017082429,0.0738926648087043,0.0736798105296133,0.073467837301032,0.0732567434906156,0.0730465274052573,0.0728371872926991,0.0726287213431078,0.0724211276906201,0.0722144044148553,0.0720085495423996,0.071803561048261,0.071599436857297,0.0713961748456153,0.0711937728419503,0.0709922286290124,0.0707915399448148,0.0705917044839763,0.0703927198990014,0.0701945838015375,0.0699972937636109,0.0698008473188418,0.0696052419636371,0.0694104751583646,0.069216544328505,0.0690234468657864,0.0688311801292976,0.0686397414465836,0.0684491281147209,0.068259337401376,0.0680703665458442,0.0678822127600707,0.0676948732296542,0.0675083451148331,0.0673226255514529,0.067137711651918,0.0669536005061258,0.0667702891823838,0.0665877747283101,0.0664060541717179,0.0662251245214827,0.0660449827683943,0.0658656258859923,0.0656870508313858,0.0655092545460572,0.0653322339566517,0.0651559859757493,0.0649805075026235,0.0648057954239844,0.0646318466147061,0,0.112683589472449,0.112442546452118,0.112226728509851,0.112016347703088,0.111805029296227,0.111590414826402,0.111371594548972,0.111148283289439,0.110920516158183,0.110688515242836,0.110452614794927,0.110213209505448,0.109970715826076,0.109725543553497,0.10947807630987,0.109228659503224,0.108977594198783,0.108725135364187,0.108471493138451,0.108216836031488,0.107961295223174,0.107704969362875,0.107447929458697,0.107190223589958,0.106931881281972,0.106672917456716,0.106413335923637,0.106153132408066,0.105892297135517,0.10563081700231,0.105368677369326,0.105105863518174,0.104842361809132,0.104578160578714,0.104313250812376,0.104047626625043,0.103781285579125,0.10351422886665,0.103246461379185,0.102977991686446,0.102708831941857,0.102438997730932,0.102168507876169,0.101897384210138,0.101625651326693,0.101353336318618,0.101080468508645,0.100807079179507,0.100533201307626,0.100258869304076,0.099984118765668,0.0997089862382726,0.0994335089939318,0.0991577248227861,0.0988816718404363,0.0986053883110057,0.0983289124858868,0.0980522824579273,0.0977755360306292,0.0974987106017965,0.0972218430609617,0.0969449696998472,0.0966681261350669,0.0963913472422482,0.0961146671007383,0.0958381189480633,0.0955617351433249,0.0952855471387352,0.0950095854585269,0.0947338796845046,0.0944584584475432,0.0941833494243794,0.0939085793390834,0.0936341739686396,0.0933601581521082,0.0930865558028782,0.0928133899235667,0.092540682623152,0.0922684551359716,0.0919967278422456,0.0917255202898227,0.0914548512168765,0.0911847385753065,0.0909151995546297,0.0906462506061697,0.090377907467375,0.0901101851861202,0.0898430981448616,0.0895766600845383,0.089310884128123,0.089045782803746,0.0887813680673241,0.0885176513246412,0.0882546434528367,0.0879923548212674,0.0877307953117179,0.087469974337939,0.0872099008645054,0.086950583424983,0.0866920301394076,0.0864342487310759,0.0861772465426567,0.0859210305516322,0.0856656073850811,0.0854109833338183,0.0851571643659095,0.084904156139576,0.0846519640155098,0.0844005930686205,0.0841500480992315,0.0839003336437493,0.083651453984825,0.0834034131610305,0.0831562149760694,0.0829098630075447,0.082664360615302,0.0824197109493713,0.0821759169575233,0.081932981392463,0.0816909068186766,0.0814496956189508,0.0812093500005824,0.0809698720012928,0.0807312634948666,0.0804935261965259,0.0802566616680588,0.0800206713227133,0.079785556429871,0.0795513181195132,0.0793179573864922,0.0790854750946177,0.0788538719805705,0.0786231486576532,0.0783933056193873,0.0781643432429666,0.0779362617925747,0.0777090614225753,0.0774827421805831,0.0772573040104203,0.0770327467549695,0.0768090701589252,0.0765862738714524,0.0763643574487561,0.0761433203565685,0.0759231619725576,0.0757038815886616,0.075485478413354,0.0752679515738428,0.0750513001182078,0.0748355230174786,0.0746206191676577,0.0744065873916901,0.0741934264413835,0.0739811349992807,0.0737697116804871,0.0735591550344545,0.0733494635467252,0.0731406356406348,0.0729326696789804,0.0727255639656501,0.07251931674722,0.0723139262145169,0.0721093905041507,0.0719057077000141,0.0717028758347547,0.0715008928912173,0.0712997568038587,0.0710994654601361,0.0709000167018693,0.0707014083265768,0.0705036380887886,0.070306703701334,0.070110602836606,0.0699153331278032,0.0697208921701492,0.0695272775220899,0.0693344867064686,0.0691425172116819,0.0689513664928127,0.0687610319727444,0.0685715110432542,0.0683828010660868,0.0681948993740095,0.0680078032718468,0.0678215100374977,0.0676360169229328,0.0674513211551748,0.0672674199372591,0.0670843104491781,0.0669019898488074,0.0667204552728137,0.0665397038375468,0.0663597326399143,0.0661805387582383,0.0660021192530977,0.0658244711681523,0.0656475915309512,0.0654714773537258,0.0652961256341661,0.0651215333561826,0,0.112415481782235,0.112206726538714,0.112022623384781,0.11184240366216,0.11165966829767,0.111472164147256,0.111279096079553,0.111080272467919,0.110875795906588,0.110665935354139,0.110451060226731,0.110231596804165,0.110007995130907,0.109780703485587,0.109550149644205,0.109316728272041,0.10908079351829,0.108842655734032,0.108602581247488,0.108360794255412,0.108117480062745,0.107872789080612,0.107626841151722,0.107379729903215,0.107131526928841,0.106882285678383,0.106632044986961,0.106380832214965,0.106128665995077,0.105875558599454,0.105621517950305,0.105366549302785,0.105110656631729,0.10485384375435,0.104596115220281,0.10433747699877,0.10407793699082,0.103817505391792,0.103556194927586,0.103294020985196,0.103031001656118,0.102767157708938,0.102502512505413,0.102237091872462,0.101970923940807,0.101704038959429,0.101436469093621,0.101168248213167,0.10089941167608,0.100629996112332,0.100360039211187,0.100089579514968,0.0998186562214717,0.099547308996675,0.0992755777989233,0.099003502715376,0.098731123811165,0.0984584809914443,0.0981856138762833,0.097912561688176,0.0976393631517992,0.0973660564055382,0.0970926789242208,0.0968192674524402,0.0965458579478087,0.0962724855334645,0.0959991844591428,0.0957259880701281,0.0954529287834143,0.0951800380704202,0.0949073464456288,0.0946348834605533,0.0943626777024556,0.0940907567972834,0.0938191474163227,0.0935478752860963,0.0932769652010765,0.0930064410388097,0.0927363257770883,0.0924666415128327,0.0921974094823796,0.0919286500828998,0.0916603828946981,0.0913926267041701,0.09112539952722,0.0908587186329593,0.0905926005675328,0.090327061177934,0.0900621156356911,0.0897977784603195,0.0895340635424532,0.0892709841665793,0.0890085530333124,0.088746782281157,0.0884856835077147,0.0882252677903041,0.0879655457059653,0.087706527350832,0.0874482223588575,0.0871906399198873,0.0869337887970759,0.0866776773436485,0.0864223135190145,0.0861677049042381,0.0859138587168789,0.0856607818252136,0.0854084807618551,0.085156961736783,0.0849062306498045,0.0846562931024624,0.0844071544094098,0.0841588196092702,0.0839112934750026,0.083664580523792,0.0834186850264827,0.083173611016577,0.0829293622988155,0.0826859424573603,0.0824433548635977,0.0822016026835804,0.0819606888851252,0.081720616244584,0.0814813873533049,0.0812430046237985,0.0810054702956258,0.0807687864410212,0.0805329549702664,0.0802979776368268,0.0800638560422649,0.0798305916409419,0.0795981857445203,0.0793666395262775,0.0791359540252419,0.0789061301501615,0.0786771686833132,0.078449070284164,0.0782218354928904,0.0779954647337658,0.0777699583184223,0.0775453164489942,0.0773215392211504,0.0770986266270219,0.0768765785580291,0.0766553948076169,0.0764350750739001,0.076215618962226,0.0759970259876572,0.0757792955773808,0.0755624270730458,0.075346419733034,0.0751312727346671,0.0749169851763536,0.0747035560796787,0.0744909843914395,0.0742792689856282,0.074068408665366,0.0738584021647904,0.0736492481508972,0.0734409452253393,0.0732334919261845,0.0730268867296342,0.0728211280517037,0.0726162142498662,0.0724121436246626,0.0722089144212761,0.0720065248310755,0.0718049729931265,0.0716042569956726,0.0714043748775866,0.0712053246297938,0.0710071041966663,0.070809711477392,0.070613144327316,0.0704174005592571,0.0702224779447987,0.0700283742155562,0.0698350870644195,0.0696426141467735,0.0694509530816941,0.0692601014531236,0.0690700568110225,0.0688808166725014,0.0686923785229304,0.0685047398170282,0.0683178979799313,0.0681318504082423,0.0679465944710588,0.0677621275109829,0.0675784468451114,0.0673955497660076,0.0672134335426532,0.0670320954213838,0.0668515326268042,0.0666717423626877,0.0664927218128568,0.0663144681420469,0.0661369784967521,0.0659602500060561,0.0657842797824441,0.0656090649225998,0,0.112068400407181,0.111905236197582,0.11175855762627,0.111611919836197,0.11146028370527,0.111301968234609,0.111136482691356,0.110963820115819,0.11078420142098,0.110597973688543,0.110405561137592,0.110207433385017,0.11000408023922,0.109795990800331,0.109583636890094,0.109367460942628,0.109147868101639,0.108925221943373,0.108699843092818,0.108472009993273,0.108241961167938,0.108009898427642,0.107775990600097,0.107540377466251,0.107303173681531,0.107064472532781,0.106824349437229,0.10658286513056,0.106340068520262,0.106095999200478,0.10585068963797,0.10560416704731,0.105356454978407,0.10510757464204,0.104857545999935,0.104606388645667,0.10435412250166,0.104100768356087,0.103846348261746,0.103590885817129,0.103334406347979,0.103076937005769,0.102818506797739,0.102559146561394,0.102298888894772,0.102037768052335,0.101775819814962,0.101513081341293,0.101249591006593,0.100985388234289,0.100720513324469,0.100455007282858,0.100188911653093,0.0999222683545486,0.0996551195274282,0.0993875073864229,0.0991194740838446,0.0988510615828392,0.0985823115410117,0.0983132652045856,0.0980439633130348,0.0977744460139846,0.0975047527880684,0.0972349223833349,0.0969649927587398,0.096695001036209,0.096424983460729,0.0961549753679061,0.095885011158427,0.0956151242788604,0.0953453472082451,0.0950757114499292,0.0948062475281436,0.0945369849888167,0.094267952404163,0.093999177380606,0.0937306865696214,0.0934625056811197,0.0931946594990098,0.0929271718986182,0.0926600658656615,0.0923933635164993,0.0921270861194164,0.0918612541167104,0.0915958871473794,0.091331004070231,0.091066622987246,0.0908027612670578,0.0905394355684172,0.0902766618635333,0.0900144554611949,0.0897528310295866,0.0894918026187322,0.0892313836825033,0.0889715871001432,0.0887124251972665,0.0884539097663009,0.0881960520863462,0.0879388629424302,0.087682352644151,0.0874265310436942,0.0871714075532245,0.0869169911616496,0.0866632904507613,0.0864103136107599,0.0861580684551712,0.0859065624351669,0.0856558026533013,0.0854057958766796,0.0851565485495717,0.0849080668054897,0.0846603564787446,0.0844134231155019,0.0841672719843517,0.0839219080864138,0.0836773361649945,0.0834335607148142,0.0831905859908232,0.0829484160166245,0.0827070545925196,0.0824665053031959,0.0822267715250719,0.0819878564333157,0.0817497630085544,0.0815124940432874,0.0812760521480201,0.0810404397571311,0.0808056591344875,0.0805717123788202,0.0803386014288726,0.0801063280683347,0.0798748939305727,0.079644300503167,0.0794145491322677,0.0791856410267767,0.0789575772623686,0.0787303587853551,0.0785039864164053,0.0782784608541275,0.0780537826785202,0.0778299523543002,0.077606970234114,0.0773848365616388,0.0771635514745791,0.0769431150075643,0.0767235270949531,0.076504787573549,0.0762868961852315,0.0760698525795084,0.0758536563159919,0.0756383068668028,0.075423803618907,0.0752101458763876,0.0749973328626532,0.0747853637225903,0.0745742375246579,0.0743639532629285,0.0741545098590792,0.0739459061643329,0.0737381409613538,0.073531212966097,0.0733251208296155,0.0731198631398272,0.0729154384232399,0.0727118451466403,0.0725090817187449,0.072307146491816,0.072106037763243,0.0719057537770909,0.0717062927256166,0.0715076527507541,0.0713098319455693,0.0711128283556855,0.0709166399806812,0.0707212647754586,0.0705267006515866,0.0703329454786166,0.0701399970853726,0.0699478532612166,0.0697565117572891,0.0695659702877256,0.0693762265308496,0.0691872781303428,0.068999122696392,0.0688117578068151,0.0686251810081638,0.068439389816806,0.0682543817199872,0.0680701541768707,0.067886704619558,0.0677040304540893,0.0675221290614235,0.067340997798401,0.0671606339986845,0.066981034973684,0.0668021980134614,0.0666241203876181,0.0664467993461639,0.0662702321203693,0.0660944159235991,0,0.111644059089692,0.11153867791322,0.111434754360242,0.111324916588585,0.111206753961057,0.111079595011345,0.110943431442725,0.110798525206053,0.110645261779034,0.110484094845847,0.110315521797081,0.11014006712754,0.109958266974759,0.109770654221367,0.109577745225121,0.109380029138286,0.109177960232797,0.108971953159727,0.108762380769244,0.108549573985043,0.108333823211367,0.10811538080023,0.107894464184509,0.107671259366448,0.107445924528723,0.107218593601221,0.106989379669844,0.106758378154761,0.106525669716368,0.106291322869593,0.106055396303032,0.105817940910256,0.105579001547693,0.105338618537888,0.105096828939337,0.10485366760506,0.104609168052167,0.104363363163992,0.104116285745345,0.10386796895009,0.10361844659879,0.103367753402607,0.103115925108114,0.102862998576133,0.102609011806293,0.102354003917602,0.102098015094063,0.101841086503179,0.101583260194116,0.101324578981296,0.101065086318333,0.100804826166414,0.100543842860537,0.100282180976402,0.100019885200184,0.0997570002029838,0.0994935705213084,0.0992296404445992,0.0989652539105258,0.09870045440851,0.0984352848917314,0.0981697876976969,0.0979040044773091,0.0976379761322585,0.0973717427604716,0.0971053436092778,0.0968388170359091,0.0965722004749075,0.0963055304119917,0.0960388423639238,0.0957721708639096,0.0955055494520722,0.0952390106705431,0.0949725860627329,0.0947063061763563,0.0944402005698088,0.0941742978215103,0.0939086255418558,0.0936432103874359,0.0933780780772117,0.0931132534103543,0.0928487602854793,0.092584621721032,0.0923208598765971,0.0920574960749317,0.0917945508245344,0.0915320438425873,0.0912699940781219,0.0910084197352772,0.0907473382965329,0.0904867665458171,0.0902267205913965,0.0899672158884744,0.0897082672614284,0.089449888925632,0.0891920945088132,0.0889348970719116,0.0886783091294018,0.0884223426690584,0.0881670091711451,0.0879123196270142,0.0876582845571066,0.0874049140283505,0.0871522176709563,0.0869002046946104,0.0866488839040751,0.0863982637141997,0.086148352164355,0.0858991569323013,0.0856506853475036,0.0854029444039081,0.0851559407721942,0.0849096808115202,0.0846641705807751,0.0844194158493579,0.084175422107498,0.0839321945761348,0.0836897382163738,0.0834480577385373,0.083207157610823,0.0829670420675921,0.0827277151172981,0.0824891805500764,0.0822514419450076,0.0820145026770702,0.0817783659237985,0.0815430346716577,0.0813085117221517,0.081074799697676,0.0808419010471287,0.0806098180512901,0.0803785528279862,0.0801481073370424,0.0799184833850425,0.0796896826298995,0.0794617065852511,0.079234556624686,0.0790082339858121,0.0787827397741737,0.0785580749670259,0.0783342404169737,0.078111236855482,0.0778890648962652,0.0776677250385606,0.0774472176702917,0.0772275430711298,0.0770087014154541,0.0767906927752214,0.0765735171227441,0.076357174333386,0.0761416641881763,0.0759269863763478,0.0757131404978031,0.0755001260655097,0.0752879425078314,0.0750765891707947,0.0748660653202965,0.0746563701442535,0.0744475027546969,0.0742394621898147,0.0740322474159434,0.0738258573295115,0.0736202907589361,0.0734155464664759,0.0732116231500403,0.0730085194449579,0.072806233925705,0.0726047651075952,0.072404111448433,0.0722042713501303,0.0720052431602893,0.0718070251737505,0.0716096156341102,0.0714130127352035,0.071217214622559,0.0710222193948228,0.0708280251051527,0.0706346297625851,0.0704420313333742,0.0702502277423029,0.0700592168739696,0.0698689965740471,0.0696795646505184,0.0694909188748858,0.0693030569833583,0.0691159766780131,0.0689296756279358,0.0687441514703368,0.0685594018116463,0.0683754242285872,0.068192216269226,0.0680097754540044,0.0678280992767478,0.0676471852056557,0.0674670306842713,0.0672876331324312,0.0671089899471963,0.0669310985037635,0.0667539561563593,0.0665775602391141,0,0.11114846887322,0.111109251789409,0.111052303108331,0.110982000307421,0.110899408894531,0.110805186192447,0.110699941882425,0.110584271986213,0.110458762672704,0.110323996997921,0.110180560811835,0.110029043602253,0.109870033959458,0.109704111572683,0.109531838071451,0.109353748508331,0.109170344536698,0.108982089700903,0.108789406823904,0.10859267723457,0.108392241473401,0.108188401099883,0.107981421257537,0.107771533706881,0.107558940095823,0.107343815292645,0.107126310654771,0.106906557145822,0.106684668244324,0.106460742611031,0.106234866499229,0.106007115905052,0.105777558463583,0.105546255102528,0.105313261468947,0.105078629146797,0.104842406684011,0.10460464044809,0.104365375328784,0.104124655305705,0.10388252389766,0.103639024509348,0.103394200689786,0.103148096315549,0.102900755710634,0.102652223713521,0.102402545700823,0.102151767575805,0.101899935729016,0.101647096977339,0.101393298486872,0.101138587684288,0.100883012160582,0.10062661957052,0.100369457530493,0.100111573517021,0.0998530147676966,0.0995938281859794,0.0993340602509346,0.0990737569327143,0.0988129636143503,0.0985517250202216,0.0982900851513899,0.0980280872278571,0.0977657736376863,0.0975031858928328,0.0972403645914632,0.0969773493864813,0.0967141789599427,0.0964508910030051,0.09618752220105,0.0959241082235929,0.0956606837186046,0.0953972823108607,0.0951339366039498,0.0948706781855788,0.0946075376358287,0.0943445445380285,0.0940817274919344,0.0938191141289197,0.0935567311288969,0.0932946042387168,0.0930327582918057,0.0927712172288215,0.0925100041191286,0.0922491411829071,0.0919886498137322,0.0917285506014723,0.0914688633553721,0.0912096071271997,0.0909508002343528,0.0906924602828273,0.0904346041899696,0.0901772482069365,0.0899204079408054,0.08966409837628,0.0894083338969471,0.0891531283060495,0.0888984948467442,0.0886444462218221,0.0883909946128719,0.0881381516988754,0.0878859286742246,0.0876343362661569,0.0873833847516073,0.0871330839734782,0.0868834433563337,0.0866344719215223,0.0863861783017391,0.0861385707550378,0.0858916571783018,0.0856454451201913,0.0853999417935771,0.085155154087477,0.0849110885785114,0.08466775154189,0.0844251489619502,0.0841832865422599,0.0839421697153014,0.0837018036517545,0.0834621932693912,0.0832233432416015,0.0829852580055631,0.0827479417700712,0.0825113985230433,0.082275632038713,0.082040645884528,0.0818064434277634,0.0815730278418669,0.0813404021125456,0.0811085690436085,0.0808775312625756,0.0806472912260654,0.0804178512249706,0.0801892133894347,0.0799613796936363,0.079734351960393,0.0795081318655933,0.0792827209424643,0.0790581205856843,0.0788343320553481,0.0786113564807911,0.0783891948642816,0.0781678480845853,0.0779473169004102,0.0777276019537369,0.0775087037730404,0.0772906227764085,0.0770733592745623,0.0768569134737817,0.0766412854787444,0.0764264752952774,0.0762124828330293,0.0759993079080651,0.0757869502453872,0.0755754094813865,0.0753646851662264,0.0751547767661626,0.0749456836658008,0.0747374051702975,0.0745299405075026,0.0743232888300487,0.0741174492173895,0.0739124206777863,0.073708202150249,0.0735047925064294,0.073302190552471,0.0731003950308152,0.0728994046219674,0.0726992179462219,0.0724998335653495,0.072301249984247,0.0721034656525507,0.0719064789662155,0.0717102882690592,0.0715148918542745,0.0713202879659084,0.0711264748003114,0.0709334505075551,0.0707412131928216,0.0705497609177631,0.0703590917018339,0.0701692035235953,0.069980094321993,0.0697917619976091,0.0696042044138886,0.0694174193983398,0.0692314047437116,0.0690461582091465,0.0688616775213096,0.068677960375495,0.0684950044367099,0.068312807340736,0.0681313666951701,0.0679506800804421,0.0677707450508137,0.0675915591353555,0.0674131198389037,0.0672354246429986,0.0670584710068017,0,0.110590894058524,0.110620593711921,0.110613134453436,0.110584370195625,0.110539045748771,0.110479276134435,0.110406355412915,0.110321248808736,0.110224764201323,0.11011762846244,0.110000526503214,0.109874120391748,0.109739056064694,0.109595962547206,0.109445447342884,0.10928809057749,0.109124439516402,0.108955004311287,0.108780255295644,0.108600621815887,0.108416492405641,0.108228216036064,0.108036104163765,0.10784043332123,0.10764144803343,0.107439363887154,0.107234370620204,0.107026635133116,0.106816304355501,0.106603507922597,0.106388360635821,0.106170964694833,0.105951411698713,0.105729784421044,0.105506158368671,0.105280603137149,0.105053183577861,0.104823960792791,0.104592992973252,0.104360336098672,0.10412604451097,0.103890171379301,0.103652769068972,0.103413889427324,0.103173583998278,0.102931904176195,0.102688901308618,0.102444626756455,0.102199131919207,0.101952468231912,0.10170468713968,0.101455840054867,0.101205978301281,0.100955153049147,0.100703415243983,0.100450815532053,0.100197404184562,0.0999432310224184,0.0996883453429665,0.0994327958498584,0.0991766305869091,0.0989198968765916,0.0986626412636167,0.0984049094638859,0.0981467463189682,0.0978881957561373,0.0976293007539155,0.0973701033129984,0.0971106444323701,0.0968509640903814,0.0965911012305251,0.0963310937516214,0.0960709785021106,0.0958107912781426,0.09555056682515,0.095290338842595,0.0950301399915839,0.094770001905055,0.0945099552002549,0.0942500294932333,0.0939902534150978,0.0937306546297884,0.0934712598531461,0.093212094873064,0.0929531845705284,0.0926945529413696,0.0924362231185594,0.0921782173949067,0.0919205572460155,0.0916632633533835,0.091406355627534,0.0911498532310821,0.0908937746016495,0.0906381374745551,0.0903829589052114,0.0901282552911737,0.089874042393791,0.0896203353594192,0.0893671487401607,0.0891144965141047,0.0888623921050439,0.088610848401652,0.0883598777761084,0.0881094921021631,0.0878597027726354,0.0876105207163466,0.0873619564144871,0.0871140199164219,0.086866720854941,0.0866200684609626,0.0863740715776979,0.0861287386742894,0.0858840778589343,0.0856400968915057,0.0853968031956855,0.0851542038706238,0.0849123057021381,0.0846711151734687,0.084430638475605,0.0841908815171975,0.083951849934071,0.0837135490983544,0.0834759841272424,0.0832391598914021,0.0830030810230418,0.0827677519236533,0.0825331767714449,0.0822993595284742,0.0820663039474983,0.0818340135785519,0.0816024917752651,0.0813717417009342,0.0811417663343563,0.0809125684754385,0.0806841507505927,0.0804565156179258,0.0802296653722356,0.0800036021498209,0.0797783279331152,0.0795538445551524,0.079330153703873,0.079107256926277,0.0788851556324333,0.0786638510993504,0.0784433444747157,0.0782236367805103,0.0780047289165048,0.0777866216636411,0.0775693156873073,0.0773528115405086,0.0771371096669409,0.0769222104039702,0.0767081139855238,0.0764948205448949,0.0762823301174669,0.0760706426433597,0.0758597579700012,0.0756496758546289,0.0754403959667219,0.0752319178903689,0.0750242411265733,0.0748173650954982,0.0746112891386546,0.0744060125210333,0.0742015344331846,0.0739978539932463,0.0737949702489234,0.073592882179419,0.0733915886973208,0.0731910886504427,0.0729913808236245,0.0727924639404896,0.0725943366651634,0.0723969976039531,0.0722004453069899,0.0720046782698352,0.0718096949350514,0.0716154936937387,0.071422072887039,0.0712294308076069,0.0710375657010495,0.070846475767336,0.0706561591621772,0.0704666139983759,0.0702778383471491,0.0700898302394221,0.0699025876670966,0.0697161085842907,0.0695303909085551,0.0693454325220626,0.069161231272773,0.0689777849755749,0.0687950914134021,0.0686131483383282,0.0684319534726383,0.0682515045098773,0.0680717991158777,0.0678928349297649,0.0677146095649427,0.0675371206100563,0,0.109982104142889,0.110077404504462,0.110119917745799,0.11013379088466,0.110126927393277,0.110102800123491,0.110063367754149,0.110009962145704,0.109943615152925,0.109865201628508,0.109775510224706,0.109675279756461,0.109565216489646,0.109446000304512,0.109318284672109,0.109182693695736,0.109039818293157,0.108890212733576,0.108734392136949,0.108572831145717,0.10840596374143,0.108234184053881,0.108057847959443,0.107877275258811,0.107692752241973,0.107504534476831,0.10731284968938,0.107117900633529,0.106919867875196,0.10671891243766,0.106515178273186,0.106308794540131,0.106099877675624,0.105888533261989,0.105674857691032,0.105458939634435,0.105240861331289,0.105020699705569,0.104798527327257,0.104574413231212,0.104348423607801,0.104120622378883,0.103891071672158,0.103659832206129,0.103426963597048,0.103192524598353,0.102956573282183,0.102719167171632,0.102480363331554,0.102240218424871,0.101998788740552,0.101756130198692,0.101512298337418,0.101267348285743,0.101021334725907,0.100774311848204,0.100526333300882,0.100277452137217,0.100027720761566,0.0997771908758158,0.0995259134274084,0.0992739385598466,0.0990213155663835,0.0987680928474129,0.0985143178719187,0.0982600371432143,0.0980052961690891,0.0977501394363894,0.0974946103899869,0.0972387514160274,0.0969826038293057,0.0967262078645758,0.0964696026715809,0.0962128263135649,0.0959559157690192,0.0956989069364095,0.0954418346416264,0.0951847326479051,0.094927633667965,0.0946705693781285,0.0944135704341847,0.0941566664887774,0.0938998862101087,0.0936432573017582,0.0933868065234368,0.0931305597125001,0.0928745418060671,0.0926187768635949,0.0923632880897786,0.0921080978576555,0.0918532277318029,0.0915986984915326,0.0913445301539934,0.0910907419971046,0.0908373525822501,0.0905843797766751,0.0903318407755322,0.0900797521235317,0.0898281297361598,0.0895769889204312,0.0893263443951527,0.0890762103106735,0.0888266002681106,0.0885775273380335,0.0883290040786029,0.0880810425531574,0.0878336543472477,0.0875868505851187,0.087340641945643,0.0870950386777121,0.0868500506150911,0.086605687190748,0.0863619574506655,0.0861188700671473,0.085876433351632,0.085634655267026,0.0853935434395691,0.0851531051702481,0.0849133474457696,0.0846742769491101,0.0844359000696548,0.0841982229129404,0.0839612513100181,0.0837249908264482,0.0834894467709425,0.0832546242036685,0.083020527944227,0.0827871625793195,0.0825545324701153,0.0823226417593335,0.0820914943780511,0.0818610940522487,0.0816314443091069,0.0814025484830621,0.0811744097216357,0.0809470309910437,0.080720415081599,0.0804945646129151,0.08026948203892,0.0800451696526899,0.0798216295911103,0.0795988638393728,0.0793768742353155,0.0791556624736138,0.0789352301098292,0.0787155785643215,0.0784967091260323,0.0782786229561447,0.0780613210916246,0.0778448044486507,0.0776290738259356,0.0774141299079458,0.0771999732680232,0.0769866043714128,0.0767740235782016,0.0765622311461713,0.0763512272335699,0.0761410119018043,0.0759315851180588,0.0757229467578405,0.0755150966074569,0.0753080343664271,0.0751017596498288,0.0748962719905857,0.0746915708416948,0.0744876555783989,0.0742845255003034,0.0740821798334416,0.0738806177322897,0.0736798382817325,0.0734798404989835,0.0732806233354584,0.0730821856786051,0.0728845263536919,0.0726876441255545,0.0724915377003025,0.0722962057269884,0.0721016467992386,0.0719078594568488,0.0717148421873432,0.0715225934275002,0.0713311115648446,0.0711403949391075,0.0709504418436543,0.0707612505268823,0.0705728191935883,0.0703851460063067,0.0701982290866195,0.0700120665164379,0.0698266563392575,0.0696419965613856,0.0694580851531443,0.0692749200500466,0.0690924991539481,0.0689108203341754,0.0687298814286287,0.0685496802448628,0.0683702145611444,0.0681914821274873,0.0680134806666654,0,0.109332333863366,0.109484944738313,0.109575897926925,0.109632534591171,0.109664763341366,0.109677091819635,0.109672033939202,0.109651245137253,0.109615963125047,0.109567203629593,0.10950585707879,0.109432739175556,0.109348617065609,0.109254221557736,0.109150251330273,0.109037372843384,0.108916218338414,0.108787383392211,0.108651424856091,0.108508859576956,0.108360164022087,0.108205774766968,0.108046089721699,0.107881469938345,0.107712241838882,0.107538699717268,0.107361108390575,0.107179705897737,0.106994706167008,0.106806301593449,0.106614665484751,0.106419954347788,0.106222309999361,0.106021861493303,0.105818726862671,0.105613014680583,0.105404825446782,0.105194252809348,0.104981384632552,0.104766303922686,0.104549089624107,0.104329817297712,0.104108559693798,0.103885387230764,0.103660368390526,0.103433570040796,0.103205057693631,0.102974895708887,0.10274314745043,0.102509875402221,0.10227514125061,0.102039005938554,0.101801529696741,0.101562772056061,0.101322791845262,0.101081647177124,0.100839395426038,0.100596093199426,0.100351796305075,0.100106559716118,0.0998604375351062,0.0996134829583223,0.0993657482412981,0.0991172846662582,0.0988681425120651,0.0986183710270803,0.098368018405231,0.0981171317654687,0.0978657571347105,0.0976139394342864,0.0973617224698499,0.0971091489246655,0.0968562603561439,0.09660309719547,0.0963496987501458,0.0960961032092535,0.0958423476512368,0.0955884680539926,0.0953344993070608,0.0950804752257082,0.094826428566699,0.0945723910455561,0.0943183933551237,0.0940644651852489,0.093810635243413,0.0935569312761496,0.093303380091101,0.0930500075795732,0.0927968387394593,0.092543897698416,0.0922912077371821,0.0920387913129451,0.0917866700826635,0.0915348649262694,0.091283395969679,0.0910322826075493,0.0907815435257266,0.0905311967233398,0.0902812595344962,0.0900317486495472,0.0897826801358935,0.0895340694583062,0.0892859314987453,0.0890382805756607,0.0887911304627637,0.0885444944072631,0.0882983851475605,0.0880528149304045,0.0878077955275035,0.0875633382516014,0.0873194539720205,0.0870761531296797,0.0868334457515943,0.0865913414648692,0.086349849510194,0.0861089787548529,0.0858687377052603,0.0856291345190363,0.0853901770166339,0.0851518726925311,0.0849142287260034,0.0846772519914892,0.0844409490685608,0.0842053262515178,0.0839703895586137,0.0837361447409312,0.0835025972909182,0.083269752450599,0.0830376152194727,0.0828061903621111,0.0825754824154696,0.082345495695922,0.0821162343060313,0.0818877021410675,0.0816599028952831,0.0814328400679576,0.0812065169692201,0.0809809367256605,0.0807561022857382,0.0805320164249974,0.0803086817510985,0.0800861007086715,0.0798642755840026,0.079643208509559,0.0794229014683596,0.0792033562982004,0.0789845746957379,0.0787665582204396,0.0785493082984069,0.0783328262260745,0.0781171131737943,0.0779021701893068,0.0776879982011059,0.0774745980217017,0.0772619703507855,0.0770501157783015,0.0768390347874282,0.0766287277574754,0.0764191949666972,0.0762104365950282,0.0760024527267423,0.07579524335304,0.0755888083745656,0.0753831476038581,0.0751782607677368,0.0749741475096257,0.0747708073918181,0.0745682398976836,0.0743664444338207,0.0741654203321548,0.0739651668519861,0.0737656831819864,0.0735669684421494,0.0733690216856935,0.0731718419009205,0.0729754280130301,0.072779778885893,0.0725848933237832,0.0723907700730702,0.0721974078238731,0.072004805211678,0.0718129608189182,0.0716218731765203,0.0714315407654148,0.0712419620180149,0.0710531353196613,0.0708650590100371,0.0706777313845496,0.070491150695685,0.0703053151543313,0.0701202229310741,0.0699358721574631,0.0697522609272533,0.0695693872976176,0.0693872492903346,0.0692058448929502,0.0690251720599147,0.0688452287136953,0.0686660127458649,0.0684875220181675,0,0.10864989327721,0.108848501163322,0.108984698845705,0.109083300941204,0.109154676086532,0.109203870464167,0.109233765723908,0.109246260266498,0.109242759973566,0.109224403236205,0.109192173533648,0.109146959311566,0.109089586389675,0.109020834806448,0.108941446543626,0.108852128037242,0.108753549977611,0.10864634599594,0.1085311112093,0.10840840116096,0.108278731401371,0.10814257777025,0.108000377332361,0.107852529864509,0.107699399770328,0.107541318299164,0.107378585956397,0.107211475008822,0.107040232006521,0.106865080259747,0.106686222224769,0.106503841765787,0.106318106270953,0.106129168609358,0.105937168922798,0.105742236251439,0.105544489996552,0.105344041226374,0.105140993833221,0.104935445551297,0.104727488845476,0.104517211681668,0.104304698189474,0.104090029227609,0.103873282862236,0.103654534767827,0.103433858559629,0.103211326066138,0.102987007549377,0.102760971880068,0.102533286674162,0.102304018396543,0.102073232437112,0.101840993163895,0.101607363957258,0.101372407228849,0.101136184428371,0.100898756040942,0.100660181577338,0.100420519559147,0.100179827500493,0.099938161887745,0.0996955781583806,0.0994521306799531,0.0992078727299215,0.0989628564769489,0.0987171329641256,0.0984707520944562,0.0982237626188469,0.0979762121267392,0.097728147039468,0.0974796126063585,0.0972306529035283,0.0969813108353217,0.096731628138273,0.0964816453874684,0.0962314020051639,0.0959809362714979,0.0957302853371349,0.0954794852376685,0.0952285709096135,0.0949775762078162,0.0947265339241168,0.0944754758071036,0.0942244325828028,0.0939734339761576,0.0937225087331563,0.0934716846434801,0.0932209885635462,0.0929704464398357,0.0927200833323999,0.0924699234384513,0.0922199901159501,0.0919703059071108,0.0917208925617547,0.0914717710604475,0.0912229616373652,0.0909744838028395,0.090726356365539,0.0904785974542502,0.0902312245392262,0.0899842544530771,0.0897377034111809,0.0894915870315959,0.0892459203544626,0.0890007178608849,0.0887559934912837,0.0885117606632186,0.0882680322886768,0.088024820790832,0.0877821381202721,0.0875399957707055,0.0872984047941496,0.0870573758156098,0.0868169190472584,0.0865770443021231,0.0863377610072964,0.0860990782166769,0.0858610046232546,0.0856235485709535,0.0853867180660422,0.0851505207881295,0.0849149641007527,0.0846800550615778,0.0844458004322197,0.0842122066876992,0.0839792800255476,0.0837470263745733,0.083515451403302,0.0832845605281038,0.0830543589210187,0.0828248515172934,0.082596043022639,0.0823679379202239,0.08214054047741,0.0819138547522447,0.0816878845997178,0.0814626336777939,0.0812381054532295,0.0810143032071848,0.080791230040637,0.0805688888796066,0.0803472824802026,0.0801264134334945,0.0799062841702204,0.0796868969653366,0.0794682539424159,0.0792503570779024,0.0790332082052268,0.0788168090187909,0.0786011610778244,0.0783862658101218,0.0781721245156621,0.0779587383701189,0.0777461084282635,0.0775342356272663,0.077323120789901,0.0771127646276549,0.0769031677437501,0.0766943306360781,0.0764862537000523,0.0762789372313811,0.0760723814287653,0.0758665863965213,0.0756615521471353,0.0754572786037488,0.07525376560258,0.0750510128952809,0.0748490201512362,0.0746477869598015,0.0744473128324874,0.0742475972050883,0.0740486394397586,0.0738504388270393,0.0736529945878346,0.0734563058753419,0.0732603717769358,0.0730651913160072,0.0728707634537601,0.0726770870909667,0.0724841610696811,0.0722919841749148,0.0721005551362737,0.0719098726295578,0.0717199352783249,0.0715307416554197,0.0713422902844684,0.0711545796413395,0.0709676081555739,0.070781374211782,0.07059587615101,0.0704111122720776,0.0702270808328847,0.070043780051691,0.0698612081083668,0.0696793631456168,0.0694982432701772,0.0693178465539872,0.0691381710353344,0.0689592147199757,0,0.107940086451638,0.108172934808537,0.108350126113471,0.108489125634238,0.108599156802522,0.108685219246433,0.108750321722596,0.108796496003914,0.10882526223134,0.108837853537096,0.108835331500381,0.10881864898384,0.108788685411697,0.108746266382517,0.108692173915784,0.108627151083607,0.10855190344342,0.108467098863882,0.108373366769206,0.108271297422858,0.108161441587217,0.108044310703977,0.107920377618231,0.107790077798188,0.107653810966505,0.107511943046225,0.107364808325298,0.107212711752424,0.107055931289414,0.106894720258736,0.10672930963803,0.106559910265194,0.106386714927882,0.10620990031987,0.106029628853773,0.105846050325149,0.10565930342746,0.105469517120631,0.105276811858433,0.105081300681675,0.104883090185341,0.104682281368582,0.104478970376781,0.104273249145062,0.104065205952434,0.103854925895532,0.103642491290469,0.103427982010898,0.103211475769799,0.102993048351989,0.102772773803783,0.102550724585641,0.102326971693128,0.102101584750947,0.101874632084315,0.101646180771477,0.101416296680706,0.101185044494719,0.100952487725077,0.100718688718787,0.100483708658993,0.100247607561408,0.100010444267823,0.0997722764378717,0.0995331605399802,0.0992931518422855,0.0990523044041379,0.0988106710686813,0.0985683034568815,0.0983252519632798,0.0980815657536627,0.0978372927647673,0.0975924797060858,0.0973471720637795,0.097101414106675,0.0968552488942842,0.09660871828676,0.0963618629566858,0.0961147224025786,0.0958673349639749,0.0956197378379676,0.0953719670970512,0.0951240577081372,0.0948760435526009,0.0946279574472249,0.0943798311659056,0.0941316954619997,0.0938835800911885,0.0936355138347472,0.0933875245231151,0.0931396390596648,0.0928918834445809,0.0926442827987634,0.0923968613876796,0.0921496426450933,0.0919026491966106,0.0916559028829828,0.091409424783121,0.0911632352367724,0.0909173538668251,0.0906717996012059,0.0904265906943413,0.0901817447481615,0.0899372787326245,0.0896932090057471,0.0894495513331278,0.0892063209069571,0.0889635323645039,0.0887211998060793,0.0884793368124741,0.0882379564618725,0.087997071346244,0.0877566935872205,0.087516834851461,0.087277506365516,0.0870387189301968,0.0868004829344601,0.08656280836882,0.0863257048382953,0.0860891815749064,0.0858532474497324,0.0856179109845413,0.0853831803630045,0.0851490634415105,0.0849155677595886,0.0846827005499559,0.0844504687482009,0.0842188790021158,0.0839879376806892,0.0837576508827737,0.0835280244454376,0.0832990639520151,0.0830707747398647,0.0828431619078485,0.0826162303235421,0.082389984630187,0.0821644292533952,0.081939568407616,0.0817154061023747,0.0814919461482937,0.0812691921629027,0.0810471475762497,0.0808258156363183,0.0806051994142616,0.0803853018094596,0.0801661255544065,0.0799476732194376,0.0797299472173,0.079512949807575,0.0792966831009585,0.0790811490634047,0.0788663495201394,0.0786522861595482,0.0784389605369449,0.0782263740782243,0.0780145280834058,0.0778034237300706,0.0775930620766976,0.0773834440659021,0.0771745705275813,0.0769664421819697,0.0767590596426085,0.0765524234192328,0.076346533920578,0.076141391457111,0.0759369962436867,0.0757333484021344,0.0755304479637754,0.0753282948718746,0.0751268889840299,0.0749262300744986,0.0747263178364666,0.0745271518842592,0.0743287317554978,0.0741310569132027,0.0739341267478448,0.0737379405793477,0.0735424976590412,0.0733477971715682,0.0731538382367468,0.0729606199113879,0.0727681411910707,0.0725764010118772,0.0723853982520853,0.0721951317338254,0.0720056002246958,0.0718168024393448,0.0716287370410143,0.0714414026430501,0.0712547978103778,0.0710689210609453,0.0708837708671338,0.0706993456571369,0.0705156438163093,0.0703326636884852,0.0701504035772687,0.069968861747294,0.0697880364254595,0.0696079258021338,0.0694285280323351,0,0.107205242727008,0.107462399418964,0.107676001284451,0.107853290203184,0.108001015351949,0.108123556796739,0.108223790937664,0.108303757495046,0.108365026295477,0.108408890087512,0.108436468508478,0.108448766789488,0.108446710135097,0.108431164000313,0.108402945679961,0.108362830433786,0.108311554262174,0.108249814782882,0.108178271197646,0.108097543994874,0.108008214779758,0.107910826439837,0.107805883728675,0.107693854270016,0.107575169937779,0.107450228543686,0.107319395756106,0.107183007175228,0.107041370496517,0.106894767703933,0.106743457244685,0.10658767614737,0.106427642054464,0.106263555148207,0.106095599955702,0.1059239470247,0.105748754466069,0.105570169362556,0.105388329046222,0.105203362249006,0.1050153901324,0.104824527203248,0.104630882123345,0.104434558420863,0.104235655111768,0.104034267239292,0.10383048633936,0.103624400839496,0.103416096398424,0.103205656193063,0.102993161159199,0.102778690191633,0.102562320309076,0.102344126788641,0.102124183274283,0.1019025618631,0.101679333173003,0.101454566394851,0.101228329331797,0.10100068842824,0.100771708790472,0.100541454200849,0.100309987127002,0.100077368727458,0.0998436588547496,0.099608916056977,0.0993731975785783,0.0991365593609509,0.0988990560434242,0.0986607409649847,0.0984216661670578,0.0981818823975705,0.097941439116451,0.0977003845026641,0.0974587654628312,0.0972166276414462,0.0969740154326633,0.0967309719936081,0.0964875392591442,0.096243757958006,0.0959996676302045,0.095755306645598,0.0955107122235189,0.0952659204533416,0.0950209663158787,0.0947758837054937,0.0945307054528167,0.0942854633479596,0.094040188164127,0.0937949096815252,0.0935496567114787,0.0933044571206675,0.0930593378554062,0.0928143249658897,0.0925694436303403,0.0923247181789928,0.0920801721178619,0.0918358281522444,0.0915917082099079,0.0913478334639303,0.0911042243551531,0.0908609006142212,0.0906178812831811,0.0903751847366198,0.090132828702323,0.0898908302814419,0.089649205968156,0.0894079716688249,0.0891671427206236,0.0889267339096586,0.0886867594885642,0.0884472331935813,0.0882081682611201,0.0879695774438132,0.0877314730260643,0.0874938668391,0.0872567702755329,0.0870201943034453,0.0867841494800036,0.0865486459646139,0.0863136935316294,0.086079301582622,0.0858454791582292,0.085612234949589,0.0853795773093738,0.0851475142624371,0.0849160535160843,0.0846852024699799,0.084454968225704,0.0842253575959691,0.0839963771135104,0.0837680330396598,0.0835403313726165,0.0833132778554248,0.0830868779836698,0.0828611370129027,0.0826360599658048,0.0824116516391022,0.0821879166102387,0.0819648592438184,0.0817424836978269,0.0815207939296386,0.0812997937018201,0.0810794865877387,0.0808598759769811,0.0806409650805931,0.080422756936146,0.080205254412637,0.0799884602152307,0.079772376889848,0.0795570068276092,0.0793423522691359,0.0791284153087193,0.0789151978983583,0.0787027018516754,0.078490928847712,0.0782798804346107,0.0780695580331877,0.0778599629404004,0.0776510963327132,0.0774429592693677,0.0772355526955576,0.0770288774455156,0.0768229342455139,0.0766177237167807,0.0764132463783378,0.0762095026497607,0.0760064928538653,0.0758042172193228,0.0756026758832057,0.0754018688934673,0.0752017962113582,0.0750024577137799,0.0748038531955788,0.074605982371783,0.0744088448797829,0.0742124402814586,0.0740167680652539,0.0738218276482009,0.0736276183778949,0.0734341395344225,0.0732413903322429,0.0730493699220261,0.0728580773924455,0.0726675117719311,0.0724776720303799,0.0722885570808278,0.0721001657810821,0.0719124969353178,0.0717255492956357,0.0715393215635868,0.0713538123916605,0.0711690203847407,0.0709849441015277,0.0708015820559291,0.0706189327184194,0.0704369945173681,0.0702557658403403,0.070075245035366,0.0698954304121829,0,0.106445163425556,0.106720272180099,0.106966051360138,0.107179244040627,0.107363329659406,0.107521604038378,0.107656570588131,0.107770151555268,0.107863898331639,0.107939124320313,0.10799698370832,0.108038519080017,0.108064691144285,0.108076397541347,0.108074484533833,0.108059753918511,0.108032966772182,0.107994845214845,0.107946073058784,0.107887295958285,0.10781912146869,0.107742119262739,0.107656821633159,0.10756372432772,0.107463287709237,0.107355938201398,0.107242069965417,0.107122046747246,0.106996203836566,0.106864850084081,0.106728269930936,0.106586725411975,0.106440458102275,0.106289690983626,0.106134630213872,0.105975466787539,0.105812378080692,0.105645529276674,0.105475074672406,0.105301158867209,0.105123917837925,0.104943479905413,0.104759966598408,0.104573493421371,0.104384170533246,0.10419210334425,0.103997393037728,0.10380013702402,0.103600429332991,0.103398360951593,0.103194020112465,0.102987492539166,0.102778861653253,0.102568208747975,0.102355613132974,0.102141152253945,0.101924901790851,0.101706935737913,0.101487326468227,0.101266144785562,0.101043459965582,0.100819339788451,0.100593850564529,0.100367057154641,0.100139022986189,0.0999098100661872,0.0996794789921316,0.0994480889614719,0.0992156977803143,0.0989823618718719,0.098748136285077,0.0985130747036782,0.0982772294560739,0.0980406515260629,0.0978033905646409,0.0975654949029229,0.0973270115662319,0.0970879862893615,0.0968484635329956,0.0966084865012437,0.0963680971602355,0.0961273362577046,0.095886243343484,0.0956448567908244,0.0954032138184483,0.0951613505132453,0.0949193018535177,0.0946771017326833,0.0944347829833471,0.0941923774016541,0.0939499157718416,0.0937074278909103,0.0934649425933435,0.0932224877758014,0.0929800904217298,0.0927377766258215,0.0924955716182791,0.0922534997888274,0.0920115847104341,0.0917698491626976,0.0915283151548682,0.091287003948472,0.0910459360795112,0.0908051313802182,0.0905646090003448,0.090324387427972,0.090084484509826,0.0898449174710932,0.0896057029347264,0.0893668569402379,0.0891283949619776,0.0888903319268959,0.0886526822317934,0.0884154597600604,0.0881786778979111,0.0879423495501183,0.087706487155256,0.0874711027004581,0.0872362077357016,0.0870018133876247,0.0867679303728888,0.0865345690110968,0.0863017392372774,0.0860694506139471,0.0858377123427626,0.0856065332757728,0.0853759219262863,0.0851458864793616,0.0849164348019361,0.0846875744526026,0.0844593126910466,0.0842316564871563,0.0840046125298152,0.083778187235389,0.0835523867559196,0.0833272169870339,0.0831026835755797,0.0828787919269997,0.0826555472124509,0.0824329543756821,0.082211018139676,0.0819897430130674,0.0817691332963449,0.0815491930878452,0.0813299262895474,0.0811113366126755,0.0808934275831185,0.080676202546672,0.0804596646741111,0.0802438169661005,0.0800286622579479,0.0798142032242073,0.0796004423831391,0.0793873821010301,0.0791750245963819,0.0789633719439719,0.0787524260787898,0.0785421887998588,0.0783326617739415,0.0781238465391385,0.0779157445083811,0.0777083569728245,0.0775016851051437,0.077295729962736,0.0770904924908347,0.076885973525536,0.0766821737967428,0.0764790939310283,0.0762767344544235,0.0760750957951282,0.0758741782861528,0.0756739821678888,0.0754745075906135,0.0752757546169298,0.0750777232241441,0.0748804133065829,0.0746838246778524,0.0744879570730408,0.0742928101508663,0.0740983834957724,0.073904676619972,0.0737116889654416,0.0735194199058683,0.0733278687485482,0.0731370347362426,0.0729469170489873,0.0727575148058612,0.0725688270667125,0.0723808528338452,0.0721935910536659,0.0720070406182932,0.0718212003671295,0.0716360690883968,0.0714516455206376,0.0712679283541816,0.0710849162325792,0.0709026077540015,0.07072100147261,0.0705400958998956,0.0703598895059848,0,0.10565824422852,0.105949288613258,0.106223865294665,0.106470546842989,0.106689398805923,0.106882348553866,0.107051339235091,0.107198066368664,0.107323998976998,0.107430432135325,0.107518529531175,0.107589354085431,0.107643889738432,0.107683056856094,0.107707722850743,0.107718709169233,0.107716795597003,0.107702722691506,0.107677193022977,0.107640871755806,0.107594386961612,0.107538329928379,0.107473255626221,0.107399683411316,0.107318097993587,0.10722895065686,0.107132660698348,0.107029617043254,0.106920179986733,0.106804683016653,0.106683434674756,0.106556720419304,0.106424804458434,0.106287931529481,0.106146328605124,0.10600020651232,0.105849761454297,0.105695176429666,0.105536622545727,0.105374260225578,0.105208240310589,0.10503870506137,0.104865789061476,0.104689620028926,0.104510319541205,0.104328003679693,0.104142783599685,0.103954766032133,0.103764053723168,0.103570745817279,0.10337493818975,0.103176723733697,0.102976192606698,0.102773432441672,0.102568528526314,0.10236156395503,0.102152619756991,0.101941775003549,0.101729106897986,0.101514690850218,0.101298600538802,0.101080907962344,0.100861683482132,0.100640995857599,0.100418912276023,0.100195498377659,0.0999708182773571,0.0997449345835365,0.0995179084152649,0.0992897994180718,0.099060665779007,0.0988305642413655,0.0985995501194189,0.0983676773134155,0.098134998325055,0.0979015642735859,0.0976674249126292,0.0974326286477951,0.0971972225551247,0.0969612524003637,0.0967247626590541,0.0964877965374089,0.0962503959939257,0.0960126017616816,0.0957744533712444,0.095535989174131,0.0952972463667395,0.0950582610146789,0.0948190680774235,0.0945797014332149,0.0943401939041417,0.0941005772813241,0.0938608823501393,0.0936211389154221,0.093381375826582,0.0931416210025823,0.0929019014567282,0.0926622433212188,0.0924226718714183,0.0921832115498105,0.0919438859895992,0.091704718037926,0.0914657297786788,0.091226942554866,0.0909883769905394,0.0907500530122462,0.0905119898700005,0.0902742061577598,0.0900367198334005,0.089799548238187,0.0895627081157296,0.0893262156304306,0.0890900863854196,0.0888543354399777,0.0886189773264576,0.0883840260667007,0.0881494951879606,0.0879153977383368,0.0876817463017296,0.0874485530123224,0.0872158295686025,0.0869835872469292,0.0867518369146597,0.0865205890428448,0.0862898537185038,0.0860596406564901,0.0858299592109605,0.0856008183864576,0.0853722268486183,0.0851441929345189,0.0849167246626693,0.0846898297426667,0.084463515584521,0.0842377893076621,0.0840126577496403,0.0837881274745312,0.0835642047810543,0.0833408957104169,0.0831182060538922,0.0828961413601422,0.0826747069422943,0.0824539078847805,0.0822337490499502,0.0820142350844618,0.0817953704254645,0.0815771593065771,0.0813596057636713,0.0811427136404684,0.0809264865939548,0.0807109280996247,0.0804960414565568,0.0802818297923296,0.0800682960677846,0.0798554430816401,0.0796432734749645,0.079431789735511,0.0792209942019234,0.0790108890678129,0.0788014763857163,0.0785927580709351,0.0783847359052633,0.0781774115406073,0.0779707865025013,0.0777648621935222,0.0775596398966094,0.0773551207782899,0.0771513058918154,0.0769481961802127,0.0767457924792503,0.0765440955203257,0.0763431059332753,0.0761428242491086,0.0759432509026721,0.0757443862352418,0.0755462304970496,0.0753487838497445,0.075152046368791,0.0749560180458061,0.0747606987908387,0.0745660884345912,0.0743721867305862,0.0741789933572798,0.0739865079201237,0.0737947299535761,0.073603658923065,0.0734132942269035,0.0732236351981603,0.0730346811064842,0.0728464311598872,0.072658884506484,0.0724720402361917,0.0722858973823896,0.0721004549235404,0.0719157117847731,0.071731666839431,0.0715483189105822,0.0713656667724971,0.0711837091520905,0.0710024447303322,0.0708218721436247,0,0.104843435891604,0.105151823656875,0.105452915303583,0.105730835290909,0.105982702813237,0.106209008214816,0.10641102614604,0.106590146358636,0.106747703035198,0.10688493770025,0.107002998946697,0.107102952073087,0.107185790531582,0.107252446431599,0.10730379911406,0.107340681576833,0.107363884930635,0.107374161260989,0.107372225333192,0.107358755553214,0.107334394528417,0.107299749487324,0.107255392735717,0.107201862256589,0.107139662507165,0.107069265427039,0.106991111645464,0.106905611860094,0.106813148351536,0.106714076595461,0.10660872693499,0.106497406279203,0.106380399797885,0.106257972587348,0.106130371286935,0.10599782563027,0.105860549919409,0.105718744413585,0.105572596627332,0.10542228253532,0.10526796768337,0.105109808206787,0.104947951758501,0.104782538350533,0.104613701113018,0.104441566975574,0.104266257276103,0.104087888302307,0.103906571771236,0.103722415252136,0.10353552253773,0.103345993968875,0.103153926717304,0.102959415030889,0.102762550445578,0.102563421967869,0.102362116231368,0.10215871763069,0.101953308435671,0.10174596888858,0.101536777286736,0.101325810052705,0.101113141793996,0.100898845353967,0.100682991855437,0.10046565073832,0.100246889792423,0.100026775186402,0.0998053714937077,0.0995827417162637,0.0993589473064672,0.099134048188034,0.0989081027761035,0.0986811679969485,0.0984532993075649,0.0982245507153585,0.0979949747980939,0.0977646227242271,0.0975335442737076,0.0973017878593027,0.0970694005484699,0.0968364280857844,0.0966029149159089,0.0963689042070775,0.0961344378750581,0.0958995566075458,0.0956642998889346,0.0954287060254108,0.0951928121703094,0.0949566543496706,0.0947202674879377,0.0944836854337348,0.0942469409856658,0.0940100659180788,0.0937730910067413,0.0935360460543768,0.0932989599160129,0.0930618605240995,0.0928247749133537,0.0925877292452972,0.0923507488324499,0.0921138581621522,0.0918770809199871,0.0916404400127812,0.0914039575911619,0.0911676550716553,0.0909315531583108,0.090695671863839,0.0904600305302558,0.090224647849024,0.0899895418806903,0.0897547300740115,0.0895202292845733,0.0892860557928983,0.0890522253220499,0.0888187530547311,0.0885856536498879,0.0883529412588193,0.0881206295408036,0.0878887316782468,0.0876572603913639,0.0874262279523994,0.0871956461993993,0.0869655265495429,0.0867358800120454,0.086506717200643,0.0862780483456691,0.0860498833057358,0.0858222315790283,0.0855951023142266,0.0853685043210642,0.0851424460805348,0.0849169357547583,0.0846919811965175,0.0844675899584762,0.0842437693020883,0.0840205262062102,0.0837978673754248,0.0835757992480892,0.0833543280041136,0.0831334595724832,0.0829131996385307,0.0826935536509695,0.0824745268286963,0.0822561241673702,0.0820383504457794,0.0818212102320003,0.0816047078893597,0.0813888475822043,0.0811736332814887,0.080959068770185,0.0807451576485227,0.0805319033390659,0.0803193090916323,0.0801073779880607,0.0798961129468337,0.0796855167275591,0.0794755919353176,0.0792663410248797,0.0790577663047983,0.0788498699413812,0.0786426539625464,0.0784361202615684,0.0782302706007146,0.0780251066147798,0.0778206298145207,0.077616841589994,0.0774137432138019,0.0772113358442488,0.0770096205284114,0.0768085982051257,0.0766082697078939,0.0764086357677139,0.0762096970158334,0.0760114539864329,0.0758139071192373,0.0756170567620618,0.0754209031732903,0.0752254465242927,0.0750306869017801,0.0748366243101002,0.0746432586734764,0.0744505898381913,0.0742586175747154,0.0740673415797847,0.0738767614784267,0.0736868768259385,0.0734976871098156,0.0733091917516361,0.0731213901088987,0.0729342814768176,0.0727478650900748,0.0725621401245314,0.0723771056988977,0.0721927608763661,0.0720091046662041,0.0718261360253117,0.0716438538597415,0.0714622570261853,0.0712813443334248,0,0.104001052113543,0.104330234363758,0.104656628537132,0.104963812984524,0.10524687024845,0.105504995161986,0.105738777655799,0.105949262710264,0.106137614446248,0.106304992610609,0.106452508372882,0.106581211533897,0.106692090470843,0.106786076851053,0.106864051485921,0.106926849691097,0.106975265534581,0.107010054885463,0.107031937434095,0.10704159795186,0.107039687065382,0.107026821781313,0.10700358594214,0.106970530736869,0.106928175341282,0.106877007723586,0.106817485622982,0.106750037689603,0.106675064762691,0.106592941257875,0.106504016632467,0.106408616898398,0.106307046154804,0.106199588115603,0.106086507611109,0.105968052046521,0.105844452803745,0.105715926576286,0.105582676629944,0.105444893984559,0.105302758514251,0.105156439965411,0.105006098893149,0.104851887518108,0.104693950506444,0.104532425676473,0.104367444635956,0.104199133354333,0.104027612674395,0.103852998767967,0.103675403540147,0.103494934986573,0.103311697508045,0.103125792186623,0.102937317027143,0.102746367167829,0.102553035063435,0.102357410644117,0.102159581452948,0.101959632764771,0.101757647688821,0.101553707257316,0.101347890502006,0.101140274520449,0.100930934533591,0.100719943936047,0.100507374340302,0.10029329561592,0.100077775924686,0.0998608817524826,0.0996426779386098,0.0994232277031161,0.0992025926726547,0.0989808329052726,0.0987580069144766,0.0985341716928577,0.0983093827354971,0.0980836940633314,0.0978571582466098,0.0976298264285451,0.0974017483492251,0.0971729723698279,0.0969435454971641,0.0967135134085482,0.0964829204769903,0.0962518097966857,0.0960202232087707,0.095788201327309,0.0955557835654629,0.0953230081618058,0.0950899122067259,0.0948565316688724,0.0946229014215956,0.0943890552693298,0.0941550259738758,0.0939208452805336,0.0936865439440447,0.0934521517543031,0.0932176975617959,0.0929832093027407,0.0927487140238861,0.0925142379069465,0.0922798062926468,0.0920454437043524,0.091811173871264,0.0915770197511621,0.0913430035526833,0.0911091467571189,0.0908754701397239,0.0906419937905301,0.0904087371346567,0.0901757189521158,0.0899429573971099,0.0897104700168215,0.0894782737696976,0.089246385043229,0.0890148196712312,0.0887835929506291,0.088552719657755,0.0883222140641629,0.0880920899519706,0.0878623606287343,0.0876330389418681,0.0874041372926153,0.0871756676495823,0.0869476415618454,0.0867200701716408,0.0864929642266478,0.0862663340918773,0.0860401897611752,0.085814540868352,0.0855893966979501,0.0853647661956588,0.0851406579783882,0.0849170803440127,0.0846940412807945,0.0844715484764978,0.0842496093272042,0.0840282309458373,0.08380742017041,0.0835871835720008,0.0833675274624695,0.0831484579019233,0.0829299807059384,0.0827121014525497,0.0824948254890148,0.0822781579383603,0.0820621037057198,0.0818466674844702,0.0816318537621734,0.0814176668263317,0.0812041107699624,0.0809911894970002,0.0807789067275312,0.0805672660028671,0.0803562706904642,0.0801459239886936,0.0799362289314672,0.0797271883927262,0.0795188050907958,0.079311081592612,0.0791040203178242,0.0788976235427798,0.0786918934043929,0.078486831903903,0.078282440910527,0.0780787221650078,0.0778756772830651,0.0776733077587489,0.0774716149677018,0.0772706001703319,0.0770702645148994,0.0768706090405208,0.0766716346800924,0.0764733422631361,0.0762757325185711,0.0760788060774124,0.0758825634753994,0.0756870051555574,0.0754921314706922,0.0752979426858231,0.0751044389805523,0.0749116204513767,0.0747194871139406,0.0745280389052336,0.0743372756857331,0.0741471972414954,0.0739578032861947,0.0737690934631136,0.0735810673470847,0.0733937244463859,0.0732070642045904,0.073021086002372,0.0728357891592687,0.072651172935403,0.0724672365331637,0.0722839790988462,0.0721013997242555,0.0719194974482723,0.0717382712583812,0,0.103132969423798,0.10348718407431,0.103838486524033,0.104173258269261,0.104485652804871,0.104773880416519,0.105037921011582,0.105278479993523,0.105496536885844,0.1056931506662,0.10586937641174,0.106026231501092,0.106164684325366,0.106285653058916,0.10639000849565,0.106478578026229,0.10655214939812,0.106611473731534,0.106657267698772,0.106690214982463,0.106710967206063,0.106720144536705,0.106718336132538,0.106706100565813,0.106683966311407,0.106652432354172,0.10661196893966,0.106563018471697,0.106505996545909,0.106441293099515,0.106369273653112,0.106290280618622,0.106204634648134,0.106112636000199,0.10601456590279,0.105910687895084,0.105801249133319,0.105686481648895,0.105566603549652,0.105441820157735,0.105312325079584,0.105178301205503,0.105039921637784,0.104897350547679,0.104750743962568,0.104600250485481,0.104446011949763,0.104288164012162,0.104126836687908,0.10396215483157,0.103794238567587,0.10362320367435,0.103449161925723,0.103272221393735,0.103092486716061,0.102910059331754,0.102725037688463,0.102537517424207,0.102347591526523,0.102155350471634,0.101960882346035,0.101764272952697,0.101565605903897,0.101364962702479,0.101162422813151,0.100958063725303,0.100751961008597,0.100544188362497,0.100334817660728,0.100123918991547,0.0999115606945818,0.0996978093949003,0.0994827300348762,0.099266385904324,0.0990488386693151,0.09883014840001,0.0986103735977872,0.0983895712218969,0.0981677967158194,0.0979451040334759,0.0977215456653972,0.0974971726649314,0.0972720346745479,0.0970461799522704,0.0968196553982564,0.0965925065815286,0.0963647777668446,0.0961365119416925,0.0959077508433827,0.0956785349862072,0.0954489036886305,0.0952188951004756,0.0949885462300641,0.0947578929712734,0.0945269701304669,0.0942958114532633,0.0940644496511017,0.0938329164275716,0.0936012425044689,0.0933694576475481,0.0931375906919417,0.0929056695672164,0.0926737213220444,0.0924417721484662,0.0922098474057243,0.0919779716436519,0.0917461686256009,0.0915144613508967,0.091282872076809,0.0910514223400318,0.0908201329776636,0.0905890241476862,0.0903581153489378,0.0901274254405791,0.0898969726610541,0.0896667746465461,0.0894368484489326,0.0892072105532432,0.0889778768946253,0.0887488628748241,0.0885201833781836,0.0882918527871761,0.0880638849974691,0.0878362934325369,0.0876090910578278,0.0873822903944956,0.0871559035327055,0.086929942144524,0.0867044174964046,0.0864793404612782,0.0862547215302597,0.0860305708239814,0.0858068981035631,0.0855837127812306,0.0853610239305924,0.0851388402965848,0.0849171703050964,0.0846960220722822,0.0844754034135767,0.0842553218524158,0.0840357846286783,0.0838167987068544,0.0835983707839532,0.0833805072971555,0.0831632144312219,0.0829464981256652,0.0827303640816947,0.0825148177689397,0.0822998644319625,0.0820855090965656,0.081871756575902,0.0816586114763961,0.0814460782034801,0.0812341609671553,0.0810228637873818,0.0808121904993051,0.0806021447583239,0.0803927300450061,0.0801839496698577,0.07997580677795,0.0797683043534104,0.0795614452237817,0.0793552320642547,0.0791496674017787,0.0789447536190528,0.0787404929584056,0.0785368875255633,0.0783339392933126,0.0781316501050619,0.0779300216783031,0.0777290556079789,0.0775287533697574,0.0773291163232188,0.0771301457149555,0.0769318426815901,0.0767342082527121,0.0765372433537388,0.0763409488086997,0.0761453253429491,0.0759503735858087,0.0757560940731421,0.0755624872498633,0.0753695534723822,0.0751772930109875,0.0749857060521708,0.0747947927008918,0.0746045529827881,0.0744149868463297,0.0742260941649217,0.0740378747389542,0.0738503282978036,0.0736634545017847,0.0734772529440564,0.0732917231524813,0.0731068645914404,0.0729226766636062,0.0727391587116713,0.0725563100200388,0.0723741298164711,0.0721926172737005,0,0.102242877849713,0.102625881558485,0.103002126937981,0.103363041350417,0.103702904231798,0.104019358595733,0.104311925892457,0.104581019285646,0.104827440409972,0.105052138628694,0.105256098704203,0.105440290224254,0.105605646806337,0.105753059540036,0.105883376914919,0.105997407307132,0.106095922071543,0.106179658343967,0.106249321228875,0.106305585344424,0.106349095834337,0.106380469003397,0.106400292731886,0.10640912679986,0.106407503219691,0.106395926643241,0.106374874882275,0.10634479955879,0.106306126885781,0.106259258568028,0.106204572805631,0.106142425379531,0.10607315079699,0.105997063475479,0.105914458944884,0.105825615050064,0.105730793138256,0.105630239218279,0.105524185081024,0.10541284937296,0.105296438616527,0.105175148173127,0.105049163146053,0.104918659222065,0.104783803451486,0.104644754967632,0.104501665647143,0.104354680713384,0.104203939285517,0.104049574876185,0.103891715840928,0.103730485782622,0.103566003914227,0.103398385383157,0.103227741560512,0.103054180298293,0.10287780615762,0.102698720610813,0.10251702222001,0.102332806794852,0.102146167531573,0.101957195135638,0.101765977929923,0.101572601950229,0.101377151029777,0.101179706874151,0.10098034912803,0.100779155434872,0.100576201490633,0.100371561092416,0.100165306182897,0.0999575068912317,0.0997482315710528,0.0995375468361162,0.0993255175940357,0.0991122070785068,0.0988976768803462,0.0986819869776214,0.0984651957650982,0.0982473600831909,0.0980285352465619,0.0978087750724876,0.0975881319090784,0.0973666566634177,0.0971443988296643,0.0969214065171451,0.096697726478453,0.0964734041375508,0.0962484836178737,0.0960230077704153,0.0957970182017776,0.0955705553021562,0.0953436582732365,0.0951163651559674,0.0948887128581811,0.0946607371820285,0.0944324728511954,0.0942039535378709,0.0939752118894357,0.0937462795548424,0.0935171872106607,0.0932879645867615,0.0930586404916176,0.0928292428371998,0.0925997986634473,0.092370334162299,0.092140874701268,0.0919114448465477,0.0916820683856393,0.0914527683494908,0.0912235670341419,0.0909944860218684,0.0907655462018244,0.0905367677901787,0.0903081703497459,0.0900797728091127,0.0898515934812627,0.0896236500817014,0.0893959597460869,0.0891685390473709,0.0889414040124574,0.0887145701383833,0.0884880524080321,0.0882618653053859,0.0880360228303246,0.0878105385129841,0.0875854254276784,0.0873606962063995,0.0871363630519019,0.0869124377503843,0.086688931683777,0.0864658558416452,0.0862432208327207,0.0860210368960695,0.0857993139119079,0.0855780614120764,0.0853572885901811,0.0851370043114141,0.0849172171220619,0.084697935258711,0.0844791666571624,0.0842609189610621,0.0840431995302581,0.0838260154488937,0.0836093735332434,0.0833932803393034,0.0831777421701419,0.0829627650830202,0.08274835489629,0.0825345171960769,0.0823212573427556,0.0821085804772254,0.0818964915269934,0.08168499521207,0.0814740960506856,0.0812637983648341,0.0810541062856488,0.0808450237586167,0.0806365545486388,0.0804287022449384,0.0802214702658266,0.0800148618633258,0.0798088801276616,0.0796035279916221,0.0793988082347934,0.0791947234876735,0.0789912762356694,0.078788468822982,0.0785863034563814,0.0783847822088785,0.0781839070232929,0.0779836797157255,0.0777841019789342,0.0775851753856192,0.0773869013916196,0.0771892813390246,0.0769923164592017,0.0767960078757456,0.0766003566073485,0.0764053635705971,0.076211029582696,0.0760173553641209,0.075824341541205,0.0756319886486577,0.0754402971320213,0.0752492673500649,0.0750588995771184,0.074869194005348,0.0746801507469767,0.0744917698364484,0.0743040512325397,0.0741169948204199,0.0739306004136611,0.073744867756199,0.0735597965242474,0.0733753863281657,0.0731916367142825,0.0730085471666749,0.0728261171089067,0.072644345905724,0,0.10133641278287,0.10175019490449,0.102151424545581,0.102537140445149,0.102902559682736,0.103245211541093,0.103564363535005,0.103860218148384,0.104133424622339,0.104384823431546,0.104615319318533,0.104825820540939,0.105017211589237,0.105190342620521,0.105346026973544,0.105485042266,0.105608132745957,0.105716011747391,0.105809363749608,0.10588884589344,0.105955088987235,0.106008698114634,0.106050252977441,0.106080308097927,0.106099392982062,0.106108012318436,0.106106646262144,0.106095750831276,0.106075758426626,0.106047078472794,0.106010098170311,0.105965183343182,0.10591267936349,0.105852912133759,0.105786189108218,0.105712800335315,0.105633019505593,0.105547104991101,0.105455300864586,0.105357837888856,0.105254934468627,0.105146797559001,0.10503362352637,0.104915598958903,0.104792901425074,0.104665700179681,0.10453415681767,0.10439842587682,0.10425865539085,0.104114987394972,0.10396755838624,0.103816499741226,0.103661938093756,0.103503995675451,0.10334279062189,0.103178437247143,0.103011046289372,0.102840725130115,0.10266757798973,0.102491706101364,0.102313207865651,0.102132178988231,0.101948712601973,0.101762899375704,0.101574827611037,0.101384583328792,0.10119225034633,0.100997910347029,0.100801642942955,0.100603525731724,0.100403634348388,0.100202042513122,0.0999988220753575,0.0997940430549646,0.0995877736809713,0.099380080428263,0.0991710280526336,0.098960679624503,0.0987490965615713,0.0985363386606289,0.0983224641287088,0.0981075296137277,0.0978915902347371,0.0976746996118768,0.0974569098961008,0.0972382717987292,0.0970188346208585,0.0967986462826553,0.0965777533525404,0.0963562010762666,0.0961340334058815,0.0959112930285649,0.0956880213953206,0.0954642587495043,0.0952400441551625,0.0950154155251589,0.0947904096490609,0.0945650622207622,0.0943394078658139,0.09411348016844,0.0938873116982135,0.093660934036369,0.0934343778017322,0.0932076726762456,0.0929808474300722,0.0927539299462619,0.092526947244966,0.0922999255071868,0.0920728900980517,0.0918458655896043,0.091618875783103,0.091391943730823,0.0911650917573577,0.0909383414804164,0.0907117138311174,0.0904852290737769,0.0902589068251957,0.0900327660734443,0.0898068251961522,0.089581101978305,0.0893556136295543,0.0891303768010474,0.0889054076017831,0.0886807216145005,0.0884563339111111,0.088232259067679,0.088008511178962,0.0877851038725192,0.0875620503223977,0.0873393632624055,0.0871170549989821,0.0868951374236762,0.0866736220252408,0.0864525199013552,0.0862318417699845,0.0860115979803875,0.085791798523781,0.0855724530436726,0.0853535708458702,0.0851351609081793,0.0849172318897967,0.0846997921404106,0.084482849709016,0.0842664123524549,0.08405048754369,0.0838350824798201,0.0836202040898471,0.0834058590422014,0.083192053752034,0.0829787943882847,0.0827660868805316,0.0825539369256309,0.0823423499941545,0.0821313313366314,0.0819208859895988,0.0817110187814727,0.0815017343382408,0.0812930370889854,0.081084931271243,0.0808774209362036,0.0806705099537592,0.0804642020174026,0.080258500648985,0.080053409203335,0.0798489308727455,0.0796450686913316,0.0794418255392649,0.0792392041468883,0.0790372070987152,0.0788358368373165,0.0786350956671005,0.0784349857579883,0.0782355091489881,0.078036667751673,0.0778384633535636,0.0776408976214206,0.0774439721044487,0.0772476882374152,0.0770520473436874,0.0768570506381885,0.0766626992302777,0.0764689941265548,0.0762759362335926,0.0760835263605994,0.075891765222013,0.0757006534400292,0.0755101915470669,0.0753203799881695,0.075131219123349,0.074942709229869,0.074754850504473,0.0745676430655573,0.07438108695529,0.0741951821416791,0.0740099285205899,0.073825325917713,0.0736413740904859,0.0734580727299674,0.073275421462668,0.0730934198523351,0,0.100420426516448,0.100864637304859,0.10129053423374,0.101699646764249,0.10208861093187,0.102455269267464,0.102798863240563,0.103119487810111,0.10341767891518,0.103694176421828,0.103949799206488,0.104185382406966,0.104401747620727,0.10459969019861,0.104779975158791,0.104943337176391,0.105090482220304,0.105222089578214,0.105338813670176,0.10544128542202,0.105530113170806,0.105605883173351,0.105669159827217,0.105720485717515,0.105760381589273,0.105789346324129,0.105807856977775,0.105816368914186,0.105815316055631,0.105805111254166,0.105786146780666,0.105758794920802,0.10572340866338,0.105680322464298,0.105629853068792,0.105572300375015,0.105507948323075,0.105437065795199,0.105359907514381,0.105276714930763,0.105187717086723,0.105093131453436,0.104993164733208,0.104888013623353,0.104777865538631,0.104662899290395,0.104543285721522,0.104419188297003,0.104290763650743,0.104158162089612,0.104021528056249,0.103881000552416,0.103736713524925,0.103588796216351,0.103437373482799,0.103282566081072,0.10312449092756,0.102963261331159,0.102798987202446,0.102631775241255,0.10246172910472,0.102288949557703,0.102113534607439,0.10193557962408,0.10175517744872,0.10157241849033,0.101387390812938,0.10120018021425,0.101010870296802,0.100819542532627,0.100626276322323,0.100431149049296,0.100234236129881,0.10003561105996,0.0998353454586112,0.0996335091092637,0.0994301699987631,0.0992253943547064,0.0990192466813432,0.0988117897943005,0.0986030848543469,0.0983931914003749,0.0981821673817495,0.0979700691901422,0.0977569516909475,0.0975428682543534,0.0973278707861247,0.0971120097581391,0.0968953342387021,0.0966778919226602,0.0964597291613171,0.0962408909921537,0.096021421168347,0.0958013621880739,0.0955807553235893,0.0953596406500574,0.0951380570741199,0.0949160423621797,0.094693633168378,0.0944708650622465,0.094247772556012,0.0940243891315335,0.0938007472668541,0.0935768784623493,0.0933528132664533,0.0931285813009516,0.0929042112858232,0.0926797310636224,0.0924551676233877,0.0922305471240714,0.0920058949174797,0.0917812355707202,0.0915565928881497,0.0913319899328218,0.0911074490474302,0.0908829918747494,0.0906586393775723,0.0904344118581468,0.0902103289771145,0.0899864097719546,0.0897626726749393,0.0895391355306045,0.0893158156127424,0.0890927296409231,0.0888698937965533,0.0886473237384779,0.088425034618135,0.0882030410942715,0.0879813573472293,0.0877599970928101,0.08753897359573,0.0873182996826719,0.087097987754946,0.0868780498007691,0.0866584974071705,0.0864393417715373,0.0862205937128053,0.0860022636823094,0.0857843617742998,0.085566897736135,0.0853498809781627,0.0851333205832939,0.0849172253162842,0.0847016036327285,0.0844864636877782,0.0842718133445908,0.0840576601825201,0.0838440115050539,0.0836308743475099,0.0834182554844958,0.0832061614371423,0.082994598480115,0.0827835726484163,0.082573089743979,0.0823631553420634,0.0821537747974617,0.0819449532505175,0.0817366956329657,0.0815290066736,0.0813218909037734,0.0811153526627367,0.0809093961028216,0.0807040251944733,0.0804992437311371,0.0802950553340056,0.0800914634566287,0.0798884713893935,0.0796860822638772,0.0794842990570778,0.079283124595526,0.0790825615592825,0.0788826124858266,0.078683279773835,0.07848456568686,0.0782864723569058,0.0780890017879096,0.0778921558591276,0.0776959363284327,0.0775003448355221,0.0773053829050423,0.0771110519496302,0.0769173532728768,0.076724288072212,0.0765318574417156,0.0763400623748567,0.0761489037671614,0.0759583824188148,0.0757684990371948,0.0755792542393441,0.0753906485543791,0.0752026824258387,0.0750153562139754,0.0748286701979893,0.0746426245782067,0.0744572194782062,0.0742724549468925,0.0740883309605193,0.0739048474246636,0.0737220041761527,0.0735398009849442,0,0.099502061953745,0.0999742551366428,0.100423886638504,0.100854749661872,0.101265073067731,0.101653366598692,0.102019066034905,0.102362267957418,0.102683440427274,0.102983235325633,0.103262382378818,0.103521633160972,0.103761733199823,0.103983409311728,0.104187364928725,0.104374279389417,0.10454480896407,0.104699588407945,0.104839232431323,0.104964336821546,0.105075479150117,0.105173219103157,0.105258098521481,0.105330641250139,0.105391352891501,0.105440720540644,0.105479212563181,0.105507278457195,0.105525348824618,0.105533835464007,0.105533131586316,0.105523612147759,0.105505634288794,0.105479537865163,0.105445646055398,0.105404266028798,0.105355689658326,0.105300194263874,0.10523804337266,0.105169487485066,0.105094764835827,0.105014102142049,0.104927715331068,0.104835810242575,0.104738583300705,0.104636222152953,0.104528906273776,0.104416807531609,0.104300090718779,0.104178914044397,0.104053429590824,0.103923783734732,0.103790117534058,0.103652567082437,0.103511263832825,0.103366334892188,0.10321790328915,0.103066088216551,0.102911005250846,0.102752766550242,0.1025914810334,0.102427254540493,0.102260189978267,0.102090387450718,0.101917944376852,0.101742955596922,0.101565513468411,0.101385707952942,0.101203626695197,0.101019355094807,0.100832976372112,0.10064457162859,0.100454219902657,0.100261998221482,0.100067981649388,0.0998722433333224,0.099674854545848,0.0994758847260246,0.0992754015185186,0.0990734708112207,0.0988701567716166,0.0986655218821158,0.0984596269745109,0.0982525312637123,0.0980442923808758,0.0978349664060177,0.0976246079001951,0.097413269937307,0.0972010041355644,0.0969878606886567,0.096773888396639,0.0965591346965506,0.0963436456927698,0.0961274661871044,0.0959106397086119,0.0956932085431403,0.0954752137625755,0.0952566952537834,0.0950376917472286,0.0948182408452542,0.0945983790500056,0.0943781417909812,0.0941575634521939,0.0939366773989266,0.0937155160040686,0.0934941106740167,0.0932724918741296,0.093050689153725,0.0928287311706068,0.092606645715116,0.0923844597336964,0.0921621993519697,0.0919398898973154,0.0917175559209512,0.0914952212195125,0.09127290885613,0.0910506411810053,0.0908284398514849,0.0906063258516374,0.090384319511333,0.0901624405248334,0.0899407079688943,0.089719140320387,0.0894977554734442,0.0892765707561393,0.0890556029467033,0.0888348682892888,0.0886143825092897,0.0883941608282233,0.0881742179781853,0.087954568215886,0.0877352253362768,0.0875162026857767,0.087297513175108,0.0870791692917514,0.086861183112029,0.0866435663128262,0.0864263301829611,0.0862094856342114,0.0859930432120082,0.0857770131058064,0.0855614051591401,0.0853462288793742,0.085131493447159,0.0849172077255976,0.0847033802691358,0.0844900193321817,0.0842771328774639,0.0840647285841373,0.0838528138556425,0.08364139582733,0.0834304813738524,0.0832200771163374,0.0830101894293429,0.0828008244476062,0.0825919880725925,0.0823836859788474,0.0821759236201627,0.0819687062355608,0.0817620388551026,0.0815559263055262,0.0813503732157218,0.0811453840220471,0.0809409629734905,0.0807371141366855,0.080533841400782,0.0803311484821792,0.080129038929125,0.0799275161261849,0.0797265832985876,0.0795262435164478,0.0793264996988732,0.0791273546179583,0.0789288109026678,0.0787308710426155,0.07853353739174,0.078336812171881,0.0781406974762606,0.0779451952728709,0.0777503074077722,0.077556035608304,0.0773623814862116,0.0771693465406912,0.0769769321613557,0.0767851396311238,0.0765939701290355,0.0764034247329942,0.07621350442244,0.076024210080955,0.0758355424988026,0.0756475023754032,0.0754600903217481,0.0752733068627532,0.0750871524395541,0.074901627411745,0.0747167320595625,0.0745324665860154,0.0743488311189628,0.0741658257131425,0.0739834503521488,0,0.0985880503344387,0.0990844612334367,0.0995561340389557,0.100006695953016,0.100435939193269,0.10084329420102,0.101228575426436,0.101591979670396,0.101933950481936,0.102255064744181,0.10255596056348,0.102837296205338,0.103099728422472,0.103343902037206,0.103570445752913,0.103779971210834,0.103973073549979,0.104150332477137,0.104312313312538,0.104459567759012,0.104592634313279,0.104712038335797,0.104818291845453,0.104911893124311,0.104993326217917,0.105063060406475,0.105121549707402,0.105169232453781,0.105206530978241,0.105233851418874,0.105251583653305,0.105260101359052,0.105259762192552,0.105250908075361,0.10523386557377,0.105208946357007,0.105176447718986,0.105136653149124,0.10508983293861,0.10503624480978,0.104976134557584,0.104909736693576,0.104837275084275,0.104758963577092,0.104675006608309,0.104585599788744,0.104490930463789,0.104391178245438,0.104286515514713,0.104177107893616,0.104063114686283,0.103944689289534,0.103821979573394,0.103695128232484,0.10356427310941,0.103429547491498,0.1032910803823,0.103148996749443,0.103003417750386,0.102854460937686,0.102702240445376,0.102546867157993,0.102388448863774,0.102227090393453,0.102062893746029,0.101895958202806,0.101726380430904,0.101554254577362,0.101379672354887,0.101202723120183,0.10102349394575,0.100842069685933,0.100658533037942,0.100472964598495,0.100285442916646,0.10009604454333,0.0999048440780649,0.0997119142132239,0.0995173257762202,0.0993211477699187,0.0991234474115341,0.0989242901702463,0.0987237398037258,0.0985218583937346,0.0983187063809409,0.0981143425990598,0.0979088243084154,0.0977022072289994,0.0974945455730834,0.0972858920774341,0.097076298035162,0.0968658133272305,0.0966544864536382,0.0964423645642855,0.0962294934895261,0.0960159177704034,0.0958016806885643,0.0955868242958434,0.095371389443506,0.0951554158111384,0.0949389419351712,0.0947220052370233,0.0945046420508518,0.0942868876508951,0.0940687762783943,0.0938503411680828,0.0936316145742303,0.0934126277962318,0.093193411203731,0.0929739942612713,0.0927544055524645,0.0925346728036732,0.0923148229072011,0.0920948819439875,0.0918748752058035,0.0916548272169479,0.091434761755443,0.0912147018737316,0.0909946699188737,0.09077468755225,0.0905547757687711,0.0903349549156001,0.0901152447103904,0.0898956642590469,0.0896762320730146,0.089456966086103,0.0892378836708518,0.0890190016544471,0.0888003363341948,0.0885819034925601,0.0883637184117816,0.0881457958880694,0.0879281502453938,0.0877107953488779,0.0874937446177993,0.0872770110382122,0.0870606071751998,0.0868445451847645,0.0866288368253674,0.086413493469125,0.0861985261126727,0.0859839453877044,0.0857697615711984,0.0855559845953361,0.0853426240571253,0.0851296892277342,0.084917189061547,0.0847051322049477,0.0844935270048416,0.084282381516922,0.08407170351369,0.0838615004922353,0.0836517796817858,0.0834425480510328,0.0832338123152395,0.083025578943139,0.0828178541636293,0.0826106439722721,0.0824039541376007,0.0821977902072442,0.0819921575138735,0.081787061180975,0.0815825061284584,0.0813784970781019,0.0811750385588432,0.080972134911919,0.0807697902958585,0.0805680086913365,0.0803667939058896,0.0801661495785007,0.0799660791840559,0.0797665860376778,0.0795676732989395,0.0793693439759629,0.079171600929405,0.078974446876336,0.0787778843940129,0.0785819159235513,0.0783865437734986,0.0781917701233135,0.0779975970267511,0.0778040264151611,0.0776110601006977,0.077418699779447,0.0772269470344721,0.0770358033387804,0.0768452700582141,0.0766553484542666,0.0764660396868275,0.0762773448168577,0.0760892648089969,0.0759018005341057,0.0757149527717437,0.0755287222125867,0.0753431094607824,0.0751581150362493,0.074973739376918,0.0747899828409182,0.0746068457087112,0.0744243281851718,0,0.0976842872209014,0.0982008525710643,0.0986920494875205,0.0991597207220913,0.0996051212268468,0.100028743442751,0.100430905564559,0.100811977241952,0.101172410411416,0.101512716104093,0.101833437212705,0.102135128879674,0.102418346665884,0.10268364030486,0.102931550967806,0.10316261052522,0.10337734179187,0.103576259113847,0.103759868920201,0.103928670044871,0.104083153747655,0.104223803440698,0.104351094171085,0.104465491930307,0.104567452865384,0.104657422460634,0.104735834747929,0.104803111590111,0.104859662069059,0.104905881997949,0.104942153567147,0.104968845125111,0.10498631108952,0.104994891979534,0.104994914557217,0.104986692064496,0.10497052454137,0.104946699211099,0.10491549091864,0.104877162609517,0.104831965837428,0.104780141290134,0.104721919324466,0.104657520502589,0.104587156122867,0.10451102873984,0.104429332668897,0.104342254472174,0.104249973423069,0.104152661947522,0.104050486040847,0.103943605659471,0.10383217508739,0.103716343277555,0.103596254168687,0.103472046978317,0.103343856472976,0.103211813216668,0.10307604379881,0.102936671042922,0.10279381419735,0.102647589109348,0.102498108383804,0.102345481527885,0.102189815082817,0.102031212743976,0.101869775470407,0.1017056015848,0.101538786864928,0.101369424627431,0.101197605804801,0.101023419016337,0.100846950633769,0.100668284842188,0.100487503696878,0.100304687176543,0.100119913233414,0.099933257840642,0.0997447950373372,0.0995545969715882,0.0993627339417335,0.0991692744361318,0.0989742851716461,0.0987778311310201,0.098579975599301,0.0983807801994421,0.0981803049271901,0.0979786081853498,0.0977757468174982,0.097571776141206,0.097366749980814,0.0971607206997965,0.0969537392327409,0.0967458551169574,0.0965371165237318,0.0963275702892276,0.0961172619450352,0.0959062357483685,0.0956945347119022,0.0954822006332409,0.0952692741240128,0.0950557946385757,0.0948418005023254,0.0946273289395944,0.0944124161011297,0.0941970970911397,0.0939814059938979,0.093765375899895,0.0935490389315303,0.0933324262683327,0.0931155681717066,0.0928984940091945,0.0926812322782517,0.0924638106295302,0.0922462558896671,0.0920285940835768,0.0918108504562451,0.0915930494940266,0.0913752149454446,0.0911573698414968,0.0909395365154688,0.0907217366222587,0.090503991157218,0.0902863204745122,0.0900687443050076,0.0898512817736905,0.0896339514166244,0.0894167711974529,0.089199758523456,0.0889829302611662,0.0887663027515551,0.0885498918247953,0.0883337128146097,0.0881177805722141,0.0879021094798642,0.0876867134640147,0.0874716060080994,0.0872568001649436,0.0870423085688141,0.0868281434471202,0.0866143166317721,0.0864008395702057,0.0861877233360853,0.0859749786396898,0.0857626158379941,0.0855506449444522,0.085339075638492,0.0851279172747297,0.084917178891912,0.084706869221594,0.084496996696562,0.0842875694590071,0.0840785953684585,0.083870082009484,0.0836620366991637,0.083454466494346,0.08324737819869,0.0830407783695047,0.0828346733243872,0.0826290691476699,0.0824239716966815,0.0822193866078259,0.0820153193024896,0.0818117749927765,0.0816087586870827,0.0814062751955104,0.0812043291351304,0.0810029249350953,0.0808020668416099,0.0806017589227629,0.0804020050732233,0.0802028090188082,0.0800041743209235,0.0798061043808834,0.0796086024441118,0.0794116716042293,0.07921531480703,0.079019534854351,0.0788243344078379,0.0786297159926107,0.078435682000831,0.0782422346951761,0.0780493762122216,0.0778571085657347,0.077665433649882,0.0774743532423548,0.0772838690074124,0.0770939824988481,0.0769046951628791,0.0767160083409626,0.0765279232725403,0.0763404410977138,0.0761535628598529,0.0759672895081379,0.075781621900039,0.075596560803734,0.0754121069004657,0.0752282607868414,0.0750450229770767,0.0748623939051826,0,0.0967958216443415,0.0973290347300775,0.0978363852589464,0.0983179505174379,0.0987763769186933,0.0992132455215747,0.0996294276068816,0.10002549989141,0.100401937835285,0.100759188096633,0.101097691813255,0.101417890380055,0.101720225859464,0.102005140265415,0.102273074995796,0.102524470630849,0.102759766976015,0.102979403159152,0.103183817622371,0.103373447908593,0.103548730202686,0.103710098634712,0.103857984384827,0.103992814646879,0.104115011513443,0.104224990842549,0.104323161158619,0.104409922629888,0.104485666153577,0.104550772569561,0.104605612013952,0.104650543416269,0.104685914137708,0.104712059743416,0.104729303898467,0.104737958375142,0.104738323158034,0.104730686633101,0.104715325847002,0.104692506823628,0.104662484925655,0.104625505249948,0.104581803046852,0.10453160415454,0.10447512544079,0.104412575245683,0.104344153819746,0.104270053753099,0.104190460391977,0.104105552239867,0.10401550134114,0.103920473645728,0.103820629353865,0.103716123240416,0.103607104958657,0.103493719323695,0.103376106575967,0.103254402625451,0.103128739277386,0.102999244440397,0.102866042318012,0.1027292535846,0.10258899554679,0.10244538229143,0.10229852482114,0.102148531178475,0.101995506559704,0.101839553419128,0.101680771564865,0.101519258246906,0.101355108238278,0.101188413909995,0.101019265300524,0.100847750180336,0.100673954112153,0.100497960507366,0.100319850679115,0.100139703892429,0.0999575974118061,0.0997736065465629,0.0995878046942433,0.0994002633823424,0.0992110523085714,0.0990202393798567,0.09882789075024,0.0986340708578233,0.0984388424608809,0.0982422666732382,0.0980444029990045,0.0978453093667288,0.0976450421630327,0.0974436562657688,0.0972412050767358,0.0970377405539779,0.0968333132436861,0.0966279723117146,0.0964217655747177,0.0962147395309121,0.0960069393904615,0.0957984091054813,0.0955891913996584,0.0953793277974759,0.095168858653039,0.0949578231784878,0.0947462594719918,0.0945342045453141,0.0943216943509375,0.0941087638087418,0.0938954468322259,0.0936817763542657,0.0934677843524011,0.093253501873646,0.0930389590588168,0.0928241851663733,0.092609208595771,0.0923940569103209,0.0921787568595553,0.0919633344011001,0.0917478147220533,0.0915322222598702,0.0913165807227592,0.0911009131095893,0.0908852417293134,0.0906695882199117,0.0904539735668601,0.0902384181211286,0.0900229416167162,0.0898075631877278,0.0895923013850015,0.0893771741922918,0.089162199042017,0.0889473928305793,0.0887327719332647,0.0885183522187313,0.0883041490630951,0.0880901773636211,0.0878764515520292,0.087662985607423,0.0874497930688511,0.0872368870475095,0.0870242802385938,0.0868119849328104,0.0866000130275555,0.0863883760377706,0.0861770851064834,0.0859661510150421,0.0857555841930521,0.0855453947280243,0.0853355923747411,0.0851261865643505,0.0849171864131943,0.0847086007313806,0.0845004380311049,0.0842927065347309,0.0840854141826359,0.0838785686408284,0.0836721773083456,0.083466247324437,0.0832607855755408,0.0830557987020594,0.0828512931049413,0.0826472749520729,0.0824437501844901,0.0822407245224116,0.0820382034711013,0.081836192326566,0.0816346961810913,0.0814337199286233,0.0812332682699989,0.0810333457180309,0.0808339566024522,0.0806351050747226,0.0804367951127047,0.0802390305252098,0.0800418149564214,0.0798451518901975,0.0796490446542571,0.0794534964242531,0.0792585102277369,0.0790640889480165,0.0788702353279122,0.0786769519734127,0.0784842413572351,0.0782921058222913,0.0781005475850643,0.0779095687388953,0.0777191712571875,0.077529356996526,0.077340127699718,0.0771514849987551,0.0769634304177004,0.0767759653755022,0.0765890911887366,0.0764028090742811,0.0762171201519213,0.0760320254468925,0.0758475258923578,0.0756636223318253,0.0754803155215052,0.0752976061326093,0,0.09592750595689,0.0964744503073463,0.0969936982480683,0.0974852833311823,0.0979532254360294,0.0984001064914111,0.0988273157067467,0.0992356246893957,0.0996255246245913,0.0999973887383898,0.100351545521958,0.100688310631943,0.101008000338631,0.101310936905894,0.101597450522561,0.101867879793034,0.102122571616542,0.102361880762537,0.102586169233683,0.102795805433786,0.102991163146264,0.103172620340085,0.10334055783565,0.103495357874852,0.103637402645135,0.103767072807122,0.10388474607074,0.10399079585745,0.104085590077531,0.104169490042663,0.104242849525845,0.104306013973641,0.104359319869835,0.104403094244996,0.104437654323082,0.104463307293827,0.104480350198293,0.104489069914202,0.104489743227601,0.1044826369777,0.10446800826239,0.104446104692776,0.104417164686092,0.104381417787401,0.104339085011592,0.104290379198255,0.104235505373051,0.104174661110173,0.104108036891383,0.10403581645794,0.103958177152495,0.103875290248633,0.10378732126639,0.103694430272524,0.103596772164763,0.103494496939637,0.103387749943787,0.103276672108895,0.103161400170603,0.103042066871916,0.102918801151747,0.102791728319317,0.102660970215205,0.102526645359885,0.102388869090596,0.10224775368739,0.10210340848922,0.101955940000882,0.101805451991595,0.101652045586,0.101495819348282,0.101336869360091,0.101175289292904,0.101011170475402,0.100844601956409,0.10067567056389,0.100504460960451,0.100331055695755,0.100155535256222,0.0999779781123488,0.0997984607639337,0.0996170577834722,0.0994338418579591,0.0992488838292916,0.0990622527334549,0.0988740158386402,0.0986842386824269,0.0984929851081405,0.0983003173004807,0.0981062958204968,0.0979109796399783,0.0977144261753103,0.0975166913208387,0.097317829481776,0.0971178936066745,0.0969169352194843,0.0967150044512095,0.0965121500711685,0.0963084195178644,0.0961038589294639,0.0958985131738837,0.0956924258784794,0.0954856394593317,0.0952781951501228,0.0950701330305944,0.0948614920545809,0.094652310077608,0.0944426238840509,0.0942324692138407,0.0940218807887161,0.0938108923380093,0.0935995366239641,0.0933878454665775,0.0931758497679624,0.092963579536227,0.092751063908868,0.0925383311756758,0.0923254088011514,0.0921123234464322,0.091899100990731,0.0916857665522865,0.0914723445088283,0.0912588585175604,0.0910453315346651,0.0908317858343317,0.0906182430273161,0.0904047240790349,0.0901912493272005,0.0899778384990038,0.0897645107278502,0.0895512845696566,0.0893381780187168,0.0891252085231424,0.0889123929998874,0.0886997478493647,0.0884872889696618,0.0882750317703658,0.0880629911860049,0.0878511816891145,0.0876396173029386,0.087428311613773,0.0872172777829602,0.0870065285585434,0.0867960762865913,0.0865859329221971,0.0863761100401655,0.0861666188453926,0.085957470182948,0.0857486745478687,0.0855402420946698,0.0853321826465831,0.0851245057045293,0.0849172204558332,0.0847103357826864,0.0845038602703698,0.0842978022152375,0.0840921696324729,0.0838869702636231,0.0836822115839177,0.0834779008093784,0.0832740449037267,0.083070650585095,0.082867724332548,0.082665272392419,0.0824633007844683,0.0822618153078686,0.0820608215470217,0.0818603248772133,0.0816603304701108,0.0814608432991079,0.0812618681445211,0.0810634095986444,0.0808654720706634,0.0806680597914368,0.0804711768181458,0.0802748270388189,0.0800790141767338,0.0798837417947003,0.0796890132992289,0.079494831944588,0.0793012008367531,0.0791081229372509,0.0789156010669033,0.0787236379094715,0.0785322360152056,0.0783413978043015,0.0781511255702681,0.0779614214832074,0.0777722875930105,0.0775837258324711,0.0773957380203197,0.0772083258641807,0.0770214909634551,0.0768352348121289,0.0766495588015127,0.0764644642229112,0.0762799522702274,0.0760960240425003,0.0759126805463819,0.0757299226985511,0,0.0950847032964901,0.0956421862333322,0.0961681511795632,0.0966652529844237,0.0971388560722033,0.0975923410392587,0.0980274946547716,0.0984452223163264,0.09884599793091,0.0992301002586098,0.0995977291885169,0.0999490610522388,0.100284274102137,0.100603559627992,0.100907126253942,0.101195201051919,0.101468029194825,0.101725872939506,0.101969010283101,0.102197733433171,0.10241234714896,0.102613166984571,0.102800517461876,0.102974730205239,0.103136142074237,0.103285093331825,0.103421925883353,0.10354698161738,0.103660600873098,0.103763121052456,0.103854875388366,0.103936191874248,0.104007392354854,0.104068791773976,0.104120697571286,0.104163409218101,0.104197217880248,0.104222406195242,0.104239248150665,0.104248009050658,0.104248945557908,0.104242305799138,0.104228329522986,0.104207248300057,0.104179285755964,0.104144657829169,0.104103573046416,0.10405623280952,0.104002831688179,0.103943557714265,0.103878592673895,0.103808112394179,0.103732287022247,0.103651281294642,0.103565254795663,0.103474362203673,0.103378753524719,0.103278574313105,0.103173965878842,0.103065065482065,0.102952006514693,0.102834918669749,0.102713928098818,0.102589157558249,0.102460726544708,0.102328751420752,0.102193345531102,0.102054619310294,0.101912680382372,0.101767633653298,0.101619581396685,0.101468623333487,0.101314856706192,0.101158376348074,0.100999274747991,0.100837642111216,0.100673566416699,0.100507133471182,0.100338426960505,0.100167528498437,0.0999945176733115,0.0998194720927428,0.0996424674266407,0.099463577448737,0.0992828740768016,0.0991004274117069,0.0989163057754755,0.0987305757484332,0.0985433022055631,0.0983545483521512,0.0981643757587912,0.0979728443958106,0.0977800126671652,0.0975859374438415,0.0973906740967975,0.0971942765294659,0.0969967972098356,0.0967982872021261,0.0965987961980584,0.0963983725477311,0.0961970632900974,0.0959949141830464,0.095791969733081,0.0955882732245901,0.0953838667487074,0.095178791231752,0.0949730864632413,0.094766791123471,0.0945599428106531,0.0943525780676076,0.094144732407998,0.0939364403421075,0.0937277354021479,0.0935186501670997,0.0933092162870749,0.0930994645072045,0.0928894246910426,0.0926791258434908,0.0924685961332379,0.0922578629147168,0.0920469527495796,0.0918358914276898,0.0916247039876376,0.0914134147367769,0.091202047270791,0.0909906244927887,0.0907791686319358,0.0905677012616286,0.0903562433172123,0.0901448151132527,0.0899334363603671,0.0897221261816191,0.0895109031284877,0.0892997851964154,0.0890887898399443,0.0888779339874466,0.0886672340554594,0.0884567059626306,0.0882463651432836,0.088036226560611,0.0878263047195038,0.087616613679025,0.0874071670645372,0.0871979780794904,0.0869890595168806,0.0867804237703858,0.0865720828451885,0.086364048368493,0.0861563315997453,0.085948943440563,0.0857418944443846,0.0855351948258448,0.085328854469883,0.0851228829405944,0.0849172894898292,0.0847120830655476,0.0845072723199389,0.0843028656173088,0.0840988710417462,0.0838952964045696,0.0836921492515676,0.0834894368700315,0.0832871662955931,0.0830853443188688,0.0828839774919188,0.082683072134525,0.082482634340295,0.0822826699825953,0.0820831847203216,0.0818841840035082,0.0816856730787845,0.0814876569946797,0.081290140606785,0.0810931285827723,0.0808966254072787,0.0807006353866574,0.0805051626536011,0.0803102111716406,0.0801157847395236,0.0799218869954759,0.0797285214213498,0.079535691346662,0.0793433999525265,0.0791516502754822,0.0789604452112214,0.0787697875182209,0.0785796798212789,0.0783901246149595,0.0782011242669502,0.0780126810213308,0.0778247970017607,0.0776374742145841,0.0774507145518558,0.0772645197942918,0.0770788916141442,0.0768938315780049,0.076709341149538,0.0765254216921454,0.0763420744715653,0.0761593006584061,0,0.0942734322815061,0.0948367308183796,0.0953633006275926,0.0958608883072863,0.0963360365483229,0.0967926089479984,0.0972325917618004,0.0976569175349673,0.0980659857662823,0.0984599480534399,0.0988388548325275,0.099202728131358,0.0995515962891974,0.0998855095053127,0.100204545878632,0.100508812830617,0.100798446356603,0.101073609300623,0.101334489216187,0.101581296063852,0.101814259851026,0.10203362825829,0.102239664275718,0.10243264386912,0.10261285369816,0.10278058891042,0.102936151035859,0.103079846004273,0.103211982304851,0.103332869302326,0.103442815719219,0.103542128288729,0.103631110578344,0.103710061980348,0.103779276862276,0.103839043867968,0.103889645358143,0.103931356978347,0.103964447341563,0.10398917781264,0.104005802381939,0.104014567616064,0.104015712674239,0.104009469379697,0.103996062336336,0.103975709081818,0.103948620269241,0.103914999870409,0.103875045394613,0.103828948117681,0.103776893316788,0.103719060507286,0.103655623678388,0.103586751525193,0.10351260767498,0.103433350906222,0.103349135359104,0.103260110736721,0.103166422496384,0.103068212030739,0.102965616838579,0.102858770685434,0.102747803754112,0.10263284278552,0.102514011210143,0.102391429270632,0.102265214135992,0.102135480007893,0.102002338219628,0.101865897328267,0.101726263200522,0.101583539092848,0.10143782572628,0.101289221356479,0.10113782183944,0.100983720693283,0.100827009156529,0.100667776243222,0.100506108795228,0.100342091532035,0.100175807098314,0.100007336109517,0.0998367571957119,0.0996641470438833,0.0994895804388618,0.0993131303030484,0.099134867735072,0.0989548620475001,0.0987731808037077,0.0985898898539958,0.0984050533710329,0.0982187338846853,0.0980309923162892,0.0978418880124068,0.0976514787781029,0.0974598209097691,0.0972669692275149,0.097072977107145,0.0968778965117288,0.0966817780227736,0.0964846708710005,0.0962866229667271,0.0960876809298533,0.0958878901194483,0.0956872946629322,0.0954859374848489,0.0952838603352228,0.0950811038174922,0.0948777074160135,0.0946737095231295,0.0944691474657946,0.0942640575317514,0.0940584749952528,0.093852434142324,0.0936459682955617,0.093439109838464,0.0932318902392906,0.0930243400744495,0.0928164890514083,0.0926083660311307,0.0923999990500374,0.0921914153414911,0.0919826413568086,0.0917737027858006,0.0915646245768431,0.0913554309564822,0.0911461454485773,0.0909367908929869,0.0907273894638007,0.0905179626871257,0.0903085314584287,0.0900991160594449,0.0898897361746559,0.0896804109073465,0.0894711587952453,0.0892619978257573,0.089052945450796,0.0888440186012233,0.0886352337009024,0.0884266066803753,0.0882181529901703,0.0880098876137478,0.0878018250800942,0.0875939794759697,0.0873863644578207,0.0871789932633616,0.0869718787228377,0.0867650332699748,0.0865584689526242,0.086352197443111,0.0861462300482935,0.0859405777193408,0.0857352510612385,0.0855302603420252,0.0853256155017732,0.0851213261613156,0.0849174016307295,0.0847138509175812,0.0845106827349414,0.0843079055091749,0.0841055273875139,0.0839035562454186,0.0837019996937339,0.0835008650856462,0.0833001595234468,0.0830998898651087,0.0829000627306803,0.0827006845085036,0.0825017613612603,0.082303299231853,0.0821053038491235,0.081907780733417,0.0817107352019931,0.0815141723742908,0.0813180971770499,0.0811225143492955,0.0809274284471877,0.080732843848741,0.0805387647584181,0.0803451952116007,0.0801521390789426,0.0799596000706069,0.0797675817403914,0.0795760874897465,0.079385120571687,0.0791946840946025,0.0790047810259686,0.0788154141959617,0.0786265863009815,0.078438299907082,0.0782505574533147,0.0780633612549872,0.0778767135068383,0.0776906162861328,0.077505071555678,0.0773200811667649,0.0771356468620348,0.0769517702782747,0.0767684529491435,0.076585696307829,0,0.0935002282025836,0.0940616650513245,0.0945818864304165,0.0950745796412583,0.0955470287685694,0.0960031589778582,0.0964448959676457,0.0968730564216137,0.0972878886618818,0.0976893749320694,0.0980773916046326,0.0984517907257748,0.0988124396572398,0.0991592389081543,0.0994921288446888,0.099811090879552,0.100116146037625,0.100407352363952,0.100684801890645,0.100948617493677,0.101198949779827,0.101435974056205,0.101659887399536,0.101870905832128,0.102069261611456,0.102255200643254,0.102428980030378,0.10259086577051,0.102741130614748,0.102880052096816,0.10300791073941,0.103124988440684,0.103231567040355,0.103327927061688,0.103414346622875,0.103491100509101,0.1035584593949,0.10361668920529,0.103666050603444,0.103706798592431,0.103739182218582,0.103763444364376,0.10377982161927,0.103788544217561,0.103789836033167,0.103783914622019,0.103770991303649,0.103751271274411,0.103724953745601,0.103692232100591,0.103653294065815,0.103608321891204,0.10355749253628,0.103500977858756,0.103438944803016,0.103371555586324,0.103298967881061,0.103221334991642,0.103138806025115,0.1030515260547,0.1029596362758,0.102863274154182,0.102762573566221,0.102657664931227,0.102548675335998,0.10243572865181,0.102318945644138,0.102198444075466,0.10207433880154,0.101946741861476,0.101815762562144,0.101681507557226,0.101544080921373,0.101403584219858,0.101260116574121,0.101113774723567,0.100964653083973,0.100812843802844,0.100658436812005,0.100501519877732,0.100342178648678,0.100180496701825,0.100016555586689,0.0998504348679682,0.0996822121668092,0.0995119632008473,0.0993397618231586,0.099165680060245,0.0989897881491561,0.0988121545738408,0.0986328461008061,0.0984519278141479,0.098269463150013,0.098085513930534,0.0979001403972792,0.0977134012442447,0.0975253536504139,0.0973360533119023,0.0971455544737002,0.0969539099610222,0.0967611712102694,0.0965673882996066,0.0963726099791527,0.0961768837007856,0.0959802556475539,0.0957827707626936,0.0955844727782432,0.0953854042432504,0.0951856065515647,0.0949851199692085,0.0947839836613213,0.0945822357186688,0.0943799131837129,0.0941770520762358,0.0939736874185137,0.0937698532600355,0.0935655827017634,0.093360907919931,0.0931558601893786,0.0929504699064217,0.0927447666112543,0.0925387790098842,0.0923325349956034,0.0921260616699923,0.0919193853634619,0.0917125316553336,0.0915055253934633,0.0912983907134088,0.0910911510571494,0.0908838291913583,0.0906764472252352,0.0904690266279031,0.0902615882453765,0.090054152317106,0.0898467384921055,0.0896393658446706,0.0894320528896926,0.0892248175975773,0.0890176774087749,0.0888106492479281,0.0886037495376483,0.0883969942119235,0.0881903987291704,0.0879839780849347,0.0877777468242495,0.0875717190536591,0.0873659084529158,0.0871603282863583,0.0869549914139779,0.0867499103021828,0.0865450970342652,0.0863405633205809,0.0861363205084482,0.0859323795917731,0.0857287512204092,0.0855254457092578,0.0853224730471168,0.0851198429052849,0.0849175646459266,0.0847156473302074,0.0845140997262029,0.0843129303165891,0.084112147306122,0.083911758628909,0.083711771955482,0.0835121946996741,0.0833130340253091,0.0831142968527068,0.0829159898650112,0.0827181195143449,0.0825206920277968,0.0823237134132473,0.0821271894650349,0.08193112576947,0.0817355277102005,0.0815404004734326,0.0813457490530117,0.0811515782553684,0.0809578927043313,0.0807646968458132,0.0805719949523727,0.080379791127655,0.0801880893107173,0.0799968932802387,0.0798062066586219,0.0796160329159872,0.0794263753740626,0.0792372372099741,0.0790486214599372,0.0788605310228547,0.0786729686638209,0.0784859370175378,0.0782994385916434,0.0781134757699561,0.0779280508156364,0.0777431658742706,0.0775588229768745,0.0773750240428243,0.0771917708827135,0.0770090652011382,0,0.092770864168713,0.0933193023675545,0.0938256416860414,0.0943079664599632,0.0947735205685333,0.0952257852765037,0.0956663273229935,0.0960956824282452,0.0965138588882841,0.096920621803106,0.0973156471775505,0.097698601872361,0.0980691827730367,0.0984271341294517,0.0987722535156131,0.0991043920622358,0.0994234519679647,0.0997293828505055,0.100022177718343,0.100301868929271,0.100568524289193,0.10082224334198,0.101063153857098,0.101291408507174,0.101507181726651,0.101710666746488,0.101902072804291,0.102081622532505,0.102249549528734,0.102406096112205,0.102551511269084,0.102686048787303,0.102809965579197,0.102923520187835,0.103026971470676,0.103120577452289,0.103204594336339,0.103279275665908,0.103344871620495,0.103401628437647,0.103449787947117,0.103489587205603,0.103521258220527,0.103545027751857,0.103561117181623,0.103569742441536,0.103571113989863,0.103565436829554,0.103552910560381,0.103533729458641,0.103508082578717,0.103476153871502,0.103438122315342,0.10339416205578,0.103344442550915,0.10328912871972,0.103228381091107,0.103162355951925,0.103091205492447,0.103015077948196,0.10293411773726,0.102848465592446,0.102758258687848,0.102663630759553,0.102564712220371,0.102461630268561,0.10235450899064,0.102243469458434,0.102128629820567,0.102010105388657,0.101888008718491,0.10176244968648,0.101633535561724,0.10150137107398,0.101366058477873,0.10122769761364,0.101086385964713,0.100942218712431,0.10079528878814,0.100645686922945,0.100493501695338,0.100338819576934,0.100181724976502,0.100022300282479,0.0998606259041287,0.0996967803114976,0.0995308400742923,0.0993628798998021,0.099192972669965,0.0990211894776691,0.0988475996623646,0.0986722708450553,0.0984952689627237,0.0983166583022375,0.0981365015337775,0.0979548597438165,0.0977717924676759,0.0975873577216796,0.097401612034917,0.0972146104806292,0.0970264067072218,0.0968370529689091,0.0966466001559899,0.0964550978247534,0.0962625942270136,0.0960691363392649,0.0958747698914572,0.0956795393953812,0.0954834881726582,0.0952866583823296,0.0950890910480359,0.0948908260847814,0.0946919023252762,0.0944923575458506,0.0942922284919356,0.0940915509031046,0.0938903595376722,0.0936886881968449,0.0934865697484235,0.0932840361500499,0.0930811184720018,0.0928778469195301,0.0926742508547408,0.0924703588180212,0.0922661985490096,0.092061797007114,0.0918571803915767,0.0916523741610921,0.0914474030529779,0.0912422911019054,0.0910370616581915,0.0908317374056582,0.0906263403790645,0.0904208919811153,0.0902154129990546,0.0900099236208468,0.0898044434509555,0.0895989915257233,0.0893935863283613,0.0891882458035552,0.0889829873716942,0.08877782794273,0.0885727839296752,0.088367871261746,0.0881631053971576,0.0879585013355813,0.0877540736302681,0.0875498363998493,0.0873458033398188,0.0871419877337078,0.0869384024639561,0.086735060022489,0.0865319725210091,0.0863291517010056,0.0861266089434926,0.0859243552784818,0.0857224013941959,0.0855207576460314,0.085319434065275,0.0851184403675837,0.0849177859612313,0.0847174799551307,0.0845175311666367,0.0843179481291357,0.0841187390994293,0.0839199120649151,0.0837214747505735,0.083523434625765,0.0833257989108409,0.0831285745835774,0.0829317683854347,0.0827353868276466,0.0825394361971478,0.0823439225623399,0.0821488517787045,0.0819542294942657,0.0817600611549062,0.0815663520095431,0.0813731071151654,0.0811803313417391,0.0809880293769819,0.0807962057310129,0.0806048647408803,0.0804140105749702,0.0802236472373013,0.0800337785717068,0.0798444082659089,0.0796555398554873,0.0794671767277463,0.0792793221254813,0.0790919791506506,0.078905150767952,0.0787188398083091,0.0785330489722692,0.0783477808333153,0.0781630378410945,0.0779788223245653,0.0777951364950661,0.0776119824493077,0.0774293621722902,0,0.09208854453195,0.092610331093721,0.0930951466938388,0.0935618600136913,0.0940165818198506,0.0944618012947951,0.0948984198651838,0.0953265232081855,0.0957457885721053,0.0961557158038835,0.0965557553781252,0.0969453758173402,0.0973240965293976,0.097691501562745,0.0980472432056369,0.0983910404364031,0.098722674966652,0.0990419863346096,0.0993488667882056,0.0996432563047678,0.0999251378865426,0.10019453316805,0.100451498325647,0.100696120264376,0.100928513056512,0.10114881461145,0.10135718356307,0.101553796366267,0.101738844598211,0.101912532461992,0.102075074490899,0.102226693451101,0.102367618439354,0.102498083170801,0.102618324450378,0.102728580819797,0.102829091370784,0.102920094714264,0.103001828094394,0.103074526635967,0.103138422713505,0.103193745430427,0.103240720196956,0.103279568395826,0.103310507125405,0.103333749010489,0.103349502071683,0.103357969645038,0.103359350344338,0.103353838059148,0.103341621982476,0.103322886662556,0.103297812073933,0.103266573703617,0.103229342648654,0.103186285721962,0.103137565563765,0.103083340756367,0.103023765940405,0.102958991931034,0.102889165832821,0.102814431152359,0.102734927907856,0.102650792735135,0.102562158989664,0.102469156844335,0.102371913382889,0.102270552688905,0.102165195930425,0.102055961440277,0.10194296479226,0.101826318873368,0.101706133952243,0.101582517744104,0.101455575472359,0.101325409927158,0.101192121521105,0.101055808342378,0.100916566205468,0.100774488699757,0.100629667236138,0.100482191091868,0.100332147453825,0.100179621460344,0.100024696241762,0.0998674529598332,0.0997079708461062,0.0995463272394,0.0993825976224559,0.0992168556578584,0.0990491732232985,0.0988796204462417,0.0987082657380563,0.0985351758276473,0.0983604157946345,0.0981840491021073,0.0980061376289785,0.0978267417019599,0.0976459201271716,0.0974637302213977,0.0972802278429937,0.0970954674224496,0.0969095019926102,0.0967223832185506,0.0965341614271044,0.0963448856360403,0.0961546035828807,0.0959633617533568,0.0957712054094934,0.0955781786173149,0.0953843242741669,0.0951896841356445,0.094994298842121,0.09479820794487,0.0946014499317744,0.0944040622526164,0.0942060813439427,0.0940075426535008,0.0938084806642417,0.0936089289178859,0.0934089200380488,0.0932084857529254,0.0930076569175306,0.0928064635354964,0.0926049347804232,0.0924030990167892,0.0922009838204162,0.0919986159984945,0.0917960216091695,0.0915932259806928,0.0913902537301403,0.0911871287817023,0.0909838743845491,0.0907805131302766,0.0905770669699379,0.0903735572306653,0.0901700046318887,0.0899664293011561,0.0897628507895636,0.0895592880867995,0.0893557596358101,0.0891522833470943,0.0889488766126331,0.088745556319462,0.0885423388628915,0.088339240159386,0.088136275659105,0.0879334603581163,0.0877308088102871,0.0875283351388611,0.087326053047728,0.0871239758323934,0.0869221163906565,0.0867204872330009,0.0865191004927082,0.0863179679356993,0.086117100970111,0.0859165106556149,0.0857162077124853,0.0855162025304219,0.0853165051771353,0.0851171254066996,0.0849180726676805,0.0847193561110435,0.0845209845978487,0.0843229667067387,0.0841253107412238,0.0839280247367718,0.0837311164677072,0.0835345934539242,0.0833384629674209,0.0831427320386577,0.0829474074627459,0.0827524958054714,0.0825580034091576,0.0823639363983727,0.0821703006854858,0.0819771019760754,0.0817843457741955,0.0815920373875033,0.0814001819322514,0.0812087843381496,0.0810178493531,0.0808273815478078,0.080637385320273,0.080447864900165,0.0802588243530848,0.0800702675847168,0.0798821983448738,0.079694620231439,0.0795075366942061,0.0793209510386229,0.0791348664294391,0.0789492858942608,0.0787642123270172,0.0785796484913382,0.0783955970238483,0.0782120604373774,0.0780290411240914,0.0778465413585461,0,0.0914527069244445,0.0919335398383911,0.092389751992231,0.0928362135686443,0.093276652157165,0.0937120355040056,0.0941423204662869,0.0945669898148797,0.0949853077849058,0.0953964666580421,0.0957996706866512,0.0961941807959386,0.0965793354681935,0.0969545578744318,0.0973193555054397,0.0976733160136788,0.0980161013827209,0.0983474415784973,0.0986671282726447,0.0989750089075827,0.0992709811983083,0.0995549880773503,0.0998270130502131,0.100087075916607,0.100335228814347,0.100571552550136,0.100796153190119,0.101009158890976,0.101210716958377,0.101400991123816,0.101580159033266,0.101748409942134,0.101905942611097,0.102052963396823,0.102189684530671,0.102316322577457,0.102433097065372,0.102540229277281,0.102637941192978,0.102726454571515,0.102805990162486,0.102876767035133,0.102939002014268,0.10299290921234,0.103038699647366,0.103076580936994,0.10310675705955,0.103129428173552,0.103144790487861,0.103153036175266,0.103154353323026,0.103148925914495,0.103136933836595,0.103118552908512,0.103093954927521,0.103063307728376,0.103026775253179,0.102984517629073,0.102936691251495,0.102883448871096,0.102824939682723,0.102761309415171,0.102692700420632,0.102619251763011,0.102541099304429,0.102458375789444,0.102371210926605,0.102279731467105,0.102184061280388,0.102084321426638,0.101980630226136,0.101873103325558,0.101761853761271,0.101646992019772,0.101528626095395,0.101406861545453,0.101281801542972,0.101153546927197,0.101022196252028,0.100887845832577,0.100750589789985,0.100610520094673,0.100467726608162,0.100322297123623,0.100174317405254,0.100023871226628,0.0998710404081118,0.0997159048534484,0.0995585425855935,0.0993990297818845,0.0992374408086073,0.0990738482550204,0.098908322966887,0.0987409340795578,0.0985717490506404,0.0984008336922843,0.0982282522031055,0.0980540671997688,0.0978783397482417,0.0977011293947297,0.0975224941962982,0.0973424907511853,0.0971611742288057,0.096978598399443,0.0967948156636279,0.0966098770811964,0.0964238324000234,0.0962367300844217,0.0960486173432031,0.0958595401573887,0.0956695433075645,0.0954786704008706,0.0952869638976193,0.0950944651375307,0.0949012143655811,0.0947072507574559,0.0945126124446011,0.0943173365388664,0.0941214591567364,0.0939250154431429,0.0937280395948569,0.0935305648834556,0.0933326236778605,0.0931342474664485,0.0929354668787301,0.0927363117065984,0.0925368109251457,0.0923369927130502,0.0921368844725335,0.0919365128488909,0.0917359037495965,0.0915350823629866,0.0913340731765246,0.0911328999946502,0.0909315859562188,0.0907301535515344,0.0905286246389818,0.0903270204612618,0.0901253616612377,0.0899236682973956,0.0897219598589271,0.0895202552804395,0.0893185729562992,0.0891169307546172,0.0889153460308804,0.0887138356412374,0.0885124159554451,0.0883111028694829,0.0881099118178417,0.0879088577854941,0.0877079553195539,0.0875072185406299,0.087306661153884,0.0871062964597965,0.0869061373646498,0.0867061963907337,0.0865064856862807,0.0863070170351391,0.0861078018661873,0.0859088512624988,0.0857101759702638,0.0855117864074712,0.0853136926723614,0.0851159045516519,0.0849184315285448,0.08472128279052,0.0845244672369211,0.0843279934863389,0.0841318698837983,0.0839361045077545,0.0837407051769025,0.0835456794568064,0.0833510346663524,0.0831567778840313,0.0829629159540554,0.0827694554923124,0.082576402892164,0.0823837643300916,0.0821915457711927,0.0819997529745354,0.081808391498371,0.0816174667052114,0.0814269837667753,0.0812369476688041,0.0810473632157545,0.08085823503537,0.0806695675831333,0.0804813651466056,0.0802936318496539,0.0801063716565708,0.0799195883760886,0.079733285665292,0.0795474670334307,0.0793621358456365,0.0791772953265464,0.078992948563834,0.0788090985116531,0.0786257479939944,0.0784428997079594,0.0782605562269522,0,0.0908583549693708,0.0912857110579966,0.0917075932667335,0.092130149855172,0.0925535655981963,0.0929768520022388,0.0933988054825641,0.0938181893809174,0.0942337933134167,0.0946444717609027,0.0950491699981458,0.0954469379076355,0.0958369342317659,0.0962184244810394,0.09659077520127,0.0969534464926945,0.0973059839676798,0.0976480108239481,0.0979792203761163,0.0982993691839416,0.0986082707993426,0.0989057900946759,0.0991918381100037,0.0994663673524171,0.099729367486268,0.0999808613633758,0.100220901353353,0.100449565944237,0.100666956591775,0.10087319480175,0.101068419433914,0.101252784218558,0.101426455478064,0.101589610046177,0.101742433377548,0.101885117839615,0.102017861178256,0.102140865147997,0.102254334297032,0.10235847489685,0.102453494006049,0.102539598657776,0.102616995160311,0.102685888500514,0.102746481840143,0.102798976095496,0.1028435695913,0.102880457780326,0.102909833020788,0.102931884404183,0.102946797626852,0.102954754899132,0.102955934886564,0.102950512678192,0.102938659777521,0.102920544112223,0.102896330059129,0.102866178481513,0.102830246776048,0.102788688927199,0.102741655567133,0.10268929403954,0.102631748465997,0.102569159813765,0.102501665964108,0.102429401780391,0.102352499175373,0.102271087177273,0.102185291994244,0.102095237077043,0.102001043179734,0.10190282841833,0.101800708327353,0.101694795914303,0.101585201712094,0.101472033829527,0.101355397999873,0.10123539762769,0.101112133833976,0.100985705499771,0.10085620930834,0.100723739786035,0.100588389341976,0.100450248306632,0.100309404969432,0.100165945615482,0.100019954561496,0.0998715141910071,0.0997207049889369,0.0995676055755995,0.0994122927401837,0.0992548414737743,0.099095325001952,0.0989338148170126,0.0987703807098332,0.0986050908014149,0.0984380115741189,0.0982692079026145,0.0980987430845489,0.0979266788709464,0.0977530754963435,0.0975779917086581,0.0974014847987952,0.0972236106299839,0.0970444236668416,0.0968639770041591,0.0966823223954004,0.0964995102809061,0.0963155898157953,0.0961306088975544,0.0959446141933034,0.095757651166732,0.0955697641046944,0.0953809961434539,0.0951913892945706,0.095000984470421,0.0948098215093432,0.0946179392004011,0.0944253753077591,0.0942321665946639,0.0940383488470254,0.093843956896594,0.0936490246437302,0.0934535850797622,0.0932576703089305,0.0930613115699169,0.0928645392569564,0.0926673829405327,0.0924698713876561,0.0922720325817261,0.0920738937419779,0.0918754813425171,0.0916768211309427,0.0914779381465632,0.0912788567382073,0.0910796005816347,0.0908801926965493,0.0906806554632211,0.0904810106387194,0.0902812793727651,0.0900814822232048,0.0898816391711132,0.0896817696355316,0.0894818924878441,0.0892820260658021,0.0890821881872011,0.0888823961632156,0.0886826668114007,0.0884830164683648,0.088283461002122,0.0880840158241284,0.0878846959010117,0.0876855157659986,0.0874864895300478,0.0872876308926948,0.0870889531526155,0.0868904692179141,0.0866921916161441,0.0864941325040658,0.0862963036771488,0.086098716578826,0.0859013823095034,0.0857043116353337,0.0855075149967588,0.0853110025168275,0.085114784009294,0.0849188689865035,0.084723266667069,0.084527985983347,0.0843330355887161,0.0841384238646634,0.0839441589276854,0.0837502486360073,0.0835567005961256,0.0833635221691796,0.0831707204771559,0.0829783024089304,0.0827862746261533,0.0825946435689795,0.082403415461651,0.0822125963179336,0.0820221919464126,0.0818322079556526,0.081642649759222,0.0814535225805898,0.0812648314578958,0.0810765812485983,0.0808887766340029,0.0807014221236761,0.0805145220597454,0.0803280806210915,0.0801421018274331,0.0799565895433085,0.0797715474819576,0.0795869792091052,0.0794028881466498,0.0792192775762605,0.0790361506428826,0.078853510358158,0.0786713596037585,0,0.0902958655175092,0.0906617518591933,0.0910457134508365,0.0914420507923354,0.0918466145600932,0.0922561974452779,0.0926683160221313,0.09308095172599,0.0934923883593927,0.0939011301475788,0.0943058617694992,0.0947054262124759,0.0950988092839344,0.0954851264922514,0.0958636109660081,0.0962336021577815,0.0965945353800965,0.0969459322453501,0.0972873920294933,0.0976185839235156,0.0979392400984059,0.0982491494902456,0.0985481522083287,0.0988361344754765,0.0991130240214611,0.0993787858642595,0.0996334184274831,0.0998769499544351,0.100109435189249,0.100330952303301,0.100541600050734,0.10074149514078,0.100930769816952,0.101109569634521,0.101278051428227,0.101436381462204,0.101584733753895,0.101723288563289,0.10185223103845,0.101971750007938,0.102082036910423,0.102183284851705,0.102275687779283,0.102359439764733,0.102434734384387,0.102501764189069,0.102560720254068,0.102611791800972,0.102655165883453,0.102691027129657,0.10271955753437,0.102740936294689,0.102755339683459,0.102762940955292,0.102763910280461,0.102758414702483,0.102746618115651,0.102728681259189,0.102704761725151,0.102675013977498,0.102639589380158,0.102598636232176,0.102552299808321,0.102500722403783,0.10244404338179,0.102382399223196,0.102315923577241,0.102244747312839,0.10216899856988,0.102088802810145,0.102004282867527,0.101915558997325,0.101822748924453,0.101725967890463,0.101625328699317,0.101520941761888,0.101412915139207,0.101301354584465,0.101186363583844,0.101068043396213,0.100946493091777,0.100821809589737,0.10069408769505,0.10056342013435,0.100429897591125,0.100293608740196,0.100154640281592,0.100013076973865,0.0998690016669031,0.099722495334314,0.0995736371053959,0.0994225042967605,0.0992691724436301,0.0991137153308461,0.0989562050236074,0.0987967118979649,0.0986353046710833,0.0984720504312844,0.0983070146678783,0.0981402613007875,0.0979718527099668,0.0978018497646157,0.0976303118521818,0.0974572969071501,0.0972828614396101,0.0971070605635943,0.0969299480251778,0.0967515762303301,0.0965719962725079,0.0963912579599782,0.0962094098428614,0.096026499239883,0.095842572264822,0.0956576738526475,0.0954718477853313,0.0952851367173276,0.0950975822007103,0.0949092247099592,0.0947201036663866,0.0945302574621975,0.0943397234841767,0.0941485381369951,0.0939567368661331,0.0937643541804127,0.0935714236741377,0.0933779780488368,0.0931840491346083,0.0929896679110639,0.0927948645278709,0.0925996683248917,0.0924041078519222,0.0922082108880282,0.0920120044604822,0.0918155148633006,0.0916187676753875,0.0914217877782824,0.0912245993735197,0.0910272259996015,0.0908296905485868,0.0906320152823037,0.0904342218481871,0.0902363312947479,0.0900383640866783,0.0898403401195988,0.0896422787344524,0.0894441987315512,0.0892461183842825,0.0890480554524786,0.088850027195458,0.0886520503847439,0.0884541413164643,0.0882563158234433,0.0880585892869878,0.0878609766483754,0.087663492420052,0.0874661506965437,0.0872689651650899,0.0870719491160043,0.0868751154527692,0.0866784767018701,0.0864820450223761,0.0862858322152736,0.0860898497325563,0.0858941086860815,0.0856986198561952,0.0855033937001332,0.0853084403602045,0.0851137696717602,0.0849193911709569,0.0847253141023162,0.0845315474260893,0.084338099825428,0.084144979713371,0.0839521952396474,0.0837597542973036,0.0835676645291594,0.0833759333340944,0.0831845678731744,0.0829935750756168,0.0828029616446034,0.0826127340629433,0.0824228985985883,0.082233461310009,0.0820444280514308,0.0818558044779366,0.0816675960504391,0.0814798080405259,0.081292445535181,0.0811055134413868,0.0809190164906091,0.0807329592431684,0.0805473460925007,0.0803621812693116,0.0801774688456251,0.0799932127387312,0.0798094167150351,0.0796260843938094,0.0794432192508534,0.0792608246220616,0.0790789037069033,0,0.0897519817199031,0.0900550896833182,0.0904002952196704,0.0907697087348757,0.0911546524650586,0.0915496737780242,0.091951011448869,0.0923558695704797,0.0927620328876247,0.0931676651114091,0.0935712023778278,0.0939712939347953,0.0943667658457207,0.0947565961175084,0.0951398958646682,0.0955158940217812,0.0958839244285265,0.0962434146904769,0.0965938764699785,0.0969348969707104,0.0972661314304676,0.0975872964656516,0.0978981641326812,0.0981985565912904,0.0984883412736404,0.0987674264810644,0.0990357573464442,0.0992933121142175,0.099540098701574,0.0997761515135429,0.100001528491589,0.100216308380315,0.100420588200262,0.100614480916961,0.100798113297591,0.100971623947207,0.101135161516598,0.10128888307375,0.101432952630636,0.101567539816764,0.101692818690696,0.101808966680561,0.101916163644502,0.102014591042011,0.102104431207239,0.102185866715548,0.102259079834864,0.102324252053745,0.102381563678468,0.102431193491896,0.102473318467323,0.102508113531012,0.102535751367607,0.102556402263079,0.102570233980368,0.102577411663299,0.10257809776484,0.102572451996136,0.102560631293179,0.102542789798317,0.102519078854151,0.10248964700768,0.102454640022811,0.102414200899646,0.102368469899151,0.102317584572035,0.102261679790848,0.10220088778446,0.102135338174239,0.102065158011356,0.101990471814758,0.101911401609446,0.10182806696477,0.101740585032513,0.101649070584617,0.101553636050415,0.101454391553308,0.101351444946828,0.101244901850074,0.101134865682518,0.10102143769819,0.100904717019275,0.100784800669151,0.100661783604904,0.100535758749369,0.100406817022729,0.100275047373725,0.100140536810508,0.100003370431178,0.0998636314540407,0.099721401247621,0.0995767593604474,0.0994297835506474,0.0992805498153633,0.0991291324200096,0.0989756039273837,0.0988200352266385,0.0986624955621243,0.0985030525621008,0.0983417722673228,0.098178719159493,0.0980139561895811,0.0978475448060007,0.0976795449826369,0.0975100152467141,0.0973390127064951,0.0971665930787986,0.0969928107163235,0.096817718634767,0.0966413685397253,0.0964638108533608,0.0962850947408262,0.09610526813643,0.0959243777695329,0.0957424691901615,0.0955595867943283,0.0953757738490474,0.0951910725170337,0.0950055238810782,0.0948191679680881,0.0946320437727843,0.0944441892810484,0.0942556414929127,0.0940664364451861,0.0938766092337113,0.0936861940352487,0.0934952241289823,0.0933037319176451,0.0931117489482614,0.0929193059325039,0.0927264327666649,0.0925331585512403,0.0923395116101277,0.0921455195094379,0.0919512090759218,0.0917566064150139,0.0915617369284953,0.0913666253317779,0.091171295670813,0.0909757713386285,0.0907800750914974,0.0905842290647416,0.0903882547881769,0.0901921732012018,0.0899960046675364,0.0897997689896153,0.0896034854226412,0.0894071726883034,0.0892108489881672,0.0890145320167398,0.0888182389742185,0.0886219865789276,0.0884257910794488,0.0882296682664521,0.0880336334842332,0.0878377016419622,0.0876418872246517,0.087446204303848,0.0872506665480539,0.087055287232887,0.0868600792509806,0.0866650551216324,0.0864702270002083,0.086275606687305,0.0860812056376791,0.0858870349689467,0.0856931054700606,0.0854994276095699,0.0853060115436666,0.0851128671240265,0.0849200039054473,0.0847274311532918,0.0845351578507377,0.084343192705843,0.084151544158428,0.0839602203867819,0.0837692293141961,0.0835785786153301,0.083388275722415,0.0831983278312967,0.0830087419073254,0.0828195246910942,0.0826306827040317,0.0824422222538513,0.0822541494398621,0.0820664701581453,0.0818791901065989,0.0816923147898532,0.0815058495240656,0.0813197994415904,0.0811341694955336,0.0809489644641919,0.0807641889553807,0.0805798474106539,0.0803959441094182,0.0802124831729446,0.0800294685682792,0.0798469041120596,0.0796647934742332,0.0794831401816867,0,0.0892120636800112,0.0894583023829706,0.0897669921090723,0.0901105320017133,0.0904762305960249,0.0908566341583545,0.0912468394570956,0.0916433512034329,0.0920435037757829,0.0924451548315026,0.0928465192033801,0.0932460754125368,0.0936425097877315,0.0940346803647367,0.0944215915745363,0.0948023751715284,0.0951762750579584,0.0955426347505409,0.0959008867757035,0.0962505435518812,0.0965911894589751,0.0969224738740586,0.0972441050013262,0.0975558443585945,0.0978575018093615,0.0981489310514908,0.0984300254921862,0.0987007144544975,0.0989609596733895,0.0992107520496136,0.099450108637518,0.0996790698488215,0.0998976968585814,0.100106069202457,0.100304282556188,0.100492446689255,0.100670683585202,0.100839125721251,0.100997914499748,0.101147198823828,0.101287133809461,0.101417879625864,0.101539600456121,0.101652463569807,0.101756638499435,0.101852296312637,0.10193960897219,0.10201874877623,0.102089887871302,0.102153197831263,0.102208849295403,0.102257011659595,0.102297852814687,0.102331538926768,0.102358234254397,0.102378100998281,0.102391299179295,0.102397986541147,0.102398318474344,0.102392447958473,0.102380525520152,0.102362699204274,0.102339114556507,0.102309914615197,0.10227523991113,0.102235228473757,0.102190015842716,0.10213973508365,0.102084516807446,0.102024489192194,0.101959778007245,0.10189050663888,0.101816796117163,0.101738765143659,0.101656530119739,0.101570205175259,0.101479902197457,0.101385730859922,0.101287798651577,0.10118621090557,0.101081070828066,0.100972479526886,0.100860536039997,0.100745337363843,0.100626978481524,0.100505552390835,0.100381150132172,0.100253860816328,0.100123771652192,0.0999909679743688,0.0998555332707221,0.0997175492098772,0.0995770956686704,0.0994342507595689,0.0992890908580601,0.0991416906300174,0.098992123059042,0.0988404594737804,0.0986867695752137,0.0985311214639138,0.0983735816672583,0.0982142151665956,0.0980530854243504,0.0978902544110554,0.0977257826322989,0.0975597291555724,0.0973921516370052,0.0972231063479704,0.0970526482015462,0.0968808307788186,0.0967077063550089,0.0965333259254107,0.0963577392311222,0.0961809947845574,0.0960031398947239,0.0958242206922514,0.0956442821541601,0.095463368128354,0.0952815213578289,0.0950987835045839,0.0949151951732251,0.0947307959342533,0.0945456243470261,0.0943597179823862,0.0941731134449498,0.0939858463950483,0.0937979515703175,0.0936094628069297,0.0934204130604648,0.0932308344264168,0.0930407581603343,0.0928502146975904,0.0926592336727843,0.0924678439387706,0.092276073585319,0.0920839499574025,0.0918914996731173,0.0916987486412341,0.0915057220783838,0.0913124445258796,0.0911189398661791,0.0909252313389876,0.0907313415570085,0.090537292521343,0.0903431056365441,0.0901488017253277,0.0899544010429482,0.08975992329124,0.0895653876323332,0.0893708127020452,0.0891762166229569,0.088981617017176,0.0887870310187947,0.0885924752860467,0.0883979660131693,0.0882035189419751,0.0880091493731422,0.0878148721772243,0.0876207018053901,0.0874266522998956,0.0872327373042961,0.0870389700734027,0.0868453634829902,0.0866519300392611,0.0864586818880705,0.0862656308239206,0.0860727882987256,0.0858801654303568,0.0856877730109705,0.0854956215151245,0.0853037211076898,0.0851120816515599,0.0849207127151653,0.084729623579797,0.0845388232467434,0.0843483204442458,0.084158123634278,0.0839682410191525,0.08377868054796,0.0835894499228444,0.0834005566051199,0.083212007821232,0.0830238105685685,0.0828359716211226,0.0826484975350137,0.0824613946538686,0.0822746691140672,0.0820883268498559,0.0819023735983331,0.081716814904309,0.0815316561250445,0.0813469024348699,0.0811625588296909,0.0809786301313797,0.0807951209920589,0.0806120358982775,0.0804293791750843,0.0802471549900008,0.080065367356895,0.0798840201397604,0,0.0886623583432799,0.088863900930538,0.0891413314840735,0.0894617911252081,0.0898097614900693,0.0901762974625183,0.0905556198002313,0.0909436836372231,0.0913374633599807,0.0917345699631519,0.0921330396418651,0.0925312131851504,0.0929276640200485,0.0933211526913732,0.0937105960774685,0.0940950451530362,0.0944736679813672,0.0948457361130234,0.0952106133496852,0.0955677462452111,0.0959166559392186,0.0962569310437308,0.0965882213780443,0.0969102323951921,0.0972227201774091,0.0975254869038632,0.0978183767145183,0.0981012719107273,0.0983740894467477,0.0986367776772662,0.0988893133345639,0.0991316987154723,0.0993639590630877,0.0995861401316274,0.0997983059251225,0.100000536602098,0.100192926539228,0.100375582547329,0.100548622233175,0.100712172500511,0.100866368183511,0.101011350805697,0.101147267457208,0.101274269783163,0.101392513075792,0.10150215546306,0.101603357186547,0.101696279961516,0.101781086412308,0.101857939576439,0.1019270024711,0.101988437716054,0.10204240720731,0.102089071836286,0.10212859124957,0.102161123644755,0.102186825598178,0.102205851920775,0.102218355538594,0.102224487394851,0.10222439637071,0.102218229222286,0.102206130531627,0.102188242669693,0.102164705769576,0.102135657708436,0.102101234096795,0.102061568274044,0.102016791309133,0.101967032005597,0.10191241691016,0.101853070324305,0.10178911431826,0.101720668746969,0.101647851267668,0.101570777358759,0.101489560339733,0.101404311391937,0.101315139580014,0.101222151873893,0.101125453171223,0.101025146320166,0.10092133214249,0.100814109456926,0.100703575102739,0.100589823963494,0.100472948991008,0.100353041229465,0.100230189839689,0.100104482123565,0.0999760035486176,0.0998448377727222,0.099711066668957,0.0995747703505902,0.0994360271961923,0.0992949138748691,0.0991515053716063,0.0990058750127169,0.0988580944913781,0.0987082338932484,0.0985563617221483,0.0984025449257924,0.0982468489215559,0.0980893376222586,0.09793007346195,0.0977691174216776,0.0976065290552192,0.0974423665147623,0.09727668657651,0.0971095446661965,0.0969409948844938,0.0967710900322888,0.096599881635817,0.0964274199716316,0.0962537540913944,0.0960789318464692,0.0959029999123049,0.0957260038125912,0.095547987943175,0.0953689955957221,0.0951890689811131,0.0950082492525618,0.0948265765284451,0.0946440899148336,0.0944608275277166,0.0942768265149099,0.0940921230776419,0.0939067524918092,0.0937207491288986,0.0935341464765672,0.0933469771588804,0.0931592729562004,0.0929710648247261,0.0927823829156793,0.0925932565941373,0.0924037144575117,0.0922137843536715,0.092023493398712,0.0918328679943699,0.0916419338450863,0.0914507159747183,0.0912592387429029,0.0910675258610744,0.0908756004081393,0.090683484845811,0.0904912010336082,0.0902987702435211,0.0901062131743494,0.089913549965716,0.0897208002117606,0.0895279829745196,0.0893351167969945,0.0891422197159163,0.0889493092742089,0.0887564025331584,0.0885635160842918,0.0883706660609723,0.088177868149715,0.0879851376012291,0.0877924892411918,0.0875999374807604,0.0874074963268253,0.0872151793920132,0.0870229999044422,0.0868309707172369,0.0866391043178069,0.0864474128368958,0.0862559080574041,0.0860646014229929,0.0858735040464725,0.0856826267179806,0.0854919799129568,0.085301573799917,0.0851114182480313,0.0849215228345147,0.0847318968518291,0.0845425493147065,0.0843534889669951,0.0841647242883329,0.0839762635006549,0.0837881145745358,0.0836002852353744,0.0834127829694219,0.0832256150296602,0.0830387884415322,0.0828523100085288,0.0826661863176366,0.0824804237446493,0.0822950284593462,0.0821100064305427,0.0819253634310141,0.0817411050422974,0.0815572366593746,0.0813737634952386,0.0811906905853474,0.0810080227919678,0.0808257648084121,0.0806439211631698,0.0804624962239393,0.0802814942015594,0,0.0880918238082287,0.0882651538716337,0.0885191505559978,0.0888208870294351,0.0891536983401972,0.089507875050297,0.0898771376576292,0.0902571035468554,0.0906445144580175,0.0910368167706146,0.091431924964124,0.0918280843836786,0.0922237887310581,0.0926177281079177,0.0930087544449756,0.0933958571154235,0.093778144756094,0.0941548310629659,0.0945252232724245,0.0948887125556851,0.0952447658395056,0.0955929187283749,0.0959327692989563,0.0962639725972457,0.0965862357088779,0.0968993133017728,0.0972030035622248,0.0974971444628604,0.09778161031479,0.0980563085674247,0.0983211768282576,0.0985761800817596,0.0988213080917197,0.0990565729751479,0.0992820069385202,0.099497660168917,0.0997035988737001,0.0998999034629663,0.100086666869261,0.100263992999054,0.100431995310349,0.100590795510629,0.100740522369125,0.100881310637224,0.101013300070705,0.101136634547395,0.101251461273844,0.101357930074652,0.101456192758184,0.101546402552588,0.101628713606203,0.101703280546726,0.101770258093743,0.101829800719558,0.101882062353529,0.101927196125477,0.10196535414402,0.101996687306034,0.102021345133735,0.102039475636191,0.102051225192363,0.10205673845305,0.102056158259388,0.102049625575763,0.102037279435284,0.102019256896117,0.101995693007206,0.101966720782085,0.101932471179629,0.101893073090755,0.101848653330203,0.101799336632655,0.101745245652541,0.101686500966982,0.101623221081406,0.101555522437432,0.101483519422682,0.101407324382245,0.101327047631554,0.101242797470473,0.101154680198437,0.101062800130504,0.100967259614218,0.100868159047177,0.100765596895244,0.100659669711331,0.100550472154714,0.100438097010826,0.1003226352115,0.100204175855634,0.100082806230245,0.099958611831891,0.0998316763884398,0.0997020818811678,0.0995699085671622,0.0994352350020122,0.0992981380627684,0.0991586929711506,0.099016973316985,0.0988730510818484,0.0987269966629008,0.0985788788968835,0.0984287650842614,0.0982767210134877,0.0981228109853676,0.0979670978374994,0.0978096429687704,0.0976505063638835,0.0974897466178942,0.0973274209607342,0.0971635852816993,0.0969982941538822,0.096831600858527,0.096663557409286,0.0964942145763594,0.0963236219104977,0.0961518277668495,0.0959788793286376,0.0958048226306452,0.0956297025824983,0.095453562991728,0.0952764465866005,0.0950983950386997,0.0949194489852519,0.0947396480511814,0.0945590308708864,0.0943776351097252,0.0941954974852056,0.0940126537878702,0.0938291389018679,0.0936449868252102,0.0934602306897034,0.0932749027805549,0.0930890345556475,0.0929026566644817,0.0927157989667819,0.0925284905507643,0.0923407597510681,0.0921526341663468,0.091964140676521,0.0917753054596939,0.0915861540087284,0.0913967111474905,0.0912070010467575,0.0910170472397963,0.0908268726376119,0.0906364995438711,0.0904459496695037,0.0902552441469843,0.0900644035442995,0.0898734478786042,0.0896823966295696,0.089491268752431,0.0893000826907351,0.0891088563887953,0.088917607303858,0.0887263524179847,0.0885351082496561,0.0883438908651012,0.0881527158893583,0.087961598517072,0.0877705535230321,0.0875795952724577,0.0873887377310349,0.0871979944747094,0.087007378699242,0.0868169032295315,0.0866265805287082,0.0864364227070065,0.0862464415304173,0.0860566484291298,0.0858670545057631,0.0856776705433961,0.085488507013398,0.085299574083065,0.0851108816230685,0.0849224392147175,0.0847342561570422,0.0845463414737005,0.0843587039197139,0.0841713519880359,0.0839842939159568,0.0837975376913508,0.0836110910587667,0.083424961525368,0.0832391563667262,0.0830536826324697,0.0828685471517935,0.0826837565388323,0.0824993171979004,0.0823152353286032,0.0821315169308217,0.0819481678095742,0.081765193579759,0.08158259967078,0.0814003913310588,0.0812185736324362,0.0810371514744662,0.080856129588605,0.0806755125422972,0,0.0874933411503769,0.0876568356809748,0.0878970201065289,0.0881856190434147,0.0885067179739311,0.0888507022383411,0.0892112417870491,0.0895838727061715,0.0899652595294964,0.0903527840648344,0.0907443076935127,0.0911380303857115,0.0915324046584354,0.0919260810902293,0.0923178722116838,0.0927067273232768,0.0930917140089098,0.0934720039144879,0.0938468613692575,0.0942156339941494,0.09457774476227,0.0949326851612447,0.0952800092160945,0.0956193281983637,0.0959503058908064,0.0962726543071756,0.0965861297889236,0.096890529417819,0.097185687697126,0.097471473464914,0.0977477870117905,0.0980145573822076,0.0982717398437788,0.0985193135129964,0.0987572791286048,0.0989856569658507,0.0992044848861126,0.0994138165171591,0.0996137195596428,0.0998042742155312,0.0999855717340913,0.100157713070864,0.100320807654835,0.100474972258793,0.10062032996763,0.100757009239229,0.100885143052427,0.101004868136523,0.1011163242768,0.101219653690589,0.101315000468527,0.101402510075795,0.101482328908341,0.101554603899293,0.101619482171011,0.101677110728502,0.101727636190163,0.101771204552128,0.101807960982733,0.101838049643898,0.101861613536512,0.101878794367111,0.101889732433441,0.101894566526686,0.101893433848384,0.10188646994025,0.101873808625309,0.101855581958938,0.101831920188542,0.101802951720778,0.101768803095331,0.101729598964413,0.101685462077212,0.101636513268666,0.101582871451985,0.101524653614446,0.101461974816032,0.101394948190565,0.101323684949023,0.101248294384773,0.101168883880512,0.101085558916702,0.100998423081368,0.10090757808109,0.100813123753096,0.100715158078349,0.100613777195538,0.100509075415908,0.100401145238856,0.100290077368254,0.100175960729422,0.100058882486743,0.0999389280618435,0.0998161811523321,0.0996907237510393,0.0995626361657407,0.0994319970393238,0.0992988833703709,0.099163370534126,0.0990255323038184,0.0988854408723121,0.098743166874052,0.0985987794072797,0.0984523460564887,0.0983039329150915,0.0981536046082698,0.098001424315982,0.0978474537960972,0.0976917534076329,0.0975343821340658,0.0973753976066936,0.0972148561280192,0.0970528126951352,0.0968893210230833,0.0967244335681673,0.0965582015511947,0.0963906749806286,0.0962219026756283,0.0960519322889581,0.0958808103297483,0.0957085821860882,0.0955352921474375,0.0953609834268379,0.0951856981829126,0.0950094775416394,0.0948323616178845,0.0946543895366869,0.094475599454281,0.09429602857885,0.0941157131909997,0.0939346886639449,0.0937529894834042,0.0935706492671925,0.0933877007845101,0.0932041759749217,0.0930201059670221,0.0928355210967851,0.0926504509255938,0.0924649242579502,0.0922789691588623,0.0920926129709092,0.0919058823309825,0.0917188031867069,0.0915314008125371,0.0913436998255359,0.0911557242008329,0.0909674972867671,0.0907790418197142,0.090590379938603,0.0904015331991231,0.0902125225876263,0.0900233685347276,0.0898340909286062,0.0896447091280126,0.089455241974986,0.0892657078072845,0.0890761244705338,0.0888865093300984,0.0886968792826802,0.0885072507676482,0.0883176397781053,0.088128061871695,0.0879385321811562,0.0877490654246264,0.0875596759157024,0.0873703775732595,0.0871811839310385,0.0869921081470001,0.0868031630124565,0.0866143609609812,0.0864257140771041,0.0862372341047959,0.0860489324557452,0.0858608202174363,0.0856729081610275,0.0854852067490394,0.0852977261428535,0.0851104762100287,0.0849234665314371,0.0847367064082269,0.0845502048686119,0.0843639706744971,0.0841780123279398,0.0839923380774533,0.0838069559241547,0.0836218736277632,0.0834370987124501,0.0832526384725455,0.0830684999781063,0.0828846900803456,0.0827012154169309,0.0825180824171524,0.0823352973069641,0.0821528661139025,0.0819707946718854,0.0817890886258926,0.0816077534365346,0.0814267943845077,0.0812462165749431,0.0810660249416494,0,0.0868640903372275,0.0870357986361675,0.0872726109108753,0.0875544298721477,0.0878678942568758,0.0882043663264753,0.0885579421238211,0.0889243542517135,0.0893003613342611,0.0896833919727923,0.0900713309794844,0.0904623885371618,0.090855018437317,0.0912478655356778,0.0916397307253195,0.0920295465512356,0.0924163594279047,0.0927993160778312,0.0931776527706525,0.0935506864995008,0.0939178075547317,0.0942784731443719,0.0946322018232342,0.0949785685615932,0.0953172003284329,0.095647772094119,0.0959700031787879,0.0962836538889794,0.0965885223977929,0.0968844418340589,0.0971712775542303,0.0974489245772331,0.097717305167642,0.0979763665564565,0.0982260787916433,0.0984664327126628,0.0986974380445639,0.0989191216080699,0.0991315256425099,0.099334706238596,0.099528731877985,0.0997136820763786,0.0998896461266687,0.100056721938353,0.100215014969182,0.100364637244758,0.100505706461615,0.100638345169169,0.100762680025837,0.100878841124587,0.100986961383223,0.101087175994736,0.101179621933209,0.101264437510847,0.10134176198194,0.101411735189705,0.101474497252184,0.10153018828362,0.101578948147918,0.101620916241063,0.101656231299591,0.101685031232424,0.101707452973621,0.101723632353787,0.101733703988114,0.101737801179183,0.101736055832882,0.101728598385918,0.1017155577436,0.101697061226672,0.10167323452616,0.101644201665258,0.101610084967445,0.101571005030081,0.101527080702849,0.101478429070466,0.101425165439188,0.101367403326659,0.101305254454746,0.10123882874503,0.101168234316668,0.101093577486388,0.101014962770409,0.100932492888096,0.100846268767188,0.100756389550481,0.100662952603823,0.100566053525329,0.100465786155719,0.100362242589701,0.10025551318832,0.100145686592209,0.10003284973569,0.0999170878616526,0.0997984845371762,0.0996771216698419,0.0995530795246845,0.0994264367417487,0.0992972703542037,0.0991656558069789,0.0990316669758811,0.0988953761871564,0.0987568542374589,0.0986161704141934,0.0984733925161934,0.0983285868747023,0.0981818183746258,0.0980331504760183,0.0978826452357763,0.0977303633295041,0.0975763640735233,0.0974207054469952,0.0972634441141295,0.0971046354464495,0.0969443335450881,0.0967825912630896,0.0966194602276912,0.0964549908625614,0.0962892324099738,0.0961222329528921,0.0959540394369489,0.0957846976922979,0.0956142524553204,0.095442747390171,0.0952702251101448,0.0950967271988525,0.0949222942311884,0.0947469657940803,0.0945707805070069,0.0943937760422744,0.0942159891450413,0.0940374556530825,0.0938582105162848,0.093678287815867,0.093497720783318,0.0933165418190466,0.093134782510741,0.09295247365143,0.0927696452572453,0.0925863265848828,0.0924025461487577,0.0922183317378547,0.0920337104322726,0.0918487086194597,0.0916633520101446,0.0914776656539585,0.0912916739547539,0.0911054006856178,0.0909188690035842,0.0907321014640443,0.0905451200348608,0.090357946110186,0.090170600523988,0.0899831035632869,0.0897954749811072,0.0896077340091454,0.0894198993701617,0.0892319892900953,0.0890440215099099,0.0888560132971724,0.0886679814573704,0.0884799423449699,0.0882919118742215,0.0881039055297163,0.0879159383766978,0.0877280250711331,0.0875401798695496,0.0873524166386398,0.08716474886464,0.086977189662488,0.0867897517847618,0.0866024476304072,0.0864152892532566,0.0862282883703431,0.0860414563700173,0.0858548043198665,0.085668342974446,0.0854820827828217,0.0852960338959321,0.0851102061737722,0.0849246091924026,0.08473925225079,0.0845541443774818,0.0843692943371179,0.0841847106367856,0.0840004015322202,0.0838163750338544,0.0836326389127214,0.0834492007062147,0.0832660677237089,0.0830832470520418,0.082900745560867,0.0827185699078737,0.0825367265438819,0.0823552217178138,0.0821740614815446,0.0819932516946366,0.0818127980289588,0.081632705973195,0.0814529808372433,0,0.0862056065712016,0.0864013028964956,0.0866449650129038,0.0869266066027246,0.0872368493619641,0.0875688231259228,0.0879175014070342,0.0882790859662384,0.0886506023046045,0.0890296404290352,0.0894141883229876,0.0898025246320939,0.0901931489701323,0.0905847359061549,0.0909761037765869,0.0913661927964678,0.0917540490675168,0.0921388124015036,0.0925197066838924,0.0928960319891474,0.093267157950518,0.093632518061587,0.0939916046920777,0.0943439646650304,0.0946891952834744,0.095026940722027,0.0953568887181053,0.0956787675118077,0.095992342994733,0.0962974160370092,0.0965938199690986,0.0968814182008413,0.097160101964892,0.0974297881753593,0.0976904173952088,0.0979419519079853,0.0981843738907748,0.0984176836861786,0.0986418981715311,0.0988570492237557,0.0990631822781956,0.0992603549795638,0.0994486359228746,0.0996281034818962,0.0997988447223373,0.0999609543966681,0.100114534017205,0.100259691003854,0.100396537902736,0.100525191671786,0.10064577302936,0.10075840586183,0.100863216686222,0.100960334163952,0.101049888661868,0.101132011856888,0.101206836380705,0.101274495501167,0.101335122837152,0.101388852103908,0.101435816886061,0.101476150435647,0.101509985492759,0.101537454126551,0.101558687594549,0.101573816218394,0.101582969274288,0.101586274896611,0.101583859993281,0.101575850171615,0.10156236967354,0.101543541319143,0.101519486457654,0.101490324925053,0.101456175007587,0.101417153410566,0.101373375231864,0.101324953939656,0.101272001353929,0.101214627631404,0.101152941253533,0.101087049017259,0.101017056028306,0.100943065696751,0.100865179734694,0.100783498155833,0.100698119276817,0.100609139720204,0.100516654418935,0.100420756622197,0.100321537902575,0.100219088164422,0.100113495653345,0.100004846966751,0.0998932270653695,0.0997787192857075,0.0996614053533527,0.0995413653970924,0.0994186779637803,0.0992934200339066,0.0991656670378214,0.0990354928725646,0.0989029699192575,0.0987681690610131,0.0986311597013215,0.0984920097828704,0.0983507858067611,0.0982075528520804,0.0980623745957912,0.0979153133329072,0.097766429996912,0.0976157841803946,0.0974634341558619,0.0973094368967014,0.0971538480982607,0.0969967221990154,0.0968381124017953,0.0966780706950449,0.0965166478740897,0.0963538935623837,0.0961898562327174,0.0960245832283589,0.0958581207841136,0.095690514047276,0.0955218070984598,0.095352042972287,0.0951812636779185,0.0950095102194138,0.0948368226159018,0.0946632399215537,0.0944888002453426,0.0943135407705815,0.0941374977742266,0.0939607066459396,0.0937832019068995,0.0936050172283562,0.0934261854499205,0.0932467385975835,0.0930667079014614,0.0928861238132613,0.0927050160234636,0.0925234134782197,0.092341344395961,0.0921588362837187,0.0919759159531528,0.0917926095362895,0.0916089425009668,0.0914249396659898,0.0912406252159938,0.0910560227160192,0.0908711551257973,0.0906860448137507,0.0905007135707089,0.0903151826233414,0.090129472647313,0.0899436037801615,0.0897575956339021,0.0895714673073619,0.0893852373982481,0.089198924014952,0.0890125447880946,0.0888261168818154,0.0886396570048112,0.0884531814211254,0.0882667059606946,0.0880802460296557,0.0878938166204178,0.0877074323215026,0.0875211073271583,0.0873348554467512,0.0871486901139388,0.086962624395629,0.0867766710007298,0.0865908422886933,0.0864051502778593,0.086219606653601,0.0860342227762783,0.0858490096890033,0.0856639781252202,0.0854791385161057,0.0852945009977921,0.0851100754184189,0.0849258713450156,0.0847418980702191,0.0845581646188319,0.0843746797542214,0.0841914519845668,0.0840084895689561,0.0838258005233363,0.0836433926263218,0.0834612734248618,0.0832794502397733,0.0830979301711411,0.0829167201035864,0.0827358267114122,0.0825552564636222,0.0823750156288218,0.0821951102800003,0.0820155462991998,0.081836329382071,0,0.0855233601354525,0.0857550814814081,0.0860146466071002,0.0863024213097373,0.0866138722190271,0.0869444947560337,0.0872905157541546,0.087648846895006,0.0880169398673714,0.0883926552554024,0.0887741619646799,0.0891598647883934,0.0895483537054251,0.0899383686426626,0.0903287747543059,0.0907185446879671,0.0911067454582906,0.0914925283769842,0.0918751210455624,0.0922538207773068,0.0926279890417884,0.0929970466659865,0.0933604696127989,0.0937177852115808,0.0940685687494777,0.0944124403548235,0.094749062119533,0.0950781354190039,0.0953993983970752,0.0957126235908904,0.0960176156765215,0.096314209321154,0.096602267131641,0.0968816776924282,0.0971523536882955,0.0974142301091746,0.0976672625355516,0.0979114255037651,0.098146710950937,0.0983731267394142,0.0985906952605272,0.0987994521172524,0.0989994448850478,0.0991907319497633,0.0993733814211397,0.0995474701200345,0.0997130826371613,0.0998703104608162,0.100019251170803,0.100160007695559,0.100292687629311,0.100417402606008,0.10053426772668,0.100643401036883,0.10074492305091,0.100838956319472,0.100925625037686,0.101005054690265,0.101077371730967,0.101142703293482,0.101201176931084,0.101252920382554,0.101298061362002,0.101336727370425,0.101369045526955,0.101395142417928,0.101415143962062,0.10142917529016,0.101437360637906,0.101439823250446,0.101436685297576,0.101428067798459,0.101414090554923,0.101394872092459,0.101370529608166,0.101341178924926,0.101306934451219,0.101267909146,0.101224214488183,0.101175960450258,0.101123255475697,0.101066206459781,0.101004918733547,0.100939496050604,0.100870040576562,0.100796652880871,0.100719431930877,0.100638475087933,0.100553878105404,0.100465735128443,0.100374138695402,0.100279179740783,0.100180947599606,0.100079530013124,0.0999750131357839,0.0998674815433594,0.0997570182421797,0.0996437046793875,0.0995276207541573,0.0994088448298138,0.0992874537467904,0.0991635228363716,0.0990371259351645,0.0989083354002495,0.0987772221249563,0.098643855555221,0.0985083037064749,0.0983706331810212,0.0982309091858555,0.0980891955508884,0.0979455547475293,0.0978000479075927,0.0976527348424885,0.0975036740626601,0.0973529227972356,0.0972005370138578,0.0970465714386612,0.0968910795763651,0.0967341137304524,0.0965757250234066,0.0964159634169804,0.096254877732469,0.0960925156709657,0.0959289238335754,0.0957641477415647,0.0955982318564284,0.0954312195998546,0.0952631533735665,0.0950940745790297,0.0949240236370044,0.0947530400069313,0.0945811622061365,0.0944084278288434,0.09423487356498,0.094060535218772,0.0938854477271115,0.0937096451776939,0.093533160826914,0.0933560271175165,0.0931782756959927,0.0929999374297203,0.0928210424238405,0.0926416200378687,0.0924616989020369,0.0922813069333633,0.092100471351449,0.0919192186939993,0.0917375748320683,0.0915555649850283,0.0913732137352614,0.0911905450425757,0.0910075822583463,0.0908243481393814,0.0906408648615166,0.0904571540329375,0.0902732367072342,0.0900891333961885,0.0899048640822971,0.0897204482310349,0.0895359048028577,0.0893512522649516,0.0891665086027294,0.0889816913310785,0.0887968175053647,0.088611903732193,0.0884269661799322,0.0882420205890043,0.0880570822819448,0.0878721661732364,0.0876872867789206,0.0875024582259905,0.0873176942615707,0.0871330082618854,0.0869484132410214,0.0867639218594886,0.0865795464325823,0.0863952989385512,0.0862111910265758,0.0860272340245596,0.0858434389467392,0.0856598165011148,0.0854763770967069,0.0852931308506421,0.0851100875950718,0.0849272568839273,0.0847446479995161,0.0845622699589615,0.0843801315204892,0.0841982411895668,0.0840166072248961,0.0838352376442634,0.0836541402302516,0.083473322535817,0.0832927918897323,0.0831125554019018,0.08293261996855,0.0827529922772868,0.0825736788120524,0.082394685857946,0.0822160195059387,0,0.084825995722266,0.0851011588400928,0.0853837629923502,0.085683201246655,0.0859999964185717,0.0863323429335337,0.0866779798421788,0.0870347139826295,0.0874005551407419,0.0877737297859388,0.0881526582848953,0.0885359253649222,0.0889222537029337,0.0893104829149824,0.0896995535429052,0.0900884949389472,0.0904764159778194,0.090862497757259,0.0912459876881063,0.0916261945654483,0.0920024843476843,0.092374276460816,0.0927410405036525,0.0931022932667253,0.0934575960013871,0.0938065518911026,0.0941488036876728,0.0944840314830605,0.0948119505937425,0.0951323095396797,0.0954448881043768,0.0957494954662158,0.0960459683943533,0.0963341695050035,0.096613985575924,0.096885325918414,0.0971481208071832,0.0974023199691178,0.0976478911323059,0.097884818636773,0.0981131021082551,0.0983327551960824,0.0985438043758788,0.0987462878173733,0.0989402543171692,0.0991257622958812,0.0993028788586248,0.0994716789174578,0.0996322443740275,0.0997846633603841,0.0999290295356751,0.100065441436244,0.100194001876516,0.10031481739795,0.100427997763297,0.100533655493365,0.100631905443538,0.100722864417318,0.10080665081424,0.100883384309599,0.100953185563531,0.101016175957103,0.101072477353206,0.101122211880145,0.101165501735991,0.101202469011854,0.101233235532404,0.101257922712063,0.101276651425435,0.101289541890658,0.101296713564466,0.101298285047871,0.101294374001455,0.101285097069383,0.101270569811303,0.101250906641421,0.101226220774053,0.101196624175096,0.10116222751886,0.101123140149785,0.10107947004863,0.10103132380273,0.100978806579999,0.100922022106352,0.100861072646292,0.100796058986403,0.100727080421531,0.100654234743459,0.100577618231891,0.100497325647591,0.100413450227525,0.100326083681868,0.100235316192771,0.100141236414751,0.100043931476628,0.0999434869848875,0.0998399870283964,0.0997335141843847,0.0996241495256088,0.0995119726286287,0.0993970615831268,0.0992794930021995,0.0991593420335617,0.0990366823716,0.0989115862702174,0.0987841245564141,0.0986543666445498,0.0985223805512356,0.0983882329108052,0.0982519889913194,0.0981137127110542,0.0979734666554306,0.0978313120943425,0.0976873089998406,0.0975415160641323,0.0973939907178618,0.097244789148631,0.0970939663197276,0.0969415759890264,0.0967876707280328,0.0966323019410356,0.0964755198843432,0.0963173736855728,0.0961579113629677,0.0959971798447181,0.095835224988261,0.0956720915995389,0.0955078234521932,0.0953424633066774,0.0951760529292674,0.0950086331109556,0.0948402436862098,0.0946709235515848,0.0945007106841715,0.0943296421598717,0.0941577541714867,0.0939850820466097,0.0938116602653124,0.0936375224776157,0.0934627015207398,0.0932872294361236,0.0931111374862085,0.0929344561709823,0.0927572152442763,0.0925794437298136,0.0924011699370033,0.0922224214764803,0.0920432252753854,0.0918636075923869,0.0916835940324405,0.0915032095612878,0.0913224785196931,0.0911414246374174,0.0909600710469326,0.0907784402968736,0.0905965543652321,0.0904144346722924,0.0902321020933105,0.0900495769709401,0.0898668791274059,0.0896840278764282,0.0895010420348994,0.0893179399343186,0.0891347394319833,0.088951457921944,0.0887681123457242,0.0885847192028087,0.0884012945609041,0.088217854065975,0.0880344129520586,0.0878509860508633,0.0876675878011526,0.0874842322579196,0.0873009331013554,0.0871177036456147,0.0869345568473836,0.0867515053142516,0.0865685613128934,0.0863857367770625,0.0862030433154023,0.086020492219076,0.0858380944692215,0.085655860744234,0.0854738014268776,0.0852919266112352,0.0851102461094929,0.0849287694585696,0.0847475059265889,0.0845664645192027,0.0843856539857643,0.0842050828253588,0.0840247592926909,0.0838446914038355,0.0836648869418533,0.0834853534622739,0.0833060982984511,0.0831271285667919,0.0829484511718626,0.0827700728113758,0.082591999981059,0,0.0841240359629099,0.0844454740355251,0.0847558621694589,0.0850713260828631,0.0853970335502329,0.0857339139291002,0.0860813334193989,0.0864381060167739,0.0868028927745943,0.0871743601957766,0.0875512386837197,0.0879323396354676,0.0883165564003583,0.0887028597872492,0.0890902923824059,0.0894779631816814,0.0898650429254342,0.0902507601218163,0.0906343976320202,0.091015289685754,0.0913928192208046,0.0917664154687363,0.0921355517311064,0.0924997433061401,0.0928585455360571,0.093211551951983,0.093558392498032,0.09389873181969,0.0942322676046006,0.0945587289665321,0.0948778748657706,0.095189492561442,0.0954933960932695,0.0957894247919937,0.0960774418190764,0.0963573327373821,0.0966290041152802,0.0968923821670705,0.0971474114328343,0.0973940535007999,0.097632285775114,0.0978621002916009,0.098083502583668,0.0982965106000534,0.0985011536756088,0.0986974715558106,0.0988855134752053,0.0990653372895371,0.0992370086608881,0.0994006002947894,0.0995561912279422,0.0997038661649127,0.0998437148619489,0.0999758315558934,0.100100314436039,0.10021726515669,0.100326788388142,0.100428991403782,0.100523983701014,0.100611876653768,0.100692783194384,0.10076681752277,0.10083409484077,0.100894731109836,0.100948842830129,0.100996546839344,0.101037960129622,0.101073199681035,0.101102382310232,0.101125624532946,0.101143042439165,0.10115475157984,0.101160866864148,0.101161502466357,0.101156771741466,0.101146787148849,0.101131660183202,0.101111501312178,0.101086419920119,0.101056524257391,0.101021921394845,0.100982717182995,0.100939016215524,0.100890921796792,0.100838535913034,0.100781959206963,0.100721290955544,0.100656629050706,0.10058806998278,0.100515708826488,0.100439639229314,0.100359953402084,0.100276742111638,0.10019009467545,0.100100098958068,0.100006841369279,0.0999104068638804,0.0998108789429719,0.0997083396566623,0.099602869608118,0.0994945479588649,0.0993834524352678,0.099269659336114,0.0991532435412307,0.0990342785210698,0.0989128363471949,0.0987889877036106,0.0986628018988737,0.0985343468789307,0.0984036892406261,0.0982708942458302,0.0981360258361363,0.0979991466480763,0.0978603180288119,0.0977196000522542,0.0975770515355696,0.0974327300560309,0.0972866919681736,0.0971389924212215,0.0969896853767424,0.0968388236265031,0.0966864588104875,0.0965326414350499,0.0963774208911708,0.0962208454727886,0.0960629623951808,0.0959038178133685,0.0957434568405215,0.0955819235663395,0.0954192610753923,0.0952555114653938,0.0950907158653971,0.0949249144538887,0.094758146476769,0.0945904502652017,0.0944218632533211,0.0942524219957815,0.0940821621851402,0.0939111186690603,0.093739325467326,0.0935668157886606,0.0933936220473384,0.0932197758795857,0.0930453081597611,0.0928702490163133,0.0926946278475082,0.0925184733369229,0.0923418134687026,0.0921646755425769,0.0919870861886336,0.0918090713818478,0.0916306564563644,0.0914518661195342,0.0912727244657017,0.0910932549897451,0.0909134806003691,0.0907334236331493,0.0905531058633328,0.0903725485183905,0.0901917722903287,0.0900107973477572,0.0898296433477178,0.0896483294472752,0.0894668743148719,0.089285296141451,0.0891036126513475,0.0889218411129534,0.0887399983491568,0.088558100747561,0.0883761642704837,0.0881942044647423,0.0880122364712261,0.0878302750342611,0.0876483345107691,0.0874664288792245,0.0872845717484145,0.0871027763660027,0.0869210556269031,0.0867394220814654,0.0865578879434766,0.0863764650979816,0.0861951651089276,0.0860139992266338,0.0858329783950914,0.0856521132590976,0.0854714141712251,0.0852908911986331,0.0851105541297205,0.0849304124806274,0.0847504755015856,0.084570752183123,0.084391251262125,0.0842119812277545,0.0840329503272361,0.0838541665715057,0.0836756377407287,0.0834973713896908,0.0833193748530631,0.0831416552505455,0.0829642194918897,0,0.0834287880943446,0.0837953782032946,0.0841357276532592,0.0844701571501966,0.0848075619755529,0.0851513536072753,0.0855024871671699,0.0858608129370521,0.0862256901774482,0.0865962729925072,0.0869716446039244,0.0873508800630679,0.0877330750822262,0.0881173589356736,0.0885028999455238,0.0888889075434218,0.0892746327512842,0.0896593679205327,0.0900424461090048,0.0904232402679166,0.0908011623199258,0.0911756621691503,0.0915462266657508,0.0919123785386025,0.0922736753043794,0.0926297081580182,0.0929801008472834,0.093324508532779,0.0936626166340854,0.0939941396626214,0.0943188200421834,0.0946364269187457,0.0949467549618664,0.0952496231608138,0.0955448736192242,0.0958323703526451,0.0961119980936997,0.096383661109788,0.0966472820382551,0.0969028007438022,0.0971501732026221,0.0973893704173501,0.0976203773664407,0.0978431919910546,0.0980578242219843,0.0982642950485919,0.0984626356311812,0.0986528864577067,0.0988350965452407,0.0990093226861719,0.0991756287387247,0.0993340849610371,0.0994847673877491,0.0996277572478067,0.0997631404219908,0.0998910069385296,0.10001145050504,0.100124568074962,0.100230459446623,0.100329226893026,0.100420974820489,0.100505809454284,0.100583838549454,0.100655171125075,0.100719917220261,0.100778187670328,0.100830093901586,0.100875747743311,0.100915261255577,0.100948746571658,0.100976315753844,0.100998080661579,0.101014152830912,0.101024643364333,0.101029662830151,0.101029321170616,0.101023727618096,0.101012990618626,0.100997217762262,0.100976515719687,0.100950990184578,0.100920745821288,0.100885886217446,0.100846513841091,0.100802730002029,0.100754634817089,0.100702327179012,0.10064590472873,0.100585463830788,0.10052109955172,0.100452905641176,0.100380974515627,0.100305397244497,0.100226263538551,0.100143661740429,0.100057678817179,0.0999684003546742,0.0998759105538074,0.0997802922283564,0.0996816268044182,0.0995799943213238,0.0994754734339443,0.0993681414163042,0.0992580741664234,0.0991453462123116,0.0990300307190436,0.0989121994968449,0.0987919230101238,0.0986692703873829,0.0985443094319527,0.0984171066334857,0.0982877271801569,0.0981562349715151,0.0980226926319346,0.0978871615246154,0.097749701766087,0.097610372241166,0.0974692306183282,0.097326333365449,0.0971817357658739,0.0970354919347806,0.0968876548357954,0.0967382762978289,0.0965874070320983,0.0964350966493035,0.0962813936769281,0.0961263455766363,0.0959699987617382,0.0958123986146991,0.0956535895046672,0.095493614804999,0.0953325169107595,0.0951703372561784,0.0950071163320424,0.0948428937030074,0.0946777080248143,0.0945115970613923,0.0943445977018368,0.0941767459772486,0.0940080770774228,0.0938386253673763,0.0936684244037036,0.0934975069507533,0.0933259049966151,0.0931536497689117,0.0929807717503883,0.0928073006942933,0.0926332656395463,0.0924586949256875,0.0922836162076068,0.0921080564700455,0.0919320420418724,0.0917555986101292,0.0915787512338438,0.0914015243576111,0.0912239418249397,0.0910460268913651,0.090867802237327,0.0906892899808146,0.0905105116897766,0.0903314883943001,0.0901522405985567,0.0899727882925198,0.0897931509634528,0.0896133476071715,0.0894333967390811,0.0892533164049915,0.089073124191713,0.088892837237434,0.0887124722418847,0.088532045476288,0.0883515727931022,0.0881710696355571,0.0879905510469868,0.087810031679963,0.087629525805231,0.087449047320452,0.0872686097587555,0.0870882262971035,0.0869079097644716,0.0867276726498492,0.0865475271100622,0.0863674849774216,0.0861875577672017,0.0860077566849508,0.085828092633637,0.0856485762206339,0.0854692177645485,0.0852900273018937,0.0851110145936109,0.0849321891314431,0.0847535601441636,0.0845751366036631,0.0843969272308965,0.0842189405016954,0.0840411846524464,0.0838636676856398,0.0836863973752909,0.0835093812722375,0.0833326267093148,0,0.0827519058335559,0.0831590775484483,0.0835291011116734,0.0838839102132788,0.0842348748952378,0.0845873932620414,0.0849438273329399,0.0853050094472333,0.0856709949410483,0.0860414435061491,0.0864158156174346,0.0867934751985135,0.087173744179097,0.0875559321458128,0.0879393529511179,0.0883233343668548,0.0887072239202664,0.0890903925471974,0.0894722369308938,0.0898521810023758,0.0902296768749392,0.0906042053773592,0.0909752762907739,0.0913424283595173,0.0917052291246919,0.0920632746152245,0.092416188921604,0.0927636236709398,0.0931052574174914,0.0934407949598539,0.0937699665941087,0.0940925273111602,0.0944082559458929,0.0947169542855341,0.0950184461445059,0.0953125764130083,0.0955992100865083,0.0958782312831749,0.0961495422560716,0.0964130624065954,0.0966687273052359,0.0969164877252384,0.0971563086942052,0.097388168568078,0.0976120581313383,0.0978279797266453,0.0980359464165318,0.0982359811792004,0.0984281161399172,0.0986123918390012,0.0987888565369464,0.0989575655568094,0.0991185806636352,0.0992719694803857,0.0994178049395743,0.0995561647695934,0.0996871310145515,0.099810789586296,0.0999272298472059,0.100036544222264,0.100138827838882,0.100234178192931,0.100322694839446,0.100404479106461,0.100479633830525,0.100548263112422,0.100610472091731,0.10066636673891,0.100716053663615,0.100759639938104,0.100797232934576,0.100828940175421,0.100854869195382,0.100875127414746,0.100889822022691,0.100899059870039,0.100902947370679,0.100901590411002,0.100895094266754,0.100883563526731,0.100867102022823,0.100845812765935,0.100819797887362,0.100789158585227,0.100753995075623,0.100714406548152,0.100670491125539,0.100622345827069,0.100570066535595,0.100513747967879,0.100453483648069,0.100389365884112,0.100321485746925,0.100249933052165,0.100174796344433,0.100096162883785,0.100014118634402,0.0999287482553077,0.099840135093006,0.0997483611759386,0.0996535072106498,0.0995556525795671,0.0994548753402995,0.09935125222637,0.0992448586492929,0.099135768701919,0.0990240551629699,0.0989097895026881,0.0987930418895337,0.0986738811978572,0.0985523750164864,0.0984285896581631,0.098302590169771,0.0981744403432965,0.098044202727468,0.0979119386400198,0.097777708180531,0.0976415702437899,0.0975035825336378,0.0973638015772465,0.0972222827397888,0.0970790802394593,0.0969342471628064,0.0967878354803409,0.0966398960623828,0.0964904786951141,0.096339632096806,0.0961874039341889,0.0960338408389375,0.0958789884242435,0.0957228913014503,0.0955655930967249,0.0954071364677455,0.0952475631203821,0.0950869138253507,0.0949252284348224,0.0947625458989693,0.0945989042824316,0.0944343407806901,0.0942688917363309,0.0941025926551876,0.093935478222351,0.0937675823180341,0.0935989380332825,0.0934295776855216,0.0932595328339303,0.0930888342946374,0.0929175121557292,0.0927455957920664,0.0925731138799028,0.0924000944113005,0.0922265647083395,0.0920525514371173,0.0918780806215342,0.0917031776568642,0.0915278673231075,0.0913521737981243,0.0911761206705484,0.0909997309524793,0.0908230270919538,0.0906460309851958,0.0904687639886448,0.0902912469307648,0.0901135001236332,0.0899355433743112,0.0897573959959974,0.0895790768189658,0.0894006042012907,0.0892219960393581,0.0890432697781697,0.0888644424214378,0.0886855305414759,0.0885065502888862,0.088327517402048,0.0881484472164075,0.0879693546735742,0.0877902543302251,0.0876111603668199,0.087432086596131,0.0872530464715895,0.087074053095452,0.0868951192267913,0.0867162572893118,0.0865374793789946,0.086358797271576,0.0861802224298605,0.0860017660108722,0.0858234388728486,0.0856452515820784,0.0854672144195871,0.0852893373876736,0.0851116302163002,0.0849341023693398,0.0847567630506815,0.0845796212102006,0.0844026855495924,0.0842259645280748,0.0840494663679623,0.0838731990601134,0.0836971703692545,0,0.0821045376076547,0.0825450879257179,0.0829423685545239,0.0833174880771348,0.0836828948306932,0.084045309073142,0.0844081999323442,0.0847732527816167,0.0851411698924202,0.0855121046436404,0.085885899801898,0.0862622204492307,0.0866406296897451,0.0870206329395448,0.087401704725127,0.087783305547046,0.0881648929416185,0.0885459290295441,0.0889258858440619,0.0893042491891172,0.089680521479057,0.0900542238430164,0.0904248976794184,0.0907921057870116,0.0911554331616392,0.091514487523414,0.0918688996222259,0.0922183233578067,0.0925624357423005,0.0929009367274389,0.0932335489143176,0.093560017160931,0.0938801081006709,0.0941936095836677,0.0945003300519228,0.0948000978584968,0.0950927605404687,0.0953781840548816,0.0956562519863918,0.0959268647348224,0.0961899386902567,0.0964454054027127,0.0966932107528069,0.0969333141291599,0.0971656876176322,0.0973903152068125,0.0976071920135314,0.0978163235315463,0.0980177249059455,0.0982114202352685,0.0983974419028228,0.0985758299382158,0.098746631409702,0.0989098998475788,0.0990656946985443,0.099214080810657,0.0993551279483055,0.0994889103364093,0.0996155062329167,0.0997349975285493,0.0998474693726548,0.0999530098239668,0.100051709525034,0.100143661399062,0.10022896036792,0.100307703090056,0.100379987717115,0.100445913668088,0.100505581419828,0.100559092312873,0.100606548371518,0.100648052137163,0.100683706514008,0.100713614626222,0.100737879685778,0.10075660487019,0.100769893209444,0.100777847481475,0.100780570115576,0.100778163103186,0.100770727915534,0.100758365427671,0.100741175848442,0.100719258656005,0.100692712538527,0.100661635339705,0.100626124008813,0.100586274554982,0.100542182005444,0.100493940367505,0.100441642594011,0.100385380552104,0.10032524499508,0.100261325537157,0.100193710630997,0.100122487547821,0.100047742359972,0.0999695599257959,0.0998880238766971,0.0998032166062656,0.0997152192613492,0.0996241117349686,0.0995299726609694,0.0994328794103174,0.0993329080889409,0.0992301335370328,0.0991246293297295,0.0990164677790821,0.0989057199372463,0.0987924556008132,0.0986767433162128,0.0985586503861195,0.0984382428767951,0.098315585626306,0.0981907422535542,0.0980637751680633,0.0979347455804657,0.0978037135136345,0.097670737814411,0.0975358761658796,0.0973991851001393,0.0972607200115302,0.097120535170272,0.0969786837364694,0.0968352177744512,0.0966901882674004,0.0965436451322434,0.0963956372347616,0.0962462124048963,0.0960954174522136,0.0959432981815023,0.0957898994084774,0.0956352649755621,0.0954794377677256,0.0953224597283531,0.0951643718751266,0.0950052143158967,0.0948450262645256,0.0946838460566847,0.0945217111655907,0.0943586582176631,0.0941947230080907,0.0940299405162934,0.0938643449212669,0.0936979696167995,0.0935308472265504,0.0933630096189808,0.0931944879221289,0.0930253125382203,0.0928555131581079,0.0926851187755357,0.0925141577012182,0.0923426575767336,0.0921706453882242,0.0919981474799018,0.0918251895673535,0.0916517967506463,0.0914779935272277,0.0913038038046211,0.0911292509129125,0.0909543576170323,0.0907791461288249,0.0906036381189119,0.0904278547283455,0.0902518165800537,0.0900755437900765,0.0898990559785967,0.0897223722807636,0.0895455113573114,0.0893684914049763,0.08919133016671,0.0890140449416947,0.0888366525951596,0.0886591695680023,0.0884816118862164,0.088303995170128,0.0881263346434435,0.0879486451421116,0.087770941123001,0.0875932366723975,0.0874155455143232,0.0872378810186794,0.0870602562092175,0.0868826837713396,0.0867051760597319,0.0865277451058346,0.0863504026251493,0.0861731600243891,0.0859960284084725,0.0858190185873645,0.0856421410827678,0.0854654061346678,0.0852888237077326,0.0851124034975717,0.0849361549368565,0.084760087201305,0.0845842092155334,0.0844085296587768,0.084233056970484,0.0840577993557851,0,0.0814965610131559,0.0819617584499966,0.0823822458650642,0.0827762918918715,0.0831560639458151,0.0835288597250645,0.083898876543243,0.0842684653463873,0.0846388858264267,0.0850107456269942,0.0853842559693263,0.0857593822172195,0.0861359342116985,0.0865136218305075,0.0868920902353071,0.0872709430460631,0.0876497581637566,0.088028098975069,0.0884055225482539,0.0887815857897573,0.0891558501633592,0.0895278853584988,0.0898972721655349,0.0902636047360029,0.0906264923548709,0.0909855608178489,0.0913404534834814,0.0916908320532878,0.0920363771214016,0.0923767885265876,0.0927117855332942,0.0930411068638647,0.0933645106007518,0.0936817739751783,0.0939926930569186,0.0942970823585416,0.0945947743663894,0.0948856190096866,0.0951694830783867,0.0954462495996222,0.0957158171819087,0.0959780993355343,0.0962330237768463,0.096480531723425,0.0967205771864121,0.0969531262655494,0.0971781564517919,0.0973956559416856,0.0976056229670655,0.0978080651430266,0.0980029988365643,0.0981904485577653,0.0983704463749654,0.0985430313548693,0.0987082490282585,0.0988661508815855,0.0990167938744718,0.0991602399828856,0.0992965557675761,0.0994258119671732,0.0995480831152281,0.0996634471803692,0.0997719852286649,0.0998737811072351,0.0999689211481122,0.10005749389134,0.100139589826291,0.100215301150191,0.100284721542863,0.100347945956724,0.100405070421102,0.100456191859974,0.100501407922278,0.100540816823987,0.100574517201166,0.100602607973302,0.100625188216226,0.10064235704398,0.100654213499059,0.100660856450452,0.100662384498982,0.100658895889472,0.100650488429283,0.100637259412828,0.100619305551679,0.100596722909914,0.100569606844389,0.100538051949629,0.100502152007065,0.100461999938354,0.100417687762556,0.100369306556935,0.100316946421187,0.100260696444898,0.100200644678055,0.100136878104445,0.100069482617783,0.0999985430004225,0.099924142904511,0.0998463648354549,0.0997652901375779,0.09968099898185,0.0995935703555776,0.0995030820539497,0.0994096106733369,0.0993132316062509,0.0992140190378691,0.0991120459440374,0.0990073840906683,0.098900104034451,0.0987902751247986,0.0986779655069563,0.0985632421261994,0.0984461707330534,0.0983268158894698,0.0982052409758934,0.0980815081991625,0.097955678601181,0.0978278120683091,0.0976979673414172,0.0975662020265513,0.0974325726061628,0.0972971344508525,0.0971599418315867,0.0970210479323393,0.0968805048631221,0.0967383636733603,0.0965946743655796,0.0964494859093658,0.0963028462555664,0.0961548023506987,0.0960054001515373,0.0958546846398498,0.0957026998372538,0.095549488820171,0.0953950937348522,0.0952395558124509,0.095082915384125,0.0949252118961456,0.0947664839249929,0.094606769192425,0.0944461045804983,0.0942845261465285,0.0941220691379761,0.0939587680072418,0.0937946564263626,0.0936297673015947,0.0934641327878747,0.093297784303148,0.0931307525425571,0.0929630674924804,0.0927947584444164,0.0926258540087054,0.0924563821280821,0.0922863700910564,0.0921158445451165,0.0919448315097491,0.0917733563892759,0.0916014439855013,0.0914291185101696,0.09125640359723,0.091083322314907,0.0909098971775755,0.0907361501574396,0.0905621026960145,0.0903877757154116,0.0902131896294258,0.090038364354427,0.0898633193200552,0.0896880734797197,0.0895126453209046,0.0893370528752819,0.0891613137286311,0.0889854450305706,0.0888094635040996,0.0886333854549537,0.0884572267807764,0.0882810029801075,0.0881047291611912,0.0879284200506068,0.0877520900017233,0.0875757530029802,0.0873994226859984,0.0872231123335225,0.0870468348871967,0.0868706029551789,0.0866944288195925,0.0865183244438219,0.0863423014796525,0.0861663712742572,0.0859905448770341,0.0858148330462968,0.0856392462558199,0.0854637947012427,0.0852884883063344,0.0851133367291223,0.0849383493678858,0.08476353536702,0.0845889036227699,0.0844144627888391,0,0.0809363083321805,0.0814169033292716,0.081855495147213,0.0822660301526844,0.0826592207702825,0.0830422078918187,0.0834195046822862,0.0837939037150249,0.0841671025545491,0.0845401008812205,0.0849134476538043,0.0852873951735535,0.0856619962769354,0.0860371668742603,0.0864127272593407,0.0867884302525913,0.0871639810182244,0.0875390514784203,0.08791329111071,0.0882863352405853,0.0886578115388418,0.0890273451898222,0.0893945630467719,0.0897590969957545,0.0901205866878445,0.0904786817578085,0.0908330436186893,0.0911833469012081,0.0915292805920034,0.091870548913761,0.0922068719821486,0.0925379862684041,0.0928636448918939,0.0931836177635521,0.0934976915985362,0.0938056698144522,0.0941073723299363,0.094402635277104,0.0946913106402947,0.0949732658325707,0.0952483832205469,0.0955165596072862,0.0957777056821809,0.0960317454459522,0.0962786156181243,0.0965182650335746,0.0967506540340298,0.096975753859674,0.0971935460453607,0.0974040218252839,0.0976071815493726,0.0978030341141123,0.0979915964099975,0.0981728927873521,0.098346954541841,0.0985138194206249,0.0986735311497823,0.0988261389833397,0.0989716972740018,0.0991102650654672,0.0992419057060374,0.0993666864830846,0.0994846782778251,0.0995959552397554,0.0997005944800378,0.0997986757830728,0.0998902813354618,0.0999754954715454,0.100054404434698,0.100127096153557,0.100193660032386,0.100254186754783,0.100308768099973,0.100357496770944,0.100400466233738,0.100437770567211,0.100469504322636,0.100495762392547,0.100516639888253,0.1005322320255,0.100542634017772,0.100547940976768,0.100548247819628,0.100543649182488,0.100534239339999,0.100520112130447,0.100501360886156,0.100478078368862,0.100450356709777,0.100418287354082,0.100381961009593,0.10034146759938,0.100296896218125,0.100248335092005,0.100195871541931,0.100139591949948,0.100079581728643,0.100015925293405,0.0999487060373726,0.0998780063089586,0.0998039073917892,0.0997264894869557,0.0996458316974468,0.0995620120146538,0.0994751073068373,0.0993851933094544,0.0992923446172475,0.0991966346779976,0.0990981357878555,0.0989969190881595,0.0988930545636608,0.0987866110420718,0.0986776561948643,0.098566256539241,0.0984524774412103,0.0983363831196952,0.098218036651613,0.0980974999778584,0.0979748339101338,0.0978500981385656,0.0977233512400524,0.0975946506872905,0.0974640528584253,0.0973316130472807,0.0971973854741178,0.0970614232968792,0.0969237786228748,0.0967845025208695,0.0966436450335317,0.0965012551902073,0.0963573810199827,0.0962120695650032,0.0960653668940144,0.0959173181160978,0.0957679673945698,0.0956173579610183,0.0954655321294503,0.0953125313105285,0.0951583960258698,0.0950031659223893,0.0948468797866651,0.0946895755593089,0.0945312903493219,0.0943720604484207,0.0942119213453176,0.0940509077399414,0.0938890535575849,0.093726391962966,0.0935629553741935,0.0933987754766245,0.0932338832366051,0.093068308915085,0.0929020820810987,0.0927352316251056,0.0925677857721818,0.0923997720950581,0.0922312175269999,0.092062148374522,0.0918925903299363,0.091722568483727,0.0915521073367516,0.0913812308122639,0.0912099622677572,0.0910383245066255,0.0908663397896424,0.090694029846254,0.0905214158856882,0.0903485186078776,0.0901753582141963,0.0900019544180118,0.0898283264550503,0.0896544930935781,0.0894804726443988,0.0893062829706666,0.0891319414975179,0.088957465221523,0.0887828707199572,0.0886081741598955,0.0884333913071305,0.0882585375349168,0.0880836278325429,0.087908676813733,0.0877336987248814,0.08755870745312,0.0873837165342236,0.0872087391603523,0.0870337881876366,0.0868588761436047,0.0866840152344569,0.0865092173521868,0.0863344940815549,0.0861598567069141,0.0859853162188922,0.0858108833209316,0.0856365684356909,0.0854623817113082,0.0852883330275323,0.08511443200172,0.0849406879947058,0.0847671101165437,0,0.0804302910231719,0.0809175627201343,0.0813686958284532,0.0817925423052037,0.0821974737917969,0.0825898318080962,0.0829740463909569,0.0833531160484376,0.0837290394085326,0.0841031296510363,0.0844762291001295,0.0848488527079076,0.0852212839091898,0.085593639357957,0.0859659134912716,0.086338009972234,0.0867097644928032,0.0870809617739302,0.0874513485689035,0.0878206438338391,0.0881885468299956,0.088554743672619,0.0889189126823751,0.0892807287927033,0.0896398671982296,0.0899960063828182,0.0903488306331506,0.0906980321201857,0.0910433126135555,0.0913843848810419,0.0917209738155498,0.0920528173246096,0.0923796670118191,0.0927012886753259,0.0930174626451387,0.0933279839784702,0.0936326625302717,0.0939313229144651,0.0942238043699977,0.0945099605446578,0.0947896592085374,0.0950627819080574,0.095329223570574,0.095588892068723,0.0958417077528353,0.0960876029589671,0.0963265214993216,0.0965584181411109,0.0967832580792036,0.0970010164072469,0.0972116775913225,0.0974152349496179,0.0976116901410532,0.0978010526653075,0.097983339376238,0.0981585740102769,0.0983267867310253,0.0984880136909392,0.0986422966107185,0.0987896823767604,0.0989302226568275,0.0990639735338967,0.0991909951580056,0.0993113514157855,0.099425109617269,0.0995323401994803,0.0996331164462524,0.0997275142236733,0.0998156117305294,0.0998974892630958,0.0999732289936162,0.100042914761813,0.100106631878774,0.100164466942586,0.100216507665074,0.100262842709072,0.100303561535624,0.100338754260574,0.100368511520023,0.10039292434414,0.100412084038866,0.100426082075064,0.100435009984686,0.100438959263576,0.100438021280528,0.100432287192255,0.100421847863942,0.10040679379509,0.100387215050342,0.10036320119505,0.100334841235312,0.100302223562259,0.100265435900363,0.100224565259561,0.100179697891006,0.100130919246251,0.100078313939702,0.100021965714181,0.0999619574094247,0.0998983709333987,0.0998312872362667,0.0997607862868956,0.0996869470517645,0.0996098474761612,0.099529564467547,0.0994461738809868,0.0993597505065321,0.0992703680584631,0.0991780991662884,0.0990830153674123,0.0989851871013802,0.0988846837056157,0.0987815734125689,0.0986759233481936,0.0985677995316819,0.0984572668763774,0.0983443891918023,0.0982292291867254,0.0981118484732095,0.0979923075715737,0.0978706659162112,0.0977469818622042,0.0976213126926812,0.0974937146268621,0.0973642428287423,0.0972329514163649,0.0970998934716345,0.0969651210506295,0.0968286851943684,0.0966906359399902,0.0965510223323096,0.0964098924357103,0.0962672933463419,0.0961232712045844,0.0959778712077516,0.095831137623001,0.0956831138004229,0.095533842186281,0.095383364336379,0.0952317209295291,0.0950789517811006,0.0949250958566254,0.0947701912854415,0.0946142753743568,0.0944573846213118,0.0942995547290296,0.0941408206186336,0.0939812164432211,0.0938207756013781,0.093659530750624,0.0934975138207734,0.0933347560272059,0.093171287884033,0.0930071392171537,0.0928423391771905,0.0926769162522981,0.0925108982808387,0.0923443124639169,0.0921771853777691,0.0920095429860023,0.0918414106516786,0.0916728131492404,0.0915037746762732,0.0913343188651041,0.0911644687942321,0.0909942469995888,0.0908236754856278,0.090652775736241,0.0904815687255017,0.0903100749282321,0.0901383143303971,0.0899663064393216,0.0897940702937336,0.0896216244736324,0.089448987109982,0.0892761758942316,0.0891032080876629,0.0889301005305666,0.0887568696512474,0.0885835314748612,0.0884101016320839,0.0882365953676149,0.0880630275485158,0.0878894126723876,0.0877157648753864,0.0875420979400815,0.0873684253031562,0.0871947600629544,0.0870211149868759,0.0868475025186196,0.0866739347852811,0.0865004236043031,0.0863269804902828,0.086153616661639,0.0859803430471391,0.0858071702922916,0.0856341087656023,0.0854611685647007,0.0852883595223361,0.0851156912122463,0,0.0799834496293942,0.0804698973471694,0.080928085083224,0.0813616500075481,0.0817760811627713,0.0821764330134208,0.0825667089288064,0.0829498903998249,0.0833281367305743,0.0837029872805963,0.0840755238018217,0.0844464908508223,0.0848163825365709,0.08518550465567,0.0855540195422581,0.0859219789597239,0.0862893487178373,0.0866560275026424,0.0870218615855243,0.0873866565316609,0.0877501866699248,0.0881122028521916,0.0884724388760242,0.0888306168420416,0.0891864516474558,0.0895396547686597,0.0898899374510627,0.090237013399043,0.090580601040019,0.0909204254223673,0.0912562197960052,0.0915877269160464,0.0919147001034323,0.0922369040913839,0.0925541156825653,0.0928661242387429,0.0931727320222464,0.0934737544065392,0.0937690199715524,0.0940583704980385,0.0943416608739881,0.0946187589250688,0.0948895451800542,0.0951539125812979,0.0954117661494302,0.0956630226106404,0.0959076099941173,0.0961454672064664,0.0963765435892135,0.0966007984648191,0.0968182006759889,0.0970287281224628,0.0972323672989048,0.0974291128369911,0.0976189670543204,0.0978019395123304,0.0979780465850082,0.0981473110398277,0.0983097616320289,0.0984654327130723,0.0986143638538561,0.0987565994830685,0.0988921885408644,0.0990211841478982,0.0991436432896124,0.0992596265155727,0.0993691976535522,0.0994724235379943,0.0995693737524304,0.0996601203853869,0.0997447377992868,0.0998233024118297,0.0998958924893281,0.0999625879514709,0.100023470186989,0.100078621879709,0.100128126844481,0.100172069872504,0.100210536585559,0.10024361329871,0.100271386891022,0.100293944683897,0.100311374326614,0.100323763688721,0.1003312007589,0.100333773549997,0.10033157000987,0.100324677937789,0.100313184906078,0.100297178186759,0.100276744682925,0.100251970864633,0.100222942709065,0.100189745644778,0.100152464499822,0.100111183453549,0.100065985991941,0.100016954866273,0.0999641720549688,0.0999077187284907,0.0998476752171157,0.0997841209814673,0.0997171345856675,0.0996467936729854,0.0995731749438616,0.0994963541361943,0.0994164060077759,0.0993334043207757,0.0992474218281648,0.0991585302619882,0.0990668003233876,0.0989723016742863,0.0988751029306482,0.098775271657226,0.0986728743637204,0.0985679765022697,0.0984606424661969,0.0983509355899396,0.0982389181500966,0.0981246513675215,0.0980081954103988,0.0978896093982438,0.0977689514067623,0.0976462784735163,0.0975216466043395,0.0973951107804499,0.0972667249662091,0.0971365421174803,0.0970046141905379,0.0968709921514859,0.0967357259861403,0.0965988647103386,0.0964604563806339,0.0963205481053409,0.0961791860558954,0.0960364154784965,0.0958922807059987,0.0957468251700249,0.0956000914132705,0.0954521211019735,0.0953029550385241,0.0951526331741905,0.095001194621937,0.0948486776693153,0.094695119791407,0.0945405576637998,0.0943850271755787,0.094228563442317,0.0940712008190503,0.0939129729132207,0.0937539125975761,0.0935940520230133,0.0934334226313535,0.0932720551680387,0.0931099796947391,0.0929472256018645,0.0927838216209679,0.0926197958370367,0.0924551757006635,0.0922899880400891,0.0921242590731147,0.0919580144188747,0.0917912791094686,0.0916240776014463,0.0914564337871435,0.0912883710058636,0.0911199120549047,0.0909510792004284,0.0907818941881679,0.0906123782539753,0.0904425521342052,0.0902724360759357,0.0901020498470235,0.0899314127459953,0.0897605436117732,0.0895894608332354,0.0894181823586127,0.08924672570472,0.0890751079660246,0.0889033458235521,0.0887314555536299,0.0885594530364703,0.0883873537645953,0.0882151728511013,0.0880429250377696,0.0878706247030205,0.0876982858697153,0.0875259222128054,0.0873535470668338,0.0871811734332867,0.0870088139878012,0.0868364810872276,0.0866641867765515,0.0864919427956746,0.0863197605860594,0.0861476512972367,0.0859756257931822,0.0858036946585586,0.0856318682048321,0.0854601564762597,0,0.0795994598772808,0.0800792060095629,0.0805394722737088,0.0809790441094619,0.081400343653929,0.0818068456409679,0.0822018713846097,0.0825881965380839,0.0829680101465453,0.0833429893703271,0.083714396400068,0.0840831662014773,0.0844499775979735,0.0848153084515174,0.0851794779417497,0.0855426790315729,0.0859050036572623,0.0862664625533759,0.0866270010945875,0.086986512139487,0.0873448465781526,0.0877018220881432,0.0880572304673488,0.0884108438176561,0.0887624197870408,0.0891117060302813,0.0894584440139099,0.0898023722652868,0.090143229146202,0.0904807552164395,0.0908146952411195,0.0911447998865534,0.0914708271422056,0.0917925435007364,0.0921097249236472,0.0924221576165094,0.0927296386349253,0.0930319763400683,0.0933289907207622,0.0936205135974743,0.0939063887222379,0.094186471787336,0.0944606303545058,0.0947287437154579,0.0949907026935945,0.0952464093959687,0.0954957769237217,0.0957387290484749,0.0959751998614296,0.0962051334012405,0.0964284832660803,0.0966452122146964,0.0968552917606896,0.0970587017637096,0.0972554300207593,0.0974454718603519,0.097628829741837,0.0978055128618377,0.0979755367693939,0.0981389229911,0.0982956986672512,0.0984458961997696,0.0985895529124696,0.0987267107240384,0.0988574158339455,0.0989817184213658,0.0990996723570784,0.0992113349282167,0.0993167665756605,0.0994160306438028,0.0995091931423723,0.0995963225199552,0.0996774894488324,0.0997527666207295,0.0998222285530649,0.0998859514052754,0.0999440128047997,0.0999964916823018,0.100043468115725,0.10008502318278,0.100121238821469,0.100152197698287,0.100177983083723,0.100198678734728,0.100214368783808,0.100225137634445,0.100231069862517,0.100232250123469,0.100228763064924,0.100220693244516,0.100208125052667,0.100191142640104,0.100169829849879,0.100144270153688,0.100114546592305,0.100080741719915,0.100042937552201,0.100001215517986,0.0999556564142922,0.0999063403646383,0.0998533467804537,0.0997967543254487,0.0997366408828138,0.0996730835251197,0.0996061584867907,0.0995359411390344,0.0994625059671125,0.0993859265498443,0.099306275541233,0.0992236246541181,0.0991380446457509,0.0990496053052012,0.0989583754425025,0.0988644228794475,0.09876781444195,0.0986686159538892,0.0985668922323593,0.0984627070842467,0.0983561233040615,0.0982472026729525,0.0981360059588373,0.0980225929175815,0.0979070222951638,0.0977893518307656,0.0976696382607267,0.097547937323311,0.0974243037642277,0.0972987913428553,0.0971714528391209,0.0970423400609838,0.0969115038524809,0.0967789941022873,0.0966448597527537,0.0965091488093761,0.0963719083506648,0.0962331845383724,0.0960930226280491,0.09595146697989,0.0958085610698451,0.0956643475009622,0.0955188680149328,0.0953721635038171,0.0952242740219209,0.0950752387978012,0.0949250962463789,0.094773883981136,0.0946216388263784,0.0944683968295461,0.0943141932735515,0.094159062689131,0.094003038867194,0.0938461548711544,0.0936884430492325,0.0935299350467128,0.0933706618181488,0.0932106536395009,0.0930499401202013,0.0928885502151318,0.092726512236512,0.0925638538656841,0.0924006021647922,0.092236783588347,0.09207242399467,0.0919075486572134,0.0917421822757496,0.0915763489874265,0.0914100723776855,0.0912433754910365,0.0910762808416908,0.0909088104240455,0.0907409857230198,0.09057282772424,0.0904043569240726,0.0902355933395044,0.0900665565178666,0.089897265546406,0.0897277390616995,0.0895579952589133,0.0893880519009073,0.089217926327183,0.0890476354626785,0.0888771958264074,0.0887066235399459,0.0885359343357663,0.0883651435654205,0.0881942662075712,0.0880233168758765,0.087852309826725,0.0876812589668261,0.0875101778606548,0.0873390797377546,0.0871679774998979,0.0869968837281081,0.0868258106895435,0.0866547703442451,0.0864837743517509,0.0863128340775784,0.0861419605995758,0.0859711647141471,0.0858004569423488,0,0.0792810332833254,0.0797500453684458,0.0802082228981837,0.0806502099999112,0.0810755153156442,0.0814859514624829,0.0818840106184675,0.0822721238911957,0.0826523995497781,0.0830265702190036,0.0833960189636622,0.0837618285943189,0.0841248323650746,0.0844856586958161,0.0848447683879696,0.0852024849214196,0.0855590190022143,0.0859144885282256,0.0862689349546055,0.0866223368305032,0.0869746210964046,0.0873256725888382,0.0876753420922951,0.0880234531994215,0.088369808182557,0.0887141930366575,0.0890563818213016,0.0893961404047954,0.0897332296943003,0.0900674084209573,0.0903984355371834,0.0907260722739315,0.0910500838982373,0.0913702412053935,0.0916863217753056,0.0919981110187384,0.0923054030360481,0.0926080013084718,0.0929057192399611,0.0931983805658133,0.0934858196428777,0.0937678816348375,0.0940444226049465,0.0943153095275771,0.0945804202290157,0.0948396432670747,0.0950928777582838,0.0953400331606632,0.0955810290193557,0.0958157946817103,0.0960442689877647,0.0962663999414544,0.0964821443673046,0.0966914675568145,0.0968943429082419,0.0970907515630235,0.0972806820416363,0.0974641298813056,0.0976410972776047,0.0978115927316622,0.0979756307043957,0.0981332312789278,0.098284419832105,0.098429226715828,0.0985676869487273,0.0986998399185514,0.0988257290955041,0.0989454017566474,0.0990589087213896,0.099166304097993,0.0992676450409707,0.0993629915191829,0.0994524060943993,0.0995359537100646,0.0996137014899683,0.0996857185465124,0.0997520757982477,0.0998128457963509,0.0998681025597038,0.0999179214182441,0.0999623788642539,0.100001552411262,0.100035520460245,0.100064362172812,0.100088157351084,0.100106986323972,0.100120929839578,0.100130068963463,0.10013448498251,0.100134259314154,0.100129473420736,0.100120208728769,0.10010654655289,0.100088568024308,0.100066354023549,0.100039985117311,0.100009541499256,0.0999751029345686,0.0999367487081201,0.0998945575760821,0.0998486077208419,0.0997989767090761,0.0997457414528485,0.0996889781735966,0.099628762368883,0.0995651687817897,0.0994982713728366,0.0994281432943117,0.0993548568669045,0.0992784835585359,0.0991990939652838,0.0991167577943051,0.099031543848661,0.0989435200139508,0.098852753246669,0.0987593095641964,0.0986632540363455,0.0985646507783782,0.0984635629454193,0.09836005272819,0.0982541813499916,0.0981460090648679,0.0980355951568788,0.0979229979404238,0.0978082747615489,0.0976914820001796,0.0975726750732216,0.0974519084384747,0.0973292355993039,0.0972047091100205,0.0970783805819205,0.0969503006899364,0.0968205191798544,0.0966890848760566,0.0965560456897452,0.0964214486276105,0.0962853398009044,0.0961477644348841,0.0960087668785915,0.0958683906149363,0.0957266782710526,0.095583671628897,0.0954394116360646,0.0952939384167928,0.0951472912831307,0.0949995087462486,0.0948506285278668,0.0947006875717816,0.0945497220554702,0.0943977674017546,0.0942448582905068,0.0940910286703811,0.0939363117705553,0.0937807401124689,0.0936243455215432,0.0934671591388719,0.0933092114328696,0.0931505322108687,0.0929911506306534,0.0928310952119226,0.0926703938476722,0.0925090738154896,0.0923471617887532,0.09218468384773,0.0920216654905659,0.0918581316441615,0.0916941066749317,0.0915296143994406,0.0913646780949117,0.0911993205096066,0.0910335638730714,0.0908674299062469,0.0907009398314401,0.0905341143821557,0.0903669738127857,0.0901995379081556,0.0900318259929252,0.0898638569408457,0.0896956491838692,0.0895272207211127,0.0893585891276752,0.0891897715633093,0.0890207847809449,0.0888516451350687,0.0886823685899577,0.0885129707277685,0.088343466756482,0.0881738715177066,0.0880041994943393,0.0878344648180858,0.0876646812768419,0.0874948623219373,0.0873250210752422,0.0871551703361396,0.0869853225883644,0.0868154900067099,0.0866456844636056,0.086475917535565,0.0863062005095088,0.0861365443889614,0,0.0790303483761999,0.0794864238437959,0.0799392998516435,0.0803803888393343,0.0808067334548785,0.0812186034747795,0.0816176293176363,0.0820058180019273,0.0823851147271871,0.0827572370646381,0.0831236328173035,0.0834854893964175,0.0838437616562543,0.0841992038029737,0.0845523996262172,0.0849037891554573,0.0852536914661293,0.085602323970732,0.085949818700497,0.0862962360775554,0.0866415766125691,0.0869857908870404,0.0873287881107952,0.0876704434882165,0.0880106045813974,0.0883490968226434,0.088685728300633,0.0890202939223125,0.0893525790348912,0.0896823625780961,0.0900094198253975,0.0903335247636457,0.0906544521530513,0.0909719793033457,0.0912858875970108,0.0915959637864491,0.0919020010886853,0.0922038000985107,0.0925011695387671,0.0927939268646257,0.0930818987371546,0.0933649213801316,0.0936428408328924,0.0939155131109606,0.094182804285267,0.0944445904898993,0.094700757867522,0.0949512024608519,0.0951958300578604,0.0954345559977041,0.0956673049437471,0.0958940106294283,0.0961146155821616,0.0963290708299167,0.0965373355946189,0.0967393769760415,0.0969351696294177,0.0971246954395972,0.0973079431941981,0.0974849082578616,0.0976555922494066,0.0978200027233986,0.0979781528573945,0.0981300611458988,0.098275751101863,0.0984152509663851,0.0985485934271062,0.09867581534567,0.0987969574944884,0.0989120643029587,0.0990211836131912,0.0991243664452337,0.0992216667717198,0.099313141301816,0.0993988492743085,0.0994788522596306,0.0995532139706147,0.0996220000817295,0.0996852780565519,0.0997431169832143,0.0997955874175618,0.0998427612337535,0.0998847114820415,0.0999215122534645,0.0999532385511967,0.0999799661682986,0.100001771571623,0.100018731791636,0.100030924317919,0.100038427000128,0.100041317954202,0.100039675473589,0.100033577945318,0.100023103770702,0.100008331290495,0.0999893387143244,0.0999662040542236,0.099939005062105,0.0999078191710094,0.099872723439982,0.0998337945024257,0.099791108517794,0.0997447411264806,0.0996947674077786,0.0996412618407801,0.0995842982680937,0.0995239498622593,0.0994602890947482,0.0993933877074343,0.0993233166864307,0.0992501462381861,0.0991739457677412,0.0990947838590469,0.099012728257249,0.0989278458528493,0.0988402026676522,0.0987498638424132,0.0986568936261036,0.0985613553667134,0.0984633115035122,0.0983628235606943,0.0982599521423347,0.0981547569285848,0.098047296673042,0.0979376292012245,0.0978258114100912,0.0977118992685436,0.0975959478188515,0.0974780111789468,0.0973581425455296,0.0972363941979355,0.0971128175027136,0.0969874629188666,0.0968603800037074,0.0967316174192875,0.0966012229393555,0.0964692434568044,0.0963357249915697,0.0962007126989405,0.0960642508782498,0.0959263829819089,0.0957871516247548,0.09564659859368,0.0955047648575159,0.0953616905771425,0.0952174151157976,0.0950719770495625,0.0949254141779993,0.0947777635349185,0.0946290613992568,0.0944793433060436,0.0943286440574401,0.0941769977338321,0.0940244377049609,0.093870996641076,0.0937167065240973,0.0935615986587712,0.0934057036838102,0.0932490515830017,0.0930916716962786,0.0929335927307384,0.0927748427716038,0.0926154492931145,0.0924554391693439,0.0922948386849317,0.0921336735457271,0.0919719688893355,0.0918097492955636,0.0916470387967579,0.0914838608880311,0.0913202385373738,0.0911561941956461,0.0909917498064476,0.0908269268158608,0.0906617461820669,0.0904962283848323,0.090330393434861,0.0901642608830152,0.0899978498293994,0.0898311789323092,0.0896642664170434,0.0894971300845774,0.0893297873201004,0.0891622551014134,0.0889945500071899,0.0888266882250982,0.0886586855597876,0.0884905574407355,0.0883223189299612,0.0881539847296015,0.0879855691893531,0.0878170863137817,0.0876485497694974,0.0874799728921996,0.0873113686935919,0.087142749868168,0.0869741287998697,0.0868055175686201,0.0866369279567315,0.0864683714551912,0,0.0788494408513585,0.0792920372689224,0.0797373442081638,0.080174567921173,0.0805989668705309,0.0810095593191161,0.0814071881838154,0.0817934175471203,0.0821699794546677,0.0825385216589845,0.0829005071698962,0.0832571864394708,0.0836096022392235,0.0839586077184,0.0843048884449872,0.0846489843273344,0.0849913097719251,0.0853321715762844,0.0856717845572824,0.0860102851109608,0.0863477429564657,0.0866841713136356,0.0870195357386092,0.0873537618110221,0.0876867418367478,0.0880183407040225,0.0883484010086056,0.088676747545076,0.0890031912459559,0.0893275326375703,0.0896495648709744,0.0899690763775206,0.0902858531914002,0.0905996809755262,0.0909103467822068,0.0912176405760112,0.0915213565428999,0.0918212942069454,0.0921172593736891,0.092409064917283,0.0926965314269605,0.092979487727009,0.0932577712832339,0.0935312285078504,0.0937997149738049,0.0940630955486712,0.0943212444574783,0.0945740452830957,0.094821390912104,0.0950631834334343,0.0952993339964352,0.0955297626344425,0.0957543980593705,0.0959731774323143,0.0961860461146611,0.0963929574037356,0.0965938722565738,0.0967887590050059,0.0969775930648562,0.0971603566417166,0.0973370384354285,0.0975076333451196,0.0976721421763708,0.0978305713518523,0.0979829326265469,0.0981292428084913,0.0982695234857874,0.0984038007604868,0.0985321049898204,0.0986544705351222,0.0987709355187003,0.098881541588819,0.0989863336928807,0.0990853598588342,0.0991786709847823,0.099266320636719,0.0993483648542866,0.0994248619644196,0.0994958724027133,0.0995614585423411,0.0996216845303302,0.0996766161309923,0.099726320576305,0.0997708664230316,0.099810323416366,0.0998447623598913,0.0998742549916403,0.0998988738660497,0.0999186922416051,0.099933783973973,0.0999442234144286,0.0999500853133866,0.0999514447288498,0.099948376939598,0.0999409573629413,0.0999292614768708,0.0999133647464415,0.0998933425542319,0.0998692701347252,0.0998412225124648,0.0998092744438413,0.0997735003623711,0.0997339743273327,0.099690769975631,0.0996439604767609,0.0995936184907508,0.0995398161289645,0.0994826249176476,0.0994221157641063,0.0993583589254085,0.0992914239795039,0.0992213797986591,0.0991482945251082,0.099072235548823,0.0989932694873085,0.098911462167333,0.0988268786085031,0.0987395830086006,0.0986496387305947,0.0985571082912523,0.098462053351264,0.0983645347068159,0.0982646122825276,0.0981623451256904,0.0980577914017342,0.0979510083908584,0.0978420524857618,0.0977309791904103,0.0976178431197826,0.0975026980005367,0.097385596672541,0.0972665910912183,0.0971457323306501,0.0970230705873929,0.096898655184959,0.0967725345789161,0.0966447563625631,0.0965153672731403,0.0963844131985339,0.0962519391844367,0.0961179894419297,0.0959826073554485,0.0958458354911029,0.0957077156053171,0.0955682886537614,0.0954275948005464,0.095285673427653,0.0951425631445727,0.094998301798133,0.0948529264824867,0.0947064735492405,0.0945589786177065,0.0944104765852521,0.0942610016377351,0.0941105872600025,0.0939592662464402,0.0938070707115561,0.0936540321005829,0.093500181200089,0.0933455481485817,0.0931901624470944,0.0930340529697448,0.0928772479742549,0.092719775112423,0.0925616614405396,0.0924029334297385,0.0922436169762759,0.0920837374117313,0.0919233195131229,0.091762387512932,0.0916009651090325,0.0914390754745185,0.0912767412674278,0.091113984640356,0.0909508272499585,0.0907872902663368,0.0906233943823069,0.0904591598225475,0.0902946063526242,0.0901297532878915,0.0899646195022663,0.0897992234368766,0.0896335831085803,0.0894677161183566,0.0893016396595665,0.0891353705260843,0.0889689251202996,0.0888023194609878,0.0886355691910528,0.0884686895851382,0.0883016955571114,0.0881346016674179,0.0879674221303083,0.0878001708209388,0.087632861282345,0.087465506732291,0.0872981200699948,0.0871307138827308,0.0869633004523101,0.0867958917614416,0,0.0787406155570106,0.0791705129934941,0.0796067745363488,0.0800374904327326,0.0804569791272318,0.0808634244508281,0.0812570434734426,0.0816389935524305,0.0820107757004763,0.0823739306580221,0.0827298958183937,0.0830799466545972,0.0834251808023791,0.0837665225715757,0.084104736369352,0.0844404432370958,0.0847741377007632,0.0851062036760538,0.0854369289428974,0.0857665180775702,0.0860951039008853,0.0864227575695154,0.0867494974571792,0.0870752969697277,0.0874000914262343,0.0877237841232947,0.0880462516847627,0.08836734878527,0.0886869123235404,0.0890047651107558,0.0893207191299975,0.0896345784149066,0.0899461415890503,0.0902552041018668,0.0905615601923699,0.0908650046078699,0.0911653341017036,0.0914623487312497,0.0917558529752352,0.0920456566874428,0.0923315759023244,0.0926134335066585,0.0928910597902128,0.0931642928873343,0.0934329791204778,0.093696973255844,0.0939561386805473,0.0942103475100212,0.0944594806337143,0.0947034277065027,0.0949420870926604,0.0951753657686645,0.0954031791905813,0.0956254511312756,0.0958421134922002,0.0960531060940787,0.0962583764503558,0.0964578795268981,0.0966515774910486,0.0968394394527912,0.0970214412004552,0.0971975649330997,0.0973677989914336,0.0975321375888885,0.097690580544227,0.0978431330168695,0.0979898052459338,0.0981306122938219,0.0982655737950368,0.0983947137107848,0.0985180600898049,0.0986356448357636,0.0987475034814688,0.0988536749700803,0.0989542014434282,0.0990491280374969,0.0991385026850843,0.099222375925606,0.0993008007219831,0.0993738322845243,0.0994415279016897,0.0995039467776101,0.0995611498762177,0.0996131997718359,0.0996601605060691,0.0997020974508251,0.0997390771773023,0.0997711673307699,0.0997984365109719,0.09982095415798,0.0998387904433314,0.0998520161662796,0.0998607026549974,0.0998649216725666,0.0998647453275998,0.0998602459893374,0.0998514962070681,0.0998385686337271,0.0998215359535255,0.0998004708134724,0.0997754457586521,0.099746533171122,0.099713805212304,0.0996773337687386,0.0996371904010829,0.0995934462962281,0.0995461722224233,0.0994954384872874,0.0994413148986019,0.0993838707277729,0.0993231746758591,0.0992592948420613,0.0991922986945743,0.0991222530437036,0.09904922401715,0.0989732770373729,0.0988944768009391,0.0988128872597718,0.0987285716042131,0.0986415922478181,0.0985520108138002,0.0984598881230494,0.0983652841836474,0.098268258181807,0.0981688684741636,0.098067172581351,0.0979632271827936,0.0978570881126511,0.0977488103568538,0.0976384480511664,0.097526054480225,0.0974116820774884,0.0972953824260524,0.0971772062602717,0.0970572034681433,0.0969354230943996,0.0968119133442689,0.096686721587854,0.0965598943650919,0.0964314773912493,0.0963015155629181,0.0961700529644709,0.0960371328749441,0.095902797775311,0.0957670893561157,0.0956300485254345,0.0954917154171367,0.0953521293994167,0.0952113290835697,0.0950693523329874,0.0949262362723486,0.0947820172969819,0.0946367310823805,0.0944904125938461,0.0943430960962463,0.0941948151638634,0.0940456026903213,0.0938954908985716,0.0937445113509254,0.093592694959116,0.0934400719943796,0.0932866720975407,0.0931325242890921,0.0929776569792572,0.0928220979780247,0.0926658745051473,0.0925090132000946,0.0923515401319524,0.0921934808092609,0.0920348601897851,0.0918757026902107,0.0917160321957603,0.091555872069723,0.0913952451628946,0.0912341738229225,0.0910726799035518,0.0909107847737689,0.0907485093268387,0.0905858739892348,0.0904228987294563,0.0902596030667331,0.090096006079614,0.0899321264144399,0.0897679822936958,0.0896035915242452,0.0894389715054435,0.0892741392371287,0.0891091113274922,0.0889439040008255,0.088778533105146,0.0886130141196992,0.0884473621623396,0.0882815919967885,0.0881157180397713,0.0879497543680327,0.0877837147252325,0.0876176125287209,0.0874514608761948,0.0872852725522374,0.0871190600347393,0,0.0787066991301072,0.0791256298314256,0.0795518830660944,0.0799736734550854,0.0803853022107593,0.0807846038786521,0.081171390381473,0.0815464919920727,0.0819111893336823,0.0822668961996793,0.0826149931726452,0.0829567474961381,0.0832932804200632,0.0836255596914428,0.083954404695797,0.0842804974242657,0.0846043956352788,0.0849265463452988,0.0852472987422573,0.0855669161260648,0.0858855867456999,0.0862034335347877,0.0865205228093742,0.0868368720165155,0.0871524566284745,0.0874672162743579,0.0877810601939928,0.08809387209032,0.0884055144478872,0.088715832376791,0.089024657033917,0.0893318086666721,0.0896370993185779,0.0899403352310783,0.0902413189716134,0.0905398513143699,0.0908357328970354,0.0911287656742965,0.0914187541866338,0.0917055066611368,0.0919888359595031,0.0922685603870591,0.0925445043755044,0.0928164990510777,0.0930843826989696,0.0933480011340096,0.0936072079869421,0.0938618649149367,0.0941118417443607,0.09435701655326,0.0945972757004399,0.0948325138075146,0.0950626336997918,0.0952875463113826,0.0955071705594722,0.0957214331922528,0.0959302686146141,0.0961336186952939,0.0963314325588315,0.0965236663653217,0.0967102830806488,0.0968912522395841,0.0970665497038523,0.0972361574170248,0.0974000631578602,0.0975582602935052,0.097710747533772,0.0978575286875397,0.0979986124221654,0.0981340120266537,0.0982637451792065,0.0983878337196646,0.0985063034272538,0.0986191838039623,0.098726507863801,0.0988283119281319,0.098924635427194,0.099015520707906,0.0991010128479849,0.0991811594763841,0.0992560106000224,0.0993256184367537,0.0993900372545054,0.0994493232164943,0.0995035342324207,0.0995527298155236,0.0995969709453765,0.0996363199362963,0.09967084031123,0.0997005966809842,0.099725654628658,0.0997460805991397,0.0997619417935272,0.0997733060683327,0.0997802418393319,0.099782817989921,0.0997811037838449,0.0997751687821624,0.099765082764317,0.0997509156531819,0.0997327374439529,0.0997106181367623,0.0996846276728928,0.0996548358744682,0.0996213123875046,0.0995841266282051,0.0995433477323855,0.0994990445079174,0.099451285390084,0.0994001383997375,0.0993456711041572,0.0992879505805041,0.0992270433817748,0.0991630155051544,0.0990959323626752,0.0990258587540879,0.0989528588418537,0.09887699612817,0.0987983334339423,0.0987169328796185,0.0986328558678047,0.0985461630675803,0.0984569144004372,0.0983651690277667,0.0982709853398208,0.0981744209460758,0.0980755326669322,0.0979743765266794,0.0978710077476651,0.0977654807456029,0.0976578491259601,0.0975481656813651,0.097436482389979,0.0973228504147769,0.097207320103684,0.0970899409905197,0.0969707617966971,0.0968498304336328,0.096727194005821,0.0966028988145311,0.096476990362082,0.0963495133566592,0.0962205117176324,0.0960900285813385,0.0959581063072958,0.0958247864848145,0.0956901099399727,0.0955541167429274,0.0954168462155317,0.0952783369392304,0.0951386267632072,0.0949977528127605,0.0948557514978823,0.0947126585220188,0.0945685088909914,0.0944233369220579,0.0942771762530948,0.0941300598518828,0.0939820200254797,0.0938330884296625,0.0936832960784264,0.0935326733535239,0.0933812500140337,0.0932290552059444,0.0930761174717422,0.0929224647599937,0.0927681244349097,0.0926131232858846,0.0924574875370005,0.0923012428564866,0.0921444143661307,0.0919870266506306,0.0918291037668822,0.0916706692531981,0.0915117461384495,0.091352356951128,0.0911925237283228,0.0910322680246076,0.0908716109208351,0.0907105730328345,0.0905491745200103,0.0903874350938379,0.0902253740262549,0.0900630101579462,0.0899003619065192,0.0897374472745703,0.0895742838576386,0.0894108888520474,0.0892472790626325,0.0890834709103557,0.0889194804398035,0.0887553233265711,0.0885910148845306,0.0884265700729844,0.0882620035037023,0.0880973294478455,0.0879325618427733,0.0877677142987387,0.0876028001054673,0.0874378322386257,0,0.0787512628279431,0.0791614832837815,0.0795769087983169,0.0799874232081576,0.0803882153094373,0.0807772605766344,0.0811542121703803,0.0815196805483268,0.08187475847042,0.0822207278877399,0.0825588907718057,0.0828904782167609,0.083216606445193,0.0835382597880205,0.0838562885514173,0.0841714146692996,0.0844842410760894,0.0847952625323141,0.0851048766781569,0.0854133946840526,0.0857210512000295,0.0860280134880237,0.0863343897187969,0.0866402364647583,0.0869455654431971,0.0872503495732064,0.0875545284106565,0.0878580130227179,0.0881606903587398,0.0884624271689003,0.0887630735165977,0.0890624659253735,0.0893604301964157,0.0896567839284517,0.0899513387681134,0.0902439024156247,0.0905342804078856,0.0908222776986534,0.0911077000535063,0.0913903552755647,0.0916700542764835,0.091946612005989,0.0922198482521613,0.092489588323727,0.0927556636248085,0.0930179121318403,0.0932761787816983,0.0935303157794742,0.0937801828337605,0.0940256473267777,0.0942665844261651,0.0945028771447785,0.0947344163543751,0.0949611007586244,0.0951828368304611,0.0953995387183924,0.0956111281259861,0.0958175341683978,0.096018693209449,0.0962145486824367,0.0964050508975488,0.0965901568384648,0.0967698299504554,0.0969440399220402,0.0971127624620308,0.0972759790735724,0.0974336768265991,0.0975858481299433,0.0977324905041684,0.0978736063560558,0.0980092027555344,0.098139291215731,0.0982638874767033,0.0983830112933315,0.098496686227752,0.0986049394466491,0.0987078015236498,0.0988053062470133,0.0988974904327553,0.0989843937433057,0.0990660585117588,0.0991425295717435,0.0992138540929183,0.0992800814220659,0.0993412629297477,0.099397451862461,0.099448703200227,0.0994950735195294,0.0995366208615106,0.0995734046053286,0.0996054853465708,0.0996329247806153,0.0996557855908289,0.0996741313414865,0.0996880263752981,0.0996975357154234,0.0997027249718593,0.0997036602520818,0.0997004080758236,0.0996930352938732,0.0996816090107785,0.0996661965113382,0.0996468651907708,0.0996236824884457,0.099596715825067,0.099566032543199,0.0995316998510275,0.0994937847692476,0.0994523540809753,0.0994074742845799,0.0993592115493332,0.0993076316737794,0.0992528000467245,0.0991947816107521,0.0991336408281692,0.0990694416492897,0.0990022474829678,0.0989321211692885,0.0988591249543324,0.0987833204669274,0.0987047686973062,0.0986235299775878,0.0985396639640045,0.0984532296207982,0.0983642852057093,0.0982728882569879,0.0981790955818541,0.0980829632463402,0.0979845465664469,0.0978839001005495,0.0977810776429897,0.0976761322187948,0.0975691160794621,0.0974600806997541,0.0973490767754479,0.0972361542219863,0.0971213621739792,0.0970047489855054,0.0968863622311682,0.0967662487078577,0.0966444544371768,0.0965210246684878,0.0963960038825401,0.0962694357956383,0.0961413633643151,0.0960118287904726,0.0958808735269572,0.0957485382835366,0.0956148630332466,0.0954798870190791,0.0953436487609819,0.0952061860631429,0.0950675360215358,0.0949277350316983,0.094786818796724,0.0946448223354433,0.0945017799907725,0.0943577254382133,0.0942126916944818,0.0940667111262499,0.0939198154589833,0.0937720357858596,0.0936234025767502,0.0934739456872566,0.0933236943677813,0.0931726772726275,0.0930209224691107,0.0928684574466757,0.0927153091260058,0.0925615038681157,0.0924070674834199,0.0922520252407683,0.0920964018764396,0.0919402216030881,0.0917835081186357,0.0916262846151029,0.0914685737873744,0.0913103978418934,0.0911517785052792,0.0909927370328665,0.0908332942171584,0.0906734703961935,0.0905132854618214,0.090352758867885,0.0901919096383064,0.0900307563750739,0.0898693172661299,0.0897076100931544,0.0895456522392471,0.0893834606965029,0.0892210520734821,0.0890584426025731,0.0888956481472485,0.0887326842092115,0.0885695659354359,0.0884063081250954,0.0882429252363854,0.0880794313932362,0.0879158403919171,0.0877521657075332,0,0.0788790807602553,0.0792825679345257,0.0796860717078565,0.0800828381761224,0.0804697237005458,0.0808452783820909,0.081209234549989,0.0815620999581844,0.0819048253313411,0.0822385672252424,0.0825645353539796,0.0828839019962896,0.0831977527371695,0.0835070631017441,0.0838126906730366,0.0841153760596454,0.0844157486378029,0.084714334634325,0.0850115661353761,0.0853077902227677,0.0856032778062761,0.085898231935069,0.0861927954947791,0.0864870582662536,0.0867810633598221,0.0870748130583263,0.0873682741109312,0.087661382522478,0.0879540478825395,0.0882461572759731,0.0885375788135583,0.0888281648178091,0.0891177546955638,0.0894061775256637,0.0896932543870191,0.0899788004496681,0.0902626268490627,0.0905445423617558,0.0908243548988864,0.0911018728323298,0.091376906167076,0.0916492675722697,0.0919187732823818,0.0921852438791324,0.0924485049640463,0.0927083877308593,0.0929647294463967,0.0932173738479965,0.0934661714650434,0.0937109798716997,0.0939516638774693,0.0941880956617951,0.0944201548584807,0.0946477285953208,0.0948707114939487,0.0950890056345328,0.0953025204896027,0.095511172830941,0.0957148866131574,0.0959135928372433,0.0961072293971183,0.0962957409118979,0.09647907854635,0.0966571998217672,0.0968300684192456,0.0969976539771567,0.0971599318843957,0.0973168830708127,0.0974684937960647,0.0976147554379759,0.0977556642813553,0.0978912213080943,0.0980214319892542,0.0981463060797538,0.0982658574161721,0.0983801037181026,0.0984890663934226,0.0985927703477759,0.0986912437985099,0.0987845180932623,0.0988726275333413,0.0989556092020139,0.0990335027977758,0.0991063504726527,0.0991741966755568,0.0992370880006976,0.0992950730410344,0.099348202246735,0.0993965277885981,0.0994401034263813,0.0994789843819696,0.0995132272173114,0.0995428897170403,0.0995680307757006,0.0995887102894826,0.0996049890523787,0.0996169286566619,0.0996245913975902,0.0996280401822358,0.0996273384423405,0.0996225500510943,0.0996137392437353,0.0996009705418702,0.0995843086814118,0.0995638185440325,0.099539565092033,0.0995116133065249,0.0994800281288265,0.0994448744049753,0.099406216833256,0.0993641199146488,0.0993186479061023,0.0992698647765345,0.099217834165471,0.0991626193442253,0.0991042831795344,0.0990428880995566,0.0989784960621466,0.098911168525321,0.0988409664198297,0.0987679501237498,0.0986921794390226,0.0986137135698527,0.0985326111028926,0.098448929989137,0.0983627275274512,0.098274060349665,0.0981829844071576,0.0980895549588686,0.0979938265606655,0.0978958530560064,0.0977956875678318,0.0976933824916265,0.0975889894895924,0.097482559485874,0.0973741426627824,0.0972637884579635,0.0971515455624594,0.0970374619196119,0.096921584724762,0.0968039604256961,0.0966846347237977,0.0965636525758589,0.0964410581965115,0.0963168950612386,0.0961912059099273,0.0960640327509275,0.0959354168655808,0.0958053988131867,0.0956740184363735,0.0955413148668447,0.0954073265314691,0.0952720911586907,0.0951356457852276,0.094998026763038,0.0948592697665276,0.0947194097999758,0.0945784812051591,0.0944365176691523,0.0942935522322848,0.0941496172962382,0.0940047446322624,0.093858965389499,0.0937123101033916,0.0935648087041728,0.0934164905254092,0.0932673843125958,0.0931175182317853,0.0929669198782402,0.0928156162850986,0.0926636339320425,0.0925109987539599,0.0923577361495904,0.092203870990148,0.0920494276279117,0.091894429904778,0.0917389011607686,0.0915828642424851,0.0914263415115091,0.0912693548527383,0.0911119256826564,0.090954074957531,0.0907958231815372,0.0906371904148013,0.0904781962813618,0.0903188599770464,0.0901592002772595,0.0899992355446794,0.0898389837368642,0.0896784624137615,0.0895176887451226,0.0893566795178195,0.0891954511430624,0.0890340196635177,0.0888724007603253,0.0887106097600143,0.0885486616413176,0.0883865710418832,0.0882243522648845,0.0880620192855266,0,0.0790962393298563,0.0794937552397339,0.0798835581707907,0.0802637935412051,0.0806335336776743,0.0809922273163077,0.0813398846297364,0.0816770201202039,0.0820044922514593,0.0823233453581489,0.082634689409133,0.082939619838172,0.0832391690779993,0.0835342802919306,0.0838257955895876,0.0841144532169107,0.0844008900394273,0.084685646960774,0.0849691758117601,0.0852518468242391,0.0855339561693918,0.085815733266167,0.0860973477034765,0.0863789157025429,0.0866605060946822,0.0869421458179403,0.0872238249515337,0.0875055013149559,0.0877871046619626,0.088068540500299,0.0883496935671551,0.0886304309886221,0.0889106051493175,0.08919005629613,0.0894686148978466,0.0897461037803786,0.0900223400554306,0.0902971368587857,0.0905703049129122,0.090841653927307,0.0911109938488839,0.0913781359737458,0.0916428939308467,0.0919050845473188,0.0921645286045956,0.0924210514938951,0.0926744837791043,0.0929246616746417,0.0931714274454275,0.0934146297356877,0.0936541238329183,0.0938897718729659,0.0941214429918167,0.0943490134293339,0.0945723665898467,0.094791393064161,0.095005990617245,0.0952160641455308,0.0954215256074807,0.0956222939307743,0.0958182948992042,0.0960094610221047,0.0961957313888897,0.0963770515110463,0.096553373153702,0.096724654158688,0.0968908582608188,0.097051954898934,0.0972079190230829,0.0973587308990772,0.0975043759114988,0.0976448443661197,0.0977801312925758,0.0979102362480279,0.0980351631224483,0.0981549199460852,0.0982695186995756,0.0983789751271124,0.0984833085530043,0.0985825417019145,0.0986767005230132,0.0987658140182345,0.098849914074793,0.0989290353020766,0.0990032148730065,0.0990724923699262,0.0991369096350598,0.0991965106255615,0.0992513412731569,0.0993014493483674,0.0993468843292891,0.099387697274895,0.0994239407028113,0.0994556684715173,0.0994829356669058,0.0995057984931395,0.099524314167733,0.0995385408207811,0.0995485373982582,0.0995543635693045,0.0995560796374149,0.0995537464554454,0.0995474253443465,0.0995371780155362,0.0995230664968225,0.0995051530617824,0.0994835001625088,0.0994581703656323,0.099429226291525,0.0993967305565988,0.0993607457186031,0.0993213342248328,0.0992785583631574,0.09923248021578,0.0991831616156395,0.0991306641053667,0.0990750488987083,0.0990163768443339,0.0989547083919399,0.0988901035605688,0.0988226219090614,0.0987523225085608,0.0986792639169905,0.0986035041554276,0.0985251006862956,0.0984441103933044,0.0983605895630598,0.0982745938682772,0.0981861783525252,0.098095397416435,0.0980023048053064,0.097906953598049,0.0978093961973936,0.0977096843213155,0.0976078689956079,0.0975040005475506,0.097398128600618,0.0972903020701711,0.0971805691600841,0.0970689773602535,0.0969555734449417,0.0968404034719086,0.0967235127822861,0.096604946001152,0.0964847470387607,0.0963629590923919,0.0962396246487776,0.0961147854870707,0.0959884826823194,0.0958607566094137,0.0957316469474708,0.0956011926846284,0.0954694321232166,0.0953364028852787,0.0952021419184138,0.095066685501917,0.0949300692531901,0.0947923281343999,0.094653496459363,0.094513607900634,0.0943726954967778,0.0942307916598061,0.0940879281827619,0.0939441362474309,0.0937994464321681,0.0936538887198201,0.0935074925057319,0.0933602866058209,0.0932122992647097,0.0930635581639004,0.0929140904299831,0.092763922642866,0.0926130808440167,0.0924615905447063,0.0923094767342465,0.0921567638882125,0.0920034759766424,0.0918496364722082,0.0916952683583494,0.0915403941373639,0.0913850358384517,0.0912292150257038,0.0910729528060333,0.0909162698370434,0.0907591863348279,0.0906017220817009,0.0904438964338531,0.0902857283289288,0.0901272362935248,0.0899684384506042,0.0898093525268271,0.0896499958597926,0.089490385405193,0.0893305377438767,0.0891704690888199,0.0890101952920046,0.0888497318512028,0.0886890939166668,0.0885282962977226,0.088367353469268,0,0.0794099416528359,0.0798001584128361,0.0801734550335781,0.0805339038841916,0.080883020938658,0.0812213297333859,0.0815492537825591,0.0818674009833343,0.0821765822931926,0.0824777448141387,0.0827718950016,0.0830600370380926,0.0833431305505641,0.083622064781579,0.0838976448562409,0.0841705862614188,0.084441514594703,0.0847109685228796,0.0849794045739633,0.0852472028733937,0.085514673264651,0.0857820614712897,0.0860495550970616,0.0863172893494917,0.086585352427885,0.0868537905511499,0.0871226126217213,0.0873917945342061,0.087661283144294,0.0879309999169962,0.0882008442746799,0.0884706966654654,0.0887404213719025,0.0890098690787665,0.0892788792175431,0.0895472821038473,0.0898149008827274,0.0900815532955911,0.0903470532813847,0.0906112124236707,0.0908738412543662,0.0911347504241463,0.0913937517488355,0.0916506591405242,0.0919052894316227,0.092157463099601,0.0924070048997399,0.0926537444128332,0.0928975165144217,0.0931381617717977,0.0933755267746993,0.0936094644052942,0.0938398340527545,0.0940665017774227,0.0942893404292807,0.0945082297251468,0.0947230562887492,0.0949337136575491,0.0951401022599246,0.095342129366067,0.0955397090156952,0.09573276192545,0.095921215378607,0.0961050030995233,0.0962840651150283,0.0964583476047713,0.0966278027423535,0.0967923885289002,0.0969520686205647,0.0971068121513084,0.0972565935521565,0.0974013923680059,0.0975411930729396,0.0976759848848943,0.0978057615804289,0.0979305213102501,0.0980502664160726,0.0981650032493122,0.0982747419920459,0.0983794964806159,0.0984792840321923,0.0985741252745688,0.0986640439794188,0.0987490668992004,0.0988292236078665,0.098904546345503,0.0989750698669964,0.0990408312948005,0.0991018699758591,0.0991582273427171,0.0992099467788402,0.0992570734881451,0.0992996543687352,0.099337737890819,0.0993713739787852,0.099400613897396,0.0994255101420539,0.0994461163330927,0.0994624871140348,0.0994746780537536,0.099482745552478,0.0994867467515671,0.0994867394469852,0.0994827820064029,0.099474933289845,0.0994632525738102,0.0994477994787799,0.0994286339000357,0.0994058159417027,0.0993794058539378,0.0993494639731756,0.0993160506653513,0.0992792262720151,0.0992390510592551,0.0991955851693425,0.0991488885750195,0.0990990210363428,0.0990460420600034,0.0989900108610396,0.0989309863268616,0.0988690269835099,0.0988041909640661,0.0987365359791395,0.0986661192893533,0.0985929976797534,0.0985172274360663,0.0984388643227341,0.0983579635626542,0.0982745798185537,0.0981887671759311,0.0981005791274978,0.0980100685590534,0.0979172877367333,0.0978222882955639,0.0977251212292674,0.0976258368812552,0.0975244849367557,0.0974211144160179,0.0973157736685399,0.0972085103682682,0.0970993715097192,0.0969884034049724,0.0968756516814899,0.0967611612807158,0.0966449764574113,0.0965271407796847,0.0964076971296748,0.0962866877048468,0.0961641540198676,0.0960401369090185,0.0959146765291161,0.095787812362904,0.0956595832228855,0.095530027255567,0.095399181946081,0.0952670841231627,0.0951337699644526,0.0949992750020999,0.0948636341286421,0.0947268816031383,0.0945890510575338,0.0944501755032341,0.0943102873378708,0.0941694183522379,0.0940275997373826,0.0938848620918317,0.0937412354289393,0.0935967491843396,0.0934514322234899,0.0933053128492925,0.0931584188097785,0.0930107773058469,0.0928624149990418,0.0927133580193622,0.0925636319730904,0.0924132619506318,0.0922622725343569,0.0921106878064361,0.0919585313566615,0.0918058262902463,0.0916525952355969,0.0914988603520504,0.0913446433375728,0.09118996543641,0.0910348474466906,0.090879309727972,0.0907233722087279,0.0905670543937728,0.0904103753716199,0.0902533538217684,0.090096008021919,0.0899383558551131,0.0897804148167945,0.0896222020217907,0.0894637342112128,0.0893050277592712,0.0891460986800059,0.0889869626339315,0.0888276349345934,0.0886681305550359,0,0.0798282758741084,0.080206891924729,0.0805596374489151,0.0808964648725632,0.0812211916163537,0.0815354264110337,0.0818400639429239,0.0821358581860934,0.0824236047714049,0.0827041657617138,0.0829784415019238,0.0832473329065775,0.0835117095557979,0.0837723872017224,0.0840301139343496,0.0842855630518803,0.0845393306818271,0.084791936571947,0.0850438268864543,0.0852953781938858,0.0855469020974211,0.0857986501464838,0.0860508187976658,0.0863035542799495,0.0865569572768585,0.0868110873760018,0.087065967261053,0.0873215866369725,0.0875779058892225,0.0878348594837979,0.0880923591184418,0.0883502966372775,0.0886085467218862,0.088866969371963,0.0891254121883772,0.0893837124709115,0.0896416991422994,0.0898991945094698,0.0901560158722232,0.0904119769889079,0.0906668894080677,0.0909205636744902,0.0911728104176062,0.0914234413297581,0.0916722700414724,0.0919191129005258,0.0921637896612822,0.0924061240904839,0.0926459444954119,0.0928830841800653,0.0931173818347648,0.0933486818643343,0.0935768346597773,0.0938016968181226,0.094023131314877,0.0942410076332894,0.094455201854391,0.0946655967115509,0.094872081613052,0.0950745526359738,0.0952729124944429,0.0954670704851042,0.0956569424124543,0.0958424504964824,0.0960235232648716,0.0962000954318288,0.0963721077654426,0.0965395069452984,0.0967022454119287,0.0968602812095313,0.0970135778232495,0.0971621040121847,0.0973058336391924,0.0974447454984051,0.0975788231413257,0.097708054702241,0.0978324327236245,0.0979519539821165,0.0980666193156032,0.0981764334518509,0.0982814048390939,0.0983815454789237,0.0984768707617795,0.0985673993052971,0.0986531527957373,0.0987341558326781,0.0988104357771277,0.0988820226031856,0.0989489487533553,0.0990112489975915,0.0990689602961447,0.099122121666248,0.0991707740526775,0.0992149602022021,0.0992547245419282,0.099290113061533,0.0993211731993704,0.0993479537324265,0.099370504670092,0.0993888771517146,0.0994031233478864,0.0994132963654182,0.0994194501559463,0.0994216394281133,0.0994199195632641,0.09941434653459,0.0994049768296555,0.099391867376238,0.0993750754714086,0.0993546587137823,0.0993306749388613,0.0993031821573974,0.0992722384966963,0.0992379021447862,0.0992002312973743,0.099159284107512,0.0991151186378905,0.0990677928156905,0.0990173643899059,0.0989638908910655,0.098907429593274,0.0988480374784986,0.0987857712030214,0.0987206870659861,0.0986528409799627,0.0985822884434586,0.0985090845153022,0.0984332837908294,0.0983549403798033,0.0982741078859987,0.0981908393883822,0.098105187423826,0.0980172039712879,0.0979269404373956,0.0978344476433751,0.0977397758132617,0.0976429745633361,0.0975440928927298,0.0974431791751423,0.0973402811516198,0.0972354459243402,0.097128719951356,0.0970201490422461,0.0969097783546291,0.0967976523914918,0.0966838149992895,0.0965683093667758,0.0964511780245199,0.0963324628450731,0.0962122050437452,0.0960904451799544,0.0959672231591164,0.0958425782350381,0.0957165490127835,0.0955891734519809,0.0954604888705412,0.0953305319487594,0.0951993387337718,0.0950669446443419,0.0949333844759518,0.0947986924061737,0.0946629020003,0.0945260462172092,0.0943881574154484,0.0942492673595122,0.0941094072262985,0.0939686076117256,0.0938268985374922,0.0936843094579641,0.0935408692671749,0.0933966063059237,0.0932515483689585,0.0931057227122308,0.0929591560602107,0.0928118746132511,0.0926639040549898,0.0925152695597795,0.0923659958001368,0.0922161069542012,0.0920656267131957,0.0919145782888812,0.0917629844209974,0.0916108673846844,0.0914582489978767,0.0913051506286663,0.0911515932026271,0.0909975972100971,0.0908431827134128,0.0906883693540927,0.0905331763599643,0.0903776225522321,0.0902217263524832,0.0900655057896266,0.0899089785067646,0.0897521617679933,0.0895950724651289,0.0894377271243597,0.0892801419128208,0.0891223326450894,0.088964314789601,0,0.0803594042091841,0.0807187525748931,0.0810456226481673,0.0813543781325727,0.081650636912124,0.0819369425185857,0.0822146371568836,0.0824846334415335,0.0827477259045874,0.0830046971768033,0.0832563377254938,0.0835034342984219,0.0837467510361041,0.083987012489505,0.0842248912409717,0.0844610001837598,0.084695888631332,0.0849300412791257,0.0851638791612911,0.0853977619321657,0.0856319909793853,0.085866813018953,0.0861024239305166,0.086338972669119,0.0865765651447604,0.086815267999426,0.0870551122376368,0.0872960966846375,0.0875381912585827,0.0877813400513099,0.0880254642177214,0.0882704646773094,0.0885162246335367,0.0887626119180662,0.0890094811674905,0.0892566758404765,0.0895040300832393,0.0897513704511078,0.089998517493701,0.0902452872109552,0.0904914923869485,0.0907369438081839,0.0909814513727251,0.0912248250963273,0.0914668760214797,0.091707417035062,0.091946263600123,0.0921832344071037,0.0924181519496473,0.0926508430299662,0.0928811391985631,0.0931088771329278,0.093333898959661,0.0935560525242927,0.0937751916128855,0.0939911761293295,0.0942038722320471,0.0944131524336382,0.0946188956668112,0.094820987319753,0.0950193192439044,0.0952137897369258,0.0954043035034541,0.0955907715960751,0.0957731113387645,0.095951246234887,0.0961251058616771,0.0962946257529816,0.0964597472718925,0.0966204174747622,0.0967765889679685,0.0969282197586675,0.0970752731006649,0.0972177173364257,0.0973555257361479,0.0974886763347266,0.0976171517673615,0.0977409391044712,0.0978600296865152,0.0979744189592539,0.0980841063099197,0.0981890949047152,0.0982893915280083,0.0983850064235458,0.0984759531379677,0.0985622483668663,0.0986439118036041,0.0987209659910695,0.0987934361765243,0.0988613501696753,0.0989247382040747,0.0989836328019388,0.0990380686424538,0.0990880824336239,0.0991337127876995,0.099175000100214,0.0992119864326416,0.0992447153986836,0.0992732320541749,0.0992975827906005,0.0993178152321986,0.0993339781366245,0.0993461212991395,0.0993542954602881,0.0993585522170173,0.0993589439371901,0.0993555236774415,0.0993483451043209,0.0993374624186623,0.0993229302831195,0.0993048037528053,0.099283138208966,0.0992579892956253,0.0992294128591282,0.099197464890515,0.0991622014706531,0.0991236787180557,0.0990819527393146,0.0990370795820735,0.09898911519047,0.098938115362971,0.098884135712531,0.0988272316289979,0.0987674582436958,0.0987048703961118,0.0986395226026162,0.0985714690271442,0.0985007634537713,0.0984274592611125,0.0983516093984767,0.0982732663637111,0.0981924821826695,0.0981093083902395,0.0980237960128665,0.0979359955525113,0.0978459569719829,0.0977537296815852,0.0976593625270226,0.0975629037785042,0.0974644011209975,0.0973639016455732,0.0972614518417926,0.0971570975910856,0.0970508841610714,0.0969428562007756,0.096833057736695,0.0967215321696691,0.096608322272514,0.096493470188377,0.0963770174297732,0.0962590048782649,0.0961394727847468,0.0960184607703019,0.0958960078275933,0.0957721523227592,0.0956469319977793,0.0955203839732831,0.0953925447517689,0.0952634502212091,0.095133135659011,0.0950016357363118,0.0948689845225793,0.0947352154904989,0.0946003615211216,0.0944644549092539,0.0943275273690674,0.0941896100399122,0.0940507334923118,0.0939109277341249,0.0937702222168564,0.0936286458421034,0.0934862269681191,0.0933429934164821,0.0931989724788579,0.0930541909238396,0.0929086750038552,0.0927624504621317,0.0926155425397048,0.092467975982464,0.0923197750482236,0.0921709635138121,0.0920215646821702,0.0918716013894499,0.0917210960121086,0.0915700704739904,0.0914185462533884,0.0912665443900818,0.0911140854923437,0.0909611897439127,0.0908078769109246,0.0906541663487995,0.0905000770090808,0.0903456274462217,0.0901908358243146,0.0900357199237647,0.0898802971478986,0.0897245845295099,0.0895685987373394,0.0894123560824835,0.0892558725247345,0,0.0810103598143648,0.0813398685779412,0.0816344070583376,0.0819100662256392,0.0821734838410636,0.0824278542036521,0.0826748685470717,0.0829155697448964,0.083150744751634,0.0833810931891059,0.0836072888423761,0.0838299933722332,0.0840498513562089,0.0842674800949029,0.0844834598095104,0.0846983261633709,0.0849125654180354,0.0851266119080547,0.0853408473445315,0.0855556014704869,0.0857711536681425,0.0859877352060221,0.0862055318919972,0.0864246869614786,0.0866453040783026,0.0868674503618677,0.0870911593804687,0.0873164340699091,0.0875432495502632,0.0877715558235254,0.088001280341918,0.0882323304415804,0.0884645956398382,0.0886979497966301,0.0889322531422911,0.0891673541749527,0.0894030914314997,0.0896392951364388,0.0898757887332605,0.0901123903029927,0.0903489138746788,0.0905851706325045,0.0908209700242587,0.0910561207757619,0.0912904318158346,0.0915237131163129,0.091755776451547,0.0919864360817478,0.0922155093644656,0.092442817298405,0.0926681850036866,0.0928914421425694,0.0931124232845437,0.0933309682195874,0.0935469222232583,0.0937601362771673,0.0939704672482384,0.0941777780300211,0.0943819376491758,0.0945828213401013,0.0947803105905216,0.0949742931606981,0.0951646630787775,0.0953513206146382,0.0955341722344437,0.0957131305379693,0.0958881141806263,0.0960590477819657,0.0962258618223179,0.0963884925290922,0.0965468817541428,0.0967009768434915,0.0968507305005903,0.0969961006442047,0.0971370502619021,0.0972735472600419,0.0974055643110805,0.0975330786989248,0.0976560721630013,0.0977745307416352,0.0978884446152806,0.0979978079500789,0.0981026187421785,0.0982028786631976,0.0982985929071692,0.0983897700392713,0.0984764218466051,0.0985585631912552,0.0986362118658347,0.0987093884516911,0.0987781161799251,0.0988424207953511,0.0989023304235107,0.0989578754408291,0.0990090883479891,0.0990560036465847,0.0990986577190974,0.0991370887122323,0.0991713364236347,0.099201442192001,0.0992274487905863,0.0992494003241056,0.099267342129015,0.0992813206771533,0.0992913834827202,0.0992975790125581,0.0992999565997043,0.0992985663601683,0.0992934591128957,0.0992846863028647,0.0992722999272664,0.0992563524647132,0.0992368968074204,0.0992139861962967,0.0991876741588878,0.0991580144501052,0.0991250609956788,0.0990888678382653,0.0990494890861469,0.0990069788644517,0.098961391268829,0.0989127803215082,0.0988611999296756,0.0988067038460981,0.0987493456319257,0.0986891786216035,0.0986262558898264,0.0985606302204673,0.0984923540774116,0.0984214795772332,0.0983480584636442,0.0982721420836546,0.0981937813653782,0.0981130267974217,0.0980299284097945,0.09794453575628,0.0978568978982086,0.0977670633895733,0.097675080263432,0.0975809960195416,0.097484857613168,0.0973867114450211,0.0972866033522619,0.097184578600533,0.097080681876963,0.0969749572840985,0.0968674483347169,0.0967581979474773,0.0966472484433652,0.0965346415428901,0.0964204183639966,0.0963046194206486,0.0961872846220519,0.0960684532724761,0.0959481640716444,0.0958264551156556,0.0957033638984066,0.0955789273134864,0.0954531816565099,0.0953261626278634,0.0951979053358374,0.0950684443001155,0.0949378134555999,0.0948060461565462,0.0946731751809859,0.0945392327354148,0.0944042504597267,0.0942682594323719,0.0941312901757227,0.0939933726616277,0.0938545363171361,0.0937148100303793,0.0935742221565911,0.093432800524253,0.0932905724413521,0.0931475647017357,0.093003803591553,0.0928593148957706,0.09271412390475,0.0925682554208792,0.0924217337652462,0.0922745827843448,0.0921268258568072,0.0919784859001511,0.0918295853775356,0.0916801463045196,0.0915301902558135,0.0913797383720196,0.0912288113663548,0.0910774295313502,0.0909256127455218,0.0907733804800083,0.090620751805171,0.0904677453971522,0.0903143795443879,0.0901606721540711,0.0900066407585633,0.0898523025217497,0.0896976742453377,0.0895427723750938,0,0.0817858629043915,0.0820733732175772,0.0823283066577318,0.0825653862818896,0.0827913457273723,0.0830096572167253,0.0832222031885008,0.0834300915867718,0.0836340745672726,0.0838347547865544,0.0840326783015697,0.084228369877852,0.0844223411747522,0.0846150876461672,0.0848070819129759,0.0849987670992305,0.085190551480798,0.0853828047813825,0.0855758560147415,0.0857699926176019,0.0859654605921601,0.0861624654039043,0.0863611734237342,0.0865617137471281,0.0867641802614086,0.0869686338634811,0.0871751047550981,0.0873835947617697,0.0875940796359664,0.0878065113162495,0.0880208201222265,0.088236916871404,0.0884546949086148,0.088674032042102,0.0888947923828578,0.0891168280856555,0.0893399809915619,0.0895640841726942,0.0897889633807002,0.0900144384009577,0.0902403243148635,0.0904664326728674,0.0906925725811078,0.0909185517046612,0.0911441771905375,0.0913692565136373,0.0915935982489542,0.0918170127733483,0.0920393129002454,0.0922603144506247,0.0924798367636572,0.0926977031503314,0.0929137412933738,0.0931277835967204,0.0933396674877351,0.0935492356752985,0.0937563363668058,0.0939608234470182,0.0941625566216114,0.0943614015281552,0.0945572298171414,0.0947499192055607,0.0949393535054053,0.0951254226293506,0.0953080225757434,0.0954870553949035,0.0956624291386175,0.0958340577945887,0.0960018612074855,0.0961657649881191,0.0963257004121707,0.0964816043097841,0.0966334189472368,0.0967810919018113,0.0969245759308929,0.09706382883624,0.097198813324289,0.0973294968632828,0.0974558515379418,0.0975778539023308,0.0976954848315139,0.0978087293725349,0.097917576595208,0.0980220194431543,0.09812205458548,0.0982176822694444,0.0983089061744366,0.0983957332675396,0.0984781736609311,0.0985562404713438,0.0986299496817769,0.0986993200056323,0.0987643727534217,0.0988251317021745,0.0988816229676569,0.0989338748794936,0.0989819178592738,0.0990257843017013,0.0990655084588441,0.0991011263275204,0.0991326755398506,0.0991601952569953,0.0991837260660885,0.0992033098803682,0.0992189898424995,0.0992308102310771,0.0992388163702894,0.0992430545427201,0.0992435719052563,0.0992404164080727,0.0992336367166488,0.099223282136781,0.0992094025425421,0.0991920483071401,0.099171270236624,0.0991471195063838,0.099119647600388,0.0990889062531002,0.0990549473940161,0.099017823094759,0.0989775855186722,0.0989342868728447,0.0988879793625066,0.0988387151477295,0.0987865463023673,0.0987315247751728,0.0986737023530231,0.0986131306261914,0.0985498609555993,0.0984839444419832,0.0984154318969156,0.0983443738156119,0.0982708203514656,0.0981948212922459,0.0981164260378986,0.09803568357989,0.0979526424820341,0.0978673508627448,0.0977798563786571,0.0976902062095609,0.0975984470445921,0.0975046250696288,0.0974087859558395,0.0973109748493333,0.0972112363618619,0.0971096145625246,0.0970061529704319,0.0969008945482789,0.0967938816967868,0.0966851562499685,0.0965747594711775,0.0964627320498989,0.0963491140992452,0.0962339451541177,0.0961172641699995,0.0959991095223421,0.0958795190065157,0.0957585298382876,0.0956361786547989,0.0955125015160104,0.0953875339065869,0.0952613107381942,0.0951338663521808,0.0950052345226202,0.0948754484596889,0.0947445408133555,0.0946125436773623,0.0944794885934735,0.0943454065559733,0.0942103280163924,0.0940742828884462,0.0939373005531651,0.0937994098642012,0.0936606391532969,0.0935210162358963,0.0933805684168896,0.0932393224964737,0.0930973047761172,0.0929545410646173,0.0928110566842372,0.0926668764769131,0.0925220248105198,0.0923765255851855,0.0922304022396469,0.0920836777576351,0.091936374674285,0.0917885150825595,0.0916401206396823,0.0914912125735715,0.0913418116892681,0.0911919383753544,0.0910416126103542,0.0908908539691124,0.0907396816291478,0.0905881143769737,0.0904361706143849,0.0902838683647035,0.0901312252789834,0.0899782586421681,0.0898249853791989,0,0.0826879326035218,0.0829211553300599,0.0831288197303149,0.0833215512207821,0.0835052766810354,0.0836833394589971,0.0838576176587905,0.0840291904554461,0.0841987296973386,0.0843667169791137,0.0845335549043527,0.08469961815107,0.0848652725243574,0.08503087831789,0.0851967869074192,0.0853633351711858,0.0855308399252533,0.0856995932849548,0.0858698592219214,0.0860418712874436,0.0862158313519916,0.0863919091773253,0.0865702426440888,0.0867509384798965,0.0869340733589792,0.0871196952692775,0.0873078250644742,0.0874984581364091,0.0876915661578582,0.087887098857225,0.0880849857958161,0.0882851381255062,0.0884874503101555,0.0886918017984469,0.0888980586391418,0.0891060750323258,0.089315694812194,0.0895267528584613,0.0897390764346647,0.0899524864525509,0.0901667986624619,0.0903818247702045,0.0905973734813499,0.09081325147427,0.0910292643035285,0.0912452172354811,0.0914609160181498,0.0916761675875977,0.0918907807131679,0.0921045665840577,0.092317339339779,0.0925289165471175,0.0927391196262425,0.0929477742286323,0.093154710569488,0.0933597637172863,0.0935627738430935,0.0937635864322172,0.0939620524607147,0.0941580285392095,0.0943513770263929,0.0945419661144977,0.0947296698889484,0.0949143683642922,0.0950959474984175,0.0952742991869703,0.0954493212397709,0.0956209173409397,0.0957889969943327,0.0959534754557953,0.0961142736536405,0.0962713180986689,0.0964245407849509,0.0965738790825113,0.0967192756229675,0.0968606781790953,0.0969980395392215,0.0971313173772687,0.0972604741192153,0.0973854768066632,0.0975062969581567,0.097622910428829,0.0977352972689141,0.0978434415816029,0.0979473313806842,0.098046958448371,0.0981423181936677,0.0982334095116079,0.0983202346436515,0.0984027990395063,0.0984811112206077,0.0985551826454662,0.0986250275770692,0.0986906629525021,0.0987521082549317,0.0988093853880814,0.0988625185533047,0.0989115341293538,0.0989564605549221,0.0989973282140274,0.099034169324292,0.0990670178281613,0.099095909287097,0.0991208807787671,0.0991419707972478,0.099159219156248,0.0991726668953518,0.0991823561892764,0.09918833026013,0.0991906332926532,0.0991893103524175,0.0991844073069563,0.0991759707497913,0.0991640479273208,0.0991486866685281,0.0991299353174665,0.0991078426684754,0.0990824579040768,0.0990538305355027,0.0990220103457986,0.0989870473354488,0.0989489916704661,0.0989078936328892,0.0988638035736273,0.0988167718675926,0.0987668488710608,0.0987140848811971,0.0986585300976875,0.0986002345864138,0.0985392482451088,0.0984756207709332,0.098409401629911,0.0983406400281617,0.0982693848848722,0.0981956848069444,0.0981195880652626,0.0980411425725207,0.0979603958625516,0.0978773950711033,0.0977921869180035,0.0977048176906619,0.097615333228852,0.0975237789107237,0.0974301996399929,0.0973346398342597,0.0972371434144037,0.0971377537950123,0.0970365138757917,0.0969334660339184,0.0968286521172854,0.0967221134386004,0.0966138907702968,0.0965040243402146,0.0963925538280133,0.0962795183622804,0.0961649565182977,0.0960489063164306,0.0959314052211072,0.0958124901403541,0.0956921974258569,0.0955705628735164,0.0954476217244701,0.0953234086665518,0.0951979578361621,0.095071302820524,0.0949434766602987,0.0948145118525386,0.0946844403539534,0.0945532935844689,0.0944211024310572,0.094287897251818,0.0941537078802929,0.0940185636299939,0.0938824932991288,0.0937455251755078,0.0936076870416149,0.093469006179829,0.0933295093777824,0.0931892229338398,0.0930481726626888,0.0929063839010272,0.0927638815133364,0.0926206898977312,0.0924768329918726,0.0923323342789381,0.0921872167936365,0.0920415031282615,0.091895215438773,0.0917483754509019,0.0916010044662678,0.0914531233685051,0.0913047526293901,0.0911559123149635,0.0910066220916422,0.0908569012323159,0.0907067686224233,0.0905562427660032,0.0904053417917157,0.090254083458832,0.0901024851631848,0,0.0837157258524948,0.0838837223913618,0.0840365273966737,0.0841790666477332,0.0843157343111432,0.0844493595458021,0.084581607190558,0.0847134159828567,0.0848453181240495,0.0849776414569706,0.0851106250646694,0.0852444788858398,0.0853794102079352,0.0855156320417007,0.0856533624588437,0.0857928200546378,0.0859342182926732,0.0860777600920532,0.0862236332434278,0.0863720068329248,0.0865230286529744,0.0866768234917677,0.0868334921645551,0.0869931111502227,0.087155732709467,0.0873213853781298,0.0874900747467947,0.0876617844537806,0.0878364773325602,0.0880140966662995,0.0881945675118229,0.0883777980631314,0.0885636810309099,0.0887520950195228,0.0889429058870414,0.089135968077075,0.0893311259137452,0.0895282148531945,0.0897270626866593,0.0899274906914517,0.090129314727257,0.0903323462760146,0.0905363934243614,0.0907412617881941,0.0909467553794,0.0911526774152067,0.0913588310709502,0.0915650201773441,0.0917710498635831,0.0919767271478145,0.0921818614766806,0.0923862652157774,0.0925897540929845,0.0927921475967032,0.0929932693311057,0.0931929473305379,0.0933910143352383,0.0935873080305409,0.0937816712517163,0.0939739521565835,0.0941640043679815,0.0943516870881475,0.0945368651869851,0.0947194092661485,0.0948991957007912,0.0950761066607578,0.0952500301129169,0.0954208598062511,0.0955884952412416,0.0957528416249987,0.09591380981351,0.0960713162422947,0.0962252828466757,0.0963756369728019,0.0965223112804774,0.0966652436387849,0.0968043770154186,0.0969396593605773,0.0970710434862046,0.0971984869413051,0.0973219518840069,0.0974414049509891,0.0975568171248439,0.0976681635998946,0.0977754236469466,0.0978785804774123,0.0979776211072045,0.098072536220767,0.0981633200355709,0.0982499701673768,0.0983324874965383,0.0984108760355876,0.0984851427983306,0.0985552976706443,0.0986213532831596,0.098683324885985,0.0987412302256121,0.0987950894241282,0.098844924860843,0.0988907610564229,0.0989326245596174,0.0989705438366413,0.0990045491632738,0.0990346725197195,0.0990609474882682,0.0990834091537822,0.0991020940070298,0.0991170398508783,0.0991282857093472,0.0991358717395259,0.0991398391463408,0.0991402301001638,0.0991370876572389,0.0991304556829061,0.099120378777593,0.0991069022055422,0.0990900718262391,0.0990699340285003,0.0990465356671825,0.0990199240024637,0.0989901466416541,0.0989572514834831,0.0989212866648149,0.0988823005097376,0.0988403414809733,0.0987954581335526,0.0987476990706986,0.0986971129018624,0.098643748202853,0.0985876534780032,0.0985288771243145,0.0984674673975194,0.0984034723800074,0.0983369399505522,0.0982679177557845,0.0981964531833516,0.0981225933367084,0.0980463850114807,0.0979678746733474,0.0978871084373854,0.0978041320488218,0.0977189908651427,0.0976317298395038,0.0975423935053914,0.0974510259624855,0.0973576708636726,0.0972623714031621,0.0971651703056588,0.0970661098165443,0.0969652316930236,0.0968625771961939,0.0967581870839907,0.096652101604973,0.0965443604929055,0.0964350029620994,0.0963240677034752,0.0962115928813105,0.0960976161306357,0.0959821745552483,0.0958653047263076,0.0957470426814821,0.0956274239246167,0.0955064834258915,0.0953842556224437,0.0952607744194247,0.0951360731914671,0.0950101847845361,0.0948831415181408,0.0947549751878827,0.0946257170683194,0.0944953979161219,0.0943640479735047,0.0942316969719109,0.0940983741359318,0.093964108187444,0.0938289273499484,0.0936928593530924,0.0935559314373623,0.0934181703589296,0.0932796023946383,0.0931402533471194,0.0930001485500205,0.0928593128733381,0.0927177707288412,0.0925755460755761,0.0924326624254418,0.0922891428488263,0.0921450099802939,0.0920002860243184,0.0918549927610485,0.0917091515521023,0.0915627833463826,0.0914159086859046,0.0912685477116312,0.0911207201693104,0.0909724454153068,0.0908237424224247,0.0906746297857162,0.0905251257282703,0.0903752481069778,0,0.0848659704965283,0.084960189004925,0.0850510412802424,0.0851376896829792,0.0852225544364362,0.0853076334188271,0.0853941793934509,0.0854828731110496,0.0855740397495421,0.0856678147171126,0.0857642502078896,0.0858633756549546,0.0859652275168596,0.0860698606009806,0.0861773492254978,0.0862877833948379,0.0864012630054573,0.0865178917269287,0.0866377713792637,0.0867609971559249,0.0868876537858135,0.0870178125976425,0.0871515293916184,0.0872888430035612,0.0874297744466749,0.0875743265255504,0.0877224838299388,0.0878742130294018,0.0880294634026988,0.088188167547112,0.0883502422226752,0.0885155892945093,0.0886840967433292,0.0888556397198402,0.0890300816233936,0.0892072751890534,0.0893870635703302,0.0895692814073522,0.0897537558723076,0.0899403076856739,0.0901287520981363,0.0903188998342392,0.0905105579947671,0.0907035309156431,0.0908976209818051,0.091092629395083,0.0912883568955865,0.0914846044365211,0.0916811738127036,0.091877868243352,0.0920744929099767,0.092270855450422,0.0924667664102866,0.0926620396531035,0.0928564927307837,0.0930499472159207,0.0932422289976326,0.0934331685426642,0.093622601123509,0.0938103670153269,0.0939963116634312,0.0941802858231116,0.0943621456735308,0.0945417529074027,0.0947189747981157,0.0948936842459163,0.0950657598047138,0.0952350856910074,0.0954015517763746,0.0955650535648944,0.0957254921568147,0.0958827741997032,0.0960368118282571,0.0961875225938801,0.0963348293850672,0.0964786603395799,0.0966189487493263,0.0967556329588053,0.0968886562579145,0.0970179667698688,0.0971435173349198,0.0972652653905217,0.0973831728485381,0.097497205970042,0.0976073352382163,0.097713535229826,0.097815784485694,0.0979140653805766,0.0980083639928043,0.0980986699740223,0.0981849764193343,0.0982672797381312,0.0983455795258551,0.0984198784369318,0.0984901820590795,0.0985564987891837,0.0986188397109047,0.0986772184741754,0.0987316511767209,0.0987821562477219,0.0988287543337305,0.0988714681869273,0.0989103225558061,0.0989453440783513,0.0989765611777686,0.0990040039608167,0.0990277041187824,0.0990476948311242,0.0990640106718132,0.0990766875183813,0.0990857624636892,0.0990912737304118,0.09909326058824,0.0990917632737867,0.0990868229131843,0.0990784814473507,0.099066781559903,0.099051766607689,0.0990334805539049,0.0990119679037644,0.0989872736426813,0.0989594431769242,0.0989285222767008,0.0988945570216255,0.0988575937485233,0.0988176790015221,0.0987748594843801,0.0987291820150001,0.0986806934820748,0.0986294408038109,0.0985754708886782,0.0985188305981275,0.0984595667112225,0.0983977258911317,0.0983333546534224,0.098266499336104,0.0981972060713628,0.0981255207589364,0.0980514890410701,0.0979751562790041,0.0978965675309358,0.0978157675314059,0.0977328006720564,0.0976477109837083,0.097560542119709,0.0974713373405006,0.0973801394993603,0.0972869910292646,0.0971919339308324,0.097095009761301,0.0969962596244889,0.0968957241617062,0.0967934435435663,0.0966894574626609,0.0965838051270572,0.0964765252545787,0.0963676560678329,0.0962572352899488,0.0961453001409888,0.096031887335002,0.095917033077685,0.0958007730646187,0.0956831424800504,0.0955641759961918,0.0954439077730034,0.0953223714584394,0.0951996001891248,0.0950756265914407,0.0949504827829924,0.0948242003744375,0.0946968104716509,0.094568343678205,0.094438830098145,0.0943082993390394,0.0941767805152851,0.0940443022516524,0.0939108926870477,0.0937765794784827,0.0936413898052294,0.0935053503731493,0.0933684874191808,0.093230826715971,0.0930923935766405,0.0929532128596658,0.0928133089738711,0.0926727058835156,0.0925314271134671,0.0923894957544511,0.0922469344683665,0.0921037654936588,0.0919600106507411,0.0918156913474569,0.0916708285845759,0.0915254429613149,0.0913795546808787,0.0912331835560136,0.0910863490145678,0.0909390701050531,0.0907913655022019,0.0906432535125167,0,0.0861338339764639,0.0861483757777859,0.0861710006980443,0.0861964135223029,0.0862249406559225,0.086257530741982,0.0862948554261582,0.0863372256206821,0.0863846904647072,0.0864371515711286,0.0864944491806113,0.0865564160610356,0.0866229061839234,0.0866938065598961,0.0867690389814736,0.0868485563473728,0.0869323365289034,0.0870203755242737,0.0871126808545004,0.0872092656673813,0.087310143731098,0.0874153253414183,0.0875248140856969,0.0876386043708027,0.0877566796109402,0.0878790109733382,0.0880055565881142,0.0881362611394667,0.088271055766639,0.0884098582137886,0.0885525731775222,0.0886990928092668,0.0888492973368509,0.0890030557757648,0.0891602267056765,0.0893206590920437,0.0894841931361973,0.0896506611402104,0.089819888375298,0.0899916939445185,0.090165891632225,0.0903422907341248,0.0905206968629854,0.0907009127260194,0.0908827388708259,0.0910659743974889,0.0912504176350473,0.0914358667810818,0.0916221205036273,0.0918089785050058,0.0919962420475256,0.0921837144412795,0.0923712014945313,0.0925585119273923,0.0927454577496732,0.0929318546039445,0.0931175220749685,0.093302283966758,0.0934859685486007,0.093668408771441,0.0938494424560538,0.0940289124544643,0.0942066667860813,0.0943825587500071,0.0945564470149712,0.094728195688318,0.0948976743654396,0.0950647581610193,0.0952293277233976,0.0953912692333348,0.0955504743883911,0.0957068403740941,0.0958602698230114,0.0960106707627891,0.096157956554169,0.0963020458199345,0.0964428623656904,0.0965803350933251,0.0967143979079519,0.0968449896190829,0.0969720538367319,0.0970955388631078,0.0972153975805063,0.0973315873359738,0.097444069823273,0.0975528109626436,0.0976577807788159,0.0977589532777016,0.0978563063221529,0.0979498215071535,0.0980394840347738,0.0981252825891989,0.0982072092121114,0.098285259178688,0.098359430874447,0.0984297256731635,0.0984961478160495,0.0985587042923772,0.0986174047217087,0.0986722612378777,0.0987232883748544,0.0987705029546108,0.098813923977091,0.0988535725123784,0.0988894715951388,0.0989216461214105,0.0989501227478005,0.0989749297931352,0.0989960971426097,0.0990136561544644,0.0990276395692181,0.0990380814214715,0.0990450169542954,0.0990484825362056,0.0990485155807256,0.0990451544685277,0.0990384384721441,0.0990284076832296,0.0990151029423549,0.0989985657713073,0.09897883830787,0.0989559632430479,0.0989299837607058,0.0989009434795822,0.0988688863976371,0.0988338568386939,0.0987958994013307,0.0987550589099732,0.098711380368147,0.0986649089138338,0.0986156897768895,0.0985637682384663,0.0985091895923941,0.0984519991084644,0.098392241997567,0.0983299633786264,0.0982652082472848,0.0981980214462806,0.098128447637467,0.0980565312754217,0.0979823165825933,0.0979058475259339,0.0978271677949669,0.0977463207812392,0.0976633495591085,0.0975782968678156,0.0974912050947954,0.0974021162601771,0.097311072002428,0.0972181135650961,0.0971232817846052,0.0970266170790597,0.0969281594380175,0.0968279484131869,0.0967260231100102,0.0966224221800906,0.0965171838144288,0.096410345737427,0.0963019452016283,0.0961920189831535,0.0960806033778031,0.0959677341977901,0.0958534467690726,0.0957377759292558,0.0956207560260321,0.0955024209161317,0.095382803964756,0.0952619380454667,0.0951398555405045,0.0950165883415139,0.0948921678506487,0.0947666249820371,0.0946399901635821,0.0945122933390785,0.0943835639706255,0.0942538310413138,0.0941231230581717,0.0939914680553504,0.0938588935975307,0.0937254267835386,0.0935910942501496,0.0934559221760705,0.0933199362860826,0.093183161855334,0.0930456237137673,0.0929073462506709,0.092768353419343,0.0926286687418555,0.0924883153139099,0.0923473158097721,0.0922056924872802,0.0920634671929131,0.0919206613669142,0.0917772960484595,0.0916333918808657,0.0914889691168286,0.0913440476236854,0.0911986468886964,0.091052786024338,0.0909064837736024,0,0.0875137612381139,0.0874449831178588,0.08739411529805,0.0873534788830708,0.0873214704992558,0.0872978823330011,0.0872826792981544,0.0872757062688568,0.0872766719853087,0.0872852038819624,0.0873009054713976,0.0873233973202169,0.0873523404014503,0.0873874458950956,0.0874284760890041,0.0874752401277342,0.0875275872220907,0.0875853989812793,0.0876485818434331,0.0877170601248099,0.087790769923344,0.087869653943885,0.0879536572189824,0.0880427236518603,0.0881367932884489,0.0882358002211604,0.0883396710312427,0.088448323684702,0.0885616668064639,0.088679599267271,0.0888020100270702,0.0889287781870095,0.0890597732095231,0.0891948552723519,0.0893338757277869,0.0894766776430463,0.0896230964015894,0.0897729603484556,0.0899260914654663,0.0900823060644512,0.0902414154886,0.0904032268136926,0.0905675435423478,0.0907341662856146,0.0909028934272369,0.0910735217667934,0.0912458471386525,0.0914196650043324,0.0915947710164113,0.091770961552619,0.0919480342191665,0.0921257883227316,0.0923040253108448,0.092482549180689,0.0926611668565702,0.0928396885365166,0.0930179280086362,0.0931957029380113,0.0933728351250221,0.093549150736095,0.0937244805079423,0.0938986599264219,0.0940715293811858,0.0942429342973134,0.0944127252451428,0.0945807580295123,0.0947468937596245,0.0949109989007242,0.0950729453087648,0.0952326102492102,0.0953898764010846,0.0955446318473495,0.0956967700526482,0.0958461898294146,0.0959927952933059,0.0961364958088696,0.0962772059263156,0.0964148453102186,0.0965493386609337,0.0966806156294642,0.0968086107264803,0.0969332632261447,0.0970545170653645,0.0971723207390488,0.0972866271919154,0.0973973937073554,0.0975045817938308,0.0976081570692487,0.0977080891437249,0.0978043515011218,0.0978969213797168,0.0979857796523333,0.098070910706241,0.0981523023231088,0.0982299455592721,0.0983038346265574,0.0983739667738837,0.0984403421698464,0.0985029637864689,0.0985618372842911,0.0986169708989524,0.0986683753294051,0.0987160636278882,0.0987600510917732,0.0988003551573836,0.0988369952958791,0.0988699929112819,0.0988993712407159,0.0989251552569175,0.0989473715730681,0.0989660483499913,0.0989812152057485,0.0989929031276593,0.099001144386767,0.0990059724547622,0.0990074219233713,0.0990055284262119,0.0990003285631098,0.0989918598268718,0.0989801605324964,0.0989652697488091,0.0989472272324974,0.098926073364523,0.09890184908888,0.0988745958536705,0.0988443555544607,0.0988111704798826,0.0987750832594426,0.0987361368134934,0.0986943743053305,0.0986498390953658,0.0986025746973348,0.0985526247364901,0.0985000329097322,0.0984448429476324,0.0983870985782956,0.0983268434930151,0.0982641213136696,0.0981989755618115,0.0981314496293977,0.0980615867511116,0.0979894299782278,0.0979150221539686,0.0978384058903046,0.0977596235461488,0.0976787172068976,0.097595728665271,0.0975106994034035,0.0974236705761409,0.0973346829954976,0.0972437771162283,0.0971509930224726,0.0970563704154268,0.0969599486020037,0.0968617664844375,0.0967618625507941,0.0966602748663493,0.0965570410657943,0.0964521983462331,0.0963457834609358,0.0962378327138128,0.0961283819545754,0.0960174665745493,0.095905121503112,0.0957913812047195,0.0956762796764949,0.09555985044635,0.0954421265716095,0.0953231406381154,0.0952029247597805,0.0950815105785705,0.0949589292648876,0.0948352115183341,0.0947103875688327,0.0945844871780832,0.0944575396413337,0.0943295737894485,0.094200617991251,0.0940707001561267,0.0939398477368662,0.0938080877327335,0.0936754466927427,0.0935419507191281,0.0934076254709935,0.0932724961681266,0.0931365875949653,0.0929999241047038,0.0928625296235252,0.0927244276549515,0.0925856412842974,0.0924461931832197,0.0923061056143515,0.0921654004360126,0.0920240991069858,0.091882222691353,0.0917397918633813,0.0915968269124522,0.0914533477480273,0.0913093739046427,0.0911649245469276,0,0.0890001485686141,0.0888457965550516,0.0887172443181377,0.088606411069107,0.0885101186582647,0.0884269992854466,0.0883562356923453,0.0882971336368781,0.0882490073480488,0.0882111743062355,0.0881829789737859,0.0881638160104719,0.0881531446628813,0.0881504941265766,0.0881554621572002,0.0881677094469678,0.0881869517896069,0.0882129514432276,0.0882455085799895,0.0882844533300692,0.0883296386709671,0.0883809342515272,0.0884382211443607,0.0885013874680668,0.0885703247956071,0.0886449252565755,0.0887250792418799,0.0888106736251242,0.0889015904230814,0.0889977058264948,0.0890988895411824,0.0892050043875487,0.0893159061139647,0.0894314433859532,0.0895514579187689,0.0896757847258209,0.0898042524595517,0.089936683824934,0.0900728960487625,0.090212701390477,0.0903559076824331,0.090502318889381,0.0906517356784984,0.0908039559926657,0.0909587756208356,0.0911159887603442,0.0912753885668747,0.0914367676885358,0.0915999187811644,0.0917646350025397,0.0919307104836874,0.0920979407758914,0.0922661232724145,0.0924350576042598,0.0926045460095978,0.0927743936767374,0.092944409060737,0.0931144041739385,0.093284194850871,0.0934536009881002,0.0936224467597167,0.093790560809244,0.0939577764188238,0.0941239316565903,0.0942888695031882,0.0944524379584201,0.0946144901290248,0.0947748842985965,0.0949334839806558,0.0950901579558726,0.0952447802944311,0.0953972303645022,0.0955473928277693,0.0956951576229255,0.0958404199380268,0.0959830801725599,0.0961230438900429,0.0962602217619484,0.0963945295036998,0.0965258878034584,0.0966542222443817,0.096779463221,0.0969015458503244,0.0970204098782647,0.0971359995819032,0.0972482636681409,0.097357155169199,0.0974626313354319,0.0975646535258792,0.0976631870969551,0.0977582012896527,0.0978496691156095,0.097937567242363,0.0980218758781001,0.098102578656182,0.098179662519708,0.0982531176063625,0.0983229371337692,0.0983891172855604,0.0984516570983549,0.0985105583498184,0.0985658254479688,0.0986174653218741,0.098665487313876,0.098709903073462,0.0987507264528941,0.098787973404695,0.0988216618810765,0.0988518117353906,0.0988784446256697,0.0989015839203155,0.0989212546059881,0.0989374831977362,0.0989502976514054,0.0989597272783508,0.0989658026624761,0.098968555579614,0.0989680189192572,0.0989642266086422,0.0989572135391858,0.0989470154952672,0.0989336690853447,0.098917211675392,0.098897681324635,0.0988751167235668,0.0988495571342159,0.0988210423326373,0.0987896125535963,0.0987553084374112,0.0987181709789184,0.0986782414785214,0.0986355614952854,0.0985901728020344,0.0985421173424088,0.0984914371898403,0.0984381745083979,0.0983823715154605,0.0983240704461682,0.098263313519608,0.0982001429066833,0.098134600699623,0.0980667288830801,0.097996569306774,0.0979241636596277,0.0978495534453536,0.0977727799594408,0.0976938842674961,0.0976129071848953,0.0975298892576963,0.0974448707447706,0.0973578916011089,0.0972689914622572,0.0971782096298395,0.0970855850581263,0.0969911563416081,0.0968949617035313,0.0967970389853596,0.0966974256371208,0.0965961587086022,0.0964932748413576,0.0963888102614901,0.0962828007731761,0.0961752817528978,0.0960662881443485,0.095955854453983,0.0958440147471785,0.0957308026449792,0.0956162513213923,0.0955003935012119,0.0953832614583392,0.0952648870145763,0.0951453015388666,0.0950245359469585,0.0949026207014681,0.0947795858123196,0.0946554608375408,0.0945302748843923,0.0944040566108134,0.0942768342271607,0.0941486354982257,0.0940194877455104,0.0938894178497453,0.0937584522536345,0.0936266169648097,0.0934939375589809,0.0933604391832688,0.0932261465597037,0.0930910839888812,0.0929552753537589,0.0928187441235854,0.092681513357947,0.0925436057109254,0.0924050434353529,0.092265848387157,0.0921260420297851,0.0919856454387001,0.0918446793059392,0.0917031639447277,0.091561119294141,0.091418564923806,0,0.0905874528907863,0.0903458851355392,0.0901365013127325,0.0899520795159299,0.0897882966626578,0.0896427037975709,0.0895136763555862,0.0893999356015432,0.0893003618487443,0.0892139347413957,0.0891397219576107,0.0890768816544283,0.0890246651244987,0.0889824156829771,0.0889495636650677,0.0889256186529667,0.0889101601918102,0.088902828013535,0.0889033124732427,0.0889113456289816,0.0889266931918234,0.0889491474344597,0.0889785210590648,0.0890146419741877,0.0890573489039047,0.0891064877415266,0.0891619085586699,0.0892234631844107,0.0892910032759356,0.0893643788099779,0.0894434369324323,0.0895280211113193,0.0896179705454533,0.0897131197876341,0.089813298546896,0.0899183316393489,0.0900280390614729,0.0901422361634706,0.0902607339034822,0.0903833391662275,0.0905098551319896,0.0906400816838802,0.0907738158430615,0.0909108522230911,0.091050983495845,0.0911940008625911,0.0913396945247506,0.0914878541497329,0.0916382693279626,0.0917907300178684,0.0919450269761696,0.0921009521712941,0.0922582991782052,0.0924168635532991,0.092576443188376,0.0927368386429877,0.0928978534547248,0.0930592944272351,0.0932209718959617,0.0933826999717627,0.0935442967627135,0.0937055845745248,0.0938663900901023,0.0940265445288699,0.0941858837865362,0.0943442485560483,0.0945014844305091,0.094657441988872,0.0948119768652403,0.0949649498026155,0.095116226691936,0.0952656785972514,0.0954131817678612,0.0955586176382426,0.0957018728165651,0.0958428390625777,0.0959814132556264,0.0961174973535364,0.0962509983430685,0.0963818281826292,0.0965099037378886,0.0966351467109287,0.0967574835635216,0.0968768454351017,0.0969931680559742,0.0971063916562717,0.097216460871143,0.0973233246426357,0.0974269361187056,0.0975272525497603,0.0976242351831262,0.0977178491557983,0.0978080633858151,0.0978948504625786,0.0979781865364165,0.0980580512076707,0.0981344274155686,0.0982073013271253,0.0982766622263008,0.0983425024036249,0.0984048170464824,0.0984636041302432,0.0985188643103997,0.098570600815867,0.0986188193435873,0.0986635279545628,0.0987047369714396,0.0987424588777426,0.0987767082188611,0.098807501504869,0.0988348571152534,0.098858795205623,0.0988793376164501,0.0988965077839006,0.0989103306527912,0.0989208325917124,0.0989280413103436,0.0989319857789844,0.0989326961503181,0.098930203683415,0.0989245406699869,0.0989157403628862,0.0989038369068499,0.0988888652714775,0.0988708611864313,0.0988498610788408,0.0988259020128926,0.0987990216315826,0.098769258100603,0.0987366500543366,0.0987012365439264,0.0986630569873877,0.0986221511217265,0.0985785589570272,0.0985323207324715,0.0984834768742471,0.0984320679553064,0.0983781346569321,0.0983217177320656,0.0982628579703564,0.0982015961648872,0.0981379730805278,0.0980720294238774,0.0980038058147452,0.0979333427591274,0.0978606806236335,0.0977858596113176,0.0977089197388703,0.097629900815126,0.0975488424208416,0.0974657838897036,0.0973807642905199,0.097293822410555,0.0972049967399647,0.0971143254572922,0.0970218464159827,0.0969275971318769,0.0968316147716485,0.0967339361421419,0.0966345976805777,0.0965336354455881,0.0964310851090461,0.096326981948656,0.0962213608412704,0.096114256256901,0.0960057022533927,0.0958957324717292,0.0957843801319412,0.0956716780295867,0.0955576585327783,0.0954423535797275,0.0953257946767813,0.0952080128969257,0.0950890388787321,0.0949689028257216,0.0948476345061258,0.0947252632530225,0.0946018179648236,0.0944773271060968,0.0943518187087002,0.0942253203732118,0.0940978592706361,0.09396946214437,0.0938401553124117,0.0937099646697962,0.0935789156912443,0.0934470334340075,0.0933143425408967,0.0931808672434821,0.0930466313654497,0.0929116583261036,0.0927759711440019,0.0926395924407162,0.0925025444447021,0.0923648489952738,0.09222652754667,0.0920876011722039,0.0919480905684896,0.0918080160597334,0.0916673976020864,0,0.0922699299801039,0.091939769977868,0.0916473733286534,0.0913867755312459,0.0911529074221868,0.0909423711121572,0.0907527547383995,0.0905821791318511,0.0904290690790323,0.0902920490948011,0.0901698988524429,0.0900615337522253,0.0899659941323674,0.0898824361859535,0.0898101222769621,0.0897484103487399,0.0896967428252101,0.0896546355357778,0.0896216671066346,0.0895974691175798,0.0895817171905866,0.0895741230744658,0.0895744277201327,0.0895823952974269,0.0895978080802171,0.0896204621155281,0.0896501635899624,0.0896867258093989,0.0897299667135309,0.089779706853794,0.0898357677706643,0.0898979707136319,0.0899661356540557,0.0900400805474183,0.0901196208071695,0.0902045689573655,0.0902947344357184,0.0903899235225089,0.0904899393741461,0.0905945821430428,0.0907036491679626,0.0908169352211489,0.0909342328004032,0.0910553324558915,0.0911800231428512,0.091308092592588,0.0914393276952081,0.0915735148884598,0.0917104405478692,0.0918498913740709,0.0919916547738623,0.0921355192320694,0.0922812746718026,0.0924287128011163,0.0925776274444709,0.0927278148577394,0.0928790740257973,0.0930312069420014,0.0931840188690966,0.0933373185812889,0.0934909185874055,0.0936446353352073,0.0937982893970594,0.0939517056372689,0.0941047133614967,0.0942571464487273,0.0944088434663447,0.0945596477689113,0.0947094075812888,0.0948579760667681,0.0950052113808973,0.0951509767117076,0.0952951403070465,0.0954375754897256,0.0955781606611884,0.0957167792943928,0.0958533199165924,0.0959876760826862,0.0961197463397884,0.0962494341836514,0.0963766480075558,0.0965013010442558,0.0966233113015535,0.0967426014920446,0.0968590989575624,0.0969727355888175,0.0970834477407154,0.0971911761438027,0.0972958658122791,0.097397465948984,0.0974959298477494,0.0975912147934878,0.0976832819603653,0.0977720963083887,0.0978576264787196,0.0979398446880069,0.0980187266220135,0.0980942513287978,0.0981664011116884,0.0982351614222839,0.098300520753685,0.0983624705341592,0.0984210050214208,0.0984761211976968,0.0985278186657359,0.098576099545906,0.0986209683745155,0.0986624320034793,0.0987004995014424,0.0987351820564629,0.0987664928803467,0.0987944471147158,0.0988190617388853,0.0988403554796141,0.0988583487227865,0.0988730634270752,0.0988845230396275,0.0988927524138109,0.0988977777290477,0.0988996264127607,0.0988983270644474,0.0988939093818961,0.0988864040895476,0.0988758428690071,0.0988622582917018,0.0988456837536783,0.0988261534125282,0.0988037021264272,0.0987783653952721,0.0987501793038899,0.0987191804673014,0.0986854059780069,0.0986488933552689,0.0986096804963591,0.0985678056297374,0.0985233072701275,0.0984762241754534,0.0984265953055982,0.0983744597829478,0.0983198568546778,0.0982628258567447,0.0982034061795378,0.0981416372351521,0.0980775584262376,0.0980112091163843,0.0979426286019972,0.0978718560856209,0.0977989306506701,0.0977238912375208,0.0976467766209238,0.0975676253886931,0.0974864759216312,0.0974033663746482,0.0973183346590316,0.0972314184258301,0.0971426550503077,0.0970520816174313,0.0969597349083512,0.0968656513878381,0.0967698671926383,0.0966724181207111,0.0965733396213127,0.0964726667858921,0.0963704343397643,0.0962666766345279,0.0961614276411962,0.0960547209440075,0.0959465897348871,0.0958370668085293,0.0957261845580722,0.0956139749713355,0.0955004696275959,0.0953856996948735,0.0952696959277028,0.095152488665366,0.0950341078305623,0.0949145829284925,0.0947939430463358,0.094672216853098,0.0945494325998097,0.0944256181200567,0.0943008008308213,0.0941750077336185,0.0940482654159073,0.0939206000527631,0.0937920374087917,0.0936626028402731,0.0935323212975164,0.093401217327415,0.0932693150761869,0.0931366382922863,0.0930032103294759,0.0928690541500473,0.0927341923281769,0.0925986470534087,0.0924624401342517,0.0923255930018833,0.092188126713949,0.0920500619584487,0.0919114190577028,0,0.094041464699452,0.0936215566729887,0.0932448455748615,0.092906303542795,0.0926004123817812,0.0923229814366029,0.0920708682095652,0.091841605893223,0.0916331615846444,0.091443799907711,0.0912720093882815,0.0911164618331858,0.09097598751766,0.0908495572981343,0.0907362675391695,0.0906353262202084,0.0905460397468631,0.0904678004591215,0.0904000749654111,0.0903423934279671,0.0902943398749864,0.090255543560063,0.0902256713447672,0.0902044210494013,0.0901915156985443,0.0901866985791366,0.0901897290267203,0.0902003788576803,0.0902184293701747,0.0902436688426665,0.0902758904657437,0.0903148906497237,0.0903604676570516,0.0904124205145614,0.0904705481661734,0.090534648831545,0.0906045195405714,0.0906799558174987,0.0907607514917876,0.090846698615826,0.0909375874721538,0.0910332066551045,0.0911333432137169,0.0912377828444628,0.0913463101238174,0.0914587087719905,0.0915747619402708,0.0916942525154262,0.0918169634354811,0.0919426780119613,0.0920711802543837,0.0922022551933704,0.0923356891993065,0.0924712702939385,0.0926087884527332,0.0927480358961991,0.092888807368702,0.0930309004036092,0.0931741155738572,0.0933182567272731,0.0934631312061816,0.093608550051012,0.0937543281877754,0.0939002845994153,0.0940462424811584,0.0941920293800839,0.0943374773192203,0.0944824229065495,0.0946267074293504,0.0947701769343696,0.0949126822943383,0.095054079261386,0.0951942285079218,0.0953329956555703,0.0954702512927535,0.0956058709815199,0.0957397352542137,0.0958717296005799,0.0960017444458872,0.0961296751206448,0.0962554218224746,0.096378889570685,0.0964999881540815,0.0966186320725271,0.0967347404727531,0.0968482370788983,0.0969590501182404,0.0970671122425637,0.097172360445586,0.097274735976853,0.097374184252488,0.0974706547631678,0.0975641009796752,0.0976544802563654,0.0977417537328639,0.0978258862342954,0.0979068461703314,0.0979846054333255,0.098059139295789,0.0981304263074491,0.098198448192113,0.0982631897445501,0.0983246387275906,0.0983827857696266,0.098437624262686,0.0984891502612426,0.0985373623819115,0.0985822617041663,0.0986238516722077,0.0986621379980988,0.0986971285662769,0.0987288333395367,0.0987572642665772,0.098782435191189,0.0988043617631563,0.0988230613509372,0.0988385529561767,0.0988508571301039,0.0988599958918543,0.0988659926487527,0.0988688721185869,0.0988686602538948,0.0988653841682841,0.0988590720647955,0.0988497531663196,0.0988374576480678,0.0988222165720984,0.0988040618238916,0.0987830260509632,0.0987591426035065,0.0987324454770445,0.0987029692570745,0.0986707490656828,0.0986358205101049,0.0985982196332055,0.098557982865848,0.098515146981124,0.0984697490504095,0.098421826401214,0.0983714165767868,0.0983185572974451,0.0982632864235843,0.0982056419203335,0.0981456618238164,0.0980833842089782,0.0980188471589375,0.0979520887358233,0.0978831469530554,0.0978120597490286,0.0977388649621584,0.0976636003072478,0.0975863033531344,0.0975070115015777,0.0974257619673456,0.0973425917594614,0.0972575376635699,0.0971706362253871,0.0970819237351914,0.0969914362133209,0.0968992093966398,0.0968052787259358,0.0967096793342139,0.096612446035852,0.0965136133165834,0.0964132153242715,0.0963112858604474,0.0962078583725745,0.0961029659470121,0.0959966413026457,0.0958889167851559,0.0957798243618965,0.0956693956173543,0.0955576617491633,0.0954446535646483,0.0953304014778703,0.0952149355071517,0.095098285273056,0.0949804799967997,0.0948615484990729,0.094741519199251,0.0946204201149711,0.0944982788620584,0.0943751226547807,0.0942509783064133,0.0941258722300971,0.0939998304399706,0.0938728785525634,0.0937450417884308,0.093616344974019,0.0934868125437419,0.0933564685422595,0.0932253366269422,0.093093440070509,0.0929608017638284,0.0928274442188672,0.0926933895717808,0.0925586595861304,0.092423275656218,0.0922872588105313,0.0921506297152866,0,0.0958953483179187,0.0953850390904384,0.0949235257349434,0.0945060813862153,0.0941269086397822,0.0937811802871624,0.0934651068509606,0.0931756729292353,0.0929104055356724,0.092667218284732,0.0924443145847272,0.0922401280557846,0.0920532842308699,0.0918825737489637,0.0917269316168111,0.0915854197767339,0.0914572116875562,0.0913415783700219,0.0912378757092075,0.0911455329405641,0.0910640422833467,0.0909929496827576,0.0909318466078582,0.0908803628381921,0.0908381601622718,0.0908049269062664,0.0907803732106057,0.0907642269746839,0.0907562303943229,0.0907561370222867,0.090763709288303,0.0907787164212953,0.0908009327225891,0.0908301361445584,0.0908661071344251,0.0909086277076863,0.0909574807199193,0.0910124493095083,0.0910733164872056,0.0911398648513954,0.0912118764105314,0.0912891324964955,0.0913714137546278,0.091458500197922,0.091550171314419,0.0916462062181803,0.0917463838354036,0.0918504831182974,0.0919582832802478,0.0920695640466334,0.0921841059163703,0.0923016904299165,0.092422100440038,0.0925451203821557,0.0926705365415512,0.0927981373151153,0.0929277134656943,0.0930590583674118,0.0931919682406358,0.0933262423755232,0.0934616833432974,0.0935980971946258,0.0937352936446364,0.0938730862442792,0.094011292537867,0.094149734206758,0.0942882371992428,0.0944266318467893,0.0945647529668736,0.0947024399526906,0.0948395368500908,0.0949758924221334,0.0951113602016815,0.0952457985324925,0.0953790705992782,0.095511044447225,0.0956415929914724,0.0957705940170566,0.0958979301698257,0.0960234889388323,0.0961471626307047,0.0962688483364927,0.096388447891471,0.0965058678283807,0.0966210193245697,0.0967338181434837,0.0968441845709493,0.0969520433466694,0.0970573235913434,0.0971599587298056,0.0972598864105616,0.0973570484220888,0.0974513906062481,0.0975428627691435,0.0976314185897488,0.0977170155266047,0.0977996147228793,0.0978791809100672,0.0979556823105888,0.0980290905395398,0.0980993805058258,0.0981665303129056,0.0982305211593501,0.0982913372394198,0.09834896564384,0.0984033962609545,0.0984546216784152,0.0985026370855639,0.0985474401766439,0.0985890310549777,0.0986274121382263,0.0986625880648478,0.0986945656018548,0.0987233535539651,0.0987489626742325,0.0987714055762339,0.0987906966478833,0.098806851966934,0.0988198892182245,0.0988298276127157,0.098836687808362,0.0988404918328504,0.0988412630082378,0.0988390258775103,0.0988338061330823,0.0988256305472496,0.0988145269046052,0.0988005239364211,0.0987836512569967,0.098763939301971,0.0987414192685875,0.0987161230579061,0.0986880832189413,0.0986573328947158,0.098623905770205,0.098587836022152,0.098549158270728,0.0985079075330116,0.0984641191782569,0.0984178288849225,0.0983690725994268,0.0983178864965982,0.0982643069417848,0.0982083704545888,0.0981501136741876,0.0980895733262077,0.09802678619111,0.0979617890740505,0.0978946187761779,0.0978253120673281,0.0977539056600773,0.0976804361851151,0.0976049401678979,0.0975274540065443,0.0974480139509334,0.0973666560829672,0.0972834162979617,0.0971983302871244,0.0971114335210859,0.0970227612344446,0.0969323484112926,0.0968402297716831,0.0967464397590068,0.0966510125282432,0.0965539819350517,0.0964553815256695,0.0963552445275873,0.0962536038409658,0.0961504920307684,0.0960459413195745,0.0959399835810487,0.0958326503340352,0.0957239727372497,0.0956139815845431,0.0955027073007103,0.0953901799378184,0.095276429172031,0.0951614843009034,0.0950453742411271,0.0949281275267002,0.0948097723075032,0.0946903363482587,0.0945698470278555,0.0944483313390176,0.0943258158882994,0.094202326896389,0.0940778901987034,0.0939525312462567,0.0938262751067889,0.0936991464661358,0.0935711696298285,0.0934423685249069,0.093312766701934,0.0931823873371976,0.0930512532350879,0.0929193868306377,0.0927868101922148,0.092653545024356,0.0925196126707304,0.0923850341172247,0,0.097824427891544,0.0972237901296498,0.0966777652516368,0.0961812457963276,0.0957282132308553,0.0953133453972743,0.0949323075705992,0.0945815974998983,0.0942583386755369,0.093960116502697,0.093684865032304,0.0934307918538351,0.0931963278616192,0.092980092132035,0.0927808657102519,0.0925975706873028,0.0924292525778233,0.0922750649520875,0.0921342557858191,0.09200615524907,0.0918901647762054,0.091785747310044,0.0916924186315713,0.0916097396915936,0.091537309861483,0.0914747610208012,0.091421752401455,0.0913779661113422,0.0913431032648965,0.0913168806531574,0.091299027891584,0.0912892849895098,0.0912874002906739,0.0912931287395326,0.0913062304329539,0.0913264694213905,0.091353612727706,0.0913874295554869,0.0914276906619485,0.0914741678734473,0.0915266337241896,0.0915848612009993,0.0916486235790169,0.0917176943349745,0.0917918471262509,0.0918708558252937,0.091954494600215,0.0920425380334485,0.0921347612713115,0.0922309401981749,0.092330851629696,0.0924342735202535,0.0925409851803258,0.0926507675000994,0.0927634031760797,0.092878676937912,0.0929963757730133,0.0931162891469658,0.0932382092179375,0.0933619310436785,0.0934872527798921,0.0936139758690058,0.0937419052185655,0.0938708493686591,0.0940006206479255,0.0941310353178504,0.094261913705169,0.0943930803223013,0.0945243639758392,0.0946555978631871,0.094786619657517,0.0949172715812709,0.0950474004684763,0.0951768578161959,0.0953054998254534,0.0954331874320128,0.0955597863274037,0.0956851669706035,0.0958092045907982,0.0959317791816486,0.0960527754874975,0.096172082981947,0.0962895958392414,0.096405212898881,0.096518837623891,0.0966303780531586,0.0967397467482481,0.0968468607350883,0.0969516414409218,0.0970540146268912,0.0971539103166282,0.0972512627211962,0.0973460101607312,0.097438094983105,0.0975274634799305,0.0976140658002099,0.0976978558619193,0.0977787912618073,0.097856833183672,0.0979319463053751,0.0980040987048307,0.0980732617652016,0.0981394100795218,0.0982025213549508,0.0982625763168573,0.0983195586129162,0.0983734547173954,0.0984242538357928,0.0984719478099807,0.0985165310239996,0.0985580003106363,0.0985963548589105,0.0986315961225867,0.098663727729817,0.0986927553940157,0.0987186868260525,0.0987415316478505,0.0987613013074602,0.0987780089956799,0.0987916695642802,0.0988022994458887,0.0988099165755789,0.0988145403142073,0.0988161913735319,0.0988148917431405,0.098810664619215,0.098803534335149,0.0987935262940325,0.0987806669030141,0.0987649835095452,0.0987465043395071,0.0987252584372185,0.0987012756073175,0.0986745863585079,0.098645221849157,0.0986132138347298,0.0985785946170418,0.0985413969953078,0.0985016542189666,0.0984593999422546,0.0984146681805019,0.0983674932681231,0.0983179098182726,0.0982659526841325,0.0982116569218022,0.0981550577547535,0.0980961905398203,0.0980350907346849,0.097971793866827,0.0979063355038983,0.097838751225486,0.0977690765962292,0.0976973471402504,0.0976235983168652,0.0975478654975333,0.097470183944013,0.0973905887876836,0.0973091150099978,0.0972257974240286,0.0971406706570743,0.0970537691342856,0.0969651270632817,0.0968747784197172,0.0967827569337689,0.0966890960775086,0.0965938290531258,0.0964969887819731,0.0963986078943982,0.0962987187203337,0.0961973532806144,0.0960945432789921,0.0959903200948187,0.0958847147763705,0.0957777580347851,0.0956694802385859,0.0955599114087658,0.0954490812144079,0.0953370189688168,0.0952237536261364,0.0951093137784338,0.0949937276532241,0.0948770231114162,0.0947592276456591,0.0946403683790668,0.094520472064305,0.0943995650830176,0.0942776734455786,0.0941548227911483,0.0940310383880207,0.0939063451342417,0.093780767558487,0.0936543298211815,0.0935270557158469,0.0933989686706644,0.093270091750238,0.0931404476575465,0.0930100587360717,0.0928789469720917,0.0927471339971272,0.0926146410905301,0,0.0998211352463649,0.0991312549504893,0.0985017773951963,0.0979267600584408,0.097399951810868,0.0969156581415936,0.0964691120665823,0.0960564049958426,0.0956743107078353,0.0953201226063801,0.094991530870236,0.0946865361034272,0.0944033895755587,0.0941405510556548,0.0938966577790322,0.0936705003835529,0.0934610032981065,0.093267208122313,0.0930882591678555,0.0929233906898105,0.092771915530177,0.0926332149964357,0.0925067298482341,0.0923919522898011,0.0922884188779009,0.092195704262021,0.0921134156784668,0.0920411881245992,0.0919786801441466,0.0919255701594544,0.0918815532916026,0.0918463386144159,0.0918196467933644,0.0918012080651072,0.09179076051791,0.0917880486373097,0.0917928220852012,0.0918048346839739,0.0918238435804388,0.0918496085670856,0.0918818915407012,0.0919204560806129,0.0919650671307946,0.092015490771837,0.0920714940703402,0.0921328449946772,0.0921993123873124,0.0922706659849505,0.0923466764787781,0.0924271156079259,0.0925117562800678,0.0926003727137681,0.0926927405978193,0.0927886372633756,0.0928878418651957,0.0929901355687661,0.0930953017404864,0.0932031261384701,0.093313397101849,0.0934259057367688,0.0935404460975355,0.0936568153616137,0.0937748139973968,0.0938942459238647,0.0940149186614164,0.0941366434733227,0.0942592354973789,0.0943825138674619,0.0945063018248003,0.0946304268188613,0.0947547205978421,0.0948790192888192,0.0950031634676775,0.0951269982189853,0.0952503731860341,0.095373142611293,0.0954951653675599,0.095616304980121,0.0957364296402436,0.0958554122103492,0.0959731302212203,0.0960894658616092,0.0962043059606137,0.0963175419631977,0.0964290698992251,0.0965387903463823,0.0966466083873555,0.096752433561628,0.0968561798122549,0.0969577654279681,0.0970571129809527,0.0971541492606331,0.0972488052037931,0.0973410158213481,0.0974307201220761,0.0975178610336058,0.097602385320947,0.0976842435028422,0.0977633897662032,0.0978397818788902,0.097913381101077,0.0979841520954382,0.0980520628363814,0.0981170845185391,0.0981791914647226,0.0982383610335325,0.0982945735268091,0.0983478120970954,0.0983980626552773,0.0984453137785555,0.0984895566188953,0.0985307848120874,0.098568994387551,0.0986041836789958,0.0986363532360525,0.0986655057369762,0.0986916459025159,0.0987147804110352,0.0987349178149671,0.0987520684586703,0.098766244397756,0.0987774593199416,0.0987857284674838,0.0987910685612371,0.0987934977263771,0.0987930354198239,0.0987897023593938,0.0987835204547038,0.0987745127398468,0.0987627033078535,0.0987481172469493,0.0987307805786126,0.0987107201974382,0.098687963812801,0.0986625398923167,0.0986344776070923,0.0986038067787519,0.0985705578282269,0.0985347617262924,0.0984964499458306,0.0984556544158009,0.0984124074768929,0.0983667418388378,0.0983186905393507,0.0982682869046772,0.0982155645117131,0.0981605571516684,0.0981032987952431,0.0980438235592815,0.0979821656748749,0.0979183594568744,0.0978524392747833,0.097784439524993,0.0977143946043265,0.0976423388848557,0.0975683066899569,0.0974923322715675,0.0974144497886116,0.0973346932865567,0.0972530966780672,0.097169693724722,0.0970845180197575,0.0969976029718066,0.0969089817895973,0.0968186874675784,0.0967267527724397,0.0966332102304943,0.0965380921158927,0.0964414304396349,0.0963432569393532,0.0962436030698342,0.0961424999942516,0.0960399785760801,0.0959360693716647,0.0958308026234165,0.0957242082536092,0.0956163158587518,0.0955071547045102,0.0953967537211549,0.0952851414995114,0.0951723462873889,0.0950583959864679,0.0949433181496213,0.0948271399786516,0.0947098883224224,0.0945915896753647,0.0944722701763397,0.0943519556078397,0.0942306713955091,0.0941084426079697,0.0939852939569323,0.0938612497975803,0.0937363341292099,0.0936105705961117,0.0934839824886797,0.0933565927447362,0.0932284239510555,0.0930994983450795,0.0929698378168083,0.0928394639108571,0,0.101877759904274,0.10110085847613,0.100389753281775,0.0997375215048583,0.099137649122804,0.0985841773366607,0.0980720270338285,0.0975969787261518,0.0971555251947793,0.0967447162456708,0.09636203283573,0.0960052942704962,0.0956725919930179,0.0953622422248069,0.0950727511983187,0.0948027885969534,0.0945511663590794,0.0943168210851038,0.0940987989858864,0.093896242738088,0.0937083798625478,0.0935345123838601,0.0933740076078226,0.0932262898961115,0.0930908333408193,0.0929671552547282,0.0928548104014782,0.0927533858958184,0.0926624967092061,0.0925817817207342,0.092510900257941,0.0924495290765432,0.0923973597324882,0.0923540963039153,0.092319453424592,0.0922931545941118,0.092274930733602,0.0922645189588581,0.0922616615457224,0.0922661050651491,0.0922775996677699,0.0922958984999049,0.0923207572348802,0.0923519337052218,0.0923891876228315,0.0924322803756166,0.0924809748902763,0.0925350355520385,0.0925942281731271,0.0926583200026189,0.0927270797711438,0.0928002777645892,0.0928776859216159,0.0929590779503668,0.0930442294602756,0.0931329181053514,0.0932249237357443,0.0933200285547812,0.0934180172790127,0.0935186772991246,0.0936217988398563,0.093727175117324,0.0938346024923799,0.0939438806188487,0.0940548125856695,0.0941672050521425,0.0942808683756285,0.094395616731186,0.0945112682227503,0.0946276449855657,0.0947445732796761,0.0948618835743612,0.0949794106234813,0.095096993531752,0.0952144758120305,0.0953317054337397,0.095448534862595,0.0955648210918392,0.0956804256652117,0.0957952146919101,0.0959090588538157,0.0960218334052736,0.0961334181657286,0.0962436975055293,0.0963525603252172,0.0964599000286216,0.0965656144900869,0.096669606016154,0.0967717813020207,0.0968720513831002,0.0969703315819967,0.0970665414512071,0.0971606047118583,0.0972524491887798,0.0973420067422027,0.0974292131963752,0.0975140082653689,0.0975963354763491,0.0976761420905685,0.0977533790223396,0.0978280007562263,0.0978999652626955,0.0979692339124485,0.0980357713896555,0.098099545604296,0.0981605276038077,0.0982186914842318,0.0982740143010364,0.0983264759797895,0.0983760592268453,0.0984227494401975,0.0984665346206456,0.0985074052834126,0.0985453543703408,0.0985803771627893,0.0986124711953441,0.0986416361704474,0.0986678738740423,0.0986911880923249,0.0987115845296846,0.098729070727911,0.0987436559867348,0.0987553512857674,0.0987641692078928,0.0987701238641665,0.0987732308202617,0.0987735070245052,0.0987709707375344,0.0987656414636056,0.0987575398835763,0.098746687789581,0.0987331080214145,0.098716824404635,0.0986978616903902,0.0986762454969727,0.0986520022531014,0.0986251591429264,0.0985957440527487,0.0985637855194463,0.0985293126805932,0.0984923552262558,0.0984529433524492,0.0984111077162357,0.0983668793924403,0.098320289831964,0.0982713708216661,0.0982201544457929,0.0981666730489226,0.0981109592003978,0.0980530456602176,0.0979929653463569,0.097930751303482,0.0978664366730311,0.0978000546646267,0.0977316385287859,0.0976612215308983,0.097588836926434,0.0975145179373523,0.0974382977296731,0.0973602093921819,0.0972802859162309,0.0971985601766054,0.0971150649134211,0.0970298327150197,0.0969428960018309,0.0968542870111674,0.0967640377829221,0.0966721801461359,0.0965787457064053,0.0964837658340993,0.0963872716533565,0.0962892940318321,0.0961898635711677,0.0960890105981538,0.0959867651565607,0.0958831569996075,0.0957782155830463,0.0956719700588339,0.0955644492693675,0.0954556817422598,0.0953456956856302,0.095234518983889,0.0951221791939934,0.0950087035421519,0.0948941189209586,0.0947784518869365,0.0946617286584682,0.0945439751140985,0.0944252167911881,0.0943054788849023,0.0941847862475159,0.09406316338802,0.0939406344720129,0.0938172233218613,0.0936929534171159,0.0935678478951679,0.0934419295521327,0.0933152208439475,0.0931877438876698,0.093059520462966,0,0.103986674835506,0.103126130671358,0.102335977171465,0.101608467039976,0.100936818795079,0.100314913261944,0.0997374849259435,0.0992001102976045,0.0986990819819018,0.0982312649730441,0.0977939737424118,0.0973848779936056,0.0970019335354329,0.0966433320368187,0.0963074639772573,0.0959928905006801,0.0956983212195793,0.0954225960450108,0.0951646698293898,0.0949235990703406,0.0946985302101259,0.0944886892369722,0.0942933723950703,0.0941119378677147,0.0939437983309076,0.0937884142936821,0.0936452881527692,0.0935139588966486,0.0933939973994732,0.0932850022498565,0.0931865960635744,0.0930984222330748,0.0930201420703881,0.0929514323035977,0.0928919828904442,0.0928414951158784,0.0927996799434232,0.0927662565930421,0.092740951320833,0.0927234963782738,0.0927136291309432,0.0927110913186401,0.0927156284406286,0.0927269892513791,0.0927449253536428,0.0927691908770291,0.0927995422314519,0.0928357379258878,0.0928775384438588,0.0929247061679284,0.0929770053462911,0.0930342020952452,0.0930960644319894,0.0931623623327634,0.0932328678118845,0.093307355017715,0.0933856003420269,0.0934673825396304,0.0935524828554901,0.0936406851568833,0.0937317760684458,0.0938255451082274,0.0939217848231151,0.0940202909222122,0.094120862406954,0.0942233016969257,0.0943274147505099,0.0944330111796378,0.0945399043580477,0.0946479115225767,0.0947568538671114,0.0948665566289192,0.0949768491671674,0.0950875650335044,0.0951985420346486,0.0953096222869834,0.0954206522632053,0.0955314828311201,0.0956419692847119,0.0957519713676491,0.0958613532894124,0.0959699837342541,0.0960777358632214,0.0961844873094837,0.0962901201672231,0.0963945209743552,0.0964975806893518,0.0965991946624478,0.0966992626015118,0.0967976885328664,0.0968943807573445,0.0969892518018605,0.0970822183667838,0.0971732012693886,0.0972621253836577,0.0973489195767091,0.0974335166421109,0.0975158532303438,0.0975958697766638,0.0976735104266122,0.0977487229594113,0.0978214587094805,0.0978916724862939,0.0979593224928006,0.098024370242614,0.0980867804761738,0.0981465210760727,0.0982035629817349,0.0982578801036223,0.0983094492371397,0.0983582499763984,0.0984042646279937,0.0984474781249406,0.0984878779409055,0.0985254540048649,0.0985601986163117,0.0985921063611262,0.0986211740282176,0.0986474005270359,0.0986707868060494,0.0986913357722729,0.0987090522119251,0.0987239427122905,0.098736015584851,0.0987452807897479,0.0987517498616297,0.0987554358369333,0.0987563531826435,0.0987545177265679,0.0987499465891602,0.0987426581169201,0.0987326718173938,0.0987200082957935,0.098704689193251,0.0986867371267152,0.098666175630503,0.0986430290995034,0.0986173227340389,0.0985890824863772,0.0985583350088896,0.098525107603847,0.0984894281748401,0.0984513251798134,0.0984108275856923,0.0983679648245904,0.0983227667515721,0.0982752636039523,0.0982254859621083,0.0981734647117791,0.0981192310078271,0.0980628162394342,0.0980042519967049,0.097943570038647,0.0978808022625008,0.0978159806743853,0.0977491373612324,0.0976803044639765,0.0976095141519675,0.0975367985985772,0.0974621899579657,0.0973857203429762,0.097307421804126,0.0972273263096614,0.0971454657266462,0.0970618718030503,0.0969765761508073,0.0968896102298113,0.0968010053328212,0.0967107925712409,0.0966190028617484,0.0965256669137409,0.0964308152175701,0.0963344780335357,0.0962366853816126,0.0961374670318812,0.0960368524956366,0.0959348710171481,0.095831551566045,0.0957269228303023,0.0956210132098031,0.0955138508104525,0.0954054634388202,0.0952958785972907,0.0951851234796954,0.0950732249674097,0.0949602096258912,0.0948461037016394,0.0947309331195594,0.0946147234807069,0.0944975000604006,0.0943792878066804,0.094260111339097,0.0941399949478153,0.0940189625930145,0.0938970379045724,0.0937742441820155,0.0936506043947238,0.0935261411823742,0.0934008768556101,0.0932748333969244,0,0.106140710326302,0.105200847172004,0.104334941576963,0.103534675060977,0.102793050167668,0.102103899777362,0.101461903560514,0.100862549265881,0.100302019133982,0.0997770602038435,0.0992848697415158,0.0988230045611279,0.0983893127750652,0.0979818832843415,0.0975990081796634,0.0972391541362644,0.0969009399570186,0.0965831183242118,0.0962845604897477,0.0960042430919219,0.0957412365852622,0.095494694957079,0.0952638465184395,0.0950479856252456,0.0948464652249859,0.0946586901480072,0.0944841110759083,0.0943222191281287,0.0941725410134478,0.0940346346973027,0.093908085539316,0.0937925028585742,0.093687516887182,0.0935927760755061,0.0935079447153184,0.0934327008497497,0.0933667344415437,0.0933097457735487,0.0932614440576815,0.0932215462307368,0.0931897759173993,0.0931658625426414,0.0931495405773564,0.0931405489026119,0.0931386302792889,0.093143530911145,0.0931550000904795,0.093172789916624,0.0931966550784217,0.0932263526927174,0.093261642191654,0.0933022852522795,0.0933480457626058,0.0933986898188457,0.0934539857490847,0.093513704159127,0.0935776179966939,0.093645502630557,0.0937171359415541,0.093792298422767,0.0938707732864487,0.0939523465755632,0.0940368072780525,0.09412394744218,0.0942135622915033,0.0943054503382241,0.0943994134938313,0.0944952571761136,0.0945927904117553,0.0946918259338567,0.0947921802738386,0.0948936738472868,0.0949961310333911,0.0950993802477102,0.0952032540080719,0.0953075889934771,0.0954122260959415,0.095517010465251,0.0956217915466586,0.0957264231115852,0.0958307632814231,0.0959346745445668,0.0960380237668267,0.0961406821953965,0.096242525456567,0.0963434335473943,0.0964432908215393,0.0965419859695104,0.0966394119935458,0.0967354661773776,0.0968300500511282,0.0969230693515864,0.0970144339781179,0.0971040579444609,0.0971918593266589,0.0972777602073811,0.0973616866168772,0.0974435684708116,0.0975233395052154,0.0976009372087965,0.0976763027528325,0.0977493809188789,0.0978201200245075,0.0978884718472917,0.0979543915472454,0.098017837587917,0.0980787716563335,0.0981371585819808,0.0981929662550025,0.0982461655437897,0.0982967302121286,0.0983446368360639,0.0983898647206321,0.0984323958166069,0.0984722146373952,0.098509308176215,0.098543665823676,0.0985752792858805,0.0986041425031547,0.0986302515695096,0.098653604652931,0.0986742019165837,0.0986920454410159,0.0987071391474381,0.098719488722146,0.0987291015421545,0.0987359866020972,0.098740154442448,0.0987416170791083,0.098740387934406,0.0987364817695395,0.0987299146185017,0.0987207037235097,0.0987088674719651,0.0986944253349617,0.0986773978073578,0.0986578063494224,0.0986356733300631,0.0986110219716404,0.098583876296368,0.0985542610742987,0.0985222017728872,0.0984877245081268,0.0984508559972457,0.0984116235129513,0.098370054839209,0.0983261782285376,0.0982800223608021,0.0982316163034857,0.0981809894734169,0.0981281715999302,0.0980731926894347,0.0980160829913675,0.0979568729655012,0.0978955932505837,0.0978322746342769,0.0977669480243696,0.0976996444212329,0.0976303948914902,0.0975592305428703,0.0974861825002146,0.0974112818826074,0.0973345597815984,0.0972560472404884,0.0971757752346456,0.0970937746528241,0.0970100762794527,0.0969247107778659,0.0968377086744448,0.0967491003436415,0.0966589159938551,0.0965671856541325,0.096473939161665,0.0963792061500521,0.0962830160383075,0.0961853980205766,0.0960863810565439,0.095985993862499,0.0958842649030414,0.095781222383395,0.0956768942423105,0.0955713081455315,0.0954644914798008,0.0953564713473857,0.0952472745610987,0.0951369276397939,0.0950254568043183,0.094912887973896,0.0947992467629298,0.0946845584781963,0.0945688481164203,0.0944521403622093,0.0943344595863299,0.0942158298443114,0.0940962748753589,0.0939758181015621,0.0938544826273826,0.093732291239407,0.0936092664063522,0.0934854302793069,0,0.108333300509963,0.107319178275428,0.10638146131424,0.105511462007972,0.104702089924409,0.103947262476923,0.103241742881007,0.102581050744319,0.101961353368198,0.101379352046707,0.100832180729843,0.100317323756963,0.0998325523409825,0.0993758765772541,0.0989455092044954,0.0985398378201663,0.0981574030177646,0.0977968806408135,0.0974570669270607,0.0971368657355767,0.09683527733528,0.0965513884200715,0.0962843631336167,0.0960334349592087,0.0957978993736205,0.0955771071895338,0.0953704585261779,0.0951773973567376,0.0949974065865894,0.0948300036201266,0.0946747363767197,0.0945311797187402,0.0943989322567843,0.0942776134993857,0.0941668613166373,0.094066329689252,0.0939756867166568,0.0938946128597288,0.0938227993957032,0.0937599470646275,0.093705764888454,0.093659969145489,0.0936222824844156,0.0935924331635009,0.0935701544018764,0.093555183830962,0.0935472630351759,0.0935461371720667,0.0935515546628981,0.0935632669455437,0.0935810282823027,0.0936045956159285,0.093633728467795,0.093668188872695,0.0937077413452913,0.0937521528737192,0.0938011929362789,0.093854633537559,0.0939122492606964,0.0939738173328222,0.0940391177010426,0.0941079331165944,0.0941800492250684,0.0942552546608318,0.0943333411439965,0.0944141035784777,0.0944973401498658,0.0945828524219988,0.0946704454312719,0.0947599277778529,0.0948511117130997,0.0949438132225797,0.0950378521041971,0.0951330520410207,0.0952292406684866,0.0953262496357206,0.0954239146607938,0.09552207557978,0.0956205763895339,0.0957192652841582,0.0958179946851647,0.0959166212653715,0.0960150059666092,0.0961130140113352,0.0962105149082821,0.0963073824522805,0.0964034947184193,0.0964987340507199,0.0965929870455107,0.096686144529701,0.0967781015341624,0.096868757262428,0.0969580150549309,0.0970457823490016,0.0971319706348497,0.0972164954077556,0.097299276116697,0.0973802361096375,0.0974593025756988,0.0975364064844405,0.0976114825224648,0.0976844690275621,0.0977553079206111,0.0978239446354382,0.0978903280468407,0.0979544103969713,0.098016147220277,0.098075497267178,0.0981324224266681,0.0981868876480135,0.0982388608617145,0.0982883128998987,0.0983352174162953,0.0983795508059453,0.0984212921247883,0.0984604230092613,0.098496927596043,0.0985307924420624,0.0985620064448924,0.0985905607636352,0.0986164487404069,0.0986396658225147,0.098660209485422,0.0986780791565822,0.0986932761402243,0.09870580354316,0.0987156662016811,0.0987228706096094,0.0987274248475536,0.0987293385134253,0.0987286226542601,0.0987252896993834,0.0987193533949572,0.0987108287399414,0.0986997319234928,0.0986860802638279,0.0986698921485663,0.0986511869765715,0.0986299851012975,0.0986063077756515,0.0985801770983764,0.0985516159619534,0.0985206480020254,0.0984872975483344,0.0984515895771671,0.0984135496653009,0.0983732039454352,0.0983305790630988,0.0982857021350137,0.0982386007089015,0.0981893027247109,0.0981378364772476,0.0980842305801846,0.0980285139314286,0.0979707156798213,0.0979108651931473,0.0978489920274264,0.0977851258974597,0.0977192966486071,0.0976515342297636,0.097581868667511,0.0975103300414116,0.0974369484604212,0.0973617540403857,0.0972847768825982,0.0972060470533835,0.0971255945646841,0.0970434493556152,0.0969596412749631,0.096874200064597,0.096787155343765,0.0966985365942478,0.0966083731463414,0.0965166941656405,0.0964235286405971,0.096328905370827,0.0962328529561367,0.0961353997862475,0.0960365740311881,0.0959364036323349,0.0958349162940709,0.0957321394760444,0.0956281003860001,0.0955228259731623,0.0954163429221476,0.095308677647384,0.0951998562880182,0.0950899047032874,0.0949788484683382,0.0948667128704719,0.094753522905797,0.0946393032762733,0.0945240783871251,0.0944078723446118,0.0942907089541348,0.0941726117186675,0.094053603837491,0.0939337082052219,0.0938129474111163,0.0936913437386369,0,0.110558395574992,0.109475840064704,0.108470783995009,0.107534471393241,0.106659916328395,0.105841280903323,0.105073557257202,0.104352419701672,0.10367411800284,0.103035382238301,0.102433339294058,0.101865443574479,0.101329421959539,0.10082323111928,0.100345024605861,0.0998931272452434,0.0994660147920159,0.0990622973182312,0.0986807052540119,0.0983200773446379,0.09797935003829,0.0976575479886226,0.0973537754674997,0.0970672085534559,0.0967970880044817,0.0965427127493938,0.0963034339469755,0.0960786495706205,0.095867799481108,0.0956703609530626,0.0954858446225879,0.0953137908250685,0.0951537662934956,0.0950053611890428,0.0948681864370273,0.0947418713428738,0.0946260614642097,0.0945204167167555,0.0944246096932001,0.0943383241757407,0.0942612538244147,0.0941931010247286,0.0941335758793981,0.0940823953302458,0.0940392823974491,0.0940039655244036,0.0939761780174599,0.0939556575707055,0.0939421458668105,0.0939353882457347,0.093935133433808,0.0939411333263561,0.0939531428176482,0.0939709196724978,0.0939942244343636,0.0940228203652611,0.0940564734132335,0.0940949522035248,0.0941380280499636,0.0941854749834032,0.0942370697943738,0.0942925920873821,0.0943518243445609,0.0944145519966057,0.0944805634991598,0.0945496504130065,0.0946216074866153,0.0946962327397576,0.09477332754706,0.0948526967205063,0.0949341485900264,0.0950174950814295,0.0951025517910414,0.0951891380565064,0.0952770770232979,0.0953661957065638,0.0954563250480013,0.0955472999675201,0.0956389594095131,0.0957311463836019,0.0958237079997714,0.0959164954978503,0.0960093642713289,0.0961021738855393,0.0961947880902497,0.0962870748267534,0.0963789062295494,0.096470158622737,0.0965607125112577,0.0966504525671367,0.0967392676108837,0.096827050588228,0.0969136985423671,0.0969991125819177,0.0970831978447609,0.0971658634579818,0.0972470224941022,0.0973265919238091,0.0974044925653845,0.0974806490310385,0.0975549896703509,0.0976274465110224,0.0976979551971361,0.0977664549251281,0.0978328883776594,0.0978972016555847,0.097959344208202,0.0980192687619685,0.098076931247861,0.0981322907275552,0.0981853093185918,0.0982359521186958,0.0982841871294031,0.0983299851791505,0.0983733198459745,0.0984141673799593,0.0984525066255692,0.0984883189439958,0.0985215881356398,0.0985523003628475,0.09858044407301,0.0986060099221318,0.0986289906989666,0.0986493812498128,0.0986671784040568,0.0986823809005437,0.0986949893148525,0.0987050059875451,0.0987124349534525,0.0987172818720602,0.0987195539590435,0.0987192599190048,0.0987164098794545,0.0987110153260777,0.0987030890393182,0.0986926450323145,0.0986796984902108,0.0986642657108663,0.0986463640469833,0.0986260118496655,0.0986032284134211,0.0985780339226156,0.0985504493993835,0.0985204966529953,0.0984881982306835,0.0984535773699226,0.0984166579521552,0.0983774644579594,0.0983360219236437,0.0982923558992593,0.0982464924080142,0.0981984579070729,0.0981482792497259,0.0980959836489071,0.0980415986420417,0.0979851520572008,0.0979266719805415,0.0978661867250085,0.0978037248002732,0.097739314883884,0.0976729857936048,0.0976047664609119,0.0975346859056262,0.0974627732116508,0.097389057503789,0.0973135679256132,0.0972363336183587,0.0971573837008143,0.0970767472501807,0.0969944532838719,0.0969105307422285,0.0968250084721191,0.0967379152114,0.0966492795742074,0.0965591300370554,0.0964674949257134,0.0963744024028371,0.096279880456327,0.0961839568883901,0.0960866593052786,0.0959880151076835,0.0958880514817562,0.0957867953907383,0.0956842735671738,0.0955805125056819,0.0954755384562704,0.0953693774181659,0.0952620551341409,0.095153597085319,0.0950440284864349,0.0949333742815339,0.0948216591400889,0.0947089074535199,0.0945951433320946,0.0944803906021968,0.0943646728039424,0.0942480131891303,0.0941304347195097,0.094011960065351,0.093892611604303,0,0.112810790829426,0.111666240390535,0.11059869287645,0.10959975263631,0.108662803835751,0.107782442956054,0.106954041815974,0.106173550765415,0.105437397502979,0.104742414465517,0.104085777621798,0.103464954334506,0.102877660240417,0.10232182450501,0.101795562159239,0.101297152015947,0.100825018778432,0.100377718213551,0.0999539245447265,0.0995524194670165,0.0991720823780256,0.098811881556493,0.0984708661144674,0.0981481586102533,0.0978429482475862,0.0975544846094521,0.0972820718881333,0.0970250635802487,0.0967828576192618,0.0965548919197418,0.0963406403085433,0.0961396088185736,0.0959513323212644,0.0957753714743832,0.0956113099624828,0.0954587520080916,0.0953173201326858,0.0951866531475034,0.095066404355363,0.0949562399457639,0.0948558375666873,0.0947648850576294,0.0946830793294921,0.0946101253780042,0.0945457354183435,0.0944896281295794,0.0944415279984424,0.0944011647527595,0.0943682728756732,0.0943425911924796,0.0943238625225977,0.094311833389795,0.0943062537843785,0.0943068769715847,0.094313459340898,0.0943257602914831,0.094343542149331,0.0943665701121149,0.0943946122181039,0.0944274393358194,0.0944648251714206,0.0945065462910916,0.0945523821559616,0.094602115167331,0.0946555307201969,0.0947124172632765,0.0947725663639146,0.0948357727764337,0.0949018345126435,0.0949705529133739,0.0950417327200261,0.0951151821452587,0.0951907129420409,0.0952681404704004,0.0953472837612914,0.0954279655770894,0.0955100124682958,0.0955932548261076,0.0956775269305672,0.0957626669940645,0.0958485172000167,0.0959349237365937,0.0960217368254029,0.0961088107450796,0.0961960038497663,0.09628317858249,0.0963702014834762,0.0964569431934613,0.0965432784520808,0.0966290860914373,0.0967142490249594,0.0967986542316822,0.0968821927360904,0.0969647595836724,0.0970462538123479,0.0971265784199328,0.0972056403278144,0.0972833503410156,0.0973596231048252,0.0974343770581802,0.0975075343839848,0.097579020956549,0.0976487662863364,0.0977167034622035,0.0977827690913158,0.0978469032369226,0.0979090493541704,0.0979691542241335,0.0980271678862326,0.0980830435692169,0.0981367376208707,0.0981882094366119,0.0982374213871384,0.0982843387452743,0.0983289296121678,0.0983711648429811,0.0984110179722121,0.0984484651387802,0.0984834850110042,0.098516058711593,0.0985461697427668,0.0985738039116189,0.0985989492558225,0.0986215959697839,0.0986417363313341,0.0986593646290481,0.0986744770902756,0.0986870718099589,0.0986971486803114,0.0987047093214242,0.0987097570128611,0.0987122966263004,0.0987123345592746,0.0987098786700555,0.098704938213728,0.0986975237794893,0.0986876472292092,0.0986753216372803,0.098660561231783,0.0986433813369904,0.0986237983172265,0.0986018295220975,0.0985774932331031,0.0985508086116408,0.0985217956484031,0.0984904751141752,0.0984568685120283,0.0984209980309096,0.0983828865006206,0.0983425573481789,0.0983000345555515,0.0982553426187498,0.0982085065082737,0.0981595516308872,0.0981085037927119,0.0980553891636191,0.0980002342429024,0.0979430658262087,0.0978839109737095,0.0978227969794875,0.0977597513421167,0.0976948017364126,0.0976279759863278,0.0975593020389681,0.0974888079397042,0.0974165218083528,0.0973424718164021,0.0972666861652545,0.0971891930654615,0.0971100207169227,0.0970291972900243,0.0969467509076901,0.096862709628318,0.0967771014295773,0.0966899541930396,0.0966012956896183,0.0965111535657909,0.0964195553305792,0.0963265283432622,0.0962320998017974,0.0961362967319262,0.0960391459769396,0.0959406741880819,0.095840907815567,0.095739873100188,0.095637596065495,0.095534102510523,0.0954294180030444,0.0953235678733306,0.095216577208398,0.0951084708467227,0.0949992733734011,0.0948890091157413,0.0947777021392651,0.0946653762441033,0.0945520549617678,0.0944377615522839,0.0943225190016656,0.0942063500197206,0.0940892770381663,0,0.115086465726675,0.113886609833597,0.11276159665232,0.111703826506621,0.110707375847569,0.109767489765956,0.108880071445383,0.108041462469828,0.107248357797326,0.106497761428897,0.105786951866013,0.105113450789664,0.104474994859287,0.103869511238118,0.103295096911568,0.102750001383292,0.102232612127466,0.10174144217317,0.101275119293909,0.100832376400586,0.100412042852365,0.100013036492616,0.0996343562846585,0.0992750754678085,0.098934335183546,0.0986113385390588,0.0983053450851356,0.0980156656901296,0.0977416577935891,0.0974827210234592,0.097238293160358,0.0970078464318082,0.0967908841187383,0.0965869374562039,0.0963955628101472,0.0962163391121247,0.0960488655342601,0.0958927593871799,0.0957476542243291,0.0956131981367984,0.0954890522236007,0.0953748892231684,0.0952703922927007,0.0951752539228371,0.0950891749759663,0.0950118638372879,0.0949430356685148,0.0948824117548419,0.094829718936502,0.0947846891168867,0.0947470588398226,0.0947165689291724,0.0946929641844634,0.0946759931267536,0.094665407789405,0.0946609635488731,0.0946624189910226,0.0946695358088556,0.0946820787278862,0.0946998154557178,0.0947225166526811,0.0947499559206673,0.0947819098075492,0.0948181578248218,0.0948584824763146,0.0949026692960329,0.0949505068933716,0.0950017870041244,0.0950563045458665,0.0951138576764404,0.0951742478544113,0.0952372799004806,0.0953027620589643,0.095370506058549,0.0954403271716313,0.0955120442716388,0.0955854798878104,0.0956604602569856,0.0957368153720237,0.0958143790265311,0.0958929888556319,0.0959724863725681,0.0960527170009616,0.0961335301026082,0.0962147790007159,0.0962963209985306,0.0963780173933214,0.096459733485728,0.0965413385844947,0.0966227060066368,0.0967037130731069,0.096784241100042,0.0968641753856912,0.0969434051931338,0.0970218237289105,0.0970993281177018,0.0971758193731914,0.0972512023652673,0.0973253857837107,0.0973982820985344,0.0974698075171342,0.0975398819384167,0.0976084289040755,0.0976753755471829,0.0977406525382684,0.0978041940290532,0.0978659375940132,0.0979258241699348,0.0979837979936339,0.0980398065380008,0.0980938004465333,0.0981457334665174,0.098195562381011,0.0982432469397828,0.098288749789354,0.0983320364022883,0.0983730750058673,0.0984118365102896,0.0984482944365203,0.098482424843919,0.0985142062577663,0.0985436195968028,0.0985706481008923,0.0985952772589141,0.098617494736983,0.0986372903070933,0.0986546557762759,0.0986695849163513,0.0986820733943599,0.098692118703742,0.0986997200963371,0.0987048785152677,0.0987075965287644,0.0987078782649905,0.0987057293479125,0.0987011568342641,0.0986941691516456,0.0986847760377934,0.0986729884810532,0.0986588186620881,0.0986422798968426,0.0986233865807881,0.0986021541344645,0.0985785989503355,0.0985527383409662,0.0985245904885337,0.0984941743956749,0.0984615098376752,0.0984266173159973,0.0983895180131491,0.0983502337488847,0.0983087869377334,0.0982652005478476,0.0982194980611584,0.0981717034348274,0.0981218410639809,0.0980699357457115,0.0980160126443285,0.0979600972578431,0.0979022153856652,0.0978423930974948,0.0977806567033863,0.0977170327249629,0.097651547867761,0.0975842289946795,0.0975151031005117,0.0974441972875354,0.0973715387421372,0.0972971547124458,0.0972210724869505,0.0971433193740785,0.0970639226827078,0.0969829097035884,0.0969003076916485,0.0968161438491595,0.0967304453097361,0.0966432391231451,0.0965545522408993,0.0964644115026127,0.0963728436230912,0.0962798751801368,0.0961855326030407,0.0960898421617422,0.0959928299566314,0.0958945219089722,0.0957949437519247,0.0956941210221442,0.0955920790519373,0.0954888429619523,0.0953844376543855,0.095278887806683,0.0951722178657171,0.0950644520424221,0.0949556143068667,0.0948457283837482,0.0947348177482904,0.0946229056225266,0.094510014971954,0.0943961685025407,0.0942813886580715,0,0.117382766239799,0.116134108978357,0.114956599805826,0.11384373359056,0.11279064340918,0.1117934494991,0.110848731309574,0.109953325046988,0.10910427166121,0.108298808092,0.107534363519124,0.106808551853522,0.106119160834753,0.105464139711271,0.104841586987223,0.104249738975557,0.10368695937836,0.103151729846519,0.102642641370867,0.102158386347029,0.101697751184097,0.101259609364269,0.100842914893642,0.100446696109083,0.100070049822458,0.099712135792924,0.0993721715225424,0.0990494273717227,0.0987432219904135,0.0984529180593566,0.0981779183338073,0.0979176619802342,0.097671621194869,0.0974392980916678,0.0972202218463047,0.0970139460822115,0.0968200464843875,0.0966381186266643,0.0964677759982818,0.0963086482159724,0.0961603794082009,0.0960226267587619,0.0958950591975308,0.0957773562268105,0.095669206872362,0.0955703087488682,0.0954803672302213,0.0953990947156554,0.0953262099833522,0.0952614376237244,0.0952045075451407,0.0951551545453688,0.0951131179425163,0.0950781412597068,0.0950499719581668,0.0950283612138077,0.0950130637327703,0.0950038376017523,0.0950004441692801,0.0950026479543915,0.0950102165794905,0.0950229207244025,0.0950405340989134,0.09506283343131,0.0950895984706534,0.095120612000726,0.0951556598637735,0.0951945309923439,0.0952370174476828,0.0952829144632933,0.0953320204924123,0.0953841372582747,0.0954390698061609,0.0954966265563295,0.0955566193570344,0.0956188635369226,0.0956831779561872,0.0957493850559334,0.0958173109052798,0.0958867852457896,0.0959576415328779,0.0960297169739012,0.096102852562682,0.0961768931102672,0.0962516872717583,0.0963270875690912,0.0964029504096751,0.0964791361008317,0.0965555088600004,0.0966319368207072,0.0967082920343078,0.0967844504675434,0.0968602919959625,0.0969357003932763,0.0970105633167344,0.0970847722886151,0.0971582226739386,0.0972308136545207,0.0973024481994919,0.0973730330324163,0.0974424785951466,0.097510699008563,0.0975776120303407,0.0976431390099003,0.0977072048406934,0.0977697379099798,0.0978306700462532,0.0978899364644721,0.0979474757092536,0.0980032295961849,0.0980571431514099,0.0981091645496408,0.0981592450507496,0.098207338935085,0.0982534034376621,0.0982973986813669,0.0983392876093155,0.0983790359165018,0.0984166119808674,0.0984519867939187,0.0984851338910163,0.0985160292814534,0.0985446513784385,0.0985709809290922,0.0985950009445594,0.0986166966303421,0.098636055316942,0.0986530663909073,0.0986677212263667,0.0986800131171312,0.0986899372094401,0.0986974904354213,0.0987026714473321,0.098705480552642,0.0987059196500146,0.0987039921662412,0.0986997029941725,0.0986930584316962,0.0986840661217949,0.0986727349937249,0.0986590752053443,0.0986430980866208,0.0986248160843419,0.0986042427080496,0.0985813924772172,0.0985562808696821,0.0985289242713461,0.0984993399271529,0.098467545893347,0.098433560991018,0.0983974047609309,0.0983590974196407,0.0983186598168876,0.098276113394267,0.0982314801451658,0.0981847825759566,0.0981360436684378,0.098085286843506,0.0980325359260491,0.0979778151110416,0.0979211489308272,0.0978625622235704,0.0978020801028578,0.0977397279284313,0.0976755312780301,0.0976095159203229,0.0975417077889062,0.0974721329573489,0.097400817615259,0.0973277880453488,0.0972530706014773,0.0971766916876443,0.0970986777379133,0.0970190551972392,0.0969378505031769,0.0968550900684464,0.0967708002643318,0.096685007404889,0.0965977377319387,0.0965090174008224,0.096418872466896,0.0963273288727404,0.0962344124360639,0.0961401488382761,0.0960445636137093,0.0959476821394662,0.0958495296258737,0.0957501311075184,0.0956495114348477,0.0955476952663115,0.0954447070610276,0.0953405710719505,0.0952353113395242,0.0951289516858002,0.0950215157090042,0.0949130267785309,0.0948035080303523,0.0946929823628208,0.0945814724328523,0.0944690006524712,0,0.11969805876675,0.118406905286039,0.117181546607045,0.116017062087991,0.114910027841881,0.113857658811775,0.112857337952982,0.111906481051975,0.111002538606941,0.110143030670941,0.109325577436783,0.108547917658071,0.107807916649833,0.107103567432016,0.106432987959096,0.105794416352702,0.105186205232507,0.104606815712701,0.10405481133379,0.103528852049062,0.103027688317776,0.102550155331612,0.102095167393835,0.10166171246995,0.101248846928806,0.100855690492381,0.100481421410332,0.100125271872237,0.0997865236667643,0.0994645040931338,0.0991585821266097,0.0988681648364603,0.0985926940520497,0.0983316432704411,0.0980845147971136,0.0978508371100773,0.0976301624367492,0.0974220645323764,0.0972261366484941,0.0970419896798394,0.0968692504782464,0.0967075603222959,0.0965565735318354,0.0964159562169053,0.0962853851510688,0.096164546759642,0.096053136213826,0.0959508566222598,0.0958574183120185,0.0957725381915782,0.0956959391887559,0.0956273497570873,0.0955665034445577,0.0955131385190183,0.0954669976450182,0.0954278276071698,0.0953953790755093,0.0953694064086634,0.0953496674909388,0.0953359235997543,0.095327939300111,0.0953254823630569,0.0953283237053449,0.0953362373477147,0.0953490003894373,0.095366392996963,0.0953881984046964,0.0954142029260969,0.0954441959734602,0.0954779700848884,0.0955153209570939,0.0955560474828086,0.0955999517916921,0.0956468392937398,0.0956965187242964,0.095748802189871,0.0958035052140408,0.0958604467828054,0.0959194493888328,0.0959803390741024,0.0960429454705132,0.0961071018380833,0.0961726451004185,0.0962394158771783,0.0963072585133065,0.0963760211048392,0.0964455555211371,0.0965157174234226,0.0965863662795339,0.0966573653748331,0.0967285818192374,0.0967998865503542,0.0968711543327348,0.0969422637532691,0.0970130972127657,0.0970835409137789,0.0971534848447502,0.0972228227605535,0.0972914521595353,0.0973592742571566,0.097426193956348,0.0974921198146988,0.0975569640086051,0.0976206422945084,0.0976830739673606,0.097744181816453,0.0978038920787523,0.097862134389886,0.097918841732923,0.0979739503850937,0.0980273998625971,0.0980791328636381,0.0981290952098414,0.0981772357861831,0.0982235064795845,0.0982678621163024,0.0983102603982581,0.0983506618384349,0.0983890296954772,0.098425329907618,0.0984595310260586,0.0984916041479212,0.0985215228488908,0.0985492631156573,0.0985748032782681,0.0985981239424921,0.098619207922297,0.0986380401725327,0.098654607721912,0.0986688996063743,0.0986809068029133,0.0986906221639452,0.0986980403522906,0.0987031577768357,0.098705972528938,0.0987064843196351,0.0987046944177097,0.0987006055886629,0.0986942220346409,0.0986855493353584,0.0986745943900555,0.0986613653605242,0.0986458716152342,0.0986281236745854,0.0986081331573121,0.0985859127280571,0.0985614760461357,0.0985348377155017,0.098506013235928,0.0984750189554106,0.0984418720238005,0.098406590347669,0.0983691925464063,0.0983296979095516,0.0982881263553541,0.0982444983905565,0.0981988350713966,0.0981511579658164,0.0981014891168695,0.0980498510073146,0.0979962665253816,0.0979407589316966,0.0978833518273483,0.0978240691230826,0.0977629350096036,0.0976999739289658,0.0976352105470361,0.0975686697270073,0.0975003765039413,0.0974303560603215,0.0973586337025929,0.0972852348386678,0.0972101849563757,0.0971335096028332,0.0970552343647136,0.0969753848493922,0.0968939866669437,0.0968110654129716,0.0967266466522433,0.0966407559031119,0.096553418622698,0.0964646601928135,0.0963745059066015,0.0962829809558723,0.0961901104191121,0.0960959192501452,0.0960004322674262,0.0959036741439411,0.0958056693977002,0.0957064423827972,0.095606017281019,0.0955044180939845,0.0954016686357937,0.0952977925261688,0.0951928131840677,0.0950867538217539,0.0949796374393032,0.0948714868195317,0.0947623245233274,0.0946521728853698,0,0.122032170559489,0.120704211570098,0.11943503182118,0.118221951517921,0.117063365648063,0.115957771023321,0.114903450361852,0.113898458338758,0.112940698891622,0.112028011043764,0.111158236245222,0.110329263715581,0.109539058025749,0.108785674325877,0.10806726563335,0.107382085246017,0.106728486234744,0.106104919199877,0.105509928991336,0.104942150804738,0.104400305902689,0.103883197119821,0.103389704259967,0.102918779464945,0.102469442616424,0.102040776819674,0.101631924008129,0.101242080699316,0.100870493925415,0.100516457355312,0.100179307619426,0.0998584208438709,0.0995532093964695,0.0992631188439416,0.098987625116922,0.098726231877461,0.0984784680821115,0.0982438857325998,0.0980220578053127,0.0978125763503659,0.0976150507507714,0.0974291061321713,0.0972543819136858,0.0970905304906147,0.0969372160400085,0.0967941134404495,0.0966609072977532,0.0965372910686937,0.0964229662752552,0.0963176418023287,0.0962210332721727,0.0961328624893576,0.0960528569503044,0.0959807494118973,0.0959162775140174,0.0958591834511832,0.0958092136888145,0.0957661187199462,0.0957296528585173,0.0956995740656327,0.0956756438054663,0.0956576269277169,0.0956452915737619,0.0956384091038775,0.095636754043093,0.0956401040434468,0.0956482398605862,0.0956609453428264,0.0956780074309395,0.0956992161670921,0.0957243647114887,0.0957532493654037,0.0957856695994057,0.0958214280856885,0.0958603307335237,0.0959021867269491,0.0959468085638902,0.0959940120959991,0.0960436165685677,0.0960954446599428,0.0961493225199349,0.0962050798067733,0.0962625497222141,0.0963215690444577,0.0963819781585817,0.0964436210842336,0.0965063455003713,0.0965700027668736,0.0966344479428754,0.0966995398017137,0.0967651408423993,0.0968311172975509,0.0968973391377569,0.0969636800723444,0.0970300175465622,0.097096232735194,0.0971622105326407,0.0972278395395193,0.097293012045843,0.0973576240108553,0.0974215750396048,0.0974847683563521,0.0975471107749115,0.0976085126660367,0.0976688879219642,0.0977281539182345,0.097786231472916,0.0978430448033586,0.0978985214806082,0.0979525923816139,0.0980051916393643,0.0980562565910848,0.098105727724636,0.098153548623244,0.0981996659087018,0.098244029183172,0.0982865909697267,0.0983273066517529,0.0983661344113523,0.0984030351668631,0.0984379725096245,0.0984709126401071,0.098501824303524,0.0985306787250371,0.0985574495446691,0.098582112752027,0.0986046466209387,0.0986250316441029,0.0986432504678452,0.0986592878270701,0.0986731304804969,0.098684767146259,0.0986941884379444,0.0987013868011524,0.0987063564506326,0.0987090933080726,0.0987095949405951,0.09870786050002,0.0987038906629431,0.0986976875716825,0.0986892547761345,0.0986785971765796,0.0986657209674783,0.0986506335822869,0.098633343639325,0.0986138608887198,0.0985921961604525,0.0985683613135237,0.098542369186258,0.0985142335477596,0.0984839690505314,0.0984515911842656,0.098417116230813,0.0983805612203331,0.0983419438886286,0.0983012826356615,0.0982585964852498,0.0982139050459397,0.0981672284730465,0.0981185874318573,0.0980680030619849,0.0980154969428619,0.097961091060365,0.0979048077745516,0.0978466697884992,0.0977867001182273,0.0977249220636893,0.0976613591808134,0.097596035254577,0.097528974273094,0.0974602004026976,0.0973897379639959,0.0973176114088822,0.0972438452984792,0.0971684642819938,0.0970914930764643,0.0970129564473757,0.0969328791901246,0.0968512861123077,0.0967682020168176,0.0966836516857188,0.0965976598648857,0.0965102512493807,0.0964214504695493,0.0963312820778121,0.0962397705361329,0.0961469402041411,0.0960528153278879,0.0959574200292177,0.0958607782957307,0.0957629139713216,0.0956638507472715,0.0955636121538753,0.0954622215525857,0.0953597021286553,0.0952560768842582,0.095151368632075,0.0950455999893219,0.0949387933722086,0.0948309709908074,0,0.124386722651213,0.123026269119473,0.121716371897277,0.120457069654554,0.119248894601382,0.118091750514468,0.116984870688403,0.115926975156152,0.114916441439646,0.113951446397555,0.113030070969428,0.112150372039508,0.111310429217316,0.110508373997465,0.109742407137293,0.109010808378983,0.108311941263657,0.107644254802717,0.107006283120685,0.106396643771732,0.105814035178672,0.105257233489525,0.10472508905341,0.104216522659673,0.103730521646875,0.103266135962918,0.102822474239185,0.102398699927544,0.10199402753787,0.101607719004537,0.101239080202799,0.100887457629631,0.100552235258466,0.100232831572974,0.0999286967816237,0.099639310212038,0.0993641778820177,0.0991028302424786,0.0988548200863432,0.098619720616559,0.0983971236658367,0.0981866380603468,0.0979878881194389,0.0978005122834175,0.0976241618614855,0.0974584998921272,0.0973032001084279,0.0971579460010902,0.0970224299722071,0.0968963525731651,0.0967794218203811,0.0966713525829018,0.0965718660362286,0.0964806891770534,0.0963975543939062,0.0963221990890243,0.0962543653470497,0.0961937996464409,0.0961402526097625,0.0960934787892705,0.0960532364844602,0.0960192875884735,0.095991397460487,0.0959693348214089,0.0959528716704096,0.0959417832199961,0.0959358478475167,0.0959348470611453,0.0959385654785462,0.0959467908165691,0.0959593138904556,0.0959759286211663,0.0959964320495531,0.0960206243562181,0.0960483088859931,0.0960792921760794,0.096113383986969,0.0961503973353559,0.0961901485283216,0.0962324571981484,0.0962771463371843,0.0963240423322394,0.0963729749980576,0.0964237776094522,0.0964762869317478,0.0965303432492155,0.0965857903912264,0.096642475755892,0.0967002503309907,0.0967589687120135,0.0968184891171958,0.0968786733994226,0.0969393870549261,0.0970004992287148,0.0970618827166955,0.0971234139644684,0.0971849730627946,0.0972464437397497,0.0973077133495938,0.0973686728584014,0.0974292168265041,0.0974892433878149,0.097548654226108,0.0976073545483395,0.0976652530551003,0.0977222619083022,0.0977782966962,0.0978332763958616,0.0978871233331989,0.0979397631406794,0.0979911247128383,0.098041140159714,0.0980897447583337,0.0981368769023736,0.0981824780501209,0.0982264926708643,0.0982688681898401,0.0983095549318582,0.0983485060637336,0.0983856775356456,0.0984210280215461,0.0984545188587362,0.0984861139867256,0.0985157798854911,0.0985434855132434,0.0985692022438088,0.0985929038037331,0.0986145662092048,0.0986341677028971,0.0986516886908218,0.0986671116792838,0.098680421212023,0.0986916038076248,0.0987006478972765,0.0987075437629451,0.0987122834760443,0.0987148608366576,0.0987152713133801,0.0987135119838344,0.0987095814759174,0.0987034799098271,0.0986952088409143,0.0986847712034055,0.098672171255032,0.0986574145226039,0.0986405077485598,0.0986214588385209,0.0986002768098765,0.0985769717414209,0.0985515547240644,0.0985240378126325,0.098494433978768,0.098462757064948,0.0984290217396232,0.0983932434534869,0.0983554383968772,0.0983156234583135,0.09827381618417,0.098230034739479,0.0981842978698658,0.0981366248646053,0.0980870355207946,0.0980355501086329,0.097982189337799,0.0979269743249136,0.0978699265620745,0.0978110678864527,0.0977504204509311,0.0976880066957738,0.0976238493213076,0.0975579712615992,0.0974903956591103,0.097421145840312,0.0973502452922404,0.0972777176399729,0.0972035866250067,0.0971278760845186,0.0970506099314873,0.0969718121356551,0.0968915067053123,0.0968097176698795,0.0967264690632703,0.0966417849080125,0.0965556892001068,0.0964682058946024,0.0963793588918704,0.0962891720245525,0.0961976690451669,0.0961048736143497,0.0960108092897135,0.0959154995153019,0.0958189676116237,0.095721236766243,0.0956223300249122,0.0955222702832248,0.095421080278773,0.0953187825837904,0.0952153995982638,0.095110953543497,0.0950054664561087,0,0.126764392566934,0.125374264255913,0.124025532064924,0.122721561258833,0.121465220727785,0.120257853394563,0.119099634722755,0.117989937408214,0.116927605677564,0.11591115407836,0.114938907828587,0.114009099161771,0.113119931763293,0.112269622881367,0.111456430241536,0.110678668800206,0.109934720761616,0.109223041128765,0.108542160273385,0.107890684493835,0.107267295198386,0.106670747140954,0.106099866003049,0.105553545530114,0.105030744374329,0.104530482757828,0.104051839043305,0.103593946279105,0.10315598877068,0.102737198718284,0.102336852951191,0.101954269780851,0.10158880598908,0.101239853962135,0.100906838977373,0.100589216645749,0.100286470510768,0.0999981098023546,0.0997236673424746,0.0994626975981312,0.099214774876418,0.0989794916556927,0.0987564570465068,0.0985452953756734,0.0983456448867443,0.098157156550164,0.0979794929764401,0.097812327425819,0.0976553429081346,0.0975082313667233,0.0973706929405437,0.0972424352988935,0.0971231730433911,0.0970126271721524,0.0969105246013713,0.0968165977397724,0.0967305841116728,0.0966522260246364,0.0965812702779574,0.0965174679084396,0.0964605739701684,0.0964103473451893,0.0963665505822092,0.0963289497606396,0.096297314377481,0.0962714172547275,0.0962510344651392,0.0962359452743818,0.096225932097689,0.0962207804693366,0.0962202790233539,0.0962242194840168,0.0962323966647881,0.0962446084744754,0.0962606559294791,0.0962803431711007,0.0963034774869679,0.0963298693357155,0.0963593323741429,0.0963916834861348,0.0964267428127048,0.0964643337825782,0.0965042831427961,0.096546420988868,0.0965905807940577,0.0966365994374297,0.0966843172303276,0.0967335779409974,0.0967842288171029,0.0968361206059175,0.0968891075720076,0.0969430475122509,0.0969978017680628,0.0970532352347263,0.0971092163677461,0.0971656171861689,0.097222313272829,0.0972791837715005,0.0973361113809499,0.0973929823459006,0.0974496864449348,0.0975061169753683,0.0975621707351485,0.0976177480018338,0.0976727525087237,0.0977270914182151,0.0977806752924703,0.097833418061488,0.0978852369886716,0.0979360526339992,0.0979857888148998,0.0980343725649455,0.0980817340904721,0.0981278067252438,0.0981725268832767,0.0982158340099418,0.0982576705314634,0.0982979818029334,0.0983367160549591,0.098373824339064,0.0984092604719569,0.0984429809787867,0.098474945035496,0.0985051144103857,0.0985334534050017,0.098559928794449,0.0985845097672403,0.0986071678647799,0.0986278769205807,0.0986466129993124,0.0986633543357705,0.0986780812738569,0.0986907762056558,0.0987014235106883,0.0987100094954206,0.098716522333104,0.0987209520040131,0.0987232902361523,0.0987235304464903,0.098721667682785,0.0987176985660509,0.0987116212337237,0.0987034352835687,0.0986931417183767,0.0986807428914918,0.0986662424532041,0.098649645298046,0.0986309575130199,0.098610186326787,0.0985873400598422,0.098562428075695,0.0985354607330777,0.0985064493391964,0.098475406104037,0.0984423440957409,0.0984072771970541,0.0983702200628613,0.0983311880788055,0.0982901973209964,0.098247264516809,0.0982024070067687,0.0981556427075207,0.0981069900758785,0.0980564680739451,0.0980040961352978,0.0979498941322291,0.097893882344031,0.0978360814263128,0.0977765123813385,0.0977151965293704,0.0976521554810045,0.0975874111104818,0.0975209855299599,0.0974529010647274,0.0973831802293451,0.0973118457046947,0.0972389203159172,0.0971644270112226,0.0970883888415529,0.0970108289410765,0.0969317705084972,0.0968512367891576,0.096769251057916,0.096685836602779,0.0966010167092686,0.0965148146455047,0.0964272536479831,0.0963383569080298,0.0962481475589125,0.0961566486635875,0.0960638832030675,0.0959698740653862,0.0958746440351455,0.0957782157836234,0.0956806118594268,0.0955818546796694,0.0954819665216592,0.0953809695150761,0.0952788856346238,0.0951757366931393,0,0.129168829859373,0.127750172580193,0.126363007466829,0.125014968891188,0.123711266876878,0.122454595096207,0.121245992608972,0.120085428411836,0.118972177486499,0.117905071760439,0.11688267125752,0.115903381068404,0.114965530690333,0.114067427266202,0.113207390889363,0.112383777693903,0.111594994664581,0.110839508829731,0.110115852622126,0.10942262660094,0.108758500336322,0.108122212001889,0.107512567053188,0.106928436260343,0.106368753289902,0.105832511980957,0.105318763425503,0.104826612937542,0.104355216976322,0.103903780074431,0.103471551809844,0.103057823851766,0.102661927102652,0.102283228952673,0.101921130658015,0.101575064850371,0.101244493181816,0.100928904106654,0.100627810799849,0.100340749210011,0.100067276243758,0.0998069680773339,0.0995594185906953,0.0993242379188516,0.0991010511149145,0.0988894969191639,0.0986892266283672,0.0984999030596053,0.0983211996029348,0.0981527993573477,0.097994394344643,0.0978456847960172,0.0977063785063822,0.0975761902516357,0.0974548412643292,0.0973420587634087,0.0972375755339222,0.0971411295528142,0.0970524636571428,0.0969713252512701,0.0968974660497779,0.0968306418530642,0.0967706123527612,0.0967171409643031,0.096669994684143,0.0966289439692864,0.0965937626369649,0.0965642277824274,0.0965401197129646,0.0965212218964181,0.0965073209225555,0.096498206475808,0.0964936713179837,0.0964935112796739,0.0964975252591719,0.0965055152278145,0.0965172862407466,0.0965326464521918,0.0965514071343875,0.0965733826994166,0.0965983907232351,0.0966262519712567,0.0966567904249172,0.0966898333086929,0.0967252111171011,0.0967627576412571,0.0968023099946078,0.0968437086375011,0.0968867974002921,0.0969314235047195,0.096977437583322,0.0970246936966929,0.0970730493484018,0.0971223654974375,0.0971725065680521,0.097223340456909,0.0972747385374573,0.0973265756614783,0.0973787301577623,0.0974310838278976,0.0974835219391629,0.0975359332145314,0.0975882098198084,0.0976402473479346,0.0976919448004981,0.0977432045665086,0.0977939323984979,0.0978440373860141,0.0978934319265889,0.0979420316942615,0.0979897556057482,0.0980365257843511,0.098082267521707,0.0981269092374756,0.0981703824370732,0.0982126216675598,0.0982535644717878,0.0982931513409235,0.0983313256654516,0.0983680336847761,0.0984032244355274,0.0984368496986881,0.0984688639456471,0.0984992242832923,0.0985278903982476,0.0985548245003627,0.098579991265558,0.098603357778127,0.0986248934725955,0.0986445700752332,0.0986623615453139,0.0986782440162117,0.0986921957364243,0.0987041970106049,0.0987142301406854,0.0987222793671687,0.0987283308106633,0.098732372413732,0.0987343938831206,0.0987343866324321,0.0987323437253042,0.0987282598191491,0.0987221311095068,0.0987139552750622,0.0987037314233725,0.0986914600373465,0.0986771429225177,0.0986607831551434,0.098642385031168,0.098621954016076,0.0985994966956635,0.0985750207277532,0.0985485347948728,0.0985200485579145,0.0984895726107951,0.0984571184361256,0.0984226983619045,0.0983863255192421,0.0983480138011233,0.0983077778222114,0.0982656328796979,0.098221594915197,0.0981756804776835,0.0981279066874731,0.098078291201238,0.0980268521780541,0.0979736082464706,0.0979185784725951,0.0978617823291833,0.0978032396657219,0.0977429706794948,0.0976809958876172,0.0976173361000259,0.0975520123934099,0.0974850460860675,0.0974164587136718,0.0973462720059321,0.0972745078641293,0.0972011883395124,0.097126335612536,0.0970499719729223,0.096972119800527,0.096892801546994,0.0968120397181774,0.096729856857314,0.096646275528926,0.0965613183034369,0.0964750077424791,0.0963873663848785,0.0962984167332929,0.0962081812414885,0.0961166823022355,0.0960239422358045,0.0959299832790443,0.0958348275750256,0.0957384971632306,0.0956410139702727,0.0955423998011281,0.0954426763308628,0.0953418650968385,0,0.131605044486777,0.130156518746762,0.128729660264355,0.127337128190467,0.125986204718037,0.124680706220394,0.123422380727142,0.122211691775325,0.121048279684237,0.11993125320215,0.118859383324545,0.117831235159791,0.116845258233955,0.115899848226187,0.11499338894738,0.114124280667359,0.113290959020233,0.112491907398099,0.111725664822733,0.110990830652253,0.110286067051058,0.109610099863766,0.108961718341651,0.108339774041319,0.107743179128249,0.107170904257876,0.106621976164811,0.106095475060336,0.105590531915821,0.105106325692517,0.104642080564875,0.104197063173966,0.103770579939102,0.103361974448939,0.102970624947754,0.102595941928111,0.102237365837445,0.101894364903152,0.101566433078393,0.101253088108941,0.100953869719903,0.100668337920022,0.100396071420333,0.100136666163363,0.0998897339585323,0.0996549012191204,0.099431807795971,0.0992201059029748,0.0990194591293656,0.0988295415338855,0.0986500368159573,0.0984806375591124,0.0983210445420682,0.0981709661130008,0.0980301176227405,0.097898220912792,0.0977750038542718,0.0976601999340443,0.0975535478845235,0.0974547913537984,0.0973636786129184,0.0972799622973582,0.0972033991798515,0.097133749971953,0.0970707791518479,0.0970142548160824,0.096963948553041,0.0969196353361312,0.0968810934347774,0.0968481043414502,0.0968204527130802,0.0967979263253204,0.0967803160382313,0.0967674157720644,0.0967590224919179,0.0967549362001304,0.0967549599353643,0.0967588997774115,0.0967665648568305,0.0967777673685974,0.0967923225890163,0.0968100488952023,0.0968307677865071,0.0968543039073112,0.0968804850706625,0.0969091422822834,0.0969401097645218,0.0969732249798546,0.0970083286535999,0.0970452647955258,0.0970838807200805,0.0971240270649997,0.0971655578080774,0.0972083302819155,0.0972522051864901,0.0972970465994024,0.0973427219836975,0.0973891021931633,0.0974360614750334,0.0974834774700431,0.0975312312097984,0.0975792071114383,0.0976272929695814,0.0976753799455639,0.0977233625539849,0.0977711386465907,0.0978186093935355,0.097865679262068,0.0979122559927,0.0979582505729236,0.0980035772085466,0.0980481532927243,0.0980918993727719,0.0981347391148433,0.0981765992665698,0.0982174096177535,0.0982571029592124,0.0982956150398807,0.0983328845222635,0.0983688529363514,0.0984034646321001,0.0984366667305783,0.0984684090738913,0.0984986441739836,0.0985273271604246,0.0985544157272828,0.0985798700791872,0.0986036528766791,0.0986257291809504,0.0986460663980673,0.0986646342227708,0.0986814045819485,0.0986963515778638,0.0987094514312322,0.0987206824242244,0.0987300248434783,0.0987374609231993,0.0987429747884176,0.0987465523984781,0.0987481814908286,0.0987478515251698,0.0987455536280291,0.098741280537814,0.0987350265504022,0.0987267874653158,0.0987165605325288,0.0987043443999532,0.0986901390616416,0.098673945806749,0.098655767169283,0.0986356068786798,0.0986134698112301,0.0985893619423854,0.0985632902999639,0.0985352629182796,0.0985052887932115,0.0984733778382291,0.0984395408413847,0.0984037894232889,0.098366135996071,0.0983265937233379,0.098285176481129,0.098241898819877,0.0981967759273687,0.0981498235927103,0.0981010581712912,0.0980504965507445,0.0979981561178974,0.0979440547267058,0.0978882106671644,0.0978306426351837,0.097771369703424,0.0977104112930737,0.0976477871465625,0.0975835173011934,0.097517622063683,0.0974501219855939,0.0973810378396442,0.0973103905968801,0.0972382014046942,0.0971644915656734,0.0970892825172603,0.0970125958122113,0.0969344530998323,0.0968548761079759,0.0967738866257832,0.0966915064871501,0.0966077575549017,0.0965226617056581,0.0964362408153701,0.0963485167455105,0.0962595113299012,0.0961692463621587,0.0960777435837412,0.0959850246725781,0.0958911112322665,0.0957960247818157,0.0956997867459248,0.0956024184457746,0.0955039410903187,0,0.134079389459108,0.132596046591839,0.131126519474859,0.129688042304058,0.128289373181668,0.126935078625585,0.125627386080513,0.124367108302114,0.12315415764736,0.121987860000197,0.120867159823565,0.11979075942298,0.118757215202598,0.117765004543836,0.116812572231074,0.115898362547315,0.115020841310306,0.114178510832817,0.113369919885838,0.112593670110143,0.111848419882831,0.111132886344067,0.110445846083382,0.109786134844221,0.10915264650881,0.108544331558247,0.107960195155252,0.107399294962773,0.106860738786312,0.106343682108771,0.105847325571794,0.105370912446024,0.104913726123388,0.104475087657074,0.104054353368789,0.103650912537948,0.103264185183406,0.102893619945066,0.102538692070035,0.102198901505844,0.101873771101515,0.101562844915915,0.101265686631727,0.10098187807257,0.100711017820144,0.100452719927825,0.100206612726819,0.0999723377207181,0.0997495485642367,0.0995379101217884,0.0993370976015976,0.0991467957610661,0.0989666981791972,0.0987965065919812,0.0986359302867714,0.0984846855518147,0.0983424951772528,0.0982090880040603,0.098084198517549,0.0979675664822227,0.0978589366149314,0.0977580582934271,0.0976646852975828,0.0975785755806836,0.0974994910683501,0.0974271974827933,0.0973614641902391,0.0973020640694934,0.0972487733997424,0.0972013717658071,0.0971596419791835,0.0971233700133126,0.0970923449516247,0.0970663589470079,0.097045207191437,0.0970286878945963,0.0970166022704043,0.0970087545304377,0.0970049518833181,0.097005004539203,0.0970087257185809,0.0970159316646419,0.0970264416585455,0.097040078036968,0.0970566662113629,0.0970760346884123,0.0970980150912001,0.0971224421806731,0.0971491538770022,0.0971779912804892,0.0972087986917045,0.0972414236305675,0.0972757168541202,0.0973115323727671,0.097348727464785,0.0973871626889307,0.097426701894998,0.0974672122321981,0.0975085641552578,0.0975506314281497,0.0975932911253852,0.0976364236308203,0.0976799126339371,0.0977236451235799,0.0977675113791382,0.0978114049591798,0.0978552226875519,0.0978988646369737,0.0979422341101581,0.0979852376185072,0.0980277848584333,0.0980697886853659,0.0981111650855116,0.098151833145438,0.0981917150195603,0.0982307358956116,0.0982688239581841,0.0983059103504285,0.098341929134007,0.09837681724739,0.0984105144625978,0.0984429633404809,0.0984741091846395,0.0985038999940816,0.098532286414718,0.0985592216897934,0.0985846616093532,0.0986085644588428,0.0986308909669352,0.0986516042526836,0.0986706697720911,0.0986880552641895,0.0987037306967166,0.0987176682114781,0.0987298420694808,0.0987402285959162,0.0987488061250772,0.0987555549452811,0.0987604572438747,0.0987634970523907,0.0987646601919242,0.0987639342187919,0.0987613083705374,0.0987567735123384,0.0987503220838729,0.0987419480466944,0.0987316468321663,0.0987194152899997,0.098705251637438,0.0986891554091278,0.098671127407711,0.0986511696551742,0.0986292853449846,0.0986054787950396,0.0985797554014571,0.0985521215932282,0.0985225847877515,0.0984911533472683,0.0984578365362123,0.0984226444794883,0.0983855881216886,0.0983466791872574,0.0983059301416093,0.0982633541532065,0.0982189650565973,0.0981727773164179,0.0981248059923555,0.0980750667050733,0.0980235756030904,0.0979703493306149,0.0979154049963224,0.097858760143073,0.0978004327185583,0.0977404410468695,0.0976788038009749,0.0976155399760968,0.0975506688639758,0.0974842100280081,0.0974161832792445,0.0973466086532347,0.0972755063877048,0.0972028969010504,0.0971288007716327,0.0970532387178579,0.0969762315790279,0.0968978002969428,0.0968179658982404,0.0967367494774539,0.096654172180774,0.0965702551904943,0.0964850197101271,0.0963984869501693,0.0963106781145028,0.0962216143874122,0.0961313169212029,0.0960398068244019,0.0959471051505259,0.0958532328873997,0.095758210947007,0.0956620601558595,0,0.136598133632486,0.135071317208405,0.133554555580504,0.132067742405033,0.13062018748853,0.129216704376662,0.127859704908544,0.126550168078573,0.125288160864119,0.124073149886293,0.122904203417521,0.121780129079287,0.120699570169513,0.11966107375377,0.118663138896268,0.117704250747887,0.116782904518702,0.115897622199702,0.115046964071691,0.114229536448647,0.113443996683154,0.112689056166137,0.111963481846497,0.111266096652166,0.110595779093372,0.109951462258001,0.109332132358377,0.108736826952108,0.108164632932598,0.107614684364334,0.10708616022238,0.106578282083119,0.106090311803492,0.105621549218074,0.105171329876869,0.104739022841472,0.104324028552924,0.10392577678106,0.103543724662245,0.103177354830036,0.102826173641382,0.10248970949943,0.102167511272745,0.101859146809793,0.101564201546729,0.101282277205984,0.101012990582644,0.100755972415343,0.100510866338125,0.100277327909601,0.100055023715659,0.0998436305419297,0.0996428346122435,0.0994523308893749,0.0992718224344111,0.0991010198212066,0.0989396406024806,0.0987874088242337,0.0986440545852947,0.0985093136389346,0.0983829270336238,0.0982646407901444,0.0981542056124038,0.0980513766294335,0.0979559131661863,0.0978675785408762,0.0977861398867295,0.0977113679961385,0.0976430371853268,0.0975809251777453,0.0975248130045309,0.0974744849204602,0.0974297283339307,0.097390333749598,0.0973560947223832,0.0973268078216576,0.0973022726044837,0.0972822915968771,0.0972666702821206,0.0972552170952341,0.097247743422767,0.097244063607143,0.0972439949548433,0.0972473577477704,0.097253975257186,0.097263673759663,0.0972762825545406,0.0972916339824118,0.0973095634442136,0.0973299094205302,0.097352513490751,0.0973772203517633,0.0974038778358888,0.0974323369278026,0.0974624517802024,0.0974940797280201,0.0975270813009945,0.0975613202344463,0.0975966634781161,0.0976329812029491,0.0976701468057287,0.0977080369114771,0.0977465313735596,0.0977855132714447,0.0978248689060828,0.0978644877928878,0.0979042626523089,0.0979440893979977,0.0979838671225861,0.0980234980810956,0.098062887672015,0.0981019444160838,0.0981405799328337,0.0981787089149425,0.0982162491004617,0.0982531212429866,0.0982892490798413,0.0983245592983548,0.0983589815003101,0.0983924481646485,0.0984248946085174,0.0984562589467509,0.0984864820498716,0.0985155075007089,0.0985432815497243,0.0985697530691392,0.0985948735059582,0.0986185968339819,0.0986408795049023,0.0986616803985731,0.0986809607725476,0.0986986842109724,0.0987148165729269,0.0987293259402953,0.0987421825652548,0.0987533588174645,0.0987628291310345,0.0987705699513528,0.0987765596818464,0.0987807786307491,0.0987832089579454,0.0987838346219596,0.0987826413271513,0.0987796164711831,0.0987747490928146,0.0987680298200811,0.098759450818909,0.0987490057422162,0.0987366896795462,0.0987224991072777,0.0987064318394515,0.0986884869792521,0.0986686648711797,0.0986469670539439,0.0986233962141097,0.0985979561405221,0.0985706516795336,0.0985414886910576,0.0985104740054649,0.0984776153813431,0.0984429214641315,0.0984064017456453,0.0983680665244991,0.0983279268674395,0.098285994571591,0.0982422821276226,0.0981968026838368,0.0981495700111823,0.0981005984691906,0.0980499029728358,0.0979974989603121,0.0979434023617275,0.0978876295687063,0.0978301974048941,0.0977711230973578,0.0977104242488716,0.0976481188110793,0.0975842250585227,0.097518761563524,0.0974517471719108,0.0973832009795709,0.0973131423098237,0.0972415906915943,0.0971685658383759,0.0970940876279656,0.0970181760829602,0.0969408513519943,0.0968621336917062,0.0967820434494171,0.0967006010465051,0.0966178269624595,0.0965337417195987,0.0964483658684367,0.0963617199736787,0.0962738246008333,0.096184700303423,0.0960943676107757,0.0960028470163851,0.0959101589668185,0.0958163238511612,0,0.139166073346873,0.137584278319132,0.136014446762049,0.134476143136396,0.132978043842653,0.131524610686343,0.130118097564587,0.128759439118885,0.127448721362297,0.126185462224787,0.124968794297609,0.12379759103804,0.122670556730338,0.121586291479802,0.120543338321593,0.119540217300831,0.118575450010616,0.117647577132426,0.116755170839069,0.115896843416006,0.115071253086816,0.114277107759698,0.11351316721854,0.112778244143866,0.112071204250311,0.111390965756699,0.110736498353782,0.110106821797448,0.109501004227501,0.108918160291186,0.108357449134464,0.107818072311426,0.10729927165211,0.106800327120885,0.106320554690924,0.105859304254868,0.105415957587279,0.104989926370815,0.104580650294964,0.104187595233704,0.103810251506331,0.103448132224047,0.103100771723491,0.102767724087296,0.102448561750854,0.102142874193767,0.101850266713921,0.101570359281673,0.101302785471368,0.101047191467132,0.100803235139769,0.100570585191486,0.100348920365115,0.100137928714527,0.0999373069329106,0.0997467597356996,0.0995659992949448,0.0993947447220579,0.0992327215959237,0.0990796615334957,0.0989353018000959,0.0987993849567546,0.0986716585420442,0.0985518747859764,0.0984397903536511,0.0983351661164551,0.0982377669487321,0.0981473615479445,0.0980637222764644,0.0979866250232298,0.0979158490836076,0.0978511770558959,0.0977923947529993,0.097739291127892,0.0976916582115753,0.0976492910623153,0.0976119877250224,0.0975795491997128,0.0975517794180575,0.0975284852270958,0.0975094763792488,0.0974945655278331,0.0974835682273277,0.0974763029377035,0.0974725910321743,0.0974722568077762,0.0974751274982283,0.0974810332885694,0.0974898073311058,0.097501285762246,0.0975153077198286,0.0975317153605886,0.0975503538774382,0.097571071516265,0.0975937195919834,0.0976181525035983,0.0976442277480682,0.0976718059327757,0.0977007507864366,0.0977309291683028,0.0977622110755279,0.0977944696485902,0.097827581174677,0.0978614250889603,0.0978958839736987,0.0979308435551236,0.0979661926980769,0.0980018233983779,0.0980376307729158,0.098073513047467,0.0981093715422514,0.0981451106552507,0.0981806378433179,0.0982158636011175,0.0982507014379422,0.0982850678524574,0.0983188823054332,0.0983520671905257,0.0983845478031771,0.0984162523077063,0.0984471117026661,0.0984770597845461,0.0985060331099037,0.0985339709560058,0.0985608152800689,0.0985865106771828,0.0986110043370076,0.0986342459993315,0.0986561879085783,0.0986767847673553,0.0986959936891263,0.0987137741501018,0.0987300879404293,0.0987448991147722,0.0987581739423586,0.0987698808565861,0.0987799904042591,0.0987884751945413,0.0987953098476964,0.0988004709436945,0.0988039369707537,0.0988056882738868,0.098805707003521,0.0988039770642543,0.0988004840638083,0.0987952152622387,0.0987881595214586,0.098779307255126,0.0987686503789479,0.0987561822614482,0.0987418976752424,0.098725792748863,0.0987078649191733,0.0986881128844067,0.0986665365578653,0.098643137022308,0.0986179164850574,0.0985908782338522,0.0985620265934658,0.0985313668831166,0.0984989053746845,0.0984646492517535,0.0984286065694923,0.0983907862153882,0.0983511978708414,0.0983098519736312,0.098266759681258,0.0982219328351688,0.0981753839258666,0.0981271260589079,0.0980771729217866,0.0980255387517038,0.0979722383042211,0.0979172868227928,0.0978607000091726,0.0978024939946885,0.0977426853123786,0.0976812908699792,0.097618327923757,0.0975538140531758,0.097487767136385,0.0974202053265212,0.0973511470288096,0.0972806108784523,0.097208615719292,0.0971351805832363,0.0970603246704291,0.0969840673301547,0.096906428042461,0.0968274264004858,0.0967470820934721,0.0966654148904558,0.0965824446246128,0.0964981911782477,0.0964126744684106,0.0963259144331243,0.0962379310182084,0.0961487441646841,0.0960583737967428,0.0959668398102661,0,0.141786035337804,0.140135853812134,0.138506356962639,0.136912903079081,0.13536222548385,0.133857794336418,0.132401341923406,0.130993534098351,0.129634330074379,0.128323201461127,0.127059278894588,0.1258414565444,0.12466846910991,0.123538949274535,0.122451470637452,0.121404579664123,0.120396819309149,0.119426746338188,0.118492943895114,0.117594030484607,0.116728666249023,0.115895557196437,0.115093457870724,0.114321172831791,0.113577557224067,0.112861516645484,0.112172006480733,0.111508030826719,0.110868641111224,0.110252934485245,0.109660052053634,0.109089176996127,0.108539532620873,0.108010380384479,0.107501017905966,0.107010776996568,0.106539021722781,0.106085146516302,0.10564857434136,0.105228754927336,0.104825163072397,0.104437297022058,0.104064676925135,0.103706843368298,0.103363355989484,0.103033792169577,0.102717745801188,0.102414826132798,0.102124656686183,0.101846874244717,0.101581127909943,0.10132707822364,0.101084396352523,0.100852763332647,0.100631869370587,0.100421413198444,0.100221101479791,0.10003064826371,0.09984977448414,0.0996782075018321,0.0995156806862968,0.0993619330352229,0.0992167088289376,0.0990797573175833,0.0989508324387835,0.0988296925636725,0.0987161002692646,0.0986098221352369,0.0985106285632976,0.0984182936174069,0.0983325948832116,0.0982533133451422,0.0981802332797093,0.09811314216362,0.0980518305954157,0.0979960922294092,0.0979457237207725,0.0979005246806982,0.0978602976406257,0.0978248480245857,0.0977939841287773,0.0977675171075532,0.0977452609650408,0.09772703255168,0.0977126515650088,0.0977019405540754,0.0976947249268963,0.0976908329604303,0.0976900958125669,0.0976923475356762,0.0976974250912969,0.0977051683655737,0.0977154201850901,0.0977280263327684,0.0977428355635426,0.0977596996195326,0.0977784732444749,0.097799014197191,0.0978211832638951,0.0978448442691647,0.0978698640854196,0.0978961126407733,0.0979234629251353,0.0979517909944687,0.0979809759731119,0.098010900054099,0.0980414484974201,0.0980725096261811,0.0981039748206313,0.0981357385100406,0.0981676981624207,0.0981997542720905,0.0982318103450984,0.0982637728825234,0.0982955513616831,0.098327058215284,0.0983582088085585,0.0983889214144371,0.0984191171868099,0.0984487201319394,0.0984776570780855,0.0985058576434145,0.0985332542022609,0.0985597818498194,0.0985853783653418,0.0986099841739204,0.098633542306938,0.0986559983612671,0.0986773004573017,0.0986973991959054,0.0987162476143618,0.0987338011414083,0.0987500175514403,0.0987648569179665,0.0987782815663998,0.0987902560262638,0.0988007469828949,0.0988097232287193,0.0988171556141801,0.0988230169983915,0.0988272821995914,0.0988299279454629,0.0988309328233951,0.0988302772307468,0.0988279433251794,0.0988239149751183,0.0988181777104021,0.0988107186731758,0.0988015265690817,0.0987905916187977,0.0987779055099724,0.0987634613496016,0.0987472536168894,0.0987292781166337,0.0987095319331742,0.0986880133849366,0.0986647219796079,0.0986396583699695,0.0986128243104178,0.0985842226141973,0.098553857111368,0.0985217326075275,0.0984878548433074,0.0984522304546593,0.0984148669339441,0.0983757725918374,0.0983349565200614,0.0982924285549511,0.0982481992418608,0.0982022798004183,0.0981546820906275,0.0981054185798227,0.0980545023104742,0.0980019468688458,0.0979477663544999,0.0978919753506478,0.0978345888953414,0.0977756224534991,0.09771509188976,0.0976530134421597,0.0975894036966172,0.0975242795622254,0.0974576582473361,0.0973895572364248,0.0973199942677294,0.0972489873116473,0.0971765545498796,0.0971027143553106,0.0970274852726081,0.0969508859995321,0.096872935368937,0.096793652331455,0.0967130559388446,0.0966311653279903,0.0965479997055403,0.0964635783331649,0.0963779205134239,0.096291045576225,0.0962029728658613,0.0961137217286105,0,0.144457737529836,0.14272560558817,0.141029747080751,0.139377300695114,0.137771816003849,0.136215159212825,0.134708187695598,0.133251076796803,0.131843512277736,0.130484819334455,0.129174057231767,0.127910092453695,0.126691656438871,0.125517391201396,0.124385885082611,0.123295700446502,0.12224539487444,0.121233537188168,0.120258719406953,0.119319565534097,0.118414737881545,0.117542941485062,0.116702927036976,0.115893492665627,0.115113484815813,0.114361798427852,0.11363737657014,0.112939209647766,0.11226633428503,0.111617831960726,0.110992827460115,0.110390487195709,0.109810017439457,0.109250662501151,0.108711702881483,0.108192453422842,0.107692261476533,0.107210505101317,0.106746591305105,0.106299954338937,0.105870054050216,0.105456374300291,0.105058421449932,0.104675722914981,0.10430782579335,0.103954295563731,0.1036147148556,0.103288682289576,0.102975811386716,0.102675729544961,0.102388077080677,0.102112506333043,0.101848680828853,0.101596274505223,0.10135497098763,0.101124462920671,0.10090445134893,0.100694645145359,0.10049476048464,0.10030452035899,0.100123654134005,0.0999518971421493,0.0997889903116012,0.0996346798282534,0.0994887168287293,0.0993508571223815,0.0992208609403168,0.0990984927095841,0.0989835208507447,0.0988757175971352,0.0987748588342119,0.0986807239574519,0.0985930957473656,0.0985117602602504,0.0984365067333948,0.0983671275035096,0.0983034179372378,0.0982451763726549,0.0981922040707448,0.0981443051758875,0.0981012866844614,0.0980629584207139,0.0980291330191106,0.0979996259124223,0.0979742553248566,0.0979528422695901,0.0979352105500958,0.0979211867647067,0.0979106003138928,0.0979032834097661,0.0978990710873668,0.0978978012173113,0.0978993145194217,0.0979034545769818,0.0979100678512929,0.0979190036962349,0.0979301143725581,0.0979432550616582,0.0979582838786105,0.0979750618842611,0.0979934530961906,0.0980133244983916,0.0980345460495124,0.0980569906895446,0.0980805343448411,0.0981050559313737,0.0981304373561504,0.0981565635167262,0.0981833222987576,0.0982106045715593,0.0982383041816366,0.0982663179441758,0.0982945456324861,0.0983228899653956,0.0983512565926126,0.0983795540780723,0.098407693881296,0.0984355903367974,0.0984631606315754,0.0984903247807414,0.0985170056013323,0.0985431286843652,0.098568622365195,0.0985934176922401,0.0986174483941428,0.0986406508454362,0.098662964030791,0.0986843295079158,0.0987046913691898,0.0987239962021055,0.0987421930485994,0.0987592333633516,0.0987750709711346,0.0987896620232889,0.0988029649534088,0.0988149404323137,0.0988255513223854,0.0988347626313486,0.0988425414655701,0.0988488569829503,0.098853680345483,0.0988569846715517,0.0988587449880332,0.0988589381822766,0.0988575429540216,0.098854539767319,0.0988499108025175,0.0988436399083696,0.0988357125543184,0.0988261157830145,0.0988148381631169,0.0988018697424242,0.0987872020013855,0.0987708278070294,0.0987527413673578,0.0987329381862387,0.0987114150188358,0.0986881698276088,0.0986632017389154,0.0986365110002411,0.0986080989380898,0.0985779679165506,0.098546121296571,0.0985125633959511,0.0984772994500783,0.0984403355734182,0.0984016787217759,0.0983613366553383,0.0983193179025081,0.0982756317245389,0.0982302880809754,0.0981832975959065,0.0981346715250336,0.0980844217235548,0.0980325606148691,0.0979791011600958,0.0979240568284104,0.0978674415681934,0.0978092697789853,0.0977495562842473,0.0976883163049169,0.097625565433754,0.0975613196104702,0.0974955950976297,0.0974284084573162,0.0973597765285527,0.0972897164054662,0.0972182454161836,0.09714538110245,0.097071141199955,0.0969955436193561,0.0969186064279858,0.0968403478322289,0.0967607861605585,0.0966799398472143,0.096597827416513,0.0965144674677728,0.0964298786608416,0.0963440797022142,0.0962570893317212,0,0.147176470953198,0.145351530065933,0.143583238782005,0.141868135496527,0.140205625564041,0.138595460496952,0.137037314007292,0.135530669887193,0.134074803274746,0.132668796699824,0.131311569541583,0.130001911594843,0.12873851604758,0.127520009422669,0.126344977390055,0.125211986203417,0.124119600005769,0.123066394486483,0.122050967448038,0.121071946824266,0.12012799663148,0.119217821259038,0.118340168432649,0.11749383111917,0.116677648588066,0.115890506801599,0.115131338271811,0.114399121495732,0.113692880059318,0.113011681484185,0.112354635878001,0.111720894438859,0.11110964785527,0.110520124636286,0.109951589400317,0.109403341146191,0.108874711525802,0.108365063134085,0.10787378782904,0.107400305091927,0.106944060435549,0.106504523866708,0.106081188407311,0.105673568677314,0.105281199541551,0.104903634821586,0.104540446072974,0.104191221427649,0.103855564500683,0.103533093360221,0.103223439559084,0.102926247226264,0.102641172216344,0.102367881314736,0.102106051496518,0.101855369236585,0.101615529868815,0.101386236991907,0.101167201919574,0.100958143172804,0.100758786011929,0.100568862006295,0.10038810863939,0.100216268947331,0.100053091188716,0.0998983285438712,0.0997517388416405,0.0996130843119172,0.0994821313621981,0.099358650376518,0.0992424155352004,0.0991332046539276,0.0990307990407141,0.0989349833694334,0.0988455455686193,0.0987622767243312,0.0986849709959355,0.09861342554372,0.0985474404673183,0.0984868187539785,0.0984313662357682,0.0983808915548563,0.0983352061360715,0.0982941241659773,0.0982574625777549,0.0982250410412308,0.0981966819574225,0.098172210457024,0.0981514544022823,0.0981342443917621,0.0981204137675213,0.0981097986242611,0.0981022378200397,0.0980975729881726,0.0980956485499693,0.0980963117279825,0.0980994125594731,0.0981048039098187,0.098112341485614,0.098121883847238,0.0981332924206784,0.0981464315084297,0.0981611682992937,0.098177372876936,0.0981949182270621,0.0982136802430993,0.0982335377302818,0.0982543724080516,0.0982760689107029,0.0982985147862094,0.0983216004931863,0.0983452193959513,0.0983692677576572,0.0983936447314826,0.0984182523498732,0.0984429955118379,0.0984677819683085,0.0984925223055853,0.0985171299268914,0.0985415210320702,0.0985656145954639,0.0985893323420166,0.0986125987216527,0.0986353408819825,0.0986574886393933,0.0986789744485883,0.0986997333706345,0.0987197030395915,0.0987388236277861,0.0987570378098068,0.0987742907252905,0.0987905299405752,0.098805705409295,0.0988197694319906,0.0988326766148149,0.0988443838274062,0.0988548501600067,0.0988640368799016,0.098871907387251,0.0988784271703922,0.0988835637606798,0.0988872866869392,0.0988895674296001,0.0988903793745784,0.0988896977669749,0.0988874996646513,0.0988837638917492,0.09887847099221,0.0988716031833551,0.0988631443095818,0.0988530797962276,0.098841396603656,0.0988280831816102,0.0988131294238836,0.0987965266233492,0.0987782674273913,0.0987583457937769,0.0987367569470053,0.098713497335171,0.0986885645873687,0.0986619574716756,0.098633675853734,0.0986037206559622,0.0985720938174168,0.0985387982543273,0.0985038378213215,0.0984672172733611,0.0984289422283995,0.0983890191307788,0.0983474552153742,0.0983042584724984,0.0982594376135726,0.0982130020375716,0.0981649617982463,0.0981153275721304,0.0980641106273305,0.0980113227931011,0.0979569764302063,0.0979010844020636,0.0978436600466695,0.0977847171493011,0.0977242699159916,0.0976623329477713,0.09759892121567,0.0975340500364716,0.0974677350492143,0.0973999921924269,0.0973308376820916,0.097260287990325,0.0971883598247645,0.0971150701086509,0.0970404359615954,0.0969644746810187,0.0968872037242511,0.0968086406912805,0.0967288033081358,0.096647709410893,0.096565376930291,0.0964818238769435,0.0963970683271341,0,0.14993421834201,0.148010030122593,0.146164545508762,0.144383662421712,0.142662134901886,0.140997258716703,0.139387292447984,0.137830865636433,0.136326725453889,0.134873625804073,0.133470282777378,0.132115362699937,0.130807486140851,0.12954523907285,0.12832718641847,0.127151885473213,0.126017897999276,0.124923800522307,0.123868192762019,0.122849704323291,0.121866999854477,0.1209187828978,0.120003798644756,0.119120835785227,0.118268727611887,0.117446352515836,0.116652633986961,0.115886540213597,0.115147083360426,0.114433318590622,0.113744342887698,0.113079293723622,0.112437347612479,0.111817718582706,0.111219656595668,0.110642445933854,0.110085403578095,0.10954787758989,0.109029245512063,0.10852891279851,0.108046311281678,0.107580897684582,0.107132152182633,0.106699577019205,0.106282695177741,0.105881049112257,0.105494199537289,0.105121724277667,0.104763217177934,0.104418287070805,0.10408655680363,0.103767662321599,0.103461251806129,0.103166984866736,0.102884531784525,0.102613572805352,0.102353797480636,0.102104904053759,0.10186659888998,0.101638595947774,0.101420616289551,0.101212387629694,0.10101364391795,0.100824124956201,0.100643576046729,0.100471747670132,0.10030839519111,0.10015327859042,0.100006162221322,0.0998668145889671,0.099735008151184,0.0996105191392269,0.0994931273970954,0.099382616238108,0.0992787723174719,0.0991813855196533,0.0990902488594156,0.0990051583954475,0.0989259131555626,0.0988523150725055,0.0987841689294515,0.098721282314339,0.0986634655822204,0.0986105318248668,0.0985622968469018,0.0985185791477883,0.0984791999090275,0.0984439829859721,0.098412754903691,0.0983853448563592,0.0983615847096797,0.0983413090058778,0.0983243549708377,0.0983105625229821,0.0982997742835206,0.0982918355877251,0.0982865944969085,0.0982839018108146,0.0982836110801429,0.0982855786189615,0.0982896635167769,0.0982957276500504,0.0983036356929731,0.0983132551273258,0.098324456251268,0.0983371121869206,0.0983510988866157,0.0983662951377093,0.09838258256586,0.0983998456366953,0.0984179716557968,0.0984368507669495,0.0984563759486096,0.0984764430085583,0.0984969505767181,0.0985178000961164,0.0985388958119924,0.0985601447590512,0.0985814567468733,0.098602744343501,0.0986239228572246,0.0986449103165994,0.0986656274487319,0.0986859976558759,0.0987059469903845,0.0987254041280708,0.0987443003400312,0.0987625694629886,0.0987801478682186,0.0987969744291203,0.0988129904874997,0.0988281398186321,0.0988423685951738,0.0988556253499927,0.0988678609379901,0.0988790284969852,0.0988890834077348,0.0988979832531596,0.0989056877768511,0.0989121588409274,0.0989173603833128,0.0989212583745078,0.09892382077392,0.0989250174858235,0.0989248203150127,0.0989232029222158,0.09892014077933,0.0989156111245409,0.0989095929173846,0.0989020667938118,0.0988930150213051,0.0988824214541084,0.0988702714886149,0.0988565520189654,0.0988412513929021,0.0988243593679239,0.0988058670677829,0.0987857669393656,0.098764052709993,0.098740719345177,0.0987157630068668,0.0986891810122138,0.0986609717928865,0.0986311348549608,0.0985996707394104,0.0985665809832199,0.0985318680811411,0.0984955354481116,0.0984575873823509,0.0984180290291511,0.0983768663453727,0.0983341060646594,0.0982897556633795,0.0982438233273023,0.0981963179190183,0.0981472489461044,0.0980966265300413,0.0980444613758838,0.0979907647426854,0.0979355484146766,0.0978788246731965,0.0978206062693753,0.0977609063975636,0.0976997386695052,0.0976371170892469,0.0975730560287813,0.0975075702044139,0.0974406746538475,0.0973723847139775,0.097302715999386,0.0972316843815285,0.0971593059686019,0.0970855970860832,0.0970105742579292,0.0969342541884257,0.0968566537446735,0.0967777899397026,0.0966976799161986,0.0966163409308325,0.0965337903391797,0,0.1527213042555,0.150696052750848,0.148770478023365,0.146921564711306,0.145139460823345,0.143418886290223,0.141756557501797,0.14015014093752,0.138597767797765,0.137097793824032,0.135648677638422,0.134248920375441,0.13289703822156,0.131591552704129,0.130330990254413,0.129113886231356,0.12793879070261,0.126804274518095,0.125708934934779,0.124651400464203,0.123630334841064,0.122644440128575,0.121692459031477,0.120773176508639,0.11988542078052,0.119028063821733,0.118200021420436,0.117400252876887,0.116627760404397,0.115881588287618,0.11516082184572,0.114464586241523,0.113792045171966,0.113142399470331,0.112514885646295,0.111908774386014,0.111323369031138,0.110758004052672,0.110212043532992,0.109684879667093,0.109175931292125,0.108684642452563,0.108210481006845,0.10775293728002,0.10731152276583,0.106885768880673,0.106475225771121,0.106079461175919,0.105698059342866,0.105330620000432,0.104976757383629,0.104636099313257,0.104308286327423,0.103992970863998,0.103689816492507,0.103398497193823,0.10311869668594,0.102850107794027,0.102592431862928,0.102345378210254,0.102108663618187,0.101882011862157,0.101665153274543,0.101457824341592,0.101259767331791,0.101070729953956,0.100890465043373,0.100718730274345,0.100555287897588,0.100399904500955,0.100252350792025,0.100112401401159,0.0999798347036831,0.0998544326599108,0.0997359806717763,0.0996242674549104,0.0995190849250425,0.0994202280976653,0.0993274949999538,0.0992406865939817,0.0991596067103209,0.0990840619911694,0.0990138618421852,0.0989488183922592,0.0988887464604961,0.0988334635297142,0.0987827897258171,0.0987365478024229,0.0986945631301781,0.0986566636902108,0.098622680071219,0.0985924454697125,0.098565795692965,0.0985425691642545,0.0985226069300038,0.0985057526684551,0.0984918526995381,0.0984807559956188,0.0984723141928317,0.0984663816027287,0.0984628152239919,0.0984614747539814,0.0984622225999065,0.0984649238894276,0.098469446480513,0.0984756609703936,0.0984834407034688,0.0984926617780403,0.0985032030517559,0.0985149461456678,0.0985277754468148,0.0985415781092566,0.098556244053497,0.0985716659642453,0.0985877392864723,0.0986043622197351,0.0986214357107439,0.0986388634441631,0.0986565518316386,0.0986744099990578,0.0986923497720515,0.0987102856597566,0.0987281348368621,0.0987458171239706,0.0987632549663072,0.0987803734108195,0.0987971000817102,0.0988133651544523,0.0988291013283395,0.0988442437976255,0.0988587302213126,0.098872500691648,0.0988854977013926,0.0988976661099259,0.0989089531082525,0.0989193081829783,0.0989286830793239,0.0989370317632441,0.0989443103827204,0.0989504772282987,0.0989554926929371,0.0989593192312346,0.0989619213181067,0.0989632654069753,0.0989633198875387,0.0989620550431848,0.0989594430081127,0.0989554577242232,0.0989500748978383,0.098943271956309,0.098935028004567,0.0989253237816764,0.0989141416174372,0.0989014653890923,0.0988872804781862,0.0988715737276237,0.0988543333989705,0.0988355491300414,0.0988152118928153,0.0987933139517137,0.0987698488222815,0.0987448112303026,0.0987181970713824,0.0986900033710267,0.0986602282452461,0.0986288708617093,0.0985959314014714,0.098561411021297,0.0985253118165994,0.0984876367850129,0.0984483897906147,0.0984075755288109,0.0983651994918992,0.0983212679353195,0.0982757878446015,0.098228766903018,0.0981802134599497,0.0981301364999664,0.0980785456126299,0.0980254509630192,0.0979708632629801,0.0979147937431,0.0978572541254058,0.0977982565967831,0.0977378137831146,0.0976759387241332,0.0976126448489847,0.0975479459524948,0.0974818561721353,0.0974143899656805,0.0973455620895473,0.0972753875778113,0.0972038817218884,0.097131060050875,0.0970569383125346,0.096981532454923,0.0969048586086391,0.0968269330696938,0.096747772282982,0.0966673928263495,0,0.155526824298179,0.153403366544576,0.151397023554043,0.149478967255045,0.147635345350481,0.145858428431402,0.144143385873819,0.142486877870686,0.140886368780697,0.139339768407493,0.137845236689802,0.136401075572501,0.135005669624015,0.133657454589804,0.132354902012573,0.131096512944639,0.129880816612855,0.128706371592208,0.127571768070666,0.126475630407822,0.125416619559927,0.124393435160963,0.123404817173528,0.122449547092108,0.121526448717624,0.120634388539781,0.119772275770995,0.11893906207719,0.118133741049325,0.117355347456624,0.116602956318958,0.115875681832158,0.115172676176389,0.114493128234273,0.113836262242206,0.113201336395328,0.112587641423899,0.111994499156321,0.111421261081844,0.110867306923957,0.11033204323369,0.109814902010457,0.109315339356652,0.108832834170985,0.108366886884475,0.107917018242043,0.107482768131874,0.107063694464006,0.106659372098982,0.106269391826952,0.105893359397118,0.105530894597119,0.10518163038161,0.104845212049081,0.104521296465749,0.104209551335203,0.103909654512368,0.103621293360251,0.103344164147885,0.103077971487812,0.102822427811464,0.102577252880745,0.102342173334152,0.102116922265767,0.101901238835494,0.101694867908917,0.101497559725218,0.101309069591618,0.101129157602854,0.100957588384236,0.100794130856917,0.100638558024003,0.100490646776224,0.100350177715925,0.100216934998179,0.100090706187879,0.0999712821317304,0.099858456844089,0.0997520274056544,0.0996517938740794,0.0995575592055848,0.0994691291867296,0.099386312375521,0.0993089200510924,0.0992367661712196,0.0991696673369793,0.0991074427638977,0.0990499142589661,0.0989969062029408,0.0989482455373725,0.0989037617558453,0.0988632868989361,0.0988266555524297,0.0987937048483594,0.0987642744684648,0.0987382066496847,0.09871534619133,0.0986955404636033,0.0986786394171517,0.0986644955933681,0.0986529641351679,0.0986439027979957,0.0986371719608301,0.0986326346369757,0.098630156484448,0.0986296058157721,0.0986308536070368,0.0986337735060526,0.0986382418394852,0.0986441376188465,0.0986513425452345,0.098659741012735,0.0986692201104011,0.0986796696227436,0.0986909820286748,0.0987030524988568,0.0987157788914206,0.0987290617460225,0.0987428042762239,0.0987569123601795,0.0987712945296333,0.098785861957225,0.0988005284421187,0.0988152103939702,0.0988298268152578,0.0988442992820027,0.0988585519229163,0.0988725113970095,0.0988861068697076,0.0988992699875187,0.0989119348513029,0.0989240379881975,0.0989355183222505,0.0989463171438251,0.0989563780778294,0.0989656470508375,0.0989740722571614,0.0989816041239407,0.0989881952753113,0.0989938004957219,0.0989983766924609,0.0990018828574609,0.0990042800284457,0.0990055312494841,0.0990056015310161,0.0990044578094136,0.0990020689061389,0.0989984054865635,0.0989934400185045,0.0989871467305421,0.0989795015701696,0.0989704821618384,0.0989600677649464,0.0989482392318258,0.098934978965779,0.0989202708792126,0.0989041003519147,0.0988864541895225,0.0988673205822201,0.0988466890637098,0.0988245504704947,0.0988008969015088,0.0987757216781296,0.0987490193046071,0.0987207854289372,0.0986910168042102,0.0986597112504616,0.0986268676170465,0.0985924857455652,0.0985565664333569,0.0985191113975831,0.0984801232399173,0.0984396054118562,0.0983975621806675,0.0983539985959856,0.0983089204570669,0.098262334280713,0.0982142472698709,0.0981646672829155,0.0981136028036198,0.0980610629118175,0.0980070572547596,0.0979515960191665,0.0978946899039761,0.0978363500937885,0.0977765882330026,0.0977154164006456,0.0976528470858883,0.0975888931642452,0.0975235678744516,0.0974568847960139,0.0973888578274246,0.0973195011650371,0.0972488292825906,0.0971768569113781,0.0971035990210483,0.0970290708010325,0.0969532876425871,0.0968762651214405,0.0967980189810355,0,0.158339794306445,0.156124943482389,0.154039489434759,0.152052488820056,0.150147168970511,0.148313719389092,0.146545885729707,0.144839350708951,0.14319090343296,0.141597985859267,0.140058434100923,0.138570326980451,0.137131896499453,0.135741475161992,0.134397465557679,0.133098323406744,0.131842548665515,0.130628681356833,0.129455300072208,0.128321021893949,0.127224502985706,0.126164439410182,0.125139567923661,0.124148666613147,0.123190555311808,0.122264095769764,0.121368191581203,0.120501787882233,0.119663870840812,0.118853466963316,0.118069642243127,0.117311501176133,0.116578185666785,0.115868873846598,0.115182778825111,0.114519147391314,0.113877258681558,0.11325642282809,0.112655979600517,0.112075297050853,0.111513770171221,0.110970819571916,0.110445890186216,0.10993845000722,0.109447988860954,0.108974017219109,0.108516065053971,0.108073680737409,0.107646429985226,0.107233894847615,0.106835672746061,0.106451375556644,0.106080628739378,0.105723070512962,0.105378351074105,0.105046131860415,0.104726084855678,0.104417891936263,0.104121244257301,0.103835841677202,0.103561392219054,0.103297611567414,0.103044222598967,0.102800954945566,0.102567544588127,0.10234373347992,0.102129269197767,0.101923904619735,0.101727397627912,0.101539510834909,0.101360011332754,0.101188670462913,0.101025263606177,0.100869569991246,0.100721372520833,0.1005804576142,0.10044661506507,0.100319637913873,0.100199322333386,0.100085467526818,0.09997787563745,0.0998763516690054,0.099780703415919,0.0996907414027551,0.0996062788320386,0.0995271315398062,0.099453117958221,0.0993840590846268,0.0993197784564483,0.099260102131382,0.0992048586723437,0.0991538791366745,0.0991069970691346,0.099064048498235,0.0990248719354924,0.098989308377209,0.098957201308407,0.0989283967085729,0.0989027430588787,0.0988800913505828,0.0988602950943187,0.0988432103300123,0.0988286956371755,0.0988166121453525,0.0988068235445027,0.0987991960951283,0.0987935986379663,0.0987899026030804,0.0987879820182047,0.0987877135162022,0.0987889763415186,0.0987916523555183,0.098795626040611,0.0988007845030781,0.0988070174745304,0.0988142173119289,0.0988222789961197,0.0988311001288375,0.0988405809281431,0.0988506242222713,0.0988611354418706,0.0988720226106244,0.0988831963342544,0.098894569787907,0.0989060587019367,0.0989175813461031,0.0989290585122022,0.0989404134951617,0.0989515720726331,0.0989624624831138,0.0989730154026462,0.0989831639201312,0.0989928435113093,0.0990019920114567,0.0990105495868496,0.0990184587050533,0.0990256641040918,0.0990321127605568,0.0990377538567167,0.0990425387466852,0.0990464209217128,0.0990493559746618,0.0990513015637281,0.0990522173754725,0.0990520650872226,0.0990508083289084,0.0990484126443924,0.0990448454523545,0.0990400760067919,0.099034075357193,0.0990268163084411,0.0990182733805065,0.0990084227679799,0.0989972422995013,0.0989847113971357,0.0989708110357461,0.0989555237024116,0.0989388333559382,0.0989207253865046,0.0989011865754895,0.0988802050555178,0.0988577702707672,0.0988338729375705,0.0988085050053509,0.0987816596179217,0.0987533310751816,0.0987235147952375,0.0986922072769788,0.0986594060631324,0.0986251097038189,0.0985893177206351,0.0985520305712801,0.0985132496147465,0.0984729770770907,0.0984312160177995,0.0983879702967661,0.0983432445418862,0.098297044117288,0.0982493750922002,0.0982002442104719,0.0981496588607442,0.0980976270472849,0.0980441573614853,0.0979892589540242,0.0979329415077005,0.0978752152109343,0.0978160907319364,0.0977555791935453,0.0976936921487278,0.0976304415567421,0.0975658397599577,0.0974998994613283,0.0974326337025125,0.097364055842635,0.0972941795376831,0.0972230187205308,0.097150587581582,0.0970769005500255,0.0970019722756934,0.0969258176115128,0,0.161150017539734,0.158853384722833,0.156692695325637,0.154638328202191,0.152671986685065,0.150782354034808,0.148961996317692,0.147205719956873,0.145509675149415,0.143870842491248,0.142286727449556,0.140755173719928,0.139274247566804,0.137842165842517,0.136457251361543,0.135117905531284,0.133822591860051,0.132569826271754,0.131358171623467,0.130186234764289,0.129052665081044,0.127956153867336,0.126895434103234,0.125869280393201,0.124876508911907,0.123915977272313,0.122986584271189,0.122087269492836,0.121217012767589,0.120374833491277,0.119559789817355,0.118770977736423,0.118007530059161,0.117268615318912,0.116553436609721,0.11586123037475,0.11519126515887,0.114542840337981,0.113915284836295,0.113307955841545,0.112720237526799,0.112151539786415,0.11160129699251,0.111068966777349,0.110554028846116,0.110055983823674,0.10957435213821,0.109108672943983,0.108658503084795,0.108223416099323,0.107803001268994,0.107396862708699,0.107004618500316,0.106625899868755,0.10626035039997,0.105907625300209,0.10556739069563,0.105239322971223,0.104923108147951,0.104618441296875,0.104325025989008,0.104042573779581,0.103770803725382,0.103509441933811,0.103258221142285,0.103016880326643,0.102785164337185,0.102562823561039,0.10234961360953,0.102145295029281,0.101949633035791,0.101762397268284,0.101583361564643,0.101412303755285,0.101249005474877,0.101093251990838,0.100944832047576,0.100803537725509,0.100669164313887,0.100541510196545,0.100420376749685,0.100305568250878,0.100196891798483,0.100094157240726,0.0999971771137137,0.0999057665876975,0.0998197434209296,0.0997389279204843,0.0996631429094549,0.0995922136999611,0.0995259680714342,0.0994642362536694,0.0994068509141707,0.0993536471493288,0.0993044624790066,0.0992591368441252,0.0992175126068673,0.0991794345531395,0.0991447498969527,0.0991133082864038,0.099084961810958,0.0990595650097535,0.099036974880667,0.0990170508898955,0.0989996549818271,0.098984651588992,0.0989719076418964,0.0989612925785614,0.0989526783536009,0.098945939446686,0.0989409528702601,0.0989375981763781,0.0989357574625573,0.0989353153765391,0.0989361591198732,0.0989381784502432,0.0989412656824682,0.0989453156881205,0.0989502258937109,0.0989558962774018,0.098962229364218,0.0989691302197301,0.0989765064421976,0.0989842681531601,0.0989923279864807,0.0990006010758409,0.0990090050407021,0.0990174599707493,0.0990258884088386,0.0990342153324763,0.0990423681338599,0.0990502765985172,0.0990578728825824,0.0990650914887509,0.0990718692409598,0.0990781452578413,0.0990838609249997,0.0990889598661646,0.0990933879132757,0.0990970930755537,0.0991000255076155,0.0991021374766912,0.0991033833290027,0.0991037194553616,0.0991031042560474,0.0991014981050246,0.0990988633135587,0.0990951640932899,0.0990903665188227,0.0990844384898897,0.0990773496931464,0.0990690715636528,0.0990595772460968,0.099048841555813,0.0990368409396496,0.0990235534367339,0.0990089586391855,0.0989930376528263,0.0989757730579316,0.0989571488700683,0.0989371505010638,0.0989157647201429,0.0988929796152759,0.0988687845547747,0.0988431701491689,0.0988161282134006,0.0987876517293667,0.0987577348088393,0.0987263726567932,0.098693561535166,0.0986592987270762,0.0986235825015226,0.098586412078585,0.0985477875951458,0.0985077100711527,0.0984661813764356,0.0984232041980944,0.0983787820084706,0.0983329190337137,0.0982856202229537,0.0982368912180879,0.0981867383241897,0.0981351684805462,0.0980821892323289,0.0980278087029021,0.0979720355667716,0.0979148790231755,0.0978563487703165,0.0977964549802389,0.0977352082743445,0.0976726196995494,0.0976087007050765,0.0975434631198805,0.0974769191307019,0.0974090812607445,0.0973399623489702,0.0972695755300053,0.0971979342146528,0.0971250520710008,0.0970509430061217,0,0.163948773752685,0.161581334060087,0.15935119382351,0.157232376570276,0.155206583960768,0.153261713877004,0.151389497876365,0.149584033660219,0.147840912597923,0.146156689512529,0.144528551945865,0.142954109651983,0.141431258903053,0.139958094500957,0.138532852692996,0.137153874268709,0.135819580861811,0.134528459871467,0.133279054975943,0.132069960240481,0.130899816503323,0.12976730917633,0.128671166896362,0.127610160661794,0.126583103219382,0.125588848552989,0.124626291382541,0.123694366619073,0.122792048746289,0.121918351115199,0.121072325148741,0.120253059459952,0.119459678891225,0.11869134348451,0.117947247393449,0.117226617748726,0.116528713487757,0.115852824159296,0.115198268712793,0.114564394281463,0.113950574967142,0.113356210634024,0.112780725717529,0.11222356805362,0.111684207733128,0.111162135984858,0.110656864090578,0.110167922334357,0.109694858988194,0.109237239335334,0.108794644732287,0.108366671710136,0.107952931115425,0.107553047290602,0.10716665729377,0.106793410157282,0.10643296618453,0.106084996284161,0.105749181340801,0.105425211621295,0.105112786215399,0.104811612509766,0.104521405694073,0.104241888298078,0.103972789758378,0.103713846013642,0.103464799127093,0.103225396935,0.102995392719988,0.102774544907963,0.102562616787483,0.102359376250436,0.102164595552907,0.101978051095145,0.101799523219584,0.1016287960259,0.101465657202106,0.101309897870749,0.101161312449287,0.101019698523765,0.100884856734942,0.100756590676064,0.100634706801492,0.100519014345458,0.100409325250214,0.100305454102912,0.100207218080551,0.100114436902382,0.100026932789166,0.0999445304287314,0.0998670569472927,0.0997943418860178,0.0997262171823609,0.0996625171557008,0.0996030784968501,0.0995477402610183,0.0994963438638412,0.0994487330801051,0.0994047540448158,0.0993642552562847,0.0993270875809194,0.0992931042594292,0.0992621609141688,0.0992341155573661,0.0992088285999907,0.0991861628610406,0.0991659835770384,0.0991481584115404,0.099132557464482,0.0991190532811902,0.0991075208609144,0.0990978376647306,0.0990898836226965,0.099083541140139,0.0990786951029708,0.0990752328819423,0.0990730443357477,0.0990720218129112,0.0990720601523914,0.0990730566828495,0.0990749112205379,0.0990775260657705,0.0990808059979505,0.0990846582691291,0.0990889925960874,0.0990937211509308,0.0990987585501972,0.0991040218424848,0.09910943049461,0.0991149063763131,0.0991203737435315,0.0991257592202693,0.0991309917790906,0.0991360027202724,0.0991407256496543,0.0991450964552253,0.0991490532824917,0.0991525365086725,0.0991554887157706,0.0991578546625687,0.0991595812556052,0.0991606175191797,0.0991609145644455,0.0991604255576435,0.0991591056875335,0.0991569121320799,0.0991538040244482,0.099149742418369,0.0991446902529281,0.0991386123168353,0.0991314752122308,0.0991232473180844,0.0991138987532391,0.0991034013391561,0.0990917285624103,0.0990788555369905,0.0990647589664522,0.099049417105972,0.0990328097243522,0.0990149180660194,0.0989957248130626,0.098975214047353,0.0989533712127857,0.0989301830776846,0.0989056376974054,0.0988797243771745,0.0988524336351975,0.0988237571660685,0.0987936878045125,0.098762219489489,0.0987293472286833,0.0986950670634127,0.0986593760339688,0.098622272145421,0.0985837543338991,0.0985438224333751,0.0985024771429616,0.098459719994742,0.0984155533221469,0.0983699802288899,0.0983230045584733,0.0982746308642753,0.0982248643802259,0.0981737109920791,0.0981211772092895,0.0980672701374952,0.0980119974516143,0.097955367369555,0.0978973886265433,0.0978380704500681,0.0977774225354431,0.0977154550219868,0.0976521784698155,0.0975876038372507,0.0975217424588334,0.0974546060239447,0.0973862065560271,0.0973165563923994,0.0972456681646631,0.0971735547796897,0,0.166728225924365,0.164301838406488,0.162009497865278,0.159830346412948,0.157747548391179,0.155749005741334,0.153826031189154,0.151972235870342,0.150182771849374,0.148453831680161,0.146782317326761,0.14516561954974,0.143601470000599,0.14208784174234,0.140622882317487,0.13920486879962,0.137832177711097,0.136503264977443,0.135216652632465,0.133970920038768,0.132764698105765,0.131596665477043,0.130465545992714,0.129370106959492,0.128309157915445,0.127281549681148,0.126286173560094,0.125321960599554,0.12438788085598,0.123482942631381,0.122606191662239,0.121756710252742,0.120933616350861,0.120136062570225,0.119363235163455,0.118614352954234,0.117888666236159,0.117185455646648,0.116504031024054,0.115843730255691,0.115203918124003,0.114583985157376,0.113983346491494,0.113401440746373,0.112837728923579,0.112291693327456,0.111762836513581,0.111250680267111,0.110754764613145,0.110274646860778,0.109809900682087,0.109360115226921,0.108924894274042,0.108503855418852,0.108096629297732,0.107702858848748,0.107322198608349,0.106954314043477,0.106598880918414,0.106255584695562,0.10592411996927,0.105604189931748,0.105295505870061,0.104997786693148,0.104710758487773,0.104434154102317,0.104167712757299,0.103911179681499,0.103664305772578,0.103426847281096,0.103198565516841,0.102979226576389,0.102768601090856,0.102566463992827,0.102372594301431,0.102186774924638,0.102008792477794,0.101838437117505,0.101675502389993,0.101519785093044,0.101371085150771,0.101229205500359,0.101093951990067,0.100965133287736,0.100842560799121,0.100726048595358,0.100615413348943,0.100510474277597,0.100411053095434,0.10031697397087,0.100228063490742,0.100144150630124,0.100065066727347,0.0999906454637796,0.0999207228479051,0.0998551372032926,0.0997937291600606,0.0997363416494541,0.0996828199011801,0.0996330114431619,0.0995867661033941,0.0995439360135942,0.0995043756143678,0.0994679416616187,0.0994344932339517,0.0994038917408312,0.0993760009312764,0.0993506869028827,0.0993278181109798,0.0993072653777462,0.0992889019011128,0.0992726032633043,0.0992582474388761,0.0992457148021176,0.0992348881337046,0.0992256526264934,0.09921789589036,0.0992115079559994,0.0992063812776087,0.099202410734385,0.0991994936307837,0.0991975296954845,0.099196421079027,0.0991960723500804,0.0991963904903234,0.0991972848879143,0.0991986673295415,0.0992004519910457,0.0992025554266183,0.0992048965565789,0.0992073966537453,0.0992099793284113,0.0992125705119556,0.0992150984391025,0.0992174936288703,0.099219688864233,0.0992216191705379,0.099223221792714,0.0992244361713145,0.0992252039174381,0.0992254687865746,0.0992251766514233,0.0992242754737341,0.0992227152752221,0.0992204481076079,0.0992174280218371,0.0992136110365314,0.0992089551057272,0.0992034200859534,0.0991969677027056,0.0991895615163682,0.0991811668876399,0.0991717509425149,0.0991612825368734,0.0991497322207321,0.0991370722022072,0.0991232763112385,0.0991083199631249,0.0990921801219181,0.0990748352637209,0.0990562653399372,0.0990364517405134,0.0990153772572186,0.0989930260469998,0.0989693835954543,0.0989444366804546,0.0989181733359649,0.0988905828160794,0.0988616555593185,0.0988313831532127,0.0987997582992034,0.0987667747778885,0.0987324274146391,0.0986967120456112,0.0986596254841768,0.0986211654877927,0.098581330725331,0.0985401207448844,0.0984975359420682,0.0984535775288303,0.0984082475027846,0.0983615486170803,0.0983134843508188,0.0982640588800252,0.0982132770491871,0.0981611443433648,0.0981076668608799,0.0980528512865881,0.0979967048657396,0.0979392353784297,0.0978804511146423,0.0978203608498865,0.0977589738214275,0.0976962997051094,0.097632348592771,0.0975671309702489,0.0975006576959684,0.0974329399801162,0.0973639893643908,0.0972938177023276,0,0.169481438730046,0.167008641759091,0.164662294566182,0.162427906732749,0.160291352014947,0.158241310682306,0.156269125664416,0.154368181811163,0.152533343618841,0.150760529770489,0.149046407559777,0.147388177302112,0.145783421265677,0.144229998190132,0.142725969857629,0.141269550139464,0.139859069758175,0.138492951999188,0.13716969601915,0.135887865399366,0.134646080300501,0.13344301207327,0.132277379529645,0.131147946323601,0.130053519060966,0.128992945876662,0.127965115300312,0.126968955288753,0.126003432344152,0.125067550664456,0.124160351292421,0.123280911243103,0.122428342599098,0.121601791569262,0.120800437511023,0.120023491919217,0.119270197386162,0.118539826538703,0.117831680958431,0.11714509009136,0.116479410153211,0.115834023036091,0.115208335221922,0.114601776707471,0.114013799945307,0.113443878804449,0.112891507553978,0.112356199872353,0.111837487884727,0.111334921230111,0.110848066159831,0.110376504668379,0.109919833657433,0.109477664133516,0.109049620439541,0.108635339520238,0.108234470221296,0.107846672621863,0.107471617399918,0.10710898522991,0.106758466211962,0.106419759331837,0.106092571950838,0.105776619324711,0.105471624150617,0.105177316141201,0.10489343162476,0.104619713170495,0.104355909237853,0.104101773848935,0.103857066282971,0.103621550791872,0.103394996335877,0.103177176338335,0.102967868458682,0.102766854382701,0.102573919629152,0.102388853371928,0.102211448276867,0.102041500352425,0.101878808813401,0.101723175956964,0.101574407050243,0.101432310228763,0.101296696405053,0.101167379186771,0.101044174803712,0.100926902043094,0.100815382192547,0.100709438990249,0.100608898581679,0.100513589482477,0.100423342546926,0.100337990941599,0.100257370123722,0.100181317823833,0.100109674032345,0.100042280989614,0.0999789831791667,0.0999196273237356,0.0998640623837703,0.099812139558124,0.0997637122866157,0.0997186362541934,0.0996767693964359,0.0996379719061463,0.0996021062408062,0.0995690371306714,0.0995386315873068,0.0995107589123669,0.0994852907064472,0.0994621008778382,0.0994410656510302,0.0994220635748265,0.0994049755299346,0.0993896847359164,0.0993760767573872,0.0993640395093662,0.0993534632616884,0.0993442406423991,0.0993362666400603,0.0993294386049068,0.0993236562488009,0.0993188216439366,0.0993148392202606,0.0993116157615759,0.0993090604003064,0.0993070846109075,0.0993056022019086,0.0993045293065882,0.0993037843722784,0.0993032881483092,0.099302963672601,0.099302736256925,0.0993025334708488,0.0993022851243944,0.0993019232494361,0.0993013820798691,0.0993005980305848,0.099299509675291,0.0992980577232146,0.0992961849947322,0.0992938363959714,0.0992909588924284,0.0992875014816519,0.0992834151650387,0.0992786529187943,0.0992731696641066,0.0992669222365853,0.0992598693550182,0.0992519715894957,0.099243191328957,0.0992334927482073,0.0992228417744593,0.0992112060534495,0.099198554915178,0.0991848593393245,0.0991700919203863,0.0991542268325881,0.0991372397946088,0.0991191080341727,0.099099810252548,0.0990793265889969,0.0990576385852182,0.0990347291498232,0.0990105825228851,0.0989851842405964,0.0989585211000743,0.0989305811243443,0.0989013535275388,0.0988708286803401,0.0988389980756963,0.0988058542948419,0.0987713909736463,0.0987356027693172,0.0986984853274816,0.0986600352496667,0.0986202500612017,0.0985791281795583,0.0985366688831487,0.0984928722805963,0.0984477392804947,0.098401271561668,0.0983534715439434,0.0983043423594499,0.0982538878244483,0.0982021124117059,0.0981490212234171,0.0980946199646833,0.0980389149175494,0.0979819129156064,0.0979236213191618,0.0978640479909777,0.0978032012725801,0.0977410899611398,0.0976777232869219,0.0976131108913052,0.097547262805369,0.0974801894290427,0.0974119015108177,0,0.172203510183008,0.169696392050772,0.167304628474958,0.165020814499223,0.162834438863067,0.160735640230847,0.15871623442928,0.15676965899814,0.154890665288055,0.153075006772636,0.151319183382117,0.149620246238067,0.147975653074202,0.146383162889059,0.144840759936814,0.143346599268904,0.14189896792835,0.14049625741746,0.139136944228253,0.137819576103598,0.136542762347819,0.135305166981794,0.134105503883023,0.132942533299832,0.131815059307054,0.130721927897649,0.129662025495347,0.128634277737918,0.127637648426607,0.126671138570075,0.125733785474518,0.124824661848291,0.123942874901218,0.123087565427147,0.122257906864148,0.12145310433087,0.120672393640268,0.11991504029372,0.119180338459641,0.118467609941287,0.117776203138681,0.117105492009572,0.116454875034148,0.115823774187933,0.115211633926895,0.114617920188425,0.11404211941137,0.113483737577929,0.112942299279761,0.112417346810295,0.111908439284856,0.111415151789866,0.110937074562107,0.110473812198711,0.110024982898333,0.109590217733702,0.109169159955588,0.108761464328027,0.108366796494497,0.107984832374634,0.10761525759095,0.107257766924915,0.106912063801725,0.106577859802984,0.10625487420648,0.105942833552227,0.10564147123388,0.105350527114628,0.105069747166659,0.104798883133279,0.104537692212755,0.104285936762994,0.104043384026116,0.103809805872067,0.103584978560351,0.103368682519046,0.103160702140251,0.102960825591126,0.102768844639746,0.10258455449496,0.102407753659526,0.102238243795758,0.102075829603002,0.101920318706233,0.101771521555128,0.101629251332959,0.101493323874712,0.101363557593819,0.101239773416948,0.10112179472631,0.101009447308936,0.100902559312452,0.100800961206848,0.100704485751787,0.100612967969022,0.100526245119483,0.10044415668465,0.100366544351814,0.100293252002866,0.100224125706263,0.100159013711844,0.100097766448174,0.100040236522118,0.0999862787203624,0.0999357500126153,0.0998885095562241,0.099844418701978,0.0998033410008633,0.0997651422115571,0.0997296903084622,0.0996968554900905,0.0996665101876216,0.0996385290734705,0.0996127890697119,0.0995891693562195,0.0995675513783887,0.0995478188543211,0.099529857781363,0.0995135564418941,0.0994988054082764,0.0994854975468807,0.0994735280211186,0.0994627942934125,0.0994531961260493,0.0994446355808675,0.099437017017736,0.099430247091792,0.0994242347494087,0.099418891222873,0.099414130023759,0.0994098669349863,0.0994060200015645,0.0994025095200203,0.0993992580265197,0.0993961902836934,0.0993932332661839,0.0993903161449325,0.0993873702702331,0.0993843291535765,0.0993811284483197,0.0993777059292106,0.0993740014708063,0.0993699570248239,0.0993655165964615,0.0993606262197361,0.0993552339318794,0.0993492897468388,0.0993427456279297,0.0993355554596864,0.0993276750189617,0.0993190619453214,0.0993096757107864,0.0992994775889685,0.0992884306236524,0.0992764995968716,0.099263650996527,0.0992498529835986,0.0992350753589965,0.0992192895300998,0.0992024684770297,0.0991845867187021,0.0991656202787047,0.0991455466510432,0.099124344765797,0.0991019949547279,0.0990784789168804,0.0990537796842126,0.0990278815872958,0.0990007702211175,0.0989724324110226,0.0989428561788275,0.0989120307091359,0.0988799463158879,0.098846594409172,0.0988119674623244,0.0987760589793436,0.0987388634626431,0.098700376381166,0.098660594138881,0.0986195140436808,0.0985771342767012,0.0985334538620775,0.098488472637154,0.0984421912231597,0.0983946109963665,0.0983457340597369,0.0982955632150757,0.0982441019356926,0.098191354339586,0.0981373251631517,0.0980820197354268,0.0980254439528697,0.0979676042546833,0.097908507598682,0.0978481614377071,0.0977865736965886,0.0977237527496581,0.097659707398808,0.0975944468520997,0.0975279807029157,0,0.174891379554737,0.172360743867771,0.169932042341535,0.167605033765105,0.165373312437792,0.16322899685955,0.161164774647498,0.159174413312902,0.15725273718384,0.155395457556656,0.15359898758937,0.151860281577972,0.150176706441326,0.148545942908517,0.146965911196107,0.14543471588099,0.14395060540439,0.142511942530763,0.141117182905936,0.139764859545518,0.138453571631307,0.137181976415729,0.135948783353955,0.134752749821772,0.133592677953332,0.132467412262011,0.131375837801796,0.130316878695259,0.129289496904002,0.128292691153767,0.12732549595272,0.126386980660602,0.125476248580322,0.124592436053652,0.123734711549903,0.122902274741665,0.122094355565327,0.121310213266605,0.120549135433016,0.119810437016287,0.119093459348324,0.118397569154667,0.117722157569424,0.117066639155582,0.116430450934374,0.115813051427128,0.115213919712675,0.114632554503067,0.114068473240008,0.113521211214041,0.11299032070823,0.112475370167743,0.111975943396461,0.111491638781477,0.111022068546096,0.110566858031728,0.110125645008889,0.109698079017334,0.109283820735184,0.108882541376822,0.108493922119154,0.10811765355579,0.107753435178586,0.107400974885916,0.107059988517017,0.106730199411651,0.106411337994358,0.106103141382475,0.10580535301714,0.10551772231643,0.10524000434983,0.10497195953317,0.104713353343215,0.104463956051078,0.104223542473627,0.103991891742095,0.103768787087083,0.103554015639185,0.103347368244486,0.103148639294163,0.102957626567492,0.102774131087548,0.102597956988912,0.102428911396732,0.102266804316495,0.102111448533886,0.101962659524146,0.101820255370349,0.101684056690034,0.101553886569682,0.101429570506486,0.10131093635696,0.101197814291877,0.101090036757109,0.100987438439908,0.100889856240227,0.100797129246664,0.100709098716662,0.100625608060584,0.100546502829315,0.10047163070506,0.100400841495018,0.100333987127624,0.100270921651071,0.100211501233834,0.100155584166946,0.100103030867762,0.10005370388498,0.100007467904711,0.0999641897573694,0.0999237384251956,0.0998859850502264,0.0998508029425349,0.0998180675885788,0.0997876566595046,0.0997594500192665,0.0997333297324277,0.0997091800715241,0.0996868875238767,0.0996663407977527,0.0996474308277798,0.099630050779531,0.099614096053202,0.0995994642863162,0.0995860553553937,0.099573771376536,0.0995625167048777,0.0995521979328701,0.0995427238873642,0.0995340056254679,0.0995259564291605,0.0995184917986494,0.0995115294444631,0.0995049892782787,0.0994987934024858,0.0994928660984957,0.0994871338138053,0.0994815251478361,0.0994759708365634,0.0994704037359629,0.0994647588042987,0.0994589730832841,0.0994529856781467,0.0994467377366337,0.0994401724269922,0.0994332349149669,0.0994258723398533,0.0994180337896498,0.0994096702753528,0.099400734704439,0.0993911818535798,0.0993809683406365,0.0993700525959804,0.0993583948331867,0.0993459570191492,0.0993327028436625,0.0993185976885204,0.0993036085961751,0.0992877042380062,0.0992708548822438,0.0992530323615919,0.0992342100405955,0.0992143627827969,0.0991934669177223,0.0991715002077417,0.0991484418148413,0.0991242722673498,0.0990989734266555,0.099072528453951,0.0990449217770435,0.0990161390572611,0.0989861671564938,0.0989549941043941,0.0989226090657733,0.0988890023082194,0.0988541651699647,0.0988180900280286,0.0987807702666614,0.0987422002461108,0.0987023752717343,0.0986612915634765,0.0986189462257316,0.0985753372176083,0.0985304633236124,0.0984843241247646,0.0984369199701645,0.0983882519490166,0.0983383218631246,0.0982871321998715,0.098234686105687,0.0981809873600161,0.0981260403497913,0.0980698500444186,0.0980124219712778,0.0979537621917447,0.0978938772777364,0.0978327742887822,0.0977704607496214,0.0977069446283295,0.0976422343149709,0,0.177543445298913,0.174998368928075,0.172540669558625,0.170176836035631,0.167904618406562,0.16571843556279,0.163612171117502,0.161580178855382,0.159617542423798,0.157720061635476,0.155884152884046,0.154106734938713,0.152385125300778,0.15071695418219,0.149100096241031,0.147532617811209,0.146012736795067,0.144538792532502,0.143109223348767,0.141722549917245,0.140377362973067,0.139072314251281,0.137806109795707,0.136577504997938,0.135385300889555,0.134228341334645,0.13310551086263,0.132015732950848,0.130957968617805,0.129931215226306,0.128934505423928,0.127966906169296,0.127027517808065,0.12611547317396,0.125229936698607,0.124370103520031,0.123535198584135,0.122724475736676,0.121937216805463,0.121172730674062,0.120430352349259,0.119709442025162,0.119009384147147,0.118329586478929,0.117669479176039,0.11702851386883,0.116406162757906,0.115801917724645,0.115215289459174,0.114645806607898,0.114093014942364,0.113556476550986,0.113035769054887,0.112530484848845,0.112040230368119,0.111564625381723,0.111103302312493,0.110655905584151,0.110222090995412,0.109801525121014,0.109393884739476,0.108998856287248,0.108616135338851,0.108245426112514,0.107886441000756,0.107538900125315,0.107202530915768,0.106877067711158,0.106562251383924,0.106257828985388,0.105963553412073,0.105679183092076,0.105404481690753,0.105139217834949,0.104883164855017,0.104636100543878,0.10439780693239,0.104168070080274,0.103946679881908,0.103733429886272,0.103528117130354,0.10333054198537,0.10314050801511,0.102957821845823,0.102782293046974,0.102613734022329,0.102451959910743,0.102296788496129,0.102148040126042,0.10200553763838,0.101869106295675,0.101738573726509,0.101613769873579,0.101494526947962,0.101380679389156,0.101272063830467,0.101168519069366,0.101069886042405,0.100976007804356,0.100886729511199,0.100801898406637,0.100721363811801,0.100644977117863,0.100572591781235,0.100504063321097,0.100439249318974,0.100378009420114,0.100320205336429,0.10026570085076,0.100214361822261,0.10016605619269,0.100120653993417,0.100078027352961,0.100038050504888,0.100000599795918,0.099965553694063,0.0999327927966914,0.0999021998383566,0.0998736596982859,0.0998470594074103,0.0998222881548345,0.0997992372936499,0.0997778003460066,0.0997578730073645,0.0997393531498545,0.0997221408246863,0.0997061382635479,0.0996912498789493,0.0996773822634678,0.0996644441878616,0.0996523465980221,0.0996410026107438,0.0996303275082935,0.0996202387317699,0.0996106558732449,0.0996015006666878,0.0995926969776751,0.0995841707918938,0.0995758502024504,0.099567665396002,0.0995595486377278,0.0995514342551658,0.099543258620938,0.0995349601343957,0.0995264792022138,0.0995177582179686,0.0995087415407358,0.0994993754727442,0.099489608236126,0.0994793899488037,0.0994686725995552,0.0994574100223008,0.0994455578696549,0.0994330735857871,0.0994199163786381,0.0994060471915345,0.0993914286742485,0.0993760251535478,0.0993598026032798,0.0993427286140374,0.0993247723624474,0.0993059045801293,0.0992860975223631,0.0992653249365154,0.0992435620302577,0.0992207854396241,0.0991969731969459,0.0991721046987011,0.0991461606733189,0.0991191231489733,0.0990909754214037,0.0990617020217954,0.0990312886847526,0.0989997223163967,0.0989669909626194,0.0989330837775206,0.0988979909920567,0.0988617038829291,0.0988242147417338,0.0987855168443991,0.0987456044209315,0.0987044726254925,0.0986621175068244,0.0986185359790435,0.0985737257928203,0.0985276855069583,0.0984804144603895,0.0984319127445982,0.0983821811764865,0.0983312212716903,0.0982790352183585,0.0982256258514026,0.0981709966272244,0.0981151515989294,0.0980580953920312,0.0979998331806518,0.0979403706642216,0.0978797140446834,0.0978178700041998,0.0977548456833687,0,0.180159405804542,0.177606887219757,0.175127278488641,0.172732878142038,0.170425218725434,0.168201123678126,0.16605590117615,0.163984710282936,0.161983069515744,0.160046998527101,0.158173012000373,0.15635806074452,0.15459946033167,0.152894823574581,0.151242002540514,0.149639041190491,0.148084137838777,0.146575615971242,0.145111901861502,0.143691507558656,0.14231301803673,0.140975081522226,0.139676402221512,0.138415734843528,0.137191880454246,0.136003683310797,0.134850028409816,0.133729839551058,0.132642077768021,0.131585740015774,0.130559858035205,0.12956349733479,0.128595756247482,0.127655765032634,0.12674268500216,0.125855707656999,0.124994053825084,0.124156972795714,0.123343741447999,0.122553663372942,0.121786067990063,0.121040309660385,0.120315766798142,0.119611840983871,0.118927956081686,0.118263557363524,0.117618110643038,0.116991101421645,0.116382034049054,0.115790430900336,0.115215831571363,0.114657792094216,0.114115884173904,0.113589694447499,0.113078823766608,0.112582886503849,0.112101509883873,0.111634333339239,0.111181007891357,0.110741195556521,0.11031456877698,0.109900809876842,0.109499610542556,0.109110671327592,0.10873370118091,0.108368416998707,0.108014543198923,0.107671811317914,0.107339959628677,0.107018732779998,0.106707881455843,0.106407162054343,0.106116336385656,0.105835171388051,0.105563438861482,0.105300915218007,0.10504738124832,0.104802621903756,0.10456642609307,0.104338586493351,0.104118899374413,0.10390716443603,0.103703184657398,0.103506766158228,0.103317718070857,0.10313585242284,0.102960984029428,0.102792930395431,0.102631511625915,0.102476550345235,0.102327871623931,0.102185302912982,0.102048673985,0.101917816881886,0.101792565868559,0.101672757392317,0.101558230047465,0.101448824544812,0.10134438368568,0.101244752340079,0.101149777428705,0.101059307908452,0.100973194761111,0.100891290984982,0.100813451589101,0.100739533589821,0.100669396009486,0.100602899876952,0.100539908229727,0.100480286117501,0.100423900606853,0.10037062078695,0.100320317776028,0.100272864728486,0.100228136842433,0.100186011367504,0.100146367612829,0.100109086954979,0.100074052845793,0.100041150819937,0.1000102685021,0.0999812956137102,0.0999541239790904,0.0999286475309458,0.0999047623151221,0.09988236649455,0.0998613603523172,0.0998416462938067,0.0998231288478531,0.0998057146668696,0.0997893125259126,0.0997738333206462,0.0997591900641863,0.0997452978828009,0.0997320740104522,0.0997194377821729,0.0997073106262684,0.0996956160553492,0.0996842796561933,0.0996732290784499,0.099662394022196,0.0996517062243606,0.0996410994440367,0.0996305094467038,0.0996198739873844,0.0996091327927634,0.0995982275423022,0.0995871018483753,0.0995757012354694,0.0995639731184768,0.099551866780123,0.0995393333475664,0.0995263257682114,0.0995127987847745,0.0994987089096462,0.0994840143985919,0.0994686752238325,0.0994526530465504,0.099435911188862,0.0994184146053022,0.0994001298538623,0.0993810250666253,0.0993610699200396,0.0993402356048764,0.0993184947959083,0.099295821621352,0.0992721916321156,0.0992475817708879,0.0992219703411099,0.0991953369758629,0.0991676626067134,0.099138929432546,0.0991091208884207,0.0990782216144866,0.0990462174249835,0.0990130952773617,0.0989788432415496,0.098943450469397,0.0989069071643197,0.0988692045511712,0.0988303348463661,0.0987902912282774,0.0987490678079286,0.0987066596000018,0.09866306249418,0.0986182732268416,0.0985722893531229,0.0985251092193657,0.0984767319359608,0.0984271573506044,0.0983763860219756,0.0983244191938473,0.0982712587696411,0.0982169072874327,0.0981613678954166,0.0981046443278371,0.09804674088139,0.0979876623921013,0.0979274142126862,0.0978660021903898,0,0.182740363540899,0.180184728274436,0.177689274508823,0.175270256644272,0.172932254550337,0.170674396473997,0.168493539015499,0.166385816303501,0.164347336814536,0.162374465135499,0.16046390974218,0.158612724328251,0.156818274215935,0.155078192121811,0.153390334266317,0.151752741334794,0.150163605670862,0.148621244630789,0.147124079416595,0.14567061851286,0.144259444858911,0.142889205980945,0.141558606429763,0.14026640199079,0.139011395241634,0.137792432124256,0.136608399273842,0.135458221906426,0.134340862114437,0.133255317456084,0.132200619752879,0.131175834031488,0.130180057562803,0.12921241896399,0.128272077338978,0.127358221440251,0.126470068840404,0.125606865106073,0.124767882969967,0.12395242149899,0.123159805258071,0.12238938347048,0.121640529176147,0.12091263839002,0.120205129262764,0.11951744124621,0.118849034265975,0.118199387903607,0.117568000590448,0.116954388815244,0.116358086347356,0.115778643477171,0.11521562627515,0.114668615870705,0.114137207751925,0.113621011086948,0.113119648067629,0.112632753275969,0.11215997307362,0.111700965014657,0.111255397281663,0.110822948145085,0.110403305445695,0.109996166099938,0.109601235627836,0.10921822770308,0.108846863724878,0.108486872411069,0.108137989412,0.107799956944601,0.107472523446085,0.107155443246685,0.106848476260802,0.106551387695957,0.10626394777891,0.105985931498313,0.105717118363278,0.105457292177221,0.10520624082636,0.104963756082264,0.104729633417822,0.104503671836067,0.104285673711235,0.104075444641516,0.103872793312916,0.103677531373698,0.103489473318854,0.103308436384107,0.103134240448932,0.102966707948094,0.102805663791262,0.102650935290205,0.102502352093148,0.102359746125848,0.102222951538985,0.102091804661457,0.101966143959192,0.10184580999912,0.101730645417922,0.101620494895234,0.10151520513095,0.101414624826329,0.101318604668572,0.101226997318599,0.101139657401726,0.101056441500973,0.100977208152757,0.100901817844698,0.100830133015325,0.100762018055439,0.100697339310923,0.100635965086795,0.100577765652306,0.1005226132469,0.100470382086856,0.100420948372455,0.100374190295505,0.100329988047081,0.10028822382535,0.100248781843333,0.100211548336501,0.100176411570079,0.100143261845964,0.100111991509153,0.100082494953596,0.100054668627387,0.100028411037228,0.100003622752096,0.0999802064060437,0.0999580667000942,0.0999371104031775,0.0999172463520636,0.0998983854502653,0.0998804406658751,0.0998633270283177,0.0998469616239979,0.0998312635908301,0.0998161541116432,0.0998015564064557,0.0997873957236224,0.0997735993298575,0.0997600964991417,0.0997468185005283,0.0997336985848598,0.0997206719704182,0.0997076758275275,0.0996946492621343,0.0996815332983936,0.0996682708602876,0.0996548067523117,0.0996410876392561,0.0996270620251226,0.0996126802312104,0.0995978943734074,0.0995826583387276,0.099566927761133,0.0995506599966806,0.0995338140980334,0.0995163507883794,0.0994982324347981,0.0994794230211157,0.0994598881202918,0.0994395948663775,0.0994185119260879,0.0993966094700272,0.0993738591436085,0.0993502340377071,0.0993257086590874,0.0993002589006395,0.0992738620114651,0.0992464965668488,0.0992181424381491,0.0991887807626461,0.0991583939133771,0.0991269654689936,0.0990944801836734,0.0990609239571126,0.099026283804633,0.0989905478274278,0.0989537051829757,0.0989157460556461,0.0988766616275219,0.0988364440494626,0.0987950864124275,0.0987525827190829,0.0987089278557096,0.0986641175644311,0.0986181484157781,0.0985710177816069,0.0985227238083837,0.0984732653908513,0.0984226421460886,0.0983708543879761,0.0983179031020754,0.0982637899209353,0.0982085170998291,0.0981520874929343,0.0980945045299583,0.0980357721932168,0.0979758949951706,0,0.185287710501615,0.182730943063622,0.180224670364021,0.177786540306858,0.1754231964958,0.173135806538189,0.170922797694927,0.168781393012778,0.166708417899759,0.164700694507358,0.162755216507323,0.160869211450409,0.159040148160481,0.157265719353623,0.155543815028672,0.15387249435899,0.152249959662728,0.150674533850732,0.14914464164328,0.147658794318965,0.146215577542006,0.144813641758838,0.14345169467844,0.142128495408298,0.140842849885357,0.139593607306885,0.138379657324668,0.137199927815538,0.13605338308216,0.134939022371009,0.133855878620784,0.132803017375274,0.131779535810969,0.130784561842399,0.129817253278021,0.128876797007076,0.127962408203669,0.127073329538761,0.126208830394169,0.125368206075123,0.124550777019866,0.123755888006071,0.122982907354838,0.122231226133657,0.121500257360161,0.120789435208691,0.120098214221833,0.119426068529071,0.118772491074627,0.118136992856461,0.117519102178242,0.116918363915922,0.116334338800381,0.115766602717428,0.115214746026217,0.114678372897037,0.114157100669186,0.113650559229524,0.113158390412162,0.112680247419562,0.112215794265246,0.111764705238175,0.111326664388762,0.110901365036406,0.110488509298329,0.110087807639463,0.109698978443042,0.109321747601526,0.108955848127422,0.108601019783547,0.108257008732236,0.107923567202969,0.107600453177891,0.107287430094663,0.106984266566086,0.106690736115915,0.106406616930311,0.106131691624322,0.10586574702285,0.105608573955519,0.105359967064865,0.105119724627323,0.10488764838642,0.104663543397671,0.104447217884617,0.104238483105505,0.104037153230095,0.103843045226098,0.103655978754768,0.103475776075168,0.103302261956669,0.103135263599215,0.102974610560953,0.102820134692786,0.102671670079454,0.102529052986757,0.102392121814534,0.102260717055031,0.102134681256318,0.102013858990397,0.101898096825681,0.101787243303532,0.101681148918541,0.101579666102269,0.101482649210152,0.101389954511314,0.101301440181018,0.101216966295508,0.101136394829003,0.101059589652607,0.100986416534932,0.100916743144209,0.100850439051691,0.100787375736164,0.100727426589382,0.100670466922246,0.100616373971585,0.100565026907359,0.100516306840161,0.100470096828868,0.100426281888319,0.100384748996898,0.100345387103902,0.100308087136613,0.100272742006941,0.10023924661758,0.100207497867582,0.100177394657272,0.100148837892434,0.100121730487719,0.1000959773692,0.100071485476046,0.100048163761252,0.100025923191401,0.100004676745425,0.0999843394123267,0.0999648281878614,0.0999460620701427,0.0999279620541732,0.0999104511252888,0.0998934542515146,0.0998768983748332,0.0998607124013729,0.0998448271905213,0.0998291755429803,0.0998136921877751,0.0997983137682376,0.0997829788269841,0.0997676277899122,0.099752202949242,0.0997366484456305,0.0997209102493896,0.0997049361408379,0.0996886756898224,0.0996720802344423,0.0996551028590124,0.0996376983713032,0.0996198232790932,0.0996014357660757,0.0995824956671555,0.0995629644431771,0.0995428051551224,0.0995219824378197,0.0995004624732013,0.099478212963151,0.0994552031019801,0.0994314035485709,0.0994067863982264,0.0993813251542637,0.0993549946993888,0.09932777126689,0.0992996324116842,0.0992705569812526,0.0992405250864995,0.0992095180725667,0.099177518489637,0.0991445100637566,0.099110477667708,0.0990754072919603,0.0990392860157283,0.099002101978162,0.0989638443496981,0.0989245033035931,0.0988840699876638,0.0988425364962574,0.09879989584247,0.0987561419306368,0.0987112695291095,0.0986652742433399,0.0986181524892867,0.0985699014671584,0.0985205191355108,0.0984700041857064,0.0984183560167537,0.0983655747105335,0.0983116610074234,0.0982566162823305,0.098200442521139,0.0981431422975819,0.0980847187505395,0,0.18780254187943,0.185245013587875,0.182732038517149,0.180279784124559,0.177895881907314,0.175583165557678,0.173341567373908,0.171169455845311,0.16906446693869,0.167023975288403,0.16504534282692,0.163126038917077,0.161263689476115,0.159456088567261,0.157701191433516,0.155997099477899,0.154342042820794,0.152734363291992,0.151172499161263,0.149654972063506,0.148180376133204,0.14674736915257,0.145354665435518,0.144001030155445,0.142685274844229,0.141406253823513,0.140162861366706,0.138954029426052,0.137778725791056,0.136635952571929,0.135524744924447,0.134444169951204,0.133393325729211,0.132371340425787,0.131377371474155,0.13041060478763,0.129470253997146,0.128555559701367,0.127665788722176,0.126800233360961,0.125958210653171,0.125139061620076,0.124342150517792,0.123566864084384,0.122812610786389,0.122078820066435,0.12136494159384,0.120670444520109,0.119994816741299,0.119337564169103,0.118698210012453,0.118076294071249,0.117471372043728,0.116883014848782,0.116310807964392,0.115754350783172,0.115213255985873,0.114687148933517,0.114175667078725,0.113678459396645,0.113195185835767,0.112725516788807,0.112269132583742,0.111825722994965,0.111394986774486,0.110976631202986,0.110570371660513,0.110175931216513,0.109793040238868,0.109421436021563,0.109060862430562,0.10871106956746,0.108371813450436,0.108042855712026,0.107723963313211,0.107414908273316,0.107115467415196,0.106825422125178,0.106544558127245,0.106272665270933,0.106009537332406,0.105754971828205,0.105508769841143,0.105270735857853,0.105040677617468,0.104818405970972,0.104603734750703,0.104396480649576,0.10419646310953,0.104003504218782,0.103817428617416,0.103638063410912,0.103465238091174,0.103298784464673,0.103138536587295,0.102984330705534,0.102836005203643,0.102693400556393,0.102556359287102,0.102424725930584,0.102298347000708,0.10217707096225,0.102060748206736,0.10194923103198,0.101842373625056,0.1017400320484,0.101642064228825,0.101548329949157,0.101458690842283,0.101373010387361,0.101291153907988,0.10121298857209,0.101138383393362,0.101067209234037,0.100999338808814,0.100934646689767,0.100873009312064,0.100814304980338,0.100758413875562,0.100705218062279,0.100654601496065,0.100606450031078,0.100560651427591,0.100517095359394,0.100475673420952,0.100436279134233,0.100398807955106,0.100363157279235,0.100329226447388,0.100296916750087,0.100266131431545,0.100236775692828,0.100208756694183,0.100181983556508,0.100156367361893,0.100131821153235,0.100108259932861,0.100085600660161,0.100063762248204,0.100042665559321,0.100022233399641,0.100002390512589,0.099983063571325,0.0999641811701439,0.0999456738148278,0.0999274739119706,0.0999095157572802,0.0998917355228778,0.0998740712436098,0.099856462802395,0.0998388519146285,0.0998211821116692,0.0998033987234375,0.0997854488601513,0.0997672813932331,0.0997488469354184,0.0997300978200999,0.0997109880799425,0.0996914734248024,0.0996715112189894,0.0996510604579078,0.0996300817441122,0.0996085372628185,0.099586390756906,0.0995636075014499,0.0995401542778202,0.0995159993473881,0.0994911124248748,0.0994654646513805,0.0994390285671317,0.0994117780839815,0.0993836884577008,0.0993547362600918,0.0993248993509629,0.0992941568499943,0.0992624891085299,0.0992298776813251,0.0991963052982838,0.0991617558362116,0.0991262142906168,0.0990896667475852,0.0990521003557559,0.0990135032984246,0.098973864765798,0.0989331749274229,0.0988914249048133,0.0988486067442959,0.0988047133900939,0.0987597386576698,0.0987136772073429,0.0986665245182009,0.098618276862319,0.0985689312793027,0.098518485551168,0.0984669381775714,0.098414288351401,0.0983605359347404,0.0983056814352139,0.0982497259827238,0.0981926713065847,0,0.190285690498591,0.187726694711985,0.185210459901149,0.182748529474122,0.180348539696893,0.178014577621479,0.175747948574144,0.173548169034864,0.171413743137095,0.169342671196653,0.167332754421094,0.165381765944379,0.163487539971316,0.161648012892636,0.159861237359488,0.15812538193434,0.156438723714235,0.15479963813629,0.153206588261351,0.151658114701629,0.15015282670627,0.148689394555941,0.147266543226822,0.145883047194133,0.144537726211965,0.143229441903486,0.141957095008227,0.140719623152207,0.139515999027333,0.138345228886332,0.137206351277171,0.136098435956247,0.1350205829325,0.133971921605202,0.13295160996686,0.131958833849663,0.130992806199444,0.130052766365624,0.129137979399007,0.128247735352059,0.127381348578357,0.126538157029481,0.125717521548817,0.124918825162584,0.124141472369019,0.12338488842707,0.122648518646215,0.121931827679128,0.121234298819034,0.120555433303499,0.119894749626409,0.119251782859738,0.118626083986619,0.118017219247064,0.117424769497565,0.116848329585635,0.116287507740206,0.115741924978673,0.115211214531216,0.114695021282919,0.114193001234071,0.113704820978944,0.113230157203209,0.112768696200091,0.112320133405259,0.111884172950376,0.111460527235174,0.111048916517853,0.110649068523553,0.110260718070598,0.109883606714185,0.10951748240715,0.109162099177397,0.108817216821603,0.108482600614729,0.108158021034905,0.107843253503215,0.107538078137914,0.1072422795226,0.106955646487855,0.106677971905875,0.106409052497618,0.106148688651978,0.105896684256518,0.105652846539298,0.105416985921329,0.105188915879202,0.104968452817444,0.10475541595017,0.104549627191592,0.104350911054973,0.104159094559616,0.103974007145485,0.103795480595078,0.103623348962164,0.103457448507023,0.10329761763782,0.10314369685779,0.102995528717864,0.102852957774442,0.102715830551966,0.102583995510016,0.10245730301461,0.102335605313429,0.102218756514695,0.10210661256943,0.10199903125683,0.101895872172522,0.101796996719451,0.101702268101174,0.101611551317328,0.101524713161077,0.101441622218316,0.101362148868441,0.10128616528651,0.101213545446594,0.10114416512616,0.101077901911325,0.101014635202815,0.100954246222489,0.100896618020287,0.100841635481465,0.100789185333999,0.100739156156031,0.100691438383255,0.100645924316135,0.100602508126857,0.100561085865925,0.100521555468325,0.100483816759162,0.100447771458724,0.100413323186884,0.100380377466798,0.100348841727839,0.100318625307718,0.100289639453755,0.100261797323268,0.100235013983027,0.100209206407779,0.100184293477791,0.10016019597542,0.10013683658067,0.100114139865763,0.100092032288678,0.100070442185693,0.100049299762911,0.100028537086789,0.100008088073663,0.0999878884783031,0.0999678758814987,0.099947989676693,0.0999281710556929,0.0999083629934729,0.099888510232097,0.0998685592637879,0.0998484583131682,0.0998281573187061,0.0998076079133945,0.0997867634046975,0.0997655787537951,0.0997440105541629,0.0997220170095193,0.0996995579111773,0.0996765946148352,0.099653090016844,0.0996290085299861,0.0996043160588035,0.0995789799745103,0.0995529690895269,0.0995262536316718,0.0994988052180456,0.0994705968286445,0.0994416027797358,0.0994117986970315,0.0993811614886925,0.0993496693181971,0.0993173015771046,0.099284038857747,0.0992498629258781,0.0992147566933098,0.0991787041905648,0.0991416905395719,0.0991037019264335,0.0990647255742867,0.0990247497162874,0.0989837635687368,0.0989417573043761,0.0988987220258684,0.0988546497394907,0.0988095333290532,0.0987633665300655,0.0987161439041666,0.0986678608138352,0.0986185133973955,0.0985680985443328,0.098516613870931,0.0984640576962474,0.0984104290184317,0.0983557274914034,0.0982999534018956,0,0.192736459823678,0.190175921196766,0.187659481831934,0.185191795112554,0.182779803865329,0.180428463652904,0.178140279577006,0.175915871638143,0.17375463345057,0.171655239849109,0.169615987265109,0.167635005896572,0.165710384893868,0.163840241962962,0.162022758829465,0.160256196473374,0.158538898882765,0.156869290693597,0.155245871923013,0.153667211648975,0.15213194165441,0.150638750550403,0.149186378597231,0.147773613275236,0.146399285569083,0.145062266887187,0.143761466523196,0.142495829566223,0.141264335173911,0.140065995132928,0.138899852642947,0.137764981271131,0.136660484034067,0.13558549257279,0.134539166393854,0.133520692155583,0.13252928298364,0.131564177804195,0.130624640686218,0.129709960187078,0.128819448697655,0.127952441784779,0.127108297530015,0.126286395864746,0.125486137902138,0.124706945267064,0.123948259425375,0.12320954101409,0.122490269174169,0.121789940887589,0.121108070320364,0.120444188173135,0.119797841040812,0.119168590782672,0.118556013904158,0.117959700951521,0.117379255920279,0.116814295678369,0.116264449404699,0.115729358043722,0.115208673776499,0.114702059508648,0.114209188375436,0.113729743264197,0.113263416354182,0.112809908673847,0.112368929675538,0.111940196827447,0.111523435222686,0.111118377205247,0.1107247620126,0.110342335434628,0.109970849488574,0.109610062109638,0.109259736856866,0.10891964263391,0.108589553424279,0.108269248040635,0.107958509887723,0.107657126738483,0.107364890522927,0.10708159712931,0.106807046217194,0.10654104104192,0.106283388290093,0.106033897925625,0.105792383045915,0.105558659747744,0.105332547002483,0.105113866540184,0.104902442742179,0.104698102541788,0.104500675332744,0.104309992884984,0.104125889267418,0.103948200777345,0.103776765876147,0.103611425130946,0.103452021161883,0.103298398594702,0.103150404018344,0.103007885947229,0.102870694787962,0.102738682810155,0.102611704121113,0.102489614644111,0.102372272100007,0.102259535991946,0.102151267592919,0.102047329935942,0.10194758780664,0.101851907738018,0.101760158007212,0.101672208634031,0.101587931381093,0.101507199755375,0.101429889011004,0.101355876153123,0.101285039942669,0.101217260901918,0.101152421320646,0.101090405262771,0.10103109857335,0.100974388885799,0.100920165629226,0.100868320035769,0.100818745147827,0.100771335825097,0.100725988751323,0.100682602440674,0.100641077243667,0.100601315352575,0.100563220806248,0.100526699494283,0.100491659160497,0.100458009405648,0.10042566168936,0.10039452933122,0.100364527511009,0.100335573268033,0.100307585499539,0.100280484958197,0.100254194248619,0.10022863782292,0.100203741975304,0.100179434835675,0.100155646362276,0.100132308333342,0.100109354337808,0.100086719765041,0.10006434179364,0.100042159379302,0.100020113241778,0.0999981458509369,0.0999762014119598,0.099954225849687,0.0999321667921458,0.0999099735532837,0.0998875971149375,0.0998649901080664,0.0998421067932818,0.0998189030407041,0.0997953363091803,0.0997713656248952,0.0997469515594107,0.0997220562071671,0.0996966431624811,0.0996706774960759,0.0996441257311772,0.0996169558192113,0.0995891371151392,0.099560640352462,0.0995314376179297,0.0995015023259905,0.0994708091930114,0.0994393342113031,0.0994070546229834,0.0993739488937072,0.0993399966862979,0.0993051788343057,0.0992694773155272,0.0992328752255093,0.0991953567510688,0.0991569071438531,0.0991175126939657,0.0990771607036848,0.0990358394612958,0.0989935382150603,0.0989502471473463,0.0989059573489361,0.0988606607935352,0.0988143503124984,0.098767019569792,0.0987186630372089,0.098669275969851,0.098618854381895,0.0985673950226549,0.0985148953529531,0.0984613535218146,0.0984067683434908,0,0.195152217371357,0.192592829501351,0.190079093614362,0.187609062955161,0.185188717067033,0.182823576951971,0.180517157350622,0.178271099355054,0.176085672825049,0.173960250320335,0.171893662169821,0.169884438017548,0.16793096213768,0.166031568986162,0.164184599332335,0.162388431264206,0.160641495659925,0.158942282377933,0.157289341147267,0.155681279635451,0.154116760194346,0.152594496160509,0.151113248195615,0.149671820912749,0.148269059891476,0.146903849102776,0.145575108721002,0.144281793278945,0.143022890114546,0.14179741805775,0.140604426309978,0.139442993474393,0.1383122267014,0.137211260919938,0.136139258130697,0.135095406742299,0.134078920935754,0.133089040045986,0.132125027952199,0.131186172471244,0.13027178475004,0.12938119865466,0.128513770154842,0.127668876703639,0.126845916612562,0.126044308423091,0.125263490275762,0.124502919278266,0.123762070874129,0.123040438213597,0.122337531528337,0.121652877511549,0.120986018704984,0.120336512894275,0.119703932513883,0.119087864062831,0.118487907532285,0.117903675845895,0.117334794313722,0.116780900100416,0.116241641708226,0.115716678475303,0.115205680089661,0.114708326119061,0.114224305557,0.113753316384916,0.113295065150635,0.11284926656303,0.112415643102809,0.111993924649277,0.111583848122901,0.111185157143447,0.11079760170342,0.110420937856535,0.11005492742088,0.109699337696455,0.109353941196719,0.109018515393779,0.108692842476838,0.108376709123516,0.108069906283645,0.107772228975136,0.107483476091514,0.107203450220722,0.106931957474787,0.106668807329943,0.106413812476823,0.106166788680316,0.105927554648707,0.105695931911707,0.105471744707014,0.105254819875008,0.105044986761242,0.104842077126358,0.104645925063084,0.104456366919972,0.104273241231543,0.104096388654513,0.103925651909792,0.103760875729942,0.103601906811784,0.103448593773893,0.103300787118658,0.103158339198666,0.103021104187123,0.102888938052065,0.102761698534093,0.102639245127404,0.10252143906388,0.102408143300001,0.102299222506358,0.102194543059576,0.102093973036414,0.101997382209866,0.101904642047056,0.101815625708761,0.101730208050374,0.101648265624137,0.101569676682499,0.101494321182415,0.101422080790478,0.101352838888699,0.101286480580835,0.101222892699122,0.101161963811293,0.101103584227766,0.1010476460089,0.100994042972208,0.100942670699439,0.10089342654343,0.100846209634656,0.10080092088739,0.100757463005406,0.100715740487158,0.100675659630369,0.100637128535985,0.100600057111434,0.100564357073143,0.100529941948287,0.100496727075721,0.100464629606062,0.100433568500912,0.100403464531182,0.100374240274507,0.100345820111743,0.100318130222521,0.100291098579871,0.1002646549439,0.100238730854525,0.100213259623278,0.100188176324173,0.10016341778365,0.100138922569619,0.100114630979604,0.100090485028012,0.100066428432541,0.100042406599763,0.10001836660988,0.099994257200699,0.0999700287508453,0.0999456332622394,0.0999210243418673,0.0998961571828766,0.0998709885450251,0.0998454767345177,0.0998195815832589,0.0997932644275577,0.0997664880863158,0.099739216838732,0.0997114164015571,0.0996830539059335,0.0996540978738504,0.0996245181942511,0.0995942860988224,0.099563374137501,0.0995317561537289,0.099499407259489,0.0994663038101522,0.0994324233791685,0.0993977447326304,0.0993622478037387,0.0993259136671998,0.099288724513583,0.0992506636236623,0.0992117153427733,0.0991718650552064,0.0991310991586647,0.0990894050388057,0.0990467710438955,0.0990031864595905,0.0989586414838738,0.0989131272021613,0.098866635562599,0.0988191593515694,0.0987706921694221,0.0987212284064469,0.0986707632191037,0.0986192925065224,0.0985668128872877,0.0985133216765197,0,0.197530548328058,0.194977894560814,0.19246972168322,0.190000261038291,0.187574725491509,0.185199010088876,0.182877451664036,0.180612601566988,0.178405561350255,0.176256398872826,0.174164498406825,0.172128818781003,0.170148071425884,0.16822083800036,0.166345645436506,0.164521012156694,0.162745475333698,0.161017605999621,0.159336016572489,0.157699363802836,0.156106349073921,0.154555717273991,0.153046254988329,0.151576788453991,0.150146181526274,0.148753333785176,0.147397178836907,0.146076682822841,0.144790843124822,0.143538687244176,0.142319271827335,0.1411316818107,0.139975029659267,0.138848454676569,0.137751122366851,0.136682223833766,0.135640975202994,0.134626617058956,0.133638413888223,0.132675653524217,0.131737646589507,0.130823725933355,0.129933246063264,0.129065582570147,0.128220131547376,0.127396309004459,0.126593550276467,0.125811309430555,0.125049058671052,0.124306287744717,0.123582503347732,0.122877228536001,0.122190002140276,0.121520378187513,0.120867925329821,0.120232226282196,0.119612877270172,0.119009487488368,0.118421678570806,0.117849084073767,0.117291348971824,0.116748129167613,0.116219091015762,0.115703910861351,0.115202274593162,0.1147138772119,0.114238422413494,0.113775622187544,0.113325196430873,0.112886872576139,0.112460385235379,0.11204547585833,0.111641892405333,0.11124938903459,0.110867725803513,0.110496668383896,0.110135987790592,0.109785460123385,0.109444866321723,0.109113991931964,0.108792626886786,0.108480565296385,0.108177605251118,0.107883548635203,0.107598200951115,0.107321371154301,0.107052871497856,0.106792517386778,0.106540127241449,0.106295522369981,0.106058526849062,0.105828967412969,0.105606673350381,0.105391476408678,0.105183210705373,0.104981712646364,0.104786820850685,0.104598376081437,0.104416221182609,0.104240201021479,0.104070162436309,0.103905954189059,0.103747426922828,0.103594433123776,0.103446827087246,0.103304464887847,0.103167204353248,0.103034905041438,0.102907428221233,0.102784636855791,0.102666395588929,0.102552570734031,0.102443030265327,0.102337643811377,0.102236282650538,0.102138819708246,0.102045129555949,0.101955088411488,0.101868574140797,0.101785466260747,0.10170564594298,0.101628996018611,0.101555400983628,0.101484747004891,0.101416921926586,0.101351815277012,0.101289318275611,0.101229323840101,0.101171726593647,0.101116422871939,0.101063310730122,0.101012289949468,0.100963262043725,0.100916130265068,0.100870799609584,0.100827176822233,0.100785170401222,0.10074469060174,0.100705649439024,0.100667960690683,0.10063153989828,0.100596304368103,0.10056217317113,0.100529067142134,0.10049690887793,0.100465622734742,0.100435134824669,0.100405373011253,0.100376266904138,0.100347747852822,0.100319748939494,0.100292204970977,0.100265052469764,0.100238229664175,0.100211676477636,0.100185334517097,0.100159147060609,0.100133059044076,0.100107017047201,0.100080969278655,0.100054865560483,0.100028657311782,0.100002297531673,0.0999757407815912,0.0999489431669315,0.0999218623180718,0.0998944573708071,0.0998666889462242,0.0998385191300499,0.0998099114515027,0.0997808308616804,0.0997512437115159,0.0997211177293337,0.0996904219980374,0.0996591269319618,0.0996272042534218,0.0995946269689862,0.0995613693455122,0.0995274068859669,0.0994927163050686,0.0994572755047755,0.0994210635496537,0.0993840606421486,0.0993462480977906,0.0993076083203613,0.0992681247770442,0.0992277819735887,0.0991865654295081,0.0991444616533382,0.0991014581179768,0.0990575432361287,0.0990127063358731,0.098966937636378,0.0989202282237772,0.0988725700272299,0.0988239557951789,0.0987743790718255,0.098723834173835,0.0986723161672876,0.0986198208448895,0,0.199870659611155,0.197332121273952,0.194832238849687,0.192365744145449,0.189937666021371,0.187554193543004,0.185220312274771,0.182939353202754,0.180713177837855,0.178542522376298,0.176427325949789,0.174366992501984,0.172360583184396,0.170406951091709,0.168504832527387,0.166652907148582,0.164849836555198,0.163094288311577,0.161384950331249,0.159720539019723,0.158099803468192,0.156521527219831,0.154984528600744,0.153487660249648,0.152029808241805,0.150609891046145,0.149226858453301,0.147879690548208,0.146567396761228,0.145289015008147,0.14404361091595,0.142830277124385,0.141648132650377,0.140496322301808,0.139374016127995,0.138280408895628,0.137214719580723,0.136176190868953,0.135164088658376,0.134177701560162,0.133216340394227,0.132279337677799,0.131366047105896,0.130475843023434,0.129608119889249,0.128762291732817,0.127937791604727,0.127134071022254,0.126350599411466,0.125586863547447,0.124842366994191,0.124116629545751,0.123409186670146,0.1227195889575,0.122047401573764,0.121392203721292,0.120753588107431,0.120131160422189,0.119524538825893,0.118933353447697,0.118357245895644,0.117795868778906,0.117248885242724,0.116715968516482,0.116196801475241,0.11569107621502,0.115198493641986,0.114718763075695,0.114251601866426,0.113796735026623,0.113353894876389,0.112922820702938,0.112503258433885,0.112094960324188,0.111697684656551,0.111311195455067,0.110935262211836,0.110569659626307,0.110214167357033,0.109868569785567,0.10953265579216,0.109206218542953,0.108889055288337,0.108580967172137,0.108281759051288,0.107991239325664,0.107709219777719,0.107435515421601,0.107169944361395,0.106912327658168,0.106662489205476,0.106420255613005,0.106185456098026,0.105957922384332,0.105737488608355,0.105523991232144,0.105317268962908,0.105117162678815,0.104923515360765,0.10473617202985,0.104554979690213,0.10437978727705,0.104210445609468,0.104046807347962,0.103888726956233,0.103736060667125,0.103588666452424,0.103446403996294,0.103309134672116,0.103176721522518,0.103049029242377,0.102925924164581,0.102807274248365,0.102692949070006,0.1025828198157,0.102476759276442,0.10237464184472,0.102276343512865,0.102181741872886,0.102090716117632,0.102003147043141,0.101918917052005,0.101837910157641,0.101760011989312,0.101685109797775,0.101613092461447,0.10154385049295,0.101477276045941,0.101413262922118,0.101351706578297,0.101292504133476,0.101235554375784,0.101180757769247,0.101128016460281,0.101077234283847,0.101028316769194,0.100981171145136,0.1009357063448,0.100891833009789,0.100849463493722,0.100808511865101,0.100768893909466,0.100730527130806,0.100693330752201,0.10065722571565,0.100622134681094,0.100587982024586,0.100554693835608,0.100522197913527,0.100490423763176,0.100459302589554,0.100428767291652,0.100398752455403,0.100369194345755,0.100340030897888,0.100311201707567,0.100282648020664,0.100254312721841,0.100226140322429,0.100198076947511,0.100170070322238,0.100142069757379,0.100114026134165,0.100085891888405,0.100057620993946,0.100029168945466,0.100000492740653,0.0999715508617786,0.0999423032567194,0.0999127113194272,0.0998827378699017,0.0998523471336836,0.099821504720902,0.0997901776049073,0.0997583341005206,0.0997259438419272,0.0996929777602503,0.0996594080608295,0.0996252082002389,0.0995903528630706,0.0995548179385164,0.0995185804967743,0.0994816187653088,0.0994439121049924,0.0994054409861564,0.0993661869645763,0.0993261326574176,0.0992852617191687,0.0992435588175819,0.0992010096096494,0.0991576007176346,0.0991133197051814,0.0990681550535221,0.0990220961378048,0.0989751332035577,0.0989272573433114,0.098878460473394,0.098828735310917,0.0987780753509681,0.0987264748440243,0,0.202174208444736,0.199657238563593,0.197167976216308,0.194706270682959,0.192277746202506,0.18988888655446,0.187545169269118,0.185250561223144,0.183007589471144,0.18081760902223,0.178681095956785,0.176597900880798,0.174567446831971,0.172588875354536,0.170661150497034,0.16878313093242,0.166953618897779,0.165171392738631,0.163435228098004,0.161743911379738,0.160096248042238,0.158491067491794,0.156927225781131,0.155403606923031,0.153919123354667,0.15247271590101,0.151063353459151,0.14969003254115,0.148351776757579,0.147047636288223,0.145776687363695,0.144538031767924,0.143330796363236,0.142154132635376,0.141007216253643,0.139889246640678,0.138799446546579,0.137737061622683,0.136701359991157,0.135691631807477,0.134707188813735,0.133747363881514,0.132811510543783,0.131899002515827,0.131009233205714,0.13014161521519,0.129295579832144,0.128470576516014,0.127666072377633,0.126881551655065,0.126116515187061,0.125370479885691,0.124642978209728,0.123933557640249,0.123241780159879,0.122567221736967,0.121909471815938,0.1212681328149,0.120642819631533,0.120033159158134,0.119438789806627,0.118859361044222,0.118294532940311,0.117743975725111,0.117207369360467,0.116684403123149,0.116174775200899,0.115678192301426,0.115194369274476,0.114723028747033,0.114263900771691,0.113816722488143,0.113381237797738,0.112957197050967,0.11254435674777,0.112142479250452,0.111751332509043,0.111370689798855,0.111000329470012,0.110640034708679,0.110289593309742,0.109948797460628,0.109617443536004,0.109295331903022,0.108982266736841,0.108678055846087,0.10838251050796,0.108095445312667,0.107816678016863,0.107546029405807,0.107283323163898,0.107028385753303,0.106781046300361,0.10654113648946,0.106308490464102,0.106082944734845,0.105864338093848,0.105652511535724,0.10544730818443,0.10524857322592,0.105056153846285,0.104869899175128,0.104689660233914,0.104515289889038,0.104346642809378,0.104183575428082,0.104025945908363,0.103873614113074,0.103726441577837,0.103584291487512,0.103447028655806,0.103314519507798,0.103186632065202,0.103063235934161,0.102944202295394,0.102829403896513,0.102718715046329,0.102612011610992,0.102509171011778,0.102410072224391,0.10231459577961,0.102222623765135,0.102134039828501,0.102048729180911,0.101966578601873,0.101887476444496,0.101811312641347,0.101737978710738,0.101667367763346,0.101599374509051,0.101533895263912,0.101470827957165,0.101410072138176,0.101351528983253,0.101295101302247,0.101240693544866,0.101188211806637,0.101137563834448,0.101088659031619,0.101041408462445,0.100995724856165,0.100951522610299,0.100908717793343,0.10086722814675,0.100826973086192,0.100787873702067,0.10074985275922,0.100712834695871,0.100676745621725,0.100641513315254,0.100607067220136,0.100573338440858,0.100540259737462,0.100507765519453,0.10047579183885,0.100444276382407,0.100413158462992,0.100382379010148,0.100351880559846,0.100321607243431,0.100291504775796,0.100261520442793,0.100231603087893,0.100201703098136,0.100171772389368,0.100141764390809,0.100111634028973,0.10008133771095,0.100050833307102,0.100020080133179,0.0999890389318923,0.0999576718539731,0.0999259424387451,0.0998938155942373,0.0998612575768702,0.0998282359707423,0.0997947196665477,0.0997606788401539,0.0997260849308691,0.0996909106194279,0.0996551298057252,0.099618717586325,0.0995816502317742,0.0995439051637481,0.0995054609320543,0.0994662971915227,0.0994263946788065,0.09938573518912,0.0993443015529388,0.0993020776126844,0.0992590481994179,0.0992151991095651,0.0991705170816948,0.09912498977337,0.0990786057380939,0.0990313544023693,0.0989832260428888,0.0989342117638755,0.0988843034745898,0.0988334938670174,0,0.204446394087286,0.201955829176121,0.199478722463727,0.197022972977911,0.194595517168341,0.19220316068442,0.189851726796393,0.187545665685475,0.185288057310292,0.183080806037284,0.180924889181702,0.178820591188,0.17676769823278,0.174765649382102,0.172813649215167,0.170910749387938,0.169055906463417,0.16724802221235,0.165485971270779,0.163768619842517,0.162094838152896,0.160463508599484,0.158873530976474,0.157323825733753,0.155813335933313,0.154341028354545,0.152905894052307,0.151506948569514,0.15014323193605,0.148813808538423,0.147517766912894,0.146254219493861,0.145022302335761,0.143821174818142,0.142650019338352,0.141508040993225,0.140394467249543,0.139308547602354,0.138249553220042,0.137216776575239,0.136209531060965,0.135227150591785,0.134268989190171,0.133334420558626,0.132422837638431,0.131533652156163,0.130666294159321,0.12982021154254,0.128994869565989,0.128189750367592,0.127404352470719,0.126638190288993,0.125890793629803,0.125161707198061,0.124450490101656,0.123756715359963,0.123079969416693,0.122419851658229,0.121775973938536,0.121147960111581,0.120535445572136,0.11993807680572,0.119355510948334,0.118787415356574,0.11823346718859,0.117693352996309,0.117166768329246,0.116653417350155,0.11615301246272,0.115665273951416,0.115189929633621,0.114726714524015,0.114275370511232,0.113835646046739,0.113407295845833,0.112990080600631,0.112583766704927,0.112188125990709,0.111802935476169,0.111427977124973,0.111063037616569,0.110707908127283,0.110362384121956,0.110026265155849,0.109699354686551,0.109381459895605,0.109072391519581,0.108771963690293,0.108479993783896,0.108196302278556,0.107920712620416,0.107653051097566,0.107393146721737,0.107140831117431,0.106895938418211,0.10665830516987,0.106427770240214,0.106204174735176,0.105987361921009,0.105777177152294,0.105573467805498,0.105376083217845,0.105184874631242,0.104999695141028,0.104820399649297,0.104646844822581,0.104478889053652,0.104316392427232,0.104159216689385,0.1040072252204,0.103860283010935,0.103718256641242,0.103581014263272,0.103448425585469,0.10332036186007,0.103196695872736,0.103077301934336,0.102962055874719,0.102850835038308,0.102743518281364,0.10263998597076,0.102540119984121,0.102443803711195,0.102350922056301,0.102261361441744,0.102175009812046,0.102091756638897,0.102011492926689,0.101934111218529,0.101859505602629,0.101787571718966,0.101718206766117,0.101651309508174,0.101586780281665,0.101524521002379,0.101464435172041,0.101406427884743,0.101350405833081,0.101296277313922,0.101243952233756,0.101193342113563,0.10114436009316,0.101096920934974,0.1010509410272,0.101006338386317,0.100963032658916,0.100920945122814,0.100879998687437,0.100840117893441,0.100801228911559,0.100763259540647,0.100726139204941,0.100689798950491,0.100654171440783,0.100619190951539,0.1005847933647,0.100550916161596,0.100517498415294,0.100484480782155,0.100451805492595,0.100419416341057,0.100387258675225,0.100355279384485,0.10032342688765,0.100291651119965,0.100259903519432,0.100228137012446,0.100196305998789,0.100164366336001,0.100132275323138,0.100099991683966,0.100067475549599,0.100034688440616,0.100001593248681,0.0999681542176971,0.0999343369245199,0.0999001082592596,0.0998654364051998,0.0998302908183603,0.0997946422067354,0.0997584625092314,0.0997217248743344,0.0996844036385356,0.0996464743045399,0.0996079135192868,0.099568699051808,0.0995288097709503,0.0994882256229863,0.0994469276091408,0.0994048977630544,0.0993621191282105,0.0993185757353472,0.0992742525798761,0.0992291355993314,0.0991832116508681,0.0991364684888307,0.0990888947424114,0.0990404798934157,0.0989912142541546,0.0989410889454792,0,0.206694706514386,0.20423132455199,0.201766695099497,0.199317317615064,0.196891839428876,0.194497376608733,0.192139950577815,0.189824335507062,0.187554037572323,0.185331424201063,0.183157922073293,0.181034222844605,0.178960466084594,0.176936389090608,0.174961443616649,0.173034883886169,0.171155831430601,0.169323322029531,0.167536339224858,0.165793837971604,0.164094761156511,0.162438051024157,0.160822657005349,0.159247541027084,0.157711681074069,0.156214073545422,0.154753734786708,0.153329702060756,0.151941034138107,0.150586811630072,0.149266137147098,0.147978135337417,0.146721952842035,0.145496758189314,0.144301741643968,0.143136115019698,0.141999111461194,0.140889985199051,0.13980801127985,0.138752485272996,0.13772272295557,0.136718059976372,0.135737851500342,0.13478147183469,0.133848314038134,0.132937789514793,0.132049327594376,0.13118237510036,0.130336395907921,0.129510870493364,0.12870529547683,0.127919183159974,0.127152061060298,0.126403471443731,0.125672970856968,0.124960129661003,0.124264531567178,0.123585773176976,0.12292346352669,0.122277223637989,0.121646686075297,0.121031494510817,0.120431303297928,0.119845777053585,0.11927459025028,0.118717426818035,0.118173979756813,0.117643950759674,0.117127049846931,0.116622995011504,0.116131511875605,0.115652333358851,0.115185199357833,0.114729856437166,0.114286057531947,0.113853561661589,0.113432133654896,0.113021543886265,0.112621568022871,0.112231986782644,0.111852585702857,0.111483154919127,0.11112348895459,0.11077338651904,0.110432650317776,0.110101086869924,0.109778506335966,0.109464722354237,0.109159551886106,0.108862815069602,0.108574335081197,0.108293938005506,0.108021452712609,0.107756710742764,0.107499546198223,0.107249795641907,0.107007298002672,0.106771894486921,0.106543428496304,0.106321745551265,0.106106693220179,0.105898121053863,0.105695880525193,0.105499824973634,0.105309809554414,0.105125691192162,0.104947328538752,0.104774581935175,0.104607313377205,0.104445386484663,0.104288666474089,0.104137020134612,0.10399031580684,0.103848423364574,0.103711214199181,0.103578561206435,0.103450338775666,0.103326422781039,0.103206690574822,0.103091020982463,0.102979294299342,0.102871392289039,0.102767198182987,0.102666596681366,0.102569473955102,0.102475717648853,0.102385216884854,0.102297862267495,0.102213545888536,0.102132161332833,0.102053603684485,0.101977769533284,0.101904556981402,0.101833865650193,0.101765596687045,0.101699652772204,0.101635938125471,0.101574358512726,0.101514821252195,0.10145723522041,0.101401510857782,0.101347560173765,0.101295296751524,0.101244635752096,0.101195493917971,0.101147789576083,0.101101442640148,0.101056374612351,0.101012508584319,0.100969769237392,0.100928082842145,0.100887377257159,0.100847581927022,0.100808627879554,0.100770447722243,0.100732975637895,0.100696147379484,0.100659900264223,0.100624173166832,0.100588906512038,0.100554042266294,0.100519523928732,0.100485296521367,0.100451306578561,0.100417502135765,0.100383832717552,0.100350249324964,0.100316704422193,0.100283151922608,0.100249547174164,0.100215846944209,0.100182009403702,0.100147994110895,0.100113761994471,0.100079275336185,0.100044497753035,0.100009394178972,0.0999739308461973,0.099938075266058,0.0999017962095764,0.0998650636876382,0.0998278489308655,0.0997901243692045,0.0997518636112497,0.0997130414233379,0.0996736337084313,0.0996336174848211,0.0995929708646734,0.0995516730324442,0.0995097042231875,0.0994670457007802,0.099423679736087,0.0993795895850891,0.0993347594669966,0.0992891745423697,0.0992428208912639,0.0991956854914254,0.0991477561965513,0.0990990217146354,0.0990494715864171,0,0.208927825165707,0.206487853451603,0.204034472405563,0.201591052941101,0.199167841462423,0.196772154733012,0.194410049697636,0.192086459190975,0.18980517873493,0.18756893907663,0.185379550395627,0.183238072203179,0.181144977048793,0.179100292698826,0.177103718251012,0.175154715275927,0.173252577438328,0.171396482650447,0.169585531573129,0.167818775719425,0.166095237785564,0.164413926252425,0.162773845809194,0.161174004756722,0.159613420242314,0.158091121945806,0.156606154664006,0.155157580113431,0.153744478178708,0.152365947767191,0.151021107382511,0.149709095495703,0.148429070768535,0.147180212166792,0.145961718989515,0.144772810832102,0.143612727495665,0.14248072885127,0.141376094665243,0.140298124390091,0.139246136924549,0.138219470345637,0.13721748161523,0.136239546263406,0.135285058050733,0.134353428611583,0.13344408708052,0.13255647970379,0.131690069437888,0.130844335537167,0.130018773132381,0.129212892802001,0.12842622013807,0.127658295308282,0.126908672615878,0.126176920058858,0.1254626188899,0.124765363178293,0.124084759375062,0.123420425882385,0.122771992628279,0.122139100647453,0.121521401669114,0.120918557712429,0.120330240690265,0.11975613202173,0.119195922253977,0.118649310693656,0.118116005048326,0.117595721078081,0.117088182257597,0.116593119448724,0.116110270583748,0.115639380359345,0.115180199941266,0.114732486679708,0.114296003835336,0.11387052031586,0.113455810423053,0.113051653610099,0.112657834249099,0.112274141408571,0.111900368640766,0.111536313778604,0.111181778742009,0.110836569353443,0.110500495162404,0.110173369278658,0.109855008213978,0.109545231732144,0.109243862706953,0.108950726988028,0.108665653274135,0.10838847299381,0.108119020193016,0.107857131429614,0.107602645674386,0.107355404218386,0.107115250586376,0.106882030456109,0.106655591583238,0.106435783731614,0.106222458608752,0.106015469806246,0.105814672744913,0.10561992462445,0.105431084377407,0.105248012627248,0.105070571650325,0.104898625341545,0.104732039183555,0.104570680219239,0.104414417027359,0.104263119701145,0.10411665982967,0.103974910481828,0.103837746192753,0.103705042952517,0.103576678196946,0.103452530800393,0.103332481070333,0.103216410743619,0.10310420298427,0.102995742382639,0.102890914955847,0.10278960814934,0.102691710839451,0.102597113336848,0.102505707390755,0.102417386193827,0.102332044387583,0.102249578068289,0.1021698847932,0.10209286358706,0.102018414948775,0.101946440858179,0.101876844782809,0.101809531684612,0.101744408026519,0.10168138177881,0.101620362425219,0.101561260968704,0.101503989936849,0.101448463386827,0.101394596909885,0.101342307635317,0.101291514233868,0.101242136920551,0.101194097456833,0.101147319152173,0.101101726864871,0.101057247002227,0.101013807519975,0.100971337920984,0.100929769253217,0.100889034106936,0.100849066611133,0.10080980242922,0.100771178753929,0.100733134301466,0.100695609304893,0.100658545506763,0.100621886151003,0.100585575974062,0.100549561195338,0.100513789506887,0.100478210062438,0.100442773465733,0.100407431758196,0.100372138405968,0.100336848286317,0.100301517673438,0.100266104223693,0.100230566960273,0.100194866257347,0.100158963823689,0.100122822685832,0.100086407170757,0.100049682888153,0.100012616712273,0.0999751767634056,0.0999373323889924,0.099899054144421,0.0998603137735118,0.0998210841887315,0.0997813394511537,0.0997410547501955,0.0997002063831544,0.0996587717345692,0.0996167292554305,0.0995740584422644,0.0995307398161128,0.0994867549014328,0.0994420862049387,0.0993967171944076,0.0993506322774688,0.099303816780401,0.0992562569269523,0.0992079398172065,0.0991588534065117,0,0.211154906479337,0.208729942953397,0.206284882053447,0.203846142426596,0.201424871372213,0.199028340341072,0.196662453307074,0.194332130908903,0.192041314635179,0.189792988963267,0.187589270280965,0.185431535391012,0.183320559466291,0.181256644710129,0.179239731154177,0.177269487430972,0.175345382703879,0.173466742353111,0.171632790366033,0.169842681206772,0.168095523553828,0.166390397857601,0.164726369259904,0.163102497065522,0.161517841668613,0.159971469610022,0.158462457266716,0.156989893541921,0.155552881825221,0.15415054141832,0.152782008567985,0.151446437208221,0.150142999485,0.148870886116193,0.147629306624448,0.146417489470169,0.145234682104199,0.144080150954463,0.142953181357129,0.141853077440217,0.140779161965782,0.139730776135571,0.138707279364195,0.137708049023288,0.136732480159705,0.135779985190561,0.134849993577687,0.133941951483944,0.133055321413697,0.132189581839656,0.131344226818181,0.13051876559504,0.129712722203529,0.128925635056746,0.128157056535699,0.127406552574848,0.126673702246545,0.125958097345741,0.125259341976231,0.124577052139581,0.123910855327804,0.123260390120725,0.122625305788898,0.122005261902853,0.12139992794932,0.12080898295506,0.120232115118796,0.119669021451692,0.119119407426765,0.118582986637522,0.118059480466096,0.117548617761065,0.117050134525104,0.116563773612585,0.116089284437163,0.115626422689406,0.11517495006442,0.114734633999469,0.114305247421484,0.113886568504403,0.113478380436209,0.113080471195527,0.112692633337664,0.112314663789884,0.111946363655777,0.111587538028521,0.111237995812837,0.110897549555443,0.11056601528379,0.11024321235287,0.109928963299877,0.109623093706492,0.109325432068578,0.109035809673057,0.108754060481741,0.108480021021891,0.108213530283288,0.10795442962158,0.107702562667691,0.10745777524307,0.10721991528056,0.106988832750673,0.106764379593056,0.106546409652946,0.106334778622389,0.10612934398604,0.105929964971329,0.105736502502803,0.105548819160445,0.105366779141783,0.105190248227606,0.105019093751098,0.10485318457021,0.104692391043104,0.104536585006489,0.104385639756681,0.104239430033233,0.104097832004965,0.103960723258237,0.103827982787326,0.103699490986745,0.103575129645368,0.103454781942217,0.103338332443775,0.1032256671027,0.103116673257802,0.103011239635163,0.102909256350286,0.102810614911147,0.102715208222047,0.102622930588154,0.102533677720628,0.102447346742237,0.10236383619336,0.102283046038298,0.102204877671791,0.102129233925672,0.102056019075577,0.101985138847623,0.101916500425003,0.10185001245442,0.101785585052297,0.101723129810713,0.101662559802995,0.101603789588937,0.101546735219575,0.101491314241494,0.101437445700612,0.101385050145421,0.101334049629633,0.101284367714219,0.101235929468807,0.101188661472416,0.101142491813504,0.101097350089326,0.101053167404569,0.101009876369273,0.100967411096014,0.100925707196351,0.10088470177654,0.100844333432498,0.100804542244036,0.100765269768355,0.100726459032815,0.100688054526982,0.10065000219397,0.100612249421075,0.100574745029735,0.100537439264811,0.100500283783216,0.100463231641912,0.100426237285279,0.100389256531894,0.100352246560726,0.100315165896777,0.10027797439619,0.100240633230837,0.100203104872434,0.100165353076173,0.100127342863931,0.10008904050705,0.100050413508736,0.100011430586086,0.0999720616517774,0.0999322777954418,0.0998920512647457,0.0998513554462081,0.0998101648457748,0.0997684550691779,0.0997262028021008,0.0996833857901754,0.0996399828188338,0.099595973693037,0.0995513392169043,0.0995060611732642,0.0994601223031491,0.0994135062852546,0.0993661977153835,0.0993181820858935,0.0992694457651706,0,0.213383802833492,0.210962105558175,0.208520851857947,0.206084684935371,0.203664442460486,0.201266964176946,0.198897782994612,0.19656163245445,0.194262453845951,0.192003369677339,0.189786716703055,0.18761412913447,0.185486645544807,0.183404818771835,0.181368816920684,0.179378510247079,0.177433542777883,0.17553338966213,0.173677402164139,0.1718648424429,0.170094910147552,0.168366762595852,0.16667952999901,0.165032326906047,0.16342426078702,0.161854438463789,0.160321970927826,0.158825976951974,0.157365585800762,0.155939939266048,0.154548193196063,0.153189518642048,0.151863102714017,0.150568149213102,0.149303879090149,0.148069530767264,0.146864360349483,0.145687641746857,0.144538666722238,0.14341674487641,0.142321203579639,0.141251387856805,0.140206660231958,0.139186400537139,0.138190005689626,0.137216889441227,0.136266482102866,0.135338230247413,0.134431596393454,0.133546058672539,0.132681110482242,0.131836260127239,0.131011030450468,0.130204958456311,0.129417594927583,0.128648504038048,0.127897262961995,0.127163461482355,0.126446701598669,0.125746597136168,0.125062773357056,0.124394866575036,0.123742523773999,0.123105402231696,0.122483169149141,0.121875501286396,0.121282084605312,0.120702613919733,0.120136792553588,0.119584332007239,0.119044951632397,0.118518378315844,0.118004346172173,0.117502596245692,0.117012876221604,0.116534940146523,0.11606854815838,0.1156134662257,0.115169465896236,0.114736324054908,0.114313822690954,0.113901748674227,0.113499893540485,0.11310805328558,0.112726028168369,0.112353622522211,0.111990644574876,0.111636906276681,0.111292223136679,0.110956414066708,0.1106293012331,0.110310709915848,0.110000468375046,0.109698407724364,0.109404361811382,0.109118167104563,0.108839662586646,0.108568689654274,0.108305092023626,0.108048715641863,0.107799408604173,0.107557021076224,0.107321405221804,0.107092415135469,0.106869906779993,0.106653737928419,0.106443768110538,0.10623985856359,0.106041872187006,0.105849673501018,0.105663128608945,0.105482105162981,0.105306472333324,0.105136100780458,0.104970862630434,0.104810631452989,0.104655282242331,0.104504691400447,0.104358736722772,0.104217297386083,0.104080253938452,0.103947488291138,0.103818883712266,0.103694324822166,0.103573697590232,0.10345688933319,0.103343788714629,0.103234285745702,0.103128271786858,0.103025639550503,0.10292628310449,0.102830097876311,0.102736980657917,0.102646829611053,0.102559544273014,0.102475025562743,0.102393175787184,0.102313898647799,0.10223709924718,0.102162684095689,0.102090561118032,0.102020639659737,0.101952830493438,0.101887045824931,0.101823199298937,0.101761206004523,0.101700982480135,0.10164244671819,0.101585518169211,0.101530117745429,0.101476167823859,0.101423592248792,0.101372316333687,0.10132226686244,0.101273372089999,0.101225561742321,0.10117876701565,0.101132920575096,0.101087956552518,0.101043810543695,0.101000419604788,0.100957722248081,0.100915658437011,0.100874169580481,0.10083319852647,0.100792689554932,0.100752588370012,0.100712842091562,0.100673399246,0.1006342097565,0.100595224932533,0.100556397458791,0.100517681383482,0.100479032106042,0.100440406364264,0.100401762220875,0.100363059049574,0.100324257520558,0.100285319585555,0.100246208462387,0.100206888619091,0.100167325757607,0.100127486797076,0.100087339856759,0.1000468542386,0.10000600040947,0.099964749983101,0.0999230757017385,0.0998809514175459,0.0998383520737695,0.0997952536856987,0.0997516333214389,0.0997074690825221,0.0996627400843779,0.0996174264366845,0.099571509223625,0.099524970484067,0.0994777931916877,0.099429961235064,0.0993814593977473,0,0.215620477844719,0.213188394600024,0.210745237565549,0.208308825641948,0.205888174331477,0.203489199597956,0.201116821698063,0.198775411684736,0.196468765712381,0.194200026356231,0.191971659433098,0.189785489541803,0.187642771946333,0.185544279317731,0.183490388875836,0.181481161991882,0.179516412848375,0.177595765475086,0.175718699918125,0.173884588932334,0.172092726759057,0.170342351482589,0.168632662281577,0.166962832680568,0.165332020700555,0.16373937662342,0.162184048929772,0.160665188842829,0.159181953809927,0.157733510174007,0.156319035226221,0.15493771878388,0.153588764402286,0.152271390302104,0.150984830073653,0.149728333204354,0.148501165464252,0.147302609176139,0.146131963390542,0.144988543981213,0.14387168367336,0.142780732014297,0.141715055294337,0.140674036424346,0.139657074775352,0.138663585984813,0.137693001733557,0.136744769496955,0.135818352273511,0.134913228293779,0.134028890712258,0.133164847284718,0.132320620033224,0.131495744900952,0.130689771398752,0.129902262245265,0.129132793002262,0.128380951706755,0.127646338501298,0.126928565263792,0.126227255237985,0.125542042665758,0.124872572422181,0.124218499654245,0.123579489424052,0.122955216357188,0.122345364296918,0.121749625964748,0.121167702627847,0.120599303773749,0.120044146792696,0.119501956667916,0.118972465674084,0.118455413084181,0.11795054488488,0.117457613500601,0.116976377526288,0.116506601468969,0.116048055498104,0.115600515204698,0.115163761369163,0.114737579737834,0.114321760808091,0.11391609962196,0.113520395568093,0.113134452191999,0.112758077014371,0.11239108135738,0.112033280178759,0.111684491913515,0.1113445383231,0.111013244351854,0.11069043799055,0.110375950146838,0.110069614522413,0.109771267496711,0.109480748016939,0.109197897494254,0.108922559705886,0.108654580703027,0.108393808724283,0.108140094114505,0.107893289248801,0.107653248461558,0.107419827980265,0.107192885863974,0.106972281946204,0.106757877782109,0.106549536599745,0.106347123255245,0.106150504191739,0.105959547401849,0.105774122393595,0.105594100159537,0.10541935314901,0.105249755243276,0.105085181733454,0.104925509301068,0.10477061600106,0.10462038124714,0.104474685799308,0.104333411753431,0.104196442532722,0.104063662880999,0.103934958857591,0.103810217833768,0.103689328490569,0.103572180817911,0.103458666114867,0.103348676990994,0.103242107368613,0.103138852485919,0.103038808900843,0.102941874495547,0.102847948481473,0.102756931404844,0.102668725152538,0.102583232958249,0.102500359408859,0.102420010450932,0.102342093397278,0.1022665169335,0.102193191124471,0.102122027420667,0.102052938664315,0.101985839095287,0.101920644356688,0.101857271500108,0.101795638990472,0.101735666710461,0.101677275964461,0.101620389482006,0.101564931420688,0.1015108273685,0.101458004345586,0.101406390805387,0.101355916635151,0.101306513155798,0.101258113121119,0.101210650716311,0.101164061555824,0.101118282680526,0.101073252554176,0.101028911059202,0.100985199491793,0.100942060556294,0.100899438358929,0.100857278400831,0.100815527570416,0.100774134135087,0.100733047732293,0.100692219359955,0.100651601366263,0.100611147438875,0.100570812593517,0.100530553162016,0.100490326779778,0.100450092372727,0.100409810143736,0.100369441558552,0.100328949331263,0.100288297409296,0.100247450958003,0.100206376344824,0.10016504112308,0.10012341401539,0.100081464896764,0.100039164777371,0.099996485785018,0.0999534011473601,0.0999098851738638,0.0998659132375473,0.0998214617565187,0.0997765081753367,0.0997310309462132,0.0996850095100813,0.0996384242775489,0.0995912566097586,0.099543488799175,0.0994951040503176,0,0.217868098120701,0.215411999358966,0.21296064943383,0.210520663780892,0.208097731913292,0.205696317687283,0.203320480146864,0.200974058156365,0.198660563515607,0.196383042559985,0.194143996610052,0.191945368878471,0.189788578747683,0.18767458193237,0.185603940270515,0.183576890926327,0.181593409515908,0.179653264815655,0.177756064594231,0.17590129311578,0.17408834131911,0.17231653081362,0.170585132796557,0.168893382878456,0.167240492657017,0.165625658732513,0.164048069723935,0.162506911729982,0.161001372583374,0.159530645169665,0.158093930020122,0.156690437339946,0.155319388595494,0.153980017755218,0.152671572256738,0.15139331375556,0.150144518697991,0.148924478751036,0.147732501114661,0.146567908736197,0.145430040442455,0.144318251001924,0.14323191112702,0.142170407424534,0.141133142301051,0.140119533829032,0.139129015578452,0.138161036418266,0.137215060291424,0.136290565966819,0.13538704677116,0.134504010303527,0.133640978135117,0.132797485496462,0.131973080954249,0.131167326079689,0.13037979511022,0.129610074606195,0.128857763104089,0.128122470767589,0.127403819037878,0.126701440284233,0.126014977456034,0.125344083737112,0.124688422203314,0.124047665484056,0.123421495428552,0.12280960277734,0.122211686839634,0.121627455176985,0.121056623293653,0.120498914334046,0.119954058787515,0.119421794200757,0.118901864898018,0.118394021709268,0.117898021706441,0.117413627947856,0.116940609230838,0.116478739852586,0.116027799379267,0.115587572423312,0.115157848428877,0.114738421465378,0.114329090029032,0.113929656852304,0.113539928721131,0.113159716299815,0.112788833963441,0.112427099637682,0.11207433464583,0.111730363562909,0.111395014076696,0.111068116855486,0.110749505422439,0.110439016036321,0.110136487578472,0.109841761445825,0.1095546814498,0.109275093720879,0.109002846618706,0.108737790647524,0.108479778376758,0.108228664366597,0.107984305098369,0.107746558909559,0.107515285933284,0.107290348042056,0.107071608795669,0.106858933393045,0.106652188627865,0.10645124284783,0.106255965917398,0.106066229183823,0.105881905446357,0.105702868928458,0.105528995252854,0.105360161419309,0.105196245784964,0.105037128047095,0.104882689228155,0.104732811662974,0.104587378987966,0.104446276132228,0.104309389310399,0.104176606017159,0.104047815023234,0.10392290637281,0.103801771382232,0.10368430263986,0.103570394007014,0.103459940619858,0.103352838892156,0.103248986518782,0.103148282479898,0.103050627045705,0.102955921781683,0.102864069554228,0.102774974536611,0.102688542215177,0.102604679395713,0.102523294209913,0.102444296121866,0.102367595934511,0.102293105795999,0.102220739205889,0.102150411021145,0.102082037461865,0.102015536116711,0.101950825947974,0.101887827296259,0.101826461884725,0.101766652822864,0.101708324609786,0.101651403136967,0.101595815690446,0.101541490952448,0.10148835900241,0.101436351317382,0.10138540077181,0.101335441636674,0.101286409577962,0.101238241654504,0.101190876315119,0.10114425339511,0.101098314112079,0.101053001061081,0.101008258209108,0.100964030888908,0.100920265792164,0.100876910962008,0.100833915784917,0.100791230981967,0.100748808599488,0.100706601999109,0.10066456584723,0.100622656103913,0.10058083001123,0.100539046081079,0.100497264082475,0.100455445028357,0.100413551161911,0.100371545942442,0.100329394030808,0.100287061274444,0.100244514691995,0.100201722457573,0.100158653884675,0.10011527940977,0.100071570575585,0.100027500014105,0.0999830414293239,0.0999381695797472,0.0998928602606868,0.0998470902863593,0.0998008374718123,0.0997540806147,0.0997067994769272,0.0996589747661842,0.0996105881173898,0,0.220126101427429,0.217634965984397,0.215169302383551,0.212722165036823,0.210294765415944,0.20788964193146,0.205509761914952,0.203158276729865,0.200838285299433,0.198552627013241,0.196303746119548,0.194093630422687,0.191923806790432,0.189795372409264,0.187709044446294,0.185665216134312,0.183664011973957,0.181705338150595,0.179788926488106,0.177914371595116,0.176081161585417,0.17428870309552,0.172536341434579,0.170823376687717,0.16914907651693,0.167512686302188,0.165913437160278,0.164350552281199,0.162823251936282,0.161330757439936,0.159872294287503,0.158447094643672,0.15705439931769,0.155693459331419,0.154363537162693,0.153063907728073,0.151793859154842,0.150552693381161,0.14933972661482,0.148154289674555,0.146995728232914,0.145863402975842,0.144756689691237,0.14367497929644,0.142617677812932,0.141584206295136,0.140574000719177,0.13958651183664,0.138621204997718,0.137677559947588,0.136755070599476,0.135853244787469,0.134971604001859,0.134109683109564,0.133267030061909,0.132443205591883,0.131637782902811,0.130850347350199,0.130080496118381,0.129327837893453,0.128591992533853,0.127872590739818,0.12716927372287,0.126481692876317,0.125809509447737,0.125152394214253,0.124510027161349,0.123882097165914,0.123268301684086,0.122668346444433,0.122081945146926,0.121508819168101,0.120948697272754,0.120401315332455,0.119866416051137,0.119343748697938,0.118833068847474,0.118334138127655,0.117846723975135,0.117370599398453,0.116905542748898,0.116451337499093,0.1160077720293,0.115574639421384,0.115151737260399,0.114738867443713,0.114335835997589,0.11394245290112,0.113558531917414,0.113183890431895,0.112818349297608,0.112461732687375,0.112113867952669,0.111774585489058,0.111443718608062,0.111121103415266,0.110806578694541,0.110499985798192,0.110201168542892,0.10990997311122,0.109626247958647,0.109349843725803,0.109080613155859,0.108818411016858,0.108563094028833,0.108314520795547,0.10807255174069,0.10783704904838,0.107607876607797,0.1073848999618,0.107167986259373,0.106957004211727,0.106751824051937,0.106552317497932,0.106358357718709,0.106169819303614,0.105986578234559,0.105808511861017,0.105635498877667,0.105467419304546,0.105304154469584,0.105145586993374,0.104991600776057,0.104842080986202,0.104696914051542,0.104555987651452,0.104419190711059,0.104286413396847,0.104157547113669,0.104032484503037,0.10391111944259,0.103793347046639,0.103679063667679,0.103568166898783,0.103460555576763,0.103356129786029,0.103254790863043,0.103156441401278,0.103060985256615,0.102968327553089,0.1028783746889,0.102791034342633,0.102706215479607,0.102623828358284,0.102543784536681,0.10246599687872,0.102390379560465,0.102316848076178,0.102245319244165,0.102175711212345,0.102107943463502,0.10204193682019,0.101977613449234,0.10191489686581,0.101853711937052,0.101793984885178,0.101735643290089,0.101678616091427,0.101622833590067,0.101568227449031,0.101514730693798,0.101462277711997,0.101410804252483,0.101360247423777,0.101310545691862,0.10126163887734,0.101213468151936,0.101165976034358,0.101119106385511,0.101072804403065,0.101027016615388,0.100981690874844,0.100936776350473,0.100892223520048,0.100847984161545,0.100804011344004,0.100760259417823,0.100716684004492,0.100673241985771,0.100629891492344,0.100586591891958,0.100543303777059,0.100499988951967,0.100456610419575,0.100413132367623,0.100369520154548,0.100325740294937,0.100281760444603,0.100237549385312,0.100193077009161,0.10014831430266,0.100103233330509,0.100057807219109,0.100012010139826,0.0999658172920243,0.09991920488589,0.0998721501250731,0.0998246311891598,0.0997766272160004,0.0997281182839109,0,0.222390704205582,0.219858112758409,0.217372912222538,0.21491508674992,0.212480854560574,0.210070504199697,0.207685728219926,0.205328859959907,0.203002472944972,0.200709098384659,0.198451035029725,0.196230241537776,0.194048293477919,0.191906384508311,0.18980535394406,0.187745727516105,0.185727762542451,0.183751492217084,0.181816766176055,0.17992328609614,0.178070636046559,0.176258307850437,0.174485721974083,0.172752244556842,0.171057201194431,0.169399888039778,0.167779580715504,0.16619554145711,0.164647024834479,0.163133282335427,0.161653566040191,0.160207131569975,0.158793240455114,0.157411162038075,0.156060175002281,0.154739568598478,0.153448643625191,0.152186713207918,0.150953103412392,0.149747153719967,0.148568217387542,0.147415661710009,0.146288868199814,0.145187232695521,0.1441101654092,0.143057090920829,0.1420274481266,0.141020690147031,0.14003628419995,0.139073711442776,0.138132466787995,0.137212058695289,0.136312008943412,0.135431852384598,0.13457113668402,0.133729422046593,0.132906280933207,0.132101297768284,0.13131406864041,0.13054420099762,0.129791313338789,0.129055034902448,0.128335005354239,0.127630874474084,0.126942301844082,0.126268956538015,0.12561051681327,0.124966669805911,0.124337111229544,0.123721545078535,0.123119683336117,0.122531245687804,0.121955959240516,0.121393558247741,0.120843783841025,0.120306383768026,0.119781112137331,0.119267729170194,0.118766000959326,0.118275699234819,0.11779660113728,0.117328488998201,0.116871150127587,0.116424376608825,0.11598796510078,0.115561716647053,0.115145436492359,0.114738933905938,0.11434202201192,0.113954517626534,0.113576241102073,0.113207016177479,0.112846669835436,0.112495032165835,0.112151936235494,0.111817217963959,0.111490716005285,0.111172271635617,0.110861728646438,0.110558933243341,0.110263733950148,0.109975981518254,0.109695528841018,0.109422230873064,0.109155944554326,0.108896528738695,0.108643844127106,0.108397753204923,0.108158120183456,0.107924810945482,0.1076976929946,0.107476635408287,0.107261508794508,0.107052185251728,0.106848538332191,0.106650443008332,0.106457775642161,0.106270413957518,0.106088237015026,0.105911125189638,0.105738960150642,0.105571624843979,0.10540900347678,0.105250981503965,0.105097445616808,0.104948283733337,0.104803384990457,0.104662639737683,0.104525939532368,0.104393177136322,0.104264246513713,0.104139042830149,0.104017462452839,0.10389940295174,0.103784763101579,0.103673442884687,0.103565343494523,0.103460367339827,0.103358418049303,0.103259400476759,0.103163220706629,0.103069786059786,0.1029790050996,0.102890787638149,0.102805044742532,0.102721688741214,0.102640633230345,0.102561793080005,0.1024850844403,0.10241042474729,0.102337732728665,0.102266928409158,0.102197933115632,0.102130669481812,0.102065061452616,0.102001034288069,0.101938514566751,0.101877430188762,0.101817710378183,0.101759285684995,0.101702087986452,0.101646050487883,0.101591107722911,0.10153719555307,0.101484251166826,0.101432213077971,0.101381021123401,0.101330616460274,0.101280941562531,0.101231940216803,0.101183557517679,0.101135739862369,0.101088434944733,0.101041591748717,0.100995160541175,0.100949092864107,0.100903341526314,0.100857860594479,0.100812605383699,0.100767532447471,0.100722599567151,0.100677765740905,0.100632991172158,0.100588237257576,0.100543466574582,0.100498642868432,0.10045373103887,0.100408697126385,0.100363508298079,0.100318132833173,0.100272540108179,0.100226700581738,0.100180585779165,0.100134168276714,0.100087421685573,0.100040320635631,0.0999928407590124,0.0999449586734268,0.0998966519653253,0.0998478991729028,0,0.224656495597568,0.222081144928824,0.21957265312388,0.217100923027692,0.214657460311964,0.212240203763495,0.209849463607965,0.207486660102058,0.205153750106733,0.202852868540526,0.200586087376268,0.198355265140755,0.196161967115168,0.194007436449852,0.19189259855501,0.189818084920854,0.187784266516943,0.185791290317418,0.183839115059946,0.181927544127525,0.180056254603616,0.178224822262112,0.176432742657284,0.174679448683007,0.172964325051401,0.171286720150041,0.169645955707173,0.168041334646667,0.166472147460984,0.164937677378121,0.163437204550741,0.161970009454047,0.160535375643524,0.15913259199428,0.15776095451961,0.15641976784683,0.155108346412759,0.153826015428663,0.152572111654501,0.151345984014437,0.150146994079311,0.148974516436873,0.147827938966668,0.146706663033434,0.145610103610434,0.144537689342239,0.143488862554968,0.142463079220765,0.141459808882349,0.140478534542653,0.139518752523973,0.138579972300482,0.137661716307561,0.136763519731014,0.135884930278924,0.135025507938645,0.134184824721189,0.13336246439505,0.132558022211333,0.131771104621892,0.131001328992016,0.130248323309079,0.12951172588843,0.12879118507771,0.128086358960623,0.127396915061149,0.126722530049052,0.12606288944746,0.125417687343231,0.124786626100708,0.124169416079439,0.123565775356348,0.122975429452779,0.122398111066808,0.12183355981113,0.121281521956818,0.120741750183184,0.120214003333923,0.119698046179736,0.119193649187516,0.118700588296231,0.118218644699543,0.117747604635231,0.117287259181417,0.116837404059615,0.116397839444562,0.115968369780825,0.115548803606097,0.115138953381153,0.114738635326368,0.114347669264716,0.113965878471162,0.113593089528331,0.113229132188352,0.112873839240759,0.112527046386319,0.112188592116672,0.111858317599641,0.111536066570088,0.111221685226175,0.110915022130884,0.110615928118673,0.11032425620711,0.110039861513356,0.109762601175346,0.109492334277521,0.109228921780992,0.10897222645796,0.108722112830274,0.108478447111986,0.108241097155741,0.108009932402895,0.107784823837192,0.107565643941885,0.107352266660156,0.107144567358705,0.10694242279437,0.106745711083654,0.106554311675026,0.106368105323874,0.106186974069972,0.106010801217356,0.105839471316471,0.105672870148476,0.105510884711599,0.1053534032094,0.105200315040863,0.105051510792181,0.104906882230131,0.104766322296938,0.104629725106525,0.10449698594203,0.10436800125452,0.10424266866277,0.104120886954052,0.104002556085803,0.103887577188112,0.103775852566927,0.103667285707895,0.103561781280771,0.103459245144289,0.10335958435145,0.103262707155133,0.103168523013966,0.103076942598395,0.102987877796874,0.102901241722128,0.102816948717421,0.10273491436278,0.102655055481109,0.102577290144167,0.102501537678334,0.102427718670144,0.102355754971526,0.102285569704731,0.102217087266892,0.102150233334192,0.102084934865612,0.102021120106224,0.101958718590008,0.101897661142167,0.101837879880921,0.101779308218761,0.10172188086315,0.10166553381665,0.101610204376474,0.101555831133442,0.10150235397035,0.101449714059723,0.101397853860977,0.101346717116965,0.101296248849918,0.101246395356789,0.101197104203986,0.101148324221519,0.101100005496553,0.101052099366383,0.10100455841084,0.100957336444132,0.100910388506138,0.100863670853172,0.100817140948214,0.100770757450643,0.100724480205471,0.100678270232107,0.100632089712654,0.100585901979775,0.100539671504121,0.100493363881365,0.100446945818843,0.100400385121827,0.100353650679456,0.100306712450322,0.100259541447766,0.100212109724869,0.100164390359179,0.100116357437183,0.100067986038556,0.100019252220188,0.0999701330000265,0,0.226916873343257,0.224302938575379,0.221769181171613,0.219280874427953,0.216825886785998,0.214399970939495,0.212002043604613,0.209632561546553,0.207292799629513,0.204984424732699,0.20270921062171,0.200468849782093,0.198264839921479,0.196098426212575,0.193970582337725,0.191882016413333,0.189833191311148,0.187824352049423,0.185855555470237,0.183926699300064,0.182037548995425,0.180187761632127,0.178376906628667,0.176604483403151,0.17486993622505,0.173172666592564,0.17151204348051,0.169887411786964,0.168298099274798,0.166743422266364,0.165222690311296,0.163735210011704,0.162280288157262,0.160857234295307,0.159465362837977,0.158103994789173,0.156772459158408,0.155470094115743,0.154196247931658,0.152950279737329,0.151731560134135,0.150539471675817,0.149373409242479,0.148232780322188,0.147117005213229,0.146025517157872,0.144957762416794,0.143913200291877,0.142891303103985,0.141891556131409,0.140913457513919,0.139956518126731,0.13902026142822,0.138104223284749,0.13720795177564,0.136331006981004,0.135472960754854,0.134633396485737,0.133811908846873,0.133008103537613,0.132221597017889,0.131452016237141,0.130698998359103,0.129962190483683,0.129241249367069,0.128535841141084,0.127845641032718,0.127170333084672,0.126509609877671,0.125863172255207,0.125230729051343,0.124611996822085,0.124006699580823,0.123414568538245,0.122835341847097,0.12226876435211,0.121714587345362,0.121172568327303,0.120642470773661,0.120124063908355,0.119617122482569,0.119121426560082,0.118636761308913,0.118162916799351,0.117699687808374,0.117246873630488,0.116804277894958,0.116371708389404,0.115948976889742,0.115535898996385,0.115132293976664,0.114737984613382,0.114352797059413,0.113976560698269,0.113609108010511,0.113250274445922,0.112899898301317,0.112557820603878,0.112223884999892,0.111897937648782,0.111579827122281,0.11126940430865,0.110966522321786,0.110671036415112,0.110382803900091,0.110101684069261,0.109827538123634,0.109560229104341,0.109299621828385,0.109045582828366,0.108797980296057,0.108556684029686,0.108321565384805,0.108092497228614,0.107869353897599,0.107652011158379,0.10744034617162,0.107234237458891,0.107033564872344,0.106838209567102,0.106648053976216,0.106462981788089,0.106282877926246,0.106107628531324,0.10593712094519,0.105771243697045,0.105609886491436,0.105452940198044,0.105300296843152,0.105151849602686,0.105007492796734,0.104867121885426,0.104730633466105,0.104597925271656,0.104468896169941,0.104343446164215,0.104221476394455,0.104102889139505,0.103987587819957,0.103875477001696,0.103766462400003,0.103660450884179,0.103557350482577,0.103457070388001,0.103359520963386,0.1032646137477,0.103172261462007,0.103082378015622,0.102994878512307,0.102909679256457,0.10282669775921,0.102745852744445,0.102667064154614,0.102590253156365,0.102515342145912,0.102442254754124,0.102370915851275,0.102301251551448,0.102233189216536,0.102166657459834,0.102101586149174,0.102037906409603,0.101975550625556,0.101914452442531,0.101854546768228,0.101795769773149,0.101738058890649,0.101681352816411,0.101625591507362,0.101570716179995,0.101516669308123,0.101463394620032,0.101410837095057,0.101358942959567,0.101307659682369,0.101256935969526,0.101206721758609,0.101156968212375,0.101107627711885,0.101058653849072,0.101010001418776,0.100961626410235,0.100913485998075,0.100865538532786,0.100817743530713,0.100770061663577,0.10072245474753,0.100674885731769,0.100627318686733,0.100579718791879,0.100532052323077,0.100484286639629,0.100436390170932,0.100388332402808,0.100340083863516,0.100291616109467,0.100242901710653,0.100193914235829,0.100144628237438,0.100095019236326,0,0.229166201394423,0.226521959133245,0.223962716955215,0.221455843497395,0.218987255035034,0.216550936622608,0.214144505284199,0.211767454433404,0.209420341047871,0.207104311187634,0.204820781134832,0.202571218578913,0.200356999874144,0.198179325729367,0.196039179648454,0.193937315689482,0.191874264886103,0.189850352452873,0.187865720300454,0.185920351276749,0.184014092937866,0.182146679618383,0.180317752210505,0.178526875465393,0.176773552869512,0.175057239278919,0.173377351554292,0.171733277456324,0.170124383053137,0.168550018870314,0.167009524987504,0.165502235257563,0.164027480797558,0.162584592876692,0.161172905305008,0.159791756408538,0.158440490661263,0.157118460031504,0.155825025089877,0.15455955591737,0.153321432845082,0.152110047051532,0.150924801038845,0.149765109005414,0.148630397129666,0.147520103777144,0.146433679641169,0.145370587825761,0.144330303878231,0.143312315777794,0.142316123885719,0.141341240861787,0.140387191551291,0.139453512846274,0.138539753524319,0.137645474067835,0.136770246466483,0.135913654005132,0.135075291039487,0.134254762761339,0.133451684955212,0.132665683747999,0.131896395353055,0.131143465810062,0.13040655072187,0.129685314989417,0.12897943254569,0.128288586089652,0.127612466820916,0.126950774175909,0.12630321556617,0.125669506119365,0.125049368423551,0.124442532275126,0.123848734430898,0.123267718364617,0.122699234028269,0.122143037618426,0.12159889134786,0.121066563222619,0.120545826824725,0.120036461100627,0.119538250155503,0.119050983053493,0.118574453623919,0.118108460273509,0.117652805804668,0.117207297239755,0.116771745651386,0.116345965998698,0.115929776969548,0.115523000828586,0.115125463271134,0.114736993282798,0.114357423004725,0.113986587604432,0.113624325152087,0.113270476502162,0.112924885180342,0.112587397275587,0.112257861337225,0.111936128276981,0.111622051275791,0.111315485695323,0.111016288994052,0.110724320647776,0.110439442074461,0.110161516563281,0.109890409207724,0.109625986842662,0.109368117985236,0.109116672779446,0.108871522944331,0.108632541725592,0.108399603850565,0.1081725854864,0.107951364201342,0.107735818928985,0.107525829935387,0.107321278788925,0.107122048332783,0.106928022659942,0.106739087090582,0.106555128151768,0.106376033559309,0.106201692201699,0.106031994126015,0.105866830525676,0.105706093729961,0.105549677195173,0.105397475497369,0.105249384326542,0.105105300482163,0.104965121869991,0.104828747500063,0.104696077485763,0.104567013043897,0.104441456495672,0.104319311268511,0.104200481898617,0.104084874034199,0.103972394439299,0.103862950998135,0.103756452719891,0.103652809743885,0.103551933345051,0.103453735939665,0.103358131091257,0.10326503351665,0.103174359092069,0.103086024859258,0.102999949031572,0.102916050999974,0.1028342513389,0.102754471811954,0.102676635377378,0.102600666193267,0.102526489622493,0.102454032237297,0.102383221823528,0.102313987384484,0.10224625914435,0.102179968551185,0.102115048279457,0.102051432232087,0.101989055542002,0.10192785457317,0.101867766921102,0.101808731412826,0.101750688106299,0.101693578289271,0.101637344477587,0.101581930412917,0.101527281059923,0.101473342602856,0.101420062441589,0.101367389187081,0.10131527265628,0.101263663866476,0.101212515029102,0.101161779542996,0.10111141198713,0.101061368112819,0.101011604835424,0.100962080225549,0.100912753499757,0.100863585010823,0.100814536237513,0.100765569773938,0.100716649318474,0.10066773966227,0.100618806677373,0.100569817304465,0.100520739540246,0.100471542424484,0.100422196026725,0.100372671432714,0.100322940730518,0.100272976996387,0.100222754280358,0,0.231401962968353,0.228736699878592,0.226153168973091,0.223626453727983,0.221142489168604,0.21869410852442,0.216277821518715,0.213892210111893,0.211537108729337,0.209213110553064,0.206921229044356,0.204662657262468,0.202438601564494,0.200250174098386,0.198098330253104,0.195983838673747,0.193907273474388,0.191869020564297,0.189869292155781,0.187908145331154,0.185985501952673,0.184101168231285,0.182254852992228,0.180446184159676,0.178674723292755,0.176939978193402,0.175241413712105,0.173578460929267,0.171950524907802,0.170356991210417,0.16879723136171,0.167270607416676,0.165776475776909,0.164314190375834,0.16288310533587,0.161482577183915,0.160111966697265,0.158770640439835,0.157457972038269,0.156173343238918,0.154916144779598,0.153685777104127,0.152481650942909,0.151303187778862,0.150149820214802,0.149020992255798,0.147916159517856,0.146834789372572,0.145776361035969,0.144740365608546,0.143726306072637,0.142733697252341,0.141762065740674,0.140810949797975,0.139879899225195,0.138968475215248,0.138076250185299,0.137202807592541,0.136347741735786,0.135510657544944,0.134691170360288,0.133888905703196,0.13310349903995,0.132334595539968,0.131581849829773,0.130844925743847,0.130123496073417,0.129417242314141,0.128725854413539,0.128049030518964,0.127386476726792,0.12673790683348,0.126103042089049,0.125481610953479,0.124873348856491,0.124277997961088,0.123695306931199,0.123125030703752,0.122566930265411,0.122020772434219,0.121486329646323,0.120963379747957,0.120451705792794,0.119951095844785,0.119461342786553,0.118982244133411,0.118513601853034,0.118055222190796,0.117606915500801,0.11716849608257,0.116739782023369,0.116320595046142,0.115910760363007,0.115510106534239,0.115118465332696,0.114735671613601,0.114361563189603,0.113995980711032,0.113638767551258,0.113289769697057,0.11294883564388,0.112615816295933,0.112290564870954,0.111972936809575,0.111662789689177,0.111359983142104,0.111064378778138,0.110775840111116,0.110494232489579,0.110219423031325,0.109951280561774,0.109689675556,0.109434480084344,0.10918556776147,0.108942813698763,0.10870609445995,0.108475288019831,0.108250273726005,0.108030932263483,0.107817145622075,0.107608797066441,0.107405771108693,0.107207953483451,0.10701523112523,0.106827492148067,0.10664462582728,0.106466522583242,0.106293073967099,0.106124172648296,0.105959712403839,0.105799588109188,0.105643695730679,0.10549193231939,0.105344196006357,0.10520038599905,0.105060402579014,0.104924147100601,0.104791521990699,0.104662430749379,0.104536777951379,0.104414469248343,0.104295411371752,0.104179512136455,0.104066680444734,0.103956826290849,0.103849860765965,0.103745696063428,0.103644245484302,0.103545423443123,0.103449145473803,0.103355328235631,0.103263889519318,0.103174748253037,0.103087824508399,0.103003039506339,0.102920315622849,0.102839576394521,0.102760746523872,0.102683751884403,0.102608519525357,0.102534977676158,0.102463055750484,0.102392684349955,0.10232379526742,0.102256321489798,0.102190197200477,0.102125357781232,0.102061739813665,0.101999281080129,0.101937920564154,0.101877598450331,0.101818256123673,0.101759836168434,0.101702282366382,0.101645539694518,0.101589554322255,0.101534273608041,0.101479646095433,0.101425621508623,0.101372150747434,0.101319185881762,0.101266680145504,0.101214587929959,0.10116286477671,0.101111467370016,0.101060353528705,0.101009482197585,0.100958813438392,0.100908308420284,0.100857929409893,0.100807639760953,0.100757403903518,0.100707187332782,0.100656956597527,0.1006066792882,0.100556324024656,0.100505860443563,0.100455259185497,0.100404491881749,0.10035353114085,0,0.23362356535864,0.230946039556378,0.228340272853898,0.225793086142543,0.223292313935096,0.220830354392315,0.218402879423267,0.216007658984909,0.213643831160448,0.211311425632688,0.20901102281728,0.206743501610138,0.204509856263823,0.202311069945491,0.200148033608109,0.198021499348267,0.19593205862249,0.19388013738462,0.191866002008045,0.189889771499046,0.18795143286674,0.186050857567175,0.184187817713285,0.182362001288393,0.180573025971271,0.178820451421782,0.177103790025466,0.175422516181872,0.173776074266115,0.172163885411068,0.170585353259139,0.169039868824735,0.167526814595833,0.166045567988419,0.164595504252727,0.163175998916118,0.161786429834682,0.160426178914359,0.159094633552619,0.15779118784339,0.156515243580928,0.1552662110924,0.154043509924068,0.152846569401905,0.15167482908411,0.150527739120225,0.149404760529284,0.148305365407542,0.147229037074778,0.146175270166904,0.145143570681526,0.144133455982256,0.143144454766793,0.142176107003228,0.141227963838458,0.140299587482184,0.139390551069572,0.138500438505341,0.137628844291754,0.136775373342743,0.13593964078618,0.135121271756115,0.134319901176642,0.133535173538862,0.132766742672335,0.132014271512225,0.131277431863266,0.130555904161566,0.129849377235155,0.12915754806412,0.128480121541058,0.127816810232549,0.127167334142218,0.126531420475968,0.125908803409842,0.125299223860952,0.124702429261863,0.124118173338765,0.123546215893716,0.122986322591237,0.122438264749445,0.121901819135944,0.121376767768606,0.120862897721389,0.120360000935281,0.11986787403447,0.119386318147782,0.118915138735445,0.118454145421186,0.118003151829691,0.117561975429403,0.117130437380651,0.116708362389074,0.116295578564311,0.115891917283887,0.115497213062263,0.115111303424961,0.114734028787714,0.114365232340541,0.114004759936687,0.113652459986327,0.113308183354945,0.112971783266302,0.112643115209883,0.112322036852739,0.112008407955607,0.111702090293221,0.111402947578693,0.111110845391869,0.110825651111559,0.110547233851513,0.110275464400062,0.110010215163291,0.109751360111656,0.109498774729932,0.109252335970371,0.109011922208985,0.108777413204835,0.10854869006221,0.108325635195619,0.10810813229746,0.107896066308281,0.107689323389525,0.107487790898655,0.107291357366562,0.107099912477145,0.106913347048984,0.106731553018983,0.106554423427913,0.106381852407733,0.106213735170617,0.10604996799958,0.105890448240625,0.105735074296304,0.10558374562062,0.105436362715179,0.105292827126505,0.105153041444437,0.105016909301522,0.104884335373337,0.104755225379646,0.104629486086328,0.104507025307997,0.104387751911246,0.104271575818441,0.104158408011995,0.104048160539071,0.10394074651663,0.103836080136775,0.103734076672335,0.103634652482621,0.103537725019306,0.103443212832376,0.103351035576105,0.103261114014993,0.103173370029647,0.103087726622526,0.103004107923546,0.102922439195479,0.102842646839121,0.102764658398199,0.10268840256397,0.102613809179496,0.10254080924357,0.102469334914245,0.102399319511973,0.102330697522312,0.102263404598184,0.102197377561681,0.102132554405385,0.102068874293201,0.102006277560689,0.101944705714886,0.101884101433604,0.101824408564212,0.101765572121878,0.101707538287291,0.101650254403843,0.101593668974277,0.101537731656813,0.101482393260734,0.101427605741461,0.101373322195101,0.101319496852488,0.101266085072721,0.101213043336203,0.101160329237204,0.10110790147594,0.101055719850196,0.101003745246498,0.100951939630842,0.100900266039009,0.100848688566458,0.100797172357837,0.100745683596102,0.100694189491281,0.100642658268881,0.10059105915797,0.100539362378937,0.100487539130958,0,0.235832604820324,0.233149496208854,0.230523719454722,0.227955925371873,0.225437261687026,0.222960391924174,0.220520463240286,0.218114571132198,0.215741211794344,0.213399861798264,0.211090653896574,0.208814124532546,0.206571021406366,0.204362163088374,0.202188342413008,0.200050264879042,0.197948513587977,0.195883533275688,0.193855627358856,0.191864963315686,0.189911582968815,0.187995415262923,0.186116289922328,0.184273950959999,0.182468069426479,0.180698255073429,0.178964066795789,0.177265021836212,0.175600603806748,0.173970269621393,0.172373455450445,0.170809581811496,0.16927805790783,0.167778285316531,0.166309661118188,0.164871580549038,0.16346343924572,0.162084635142891,0.160734570075077,0.159412651126333,0.158118291764529,0.156850912791328,0.155609943134054,0.154394820501519,0.153204991922468,0.152039914182417,0.15089905417227,0.149781889160137,0.148687906996089,0.14761660625823,0.146567496347333,0.145540097536286,0.144533940979837,0.143548568689423,0.142583533477296,0.141638398873699,0.14071273902038,0.139806138543438,0.138918192408125,0.138048505758006,0.137196693740608,0.136362381321505,0.135545203088587,0.134744803048102,0.133960834413911,0.133192959391261,0.132440848956256,0.131704182632105,0.130982648263127,0.13027594178738,0.129583767008721,0.128905835369021,0.128241865721176,0.1275915841035,0.126954723516033,0.126331023699213,0.125720230915347,0.125122097733245,0.12453638281633,0.123962850714536,0.123401271660214,0.122851421368287,0.122313080840816,0.121786036176148,0.121270078382769,0.120765003197968,0.120270610911395,0.119786706193576,0.119313097929433,0.118849599056835,0.118396026410198,0.117952200569121,0.117517945712068,0.117093089475056,0.116677462815313,0.116270899879882,0.115873237879103,0.115484316964923,0.115103980113977,0.114732073015348,0.114368443962964,0.114012943752527,0.113665425582902,0.113325744961877,0.112993759616216,0.112669329405891,0.112352316242427,0.112042584011241,0.111739998497896,0.111444427318159,0.111155739851776,0.110873807179849,0.110598502025737,0.110329698699356,0.1100672730448,0.109811102391157,0.109561065506449,0.109317042554572,0.109078915055141,0.10884656584615,0.108619879049336,0.108398740038155,0.108183035408265,0.10797265295043,0.107767481625734,0.107567411543021,0.107372333938457,0.10718214115713,0.106996726636585,0.106815984892204,0.106639811504349,0.106468103107167,0.106300757378974,0.106137673034129,0.105978749816319,0.105823888493156,0.105672990852022,0.105525959697065,0.105382698847271,0.105243113135538,0.105107108408673,0.10497459152823,0.10484547037213,0.104719653836976,0.10459705184101,0.104477575327624,0.104361136269384,0.104247647672477,0.104137023581545,0.104029179084818,0.103924030319522,0.103821494477471,0.10372148981082,0.103623935637901,0.10352875234912,0.10343586141284,0.10334518538123,0.103256647896016,0.10317017369411,0.103085688613068,0.103003119596348,0.102922394698322,0.10284344308903,0.10276619505862,0.102690582021473,0.102616536519967,0.102543992227867,0.102472883953311,0.102403147641384,0.102334720376255,0.102267540382854,0.102201547028095,0.102136680821608,0.102072883415995,0.102010097606578,0.101948267330649,0.101887337666213,0.101827254830208,0.10176796617622,0.101709420191678,0.101651566494532,0.101594355829418,0.101537740063318,0.101481672180703,0.101426106278191,0.101370997558697,0.101316302325104,0.101261977973461,0.101207982985704,0.101154276921925,0.101100820412196,0.101047575147957,0.100994503872984,0.100941570373942,0.100888739470556,0.100835977005389,0.100783249833257,0.100730525810302,0.100677773782714,0.100624963575144,0,0.238034247751398,0.235347296618991,0.232703247168284,0.230115006196527,0.227577685776752,0.225084784584843,0.222631241624681,0.220213639946208,0.217829911784482,0.215479010415301,0.213160621706736,0.210874923078048,0.208622389699382,0.206403645661951,0.204219355549699,0.202070150117144,0.199956579140429,0.197879084812649,0.19583798992204,0.193833496138957,0.191865688816535,0.189934545660333,0.188039947399119,0.186181689191193,0.184359491948613,0.182573013083353,0.18082185640292,0.179105581032933,0.177423709340948,0.175775733894999,0.174161123523791,0.172579328561824,0.171029785368012,0.169511920204872,0.16802515256002,0.16656889798431,0.165142570512909,0.163745584727432,0.162377357509653,0.161037309530262,0.159724866509937,0.158439460284515,0.157180529701352,0.15594752136989,0.154739890286033,0.153557100347019,0.152398624771032,0.151263946433716,0.150152558132051,0.14906396278458,0.147997673575764,0.146953214051211,0.145930118169666,0.144927930316918,0.143946205286154,0.142984508228764,0.142042414579164,0.141119509956791,0.140215390048096,0.139329660471095,0.138461936624734,0.137611843525145,0.136779015630641,0.135963096657135,0.135163739385511,0.134380605462323,0.133613365195074,0.13286169734322,0.132125288905922,0.131403834907492,0.130697038181363,0.130004609153366,0.129326265625004,0.128661732557335,0.128010741856043,0.127373032158188,0.126748348621091,0.126136442713764,0.125537072011225,0.124949999992029,0.12437499583929,0.123811834245429,0.123260295220864,0.122720163906829,0.122191230392455,0.121673289536272,0.121166140792205,0.120669588040172,0.120183439421345,0.119707507178109,0.119241607498772,0.11878556036703,0.118339189416193,0.117902321788174,0.117474787997214,0.117056421798319,0.116647060060381,0.11624654264392,0.115854712283425,0.11547141447421,0.115096497363736,0.11472981164734,0.114371210468278,0.11402054932203,0.113677685964768,0.113342480325926,0.11301479442477,0.112694492290891,0.11238143988854,0.112075505044693,0.111776557380784,0.11148446824799,0.111199110665995,0.11092035926512,0.110648090231744,0.110382181256906,0.110122511488012,0.109868961483526,0.109621413170584,0.109379749805403,0.109143855936422,0.10891361737005,0.108688921138963,0.108469655472825,0.108255709771357,0.108046974579667,0.107843341565734,0.107644703499971,0.10745095423677,0.107261988697941,0.107077702857962,0.106897993730947,0.106722759359253,0.106551898803637,0.106385312134879,0.106222900426797,0.106064565750562,0.105910211170245,0.105759740739502,0.105613059499341,0.10547007347688,0.105330689685025,0.105194816123004,0.105062361777673,0.104933236625539,0.104807351635422,0.104684618771695,0.104564950998041,0.104448262281654,0.104334467597845,0.104223482934964,0.104115225299615,0.104009612722087,0.103906564261951,0.103806000013784,0.103707841112962,0.103612009741478,0.103518429133739,0.103427023582302,0.103337718443513,0.103250440142997,0.103165116180979,0.103081675137393,0.103000046676745,0.102920161552709,0.102841951612419,0.102765349800433,0.102690290162353,0.102616707848066,0.102544539114594,0.102473721328533,0.102404192968065,0.102335893624528,0.10226876400353,0.102202745925594,0.102137782326334,0.102073817256143,0.10201079587939,0.101948664473124,0.101887370425284,0.101826862232405,0.101767089496825,0.101708002923391,0.101649554315679,0.101591696571703,0.101534383679152,0.101477570710131,0.101421213815439,0.10136527021836,0.101309698208011,0.101254457132231,0.101199507390025,0.101144810423589,0.101090328709905,0.101036025751936,0.100981866069427,0.100927815189325,0.100873839635829,0.100819906920095,0.100765985529592,0,0.240234521415166,0.237540209040692,0.234878682446025,0.232270252289123,0.229713777023614,0.227203942140941,0.224735759034904,0.22230546885185,0.219910534826577,0.217549433555657,0.215221419300349,0.212926305600557,0.210664278066738,0.208435742868793,0.206241210531877,0.204081211563373,0.201956238825698,0.19986671112915,0.197812952845241,0.195795185065909,0.193813524692863,0.19186798867385,0.189958501329329,0.188084903306118,0.186246961155933,0.184444376882198,0.182676797048932,0.180943821221625,0.179245009629901,0.177579890020632,0.17594796371956,0.17434871094854,0.172781595460619,0.171246068561239,0.169741572584103,0.168267543887096,0.166823415428591,0.165408618978576,0.164022587012894,0.16266475433301,0.161334559448192,0.160031445752006,0.158754862520622,0.157504265756544,0.156279118898045,0.155078893411686,0.153903069282849,0.152751135417131,0.151622589963647,0.1505169405698,0.149433704575798,0.148372409156113,0.14733259141417,0.146313798435767,0.145315587306068,0.144337525094451,0.143379188810994,0.142440165337976,0.141520051339403,0.140618453151261,0.139734986654903,0.138869277135771,0.138020959129399,0.137189676256498,0.136375081048715,0.135576834766534,0.134794607210646,0.134028076527974,0.13327692901347,0.132540858908641,0.13181956819773,0.131112766402342,0.130420170375269,0.129741504094163,0.129076498455676,0.128424891070583,0.127786426060399,0.127160853855905,0.126547930997982,0.125947419941098,0.125359088859744,0.124782711458104,0.124218066783182,0.123664939041598,0.123123117420225,0.122592395910828,0.12207257313882,0.121563452196248,0.121064840479093,0.120576549528953,0.120098394879155,0.119630195905336,0.119171775680521,0.118722960834687,0.118283581418833,0.117853470773538,0.117432465401975,0.117020404847364,0.116617131574823,0.116222490857565,0.115836330667406,0.115458501569519,0.115088856621366,0.114727251275767,0.114373543288012,0.114027592626961,0.113689261390054,0.113358413722145,0.113034915738102,0.112718635449062,0.112409442692289,0.112107209064527,0.111811807858779,0.111523114004414,0.111241004010527,0.110965355912452,0.110696049221349,0.110432964876774,0.110175985202145,0.10992499386301,0.109679875828036,0.109440517332626,0.109206805845076,0.108978630035192,0.10875587974526,0.108538445963306,0.108326220798542,0.108119097458923,0.107916970230718,0.107719734460021,0.107527286536116,0.107339523876603,0.107156344914219,0.10697764908526,0.106803336819524,0.106633309531705,0.106467469614149,0.1063057204309,0.106147966312962,0.105994112554693,0.105844065411269,0.105697732097136,0.105555020785385,0.105415840607976,0.10528010165675,0.105147714985148,0.105018592610597,0.104892647517465,0.104769793660559,0.104649945969077,0.104533020350974,0.10441893369768,0.104307603889106,0.1041989497989,0.104092891299896,0.103989349269696,0.103888245596355,0.103789503184114,0.103693045959135,0.103598798875201,0.103506687919343,0.103416640117348,0.103328583539121,0.103242447303862,0.103158161585025,0.103075657615035,0.102994867689728,0.102915725172494,0.102838164498089,0.102762121176107,0.10268753179408,0.102614334020194,0.1025424666056,0.102471869386305,0.102402483284631,0.102334250310236,0.102267113560669,0.102201017221472,0.102135906565806,0.102071727953604,0.102008428830244,0.101945957724737,0.101884264247434,0.101823299087245,0.101763014008382,0.101703361846614,0.101644296505048,0.101585772949441,0.101527747203038,0.101470176340957,0.101413018484114,0.101356232792715,0.101299779459297,0.101243619701358,0.101187715753566,0.101132030859559,0.10107652926337,0.101021176200451,0.100965937888347,0.10091078151701,0,0.242438269317697,0.239729237319609,0.237049924996081,0.23442150111753,0.231845580015953,0.229318124509247,0.226834430725914,0.224390561029256,0.221983614226338,0.219611650201437,0.217273519876206,0.214968679313319,0.212697016622711,0.210458703517631,0.20825407559289,0.206083540892432,0.203947513761844,0.201846369801064,0.199780417498738,0.197749882457433,0.195754900717046,0.193795518360049,0.191871695226323,0.189983311124069,0.188130173379441,0.186312024923904,0.184528552387072,0.182779393859465,0.181064146129533,0.179382371295952,0.177733602720861,0.1761173503312,0.174533105300474,0.17298034415716,0.171458532372311,0.169967127480365,0.168505581785539,0.167073344702885,0.165669864778774,0.164294591431073,0.162946976444651,0.161626475253597,0.160332548037494,0.159064660655574,0.157822285439364,0.156604901861685,0.155411997097428,0.154243066489478,0.153097613931351,0.151975152176566,0.150875203083503,0.149797297803331,0.148740976917673,0.147705790531844,0.146691298328787,0.14569706958827,0.144722683175334,0.143767727501599,0.142831800462594,0.14191450935399,0.141015470769277,0.140134310481204,0.139270663309057,0.138424172973649,0.137594491941719,0.136781281261292,0.135984210389377,0.135202957013284,0.134437206866695,0.133686653541556,0.132950998296708,0.132229949864136,0.131523224253618,0.130830544556458,0.130151640748968,0.129486249496253,0.128834113956836,0.128194983588574,0.1275686139563,0.126954766541548,0.126353208554714,0.125763712749928,0.12518605724292,0.124620025332089,0.12406540532299,0.123521990356409,0.122989578240166,0.122467971284786,0.12195697614313,0.121456403654085,0.120966068690365,0.120485790010498,0.120015390115015,0.119554695106883,0.119103534556183,0.11866174136905,0.118229151660848,0.117805604633585,0.117390942457524,0.116985010156974,0.116587655500212,0.116198728893497,0.115818083279127,0.11544557403748,0.115081058892991,0.114724397823988,0.114375452976339,0.114034088580823,0.11370017087418,0.113373568023732,0.113054150055541,0.112741788785991,0.112436357756737,0.112137732172943,0.111845788844714,0.111560406131653,0.111281463890463,0.1110088434255,0.110742427442207,0.110482100003339,0.110227746487899,0.1099792535527,0.109736509096469,0.109499402226418,0.109267823227186,0.10904166353208,0.108820815696527,0.108605173373662,0.108394631291961,0.108189085234842,0.10798843202216,0.107792569493507,0.107601396493238,0.107414812857159,0.107232719400775,0.107055017909043,0.106881611127548,0.106712402755015,0.106547297437102,0.106386200761385,0.106229019253479,0.106075660374205,0.105926032517748,0.105780045010736,0.105637608112165,0.105498633014117,0.105363031843189,0.105230717662588,0.105101604474826,0.104975607224937,0.104852641804194,0.104732625054228,0.104615474771526,0.10450110971224,0.104389449597252,0.104280415117461,0.104173927939218,0.104069910709896,0.103968287063512,0.103868981626396,0.103771920022835,0.103677028880669,0.103584235836804,0.103493469542587,0.103404659669037,0.103317736911879,0.103232632996354,0.103149280681788,0.10306761376588,0.102987567088696,0.102909076536335,0.102832079044259,0.102756512600248,0.102682316246992,0.102609430084274,0.102537795270745,0.102467354025285,0.102398049627916,0.10232982642029,0.102262629805708,0.102196406248694,0.102131103274106,0.102066669465773,0.102003054464674,0.101940208966641,0.101878084719598,0.101816634520329,0.101755812210781,0.101695572673912,0.101635871829072,0.101576666626945,0.101517915044034,0.101459576076721,0.101401609734888,0.101343977035127,0.101286639993532,0.101229561618092,0.101172705900704,0.101116037808797,0.101059523276595,0,0.244648152990494,0.2419152518383,0.23921688520119,0.236568512173229,0.233973006624904,0.231427447483566,0.228927540698382,0.226469311927711,0.224049602210175,0.221666124073088,0.219317364351886,0.217002438422301,0.214720937857552,0.212472790507617,0.210258141541278,0.20807725813747,0.205930457041849,0.203818052321882,0.201740319866768,0.199697475092456,0.197689660621015,0.195716941192252,0.193779303598087,0.191876659930436,0.190008852865736,0.188175662062667,0.186376811027159,0.184611974009567,0.182880782654647,0.181182832237007,0.179517687393203,0.177884887315004,0.176283950403365,0.174714378404459,0.173175660061808,0.171667274324839,0.170188693156439,0.168739383981519,0.167318811816563,0.165926441117107,0.164561737376705,0.163224168507469,0.161913206028876,0.160628326088349,0.15936901033428,0.158134746659487,0.156925029830877,0.155739362018996,0.154577253239443,0.153438221716549,0.152321794178441,0.151227506091441,0.150154901840792,0.149103534863855,0.148072967741169,0.147062772250188,0.146072529385913,0.145101829352214,0.144150271527195,0.143217464405621,0.142303025521107,0.141406581350501,0.140527767202648,0.139666227093508,0.13882161360942,0.137993587760132,0.137181818823062,0.136385984180116,0.135605769148287,0.134840866805118,0.134090977810044,0.133355810222496,0.132635079317615,0.131928507400303,0.131235823618298,0.130556763774883,0.129891070141772,0.129238491272694,0.128598781818097,0.1279717023414,0.127357019137134,0.126754504051306,0.126163934304267,0.125585092316345,0.12501776553645,0.124461746273866,0.123916831533378,0.123382822853906,0.122859526150741,0.122346751561512,0.121844313295953,0.12135202948956,0.120869722061162,0.120397216574477,0.119934342103669,0.119480931102915,0.119036819280001,0.118601845473938,0.118175851536583,0.117758682218255,0.117350185057306,0.116950210273627,0.116558610666042,0.116175241513548,0.115799960480356,0.115432627524677,0.115073104811195,0.114721256627177,0.114376949302145,0.114040051131056,0.113710432300916,0.113387964820768,0.113072522454965,0.112763980659687,0.112462216522589,0.112167108705546,0.111878537390385,0.111596384227554,0.111320532287638,0.111050866015639,0.110787271187968,0.110529634872036,0.110277845388395,0.110031792275339,0.109791366255884,0.109556459207052,0.109326964131392,0.109102775130635,0.108883787381432,0.108669897113083,0.108461001587183,0.10825699907911,0.108057788861279,0.107863271188089,0.10767334728248,0.107487919324039,0.107306890438568,0.107130164689058,0.106957647067971,0.106789243490797,0.106624860790776,0.10646440671475,0.10630778992005,0.106154919972369,0.106005707344554,0.105860063416239,0.105717900474273,0.105579131713865,0.105443671240398,0.105311434071851,0.105182336141758,0.105056294302664,0.104933226330013,0.10481305092642,0.104695687726269,0.10458105730059,0.10446908116217,0.104359681770838,0.104252782538898,0.104148307836645,0.104046182997939,0.103946334325783,0.103848689097881,0.103753175572122,0.103659722991969,0.10356826159171,0.103478722601548,0.103391038252494,0.10330514178103,0.10322096743353,0.1031384504704,0.103057527169926,0.102978134831792,0.102900211780273,0.10282369736706,0.102748531973712,0.102674657013731,0.102602014934222,0.102530549217149,0.102460204380164,0.102390925977008,0.10232266059747,0.102255355866905,0.102188960445297,0.10212342402588,0.102058697333297,0.101994732121306,0.101931481170033,0.101868898282776,0.101806938282353,0.101745557007007,0.101684711305872,0.101624359034,0.101564459046958,0.101504971195008,0.101445856316869,0.101387076233075,0.101328593738933,0.101270372597106,0.101212377529808,0,0.246863164682122,0.244098636476752,0.241379390821793,0.238710959247741,0.236095845086146,0.233531889057475,0.231015241894014,0.2285420042579,0.226108861405579,0.223713253144242,0.221353350123349,0.219027952999562,0.216736366196697,0.214478271406443,0.21225361351069,0.210062504637876,0.20790514782283,0.205781779228803,0.203692626582889,0.201637880979042,0.1996176792076,0.197632094048393,0.195681130361396,0.193764725228846,0.191882750793308,0.190035018772823,0.188221285910243,0.186441259831614,0.184694604955144,0.182980948216558,0.181299884467047,0.179650981464174,0.17803378442039,0.176447820103469,0.17489260050213,0.173367626081576,0.171872388659804,0.170406373938201,0.168969063720189,0.167559937850513,0.1661784759057,0.164824158663779,0.163496469378634,0.162194894881801,0.160918926531928,0.159668061029828,0.158441801114914,0.157239656156888,0.156061142654878,0.154905784654713,0.153773114093739,0.152662671081418,0.151574004122977,0.150506670292515,0.149460235361229,0.148434273885763,0.147428369261141,0.146442113742232,0.145475108437306,0.144526963276818,0.143597296960282,0.142685736883766,0.141791919050324,0.140915487965432,0.140056096519295,0.139213405857751,0.138387085243272,0.137576811907505,0.136782270896584,0.136003154910389,0.135239164136796,0.134490006081864,0.133755395396838,0.133035053702742,0.13232870941328,0.131636097556702,0.130956959597204,0.130291043256407,0.129638102335388,0.128997896537695,0.128370191293733,0.127754757586869,0.127151371781568,0.126559815453839,0.125979875224223,0.125411342593564,0.124854013781722,0.124307689569423,0.123772175143369,0.123247279944736,0.122732817521168,0.122228605382352,0.121734464859232,0.121250220966942,0.120775702271476,0.120310740760141,0.119855171715808,0.119408833594972,0.118971567909614,0.118543219112871,0.118123634488485,0.117712664044019,0.117310160407807,0.116915978729599,0.11652997658488,0.116152013882796,0.115781952777659,0.115419657583975,0.11506499469493,0.114717832504299,0.114378041331696,0.114045493351122,0.113720062522733,0.113401624527772,0.1130900567066,0.112785237999745,0.112487048891916,0.112195371358901,0.111910088817284,0.111631086076902,0.111358249295982,0.111091465938872,0.110830624736304,0.110575615648105,0.110326329828298,0.110082659592498,0.109844498387553,0.109611740763338,0.109384282346633,0.109162019817029,0.108944850884753,0.10873267427038,0.108525389686325,0.108322897820074,0.108125100319051,0.107931899777076,0.107743199722333,0.107558904606771,0.107378919796888,0.107203151565808,0.107031507086598,0.106863894426752,0.10670022254378,0.106540401281829,0.106384341369285,0.106231954417274,0.106083152919023,0.105937850249998,0.105795960668773,0.10565739931857,0.105522082229404,0.105389926320787,0.105260849404929,0.105134770190389,0.105011608286117,0.104891284205839,0.104773719372743,0.104658836124403,0.104546557717907,0.104436808335146,0.10432951308821,0.104224598024855,0.104121990134007,0.104021617351259,0.103923408564318,0.103827293618385,0.103733203321414,0.10364106944924,0.103550824750521,0.103462402951493,0.103375738760491,0.103290767872218,0.103207426971743,0.103125653738202,0.10304538684818,0.102966565978759,0.102889131810218,0.102813026028366,0.102738191326488,0.102664571406908,0.102592110982146,0.102520755775656,0.102450452522155,0.102381148967518,0.102312793868242,0.102245336990475,0.102178729108606,0.10211292200342,0.102047868459799,0.101983522264002,0.101919838200491,0.101856772048332,0.10179428057716,0.101732321542718,0.101670853681978,0.101609836707844,0.10154923130345,0.101488999116054,0.101429102750548,0.10136950576258,0,0.249079645465041,0.246279051418465,0.243537085693074,0.240848410684349,0.238213764161049,0.235631295358476,0.233097557938551,0.230608805083598,0.228161658341788,0.225753360840085,0.223381821093354,0.221045558721025,0.218743608072239,0.216475409257135,0.214240702725049,0.212039435852409,0.209871685183933,0.207737594942808,0.205637330656011,0.20357104585504,0.201538859511939,0.19954084192473,0.197577007009281,0.195647309275787,0.193751644100221,0.191889850207492,0.190061713547058,0.188266971958651,0.186505320197983,0.18477641502503,0.18307988015736,0.181415310964419,0.179782278831442,0.178180335158623,0.176609014986382,0.175067840254063,0.173556322709704,0.172073966494372,0.170620270427423,0.16919473001982,0.167796839242141,0.166426092072559,0.165081983848317,0.163764012442193,0.162471679283423,0.161204490240556,0.159961956381795,0.158743594626692,0.157548928301434,0.156377487608573,0.155228810020767,0.154102440607008,0.152997932298819,0.151914846103028,0.150852751267017,0.149811225401628,0.148789854566388,0.147788233321172,0.146805964748009,0.145842660446323,0.144897940504602,0.143971433451135,0.14306277618625,0.142171613898206,0.141297599964708,0.140440395841828,0.139599670941937,0.138775102502116,0.137966375444374,0.137173182228884,0.136395222701332,0.135632203935378,0.134883840071153,0.134149852150594,0.13342996795039,0.132723921813215,0.132031454477859,0.131352312908836,0.130686250125963,0.130033025034371,0.129392402255368,0.128764151958531,0.128148049695339,0.12754387623468,0.126951417400468,0.126370463911626,0.125800811224642,0.125242259378876,0.124694612844781,0.124157680375193,0.12363127485978,0.123115213182786,0.122609316084129,0.122113408023943,0.121627317050608,0.121150874672315,0.120683915732212,0.120226278287124,0.119777803489896,0.11933833547533,0.118907721249733,0.118485810584056,0.118072455910608,0.117667512223321,0.117270836981533,0.116882290017263,0.116501733445936,0.116129031580508,0.115764050848961,0.115406659715101,0.115056728602628,0.114714129822397,0.114378737502844,0.114050427523496,0.11372907745151,0.113414566481186,0.113106775376389,0.112805586415803,0.112510883340976,0.112222551307062,0.111940476836223,0.11166454777359,0.111394653245748,0.111130683621655,0.11087253047593,0.110620086554449,0.110373245742172,0.110131903033135,0.109895954502533,0.109665297280835,0.109439829529851,0.109219450420686,0.109004060113515,0.108793559739107,0.108587851382026,0.108386838065454,0.108190423737554,0.107998513259309,0.107811012393785,0.107627827796727,0.107448867008443,0.107274038446906,0.107103251402003,0.106936416030874,0.106773443354283,0.106614245253946,0.106458734470768,0.106306824603926,0.106158430110732,0.106013466307228,0.105871849369454,0.105733496335326,0.105598325107082,0.105466254454232,0.105337204016968,0.105211094309975,0.105087846726607,0.104967383543364,0.104849627924634,0.104734503927655,0.10462193650765,0.104511851523089,0.104404175741052,0.104298836842632,0.104195763428362,0.104094885023618,0.103996132083965,0.103899436000413,0.10380472910456,0.103711944673576,0.103621016935017,0.103531881071432,0.103444473224743,0.103358730500368,0.103274590971077,0.103191993680548,0.103110878646617,0.103031186864188,0.102952860307812,0.10287584193389,0.102800075682517,0.102725506478937,0.102652080234606,0.102579743847847,0.102508445204109,0.102438133175796,0.10236875762169,0.102300269385937,0.10223262029662,0.102165763163899,0.102099651777723,0.102034240905123,0.101969486287071,0.101905344634931,0.10184177362648,0.101778731901525,0.101716179057115,0.10165407564234,0.101592383152755,0.1015310640244,0,0.251292659207469,0.248455334131852,0.245689343117526,0.242980303766151,0.240326313003007,0.237725385592897,0.235174385810619,0.232669764603791,0.230208158763019,0.22778668885762,0.225403059001636,0.22305554755607,0.22074294261952,0.21846445373218,0.216219618391047,0.214008214136428,0.21183018183542,0.209685562388676,0.207574446937618,0.205496939415323,0.203453129691881,0.201443075392184,0.199466790541526,0.197524239402195,0.195615334123847,0.193739935093964,0.191897853116526,0.190088852755259,0.188312656349615,0.186568948348707,0.184857379714892,0.183177572229492,0.181529122593199,0.179911606257294,0.178324580952864,0.176767589906659,0.175240164746616,0.1737418281093,0.172272095967036,0.170830479695421,0.169416487903036,0.16802962804515,0.166669407842384,0.165335336524084,0.16402692591463,0.162743691379362,0.161485152645209,0.16025083450958,0.15904026744968,0.15785298814307,0.15668853990915,0.155546473080113,0.154426345309038,0.153327721821877,0.152250175619393,0.151193287634423,0.150156646849264,0.149139850377461,0.14814250351385,0.147164219756281,0.146204620802122,0.145263336522317,0.144340004915512,0.143434272044513,0.142545791957121,0.141674226593202,0.140819245679676,0.139980526614955,0.139157754344209,0.138350621226739,0.137558826896593,0.136782078117478,0.136020088632918,0.135272579012525,0.134539276495176,0.133819914829805,0.133114234114476,0.132421980634313,0.131742906698836,0.13107677047919,0.1304233358457,0.129782372206155,0.129153654345183,0.128536962265022,0.127932081028007,0.127338800600989,0.126756915701961,0.12618622564905,0.125626534212094,0.12507764946693,0.12453938365255,0.124011553031232,0.123493977751757,0.122986481715781,0.122488892447452,0.12200104096632,0.121522761663582,0.1210538921817,0.120594273297428,0.120143748808234,0.11970216542216,0.119269372651088,0.118845222707423,0.118429570404171,0.118022273058395,0.117623190398019,0.117232184471963,0.116849119563552,0.11647386210719,0.116106280608231,0.11574624556602,0.115393629400054,0.115048306379204,0.114710152553958,0.114379045691627,0.114054865214454,0.113737492140575,0.113426809027775,0.11312269991997,0.11282505029636,0.112533747023202,0.112248678308118,0.111969733656892,0.111696803832689,0.11142978081763,0.111168557776658,0.110913029023631,0.110663089989577,0.110418637193048,0.110179568212501,0.109945781660651,0.109717177160717,0.109493655324512,0.109275117732292,0.109061466914324,0.108852606334079,0.108648440373012,0.108448874316846,0.10825381434331,0.108063167511254,0.107876841751091,0.107694745856492,0.107516789477285,0.107342883113484,0.107172938110389,0.107006866654717,0.106844581771668,0.106685997322905,0.106531028005367,0.106379589350865,0.106231597726409,0.106086970335211,0.105945625218295,0.105807481256694,0.105672458174145,0.105540476540258,0.105411457774105,0.105285324148167,0.105161998792614,0.105041405699856,0.104923469729329,0.104808116612471,0.104695272957845,0.104584866256381,0.104476824886672,0.104371078120324,0.104267556127289,0.104166189981173,0.104066911664473,0.103969654073713,0.103874351024458,0.103780937256169,0.103689348436873,0.103599521167636,0.103511392986793,0.103424902373936,0.103339988753625,0.103256592498807,0.103174654933929,0.103094118337725,0.103014925945663,0.102937021952039,0.10286035151171,0.10278486074145,0.102710496720917,0.10263720749324,0.102564942065198,0.102493650406999,0.102423283451651,0.102353793093919,0.102285132188876,0.102217254550036,0.10215011494707,0.102083669103119,0.102017873691689,0.10195268633314,0.101888065590777,0.101823970966535,0.10176036289628,0.10169720274471,0,0.253497022797671,0.250625538401791,0.247835212612396,0.245105920279656,0.242432918225273,0.239813755799139,0.237245498936258,0.234724816218903,0.23224842450707,0.229813391497438,0.227417276044764,0.225058159459776,0.222734613084581,0.220445632735193,0.218190559818863,0.215969001576315,0.213780757759833,0.211625757461862,0.209504007383318,0.207415551306139,0.205360439676953,0.2033387078158,0.201350361171431,0.19939536612957,0.197473645056004,0.195585074466108,0.193729485422446,0.191906665453845,0.190116361454759,0.188358283160589,0.186632106904505,0.184937479447274,0.183274021737354,0.181641332507902,0.180038991653583,0.178466563356218,0.176923598946654,0.175409639502795,0.173924218191985,0.172466862371037,0.171037095460138,0.169634438608158,0.168258412167231,0.166908536994026,0.165584335594313,0.164285333126333,0.163011058277268,0.16176104402588,0.16053482830314,0.159331954561552,0.158151972262738,0.156994437291912,0.155858912306918,0.154744967028732,0.153652178479579,0.152580131174159,0.151528417268929,0.150496636673841,0.149484397130501,0.148491314260309,0.14751701158578,0.14656112052793,0.145623280382333,0.144703138276196,0.143800349108593,0.142914575475776,0.142045487583323,0.141192763146716,0.140356087281781,0.139535152386335,0.138729658014204,0.137939310742737,0.137163824034784,0.136402918096066,0.135656319728747,0.13492376218197,0.13420498500004,0.133499733868868,0.132807760461261,0.132128822281552,0.13146268251005,0.130809109847725,0.130167878361512,0.129538767330583,0.128921561093882,0.128316048899219,0.127722024754161,0.127139287278939,0.126567639561585,0.126006889015445,0.125456847239249,0.124917329879858,0.124388156497799,0.1238691504357,0.123360138689701,0.122860951783917,0.122371423648001,0.121891391497869,0.121420695719611,0.120959179756615,0.120506689999928,0.120063075681858,0.119628188772818,0.119201883881416,0.118784018157764,0.118374451200009,0.117973044964046,0.117579663676405,0.117194173750268,0.116816443704583,0.116446344086253,0.116083747395341,0.115728528013257,0.115380562133882,0.115039727697586,0.114705904328075,0.114378973272033,0.114058817341498,0.11374532085892,0.113438369604842,0.113137850768154,0.112843652898858,0.112555665863286,0.112273780801714,0.111997890088311,0.111727887293366,0.111463667147726,0.11120512550939,0.110952159332196,0.11070466663654,0.110462546482059,0.110225698942232,0.109994025080818,0.10976742693008,0.109545807470737,0.109329070613571,0.109117121182631,0.108909864899987,0.108707208371945,0.10850905907669,0.108315325353277,0.108125916391927,0.107940742225547,0.107759713722435,0.107582742580103,0.107409741320158,0.107240623284185,0.107075302630578,0.106913694332264,0.106755714175256,0.106601278757993,0.106450305491399,0.106302712599626,0.106158419121414,0.106017344912021,0.10587941064568,0.105744537818528,0.10561264875196,0.105483666596363,0.105357515335183,0.105234119789284,0.105113405621555,0.104995299341723,0.104879728311326,0.104766620748822,0.104655905734778,0.104547513217122,0.104441374016401,0.104337419831037,0.104235583242522,0.10413579772055,0.104037997628029,0.103942118225962,0.103848095678177,0.103755867055854,0.103665370341857,0.103576544434828,0.103489329153034,0.103403665237935,0.103319494357475,0.10323675910906,0.10315540302222,0.103075370560935,0.102996607125619,0.102919059054747,0.102842673626113,0.102767399057715,0.102693184508263,0.102619980077291,0.102547736804883,0.102476406670999,0.102405942594407,0.102336298431208,0.102267428972964,0.102199289944426,0.102131838000863,0.10206503072499,0.101998826623503,0.101933185123234,0.101868066566903,0,0.255687444594587,0.252787098989831,0.249973411211133,0.247224369692554,0.244532880142437,0.241895881549207,0.239310550351159,0.236773777503819,0.234282411681357,0.231833531358777,0.229424608734055,0.227053575084031,0.224718819000874,0.222419144530483,0.220153708858847,0.217921952966551,0.215723533862542,0.213558263408605,0.211426056163214,0.209326886929575,0.207260757608565,0.205227672361075,0.203227619825219,0.201260561091119,0.19932642221938,0.197425090236264,0.195556411708332,0.193720193167265,0.191916202808624,0.190144173020353,0.188403803406647,0.186694764061386,0.185016698915133,0.183369229033599,0.181751955786215,0.18016446383381,0.178606323906433,0.177077095358152,0.175576328496575,0.174103566692233,0.172658348277663,0.171240208248852,0.169848679783159,0.168483295588353,0.167143589097272,0.16582909552211,0.164539352781525,0.163273902312876,0.162032289780905,0.160814065693218,0.159618785931968,0.158446012210238,0.15729531246081,0.156166261164215,0.15505843962229,0.153971436182827,0.152904846420319,0.151858273277339,0.150831327170595,0.149823626065331,0.148834795521367,0.147864468713758,0.146912286430758,0.145977897051526,0.14506095650579,0.144161128217448,0.143278083033948,0.142411499143085,0.141561061978721,0.140726464116795,0.139907405162878,0.139103591632404,0.13831473682461,0.137540560691137,0.136780789700157,0.1360351566968,0.13530340076061,0.134585267060679,0.133880506709048,0.133188876612929,0.132510139326223,0.131844062900792,0.131190420737891,0.130548991440112,0.129919558664186,0.129301910974933,0.128695841700622,0.128101148789997,0.127517634671168,0.126945106112562,0.126383374086108,0.125832253632795,0.125291563730744,0.124761127165899,0.124240770405438,0.123730323473992,0.123229619832731,0.122738496261386,0.122256792743252,0.121784352353203,0.121321021148755,0.120866648064189,0.120421084807753,0.11998418576194,0.119555807886844,0.11913581062659,0.118724055818815,0.118320407607188,0.117924732356956,0.117536898573463,0.117156776823645,0.11678423966044,0.116419161550099,0.116061418802337,0.115710889503305,0.11536745345132,0.115030992095326,0.11470138847602,0.114378527169609,0.114062294234142,0.113752577158366,0.113449264813055,0.113152247404755,0.112861416431894,0.112576664643203,0.112297885998392,0.112024975631014,0.111757829813484,0.111496345924165,0.111240422416493,0.110989958790064,0.110744855563626,0.110505014249933,0.11027033733238,0.110040728243383,0.109816091344427,0.109596331907733,0.109381356099491,0.109171070964582,0.10896538441275,0.108764205206161,0.108567442948284,0.108375008074044,0.108186811841188,0.108002766322809,0.107822784400972,0.107646779761379,0.107474666889032,0.107306361064827,0.107141778363031,0.10698083564959,0.106823450581211,0.106669541605172,0.106519027959804,0.106371829675598,0.106227867576887,0.106087063284062,0.105949339216252,0.105814618594459,0.105682825445067,0.1055538846037,0.105427721719387,0.10530426325898,0.105183436511799,0.105065169594456,0.104949391455818,0.104836031882079,0.104725021501906,0.104616291791615,0.104509775080352,0.104405404555253,0.104303114266532,0.104202839132498,0.104104514944441,0.104008078371394,0.103913466964714,0.103820619162487,0.103729474293712,0.103639972582262,0.10355205515059,0.103465664023167,0.103380742129635,0.103297233307659,0.10321508230547,0.103134234784072,0.103054637319117,0.102976237402432,0.102898983443186,0.102822824768689,0.102747711624827,0.102673595176116,0.10260042750537,0.102528161612991,0.102456751415868,0.102386151745889,0.102316318348064,0.102247207878261,0.102178777900551,0.102110986884176,0.102043794200128,0,0.257859043797784,0.254937093622048,0.252102360883157,0.249334584476587,0.246625370167097,0.243971119968603,0.241369075710074,0.238816351757047,0.236309969864383,0.233847076223372,0.231425112907071,0.229041909492238,0.226695709167095,0.224385150460503,0.222109222727491,0.21986720900558,0.217658625703908,0.215483165183569,0.213340644675695,0.211230963102681,0.209154066106401,0.207109918813597,0.205098485453234,0.203119714771067,0.201173530173623,0.199259823611247,0.197378452332235,0.195529237777588,0.19371196602094,0.191926389280855,0.190172228138836,0.188449174184927,0.186756892884663,0.185095026518139,0.183463197086319,0.181861009113579,0.18028805230091,0.178743904002948,0.177228131515548,0.175740294170182,0.174279945238005,0.172846633650753,0.171439905548315,0.17005930566434,0.168704378561899,0.16737466973129,0.166069726561828,0.164789099198882,0.163532341296752,0.162299010677235,0.161088669902941,0.159900886773645,0.158735234753227,0.157591293334062,0.15646864834506,0.155366892208978,0.154285624154063,0.153224450384616,0.152182984214613,0.151160846168112,0.150157664049826,0.149173072988928,0.148206715458846,0.147258241275552,0.146327307576636,0.14541357878322,0.144516726546593,0.143636429681282,0.142772374086111,0.14192425265467,0.141091765176481,0.140274618230057,0.139472525068914,0.13868520550153,0.137912385766142,0.137153798401215,0.136409182112308,0.135678281636041,0.134960847601773,0.134256636391564,0.133565409998936,0.1328869358869,0.132220986845677,0.131567340850509,0.130925780919892,0.13029609497457,0.129678075697556,0.129071520395452,0.128476230861291,0.127892013239113,0.127318677890453,0.126756039262908,0.126203915760936,0.125662129618993,0.125130506777138,0.1246088767592,0.124097072553574,0.12359493049674,0.123102290159536,0.122618994236257,0.122144888436602,0.12167982138051,0.121223644495889,0.120776211919277,0.120337380399409,0.119907009203728,0.1194849600278,0.119071096907648,0.118665286134972,0.118267396175256,0.117877297588714,0.117494862954072,0.11711996679514,0.116752485510152,0.116392297303826,0.116039282122125,0.115693321589662,0.115354298949714,0.115022099006808,0.114696608071817,0.114377713909544,0.11406530568872,0.113759273934388,0.113459510482616,0.113165908437481,0.112878362130286,0.11259676708095,0.112321019961517,0.112051018561736,0.111786661756651,0.111527849476162,0.111274482676476,0.111026463313425,0.110783694317567,0.110546079571039,0.110313523886085,0.110085932985223,0.109863213482982,0.109645272869159,0.109432019493544,0.109223362552046,0.109019212074181,0.108819478911855,0.108624074729394,0.108432911994761,0.10824590397191,0.108062964714229,0.107884009059003,0.107708952622861,0.107537711798144,0.107370203750153,0.107206346415207,0.107046058499488,0.106889259478596,0.106735869597786,0.106585809872822,0.106439002091422,0.106295368815219,0.106154833382217,0.106017319909692,0.105882753297478,0.105751059231624,0.105622164188347,0.105495995438274,0.105372481050908,0.105251549899288,0.105133131664815,0.105017156842191,0.104903556744452,0.104792263508047,0.104683210097949,0.104576330312741,0.104471558789681,0.104368831009679,0.104268083302196,0.10416925285001,0.104072277693842,0.10397709673681,0.103883649748696,0.103791877369994,0.103701721115734,0.103613123379054,0.103526027434506,0.10344037744108,0.103356118444932,0.103273196381807,0.103191558079134,0.1031111512578,0.103031924533572,0.102953827418179,0.102876810320035,0.102800824544598,0.102725822294366,0.102651756668498,0.102578581662065,0.102506252164919,0.102434723960198,0.102363953722436,0.102293899015315,0.102224518289029,0,0.260007505788094,0.257072542466713,0.254220264069993,0.251435329321119,0.248709430905265,0.24603871152947,0.243420496033886,0.240852129850283,0.238330842070441,0.235853896938551,0.233418759782827,0.231023206835053,0.228665375433237,0.226343768290873,0.224057227280776,0.221804889776153,0.219586137378732,0.217400543845967,0.215247826518219,0.213127803616311,0.211040358397553,0.208985410240567,0.206962892174467,0.204972734077674,0.203014850661685,0.20108913335915,0.199195445305178,0.197333618702327,0.195503453971473,0.193704720199661,0.191937156494908,0.190200473943632,0.188494357938232,0.186818470700938,0.185172453876873,0.183555931105969,0.181968510511612,0.180409787065363,0.178879344803006,0.177376758878895,0.1759015974539,0.174453423418131,0.173031795953511,0.171636271943848,0.170266407241508,0.168921757800589,0.167601880686706,0.166306334973393,0.165034682534766,0.163786488743604,0.162561323083415,0.161358759682434,0.160178377776877,0.159019762110177,0.157882503274316,0.156766197998855,0.155670449392726,0.154594867143394,0.153539067677573,0.152502674287288,0.151485317224714,0.150486633768915,0.149506268267325,0.148543872154517,0.147599103950629,0.146671629241548,0.145761120642803,0.144867257748923,0.143989727069868,0.143128221956008,0.142282442512973,0.141452095507611,0.140636894266162,0.139836558565678,0.139050814519602,0.138279394458383,0.137522036805891,0.136778485952338,0.136048492124378,0.135331811252949,0.134628204839423,0.13393743982054,0.133259288432589,0.13259352807523,0.131939941175334,0.131298315051186,0.130668441777338,0.130050118050394,0.129443145055986,0.128847328337143,0.128262477664265,0.127688406906884,0.127124933907358,0.126571880356645,0.126029071672282,0.125496336878676,0.124973508489802,0.12446042239438,0.123956917743618,0.123462836841563,0.122978025038114,0.12250233062474,0.122035604732919,0.121577701235345,0.121128476649889,0.120687790046346,0.120255502955959,0.119831479283724,0.119415585223456,0.119007689175626,0.118607661667926,0.118215375278566,0.117830704562263,0.117453525978906,0.117083717824858,0.116721160166871,0.116365734778583,0.116017325079543,0.115675816076749,0.11534109430864,0.115013047791512,0.114691565968316,0.114376539659776,0.114067861017813,0.113765423481195,0.11346912173339,0.113178851662568,0.112894510323691,0.112615995902663,0.112343207682471,0.112076046011275,0.111814412272401,0.111558208856171,0.111307339133533,0.111061707431434,0.110821219009879,0.110585780040634,0.110355297587504,0.110129679588157,0.109908834837422,0.10969267297201,0.109481104456624,0.109274040571379,0.109071393400497,0.10887307582223,0.108679001499933,0.108489084874273,0.108303241156483,0.108121386322645,0.107943437108928,0.107769311007745,0.107598926264767,0.107432201876757,0.107269057590173,0.107109413900484,0.10695319205216,0.106800314039289,0.106650702606772,0.106504281252053,0.106360974227342,0.106220706542282,0.106083403967022,0.105948993035657,0.105817401049988,0.105688556083566,0.105562386985984,0.105438823387375,0.105317795703082,0.105199235138464,0.105083073693807,0.104969244169303,0.104857680170066,0.104748316111156,0.104641087222585,0.104535929554263,0.104432779980879,0.104331576206671,0.104232256770071,0.104134761048201,0.104039029261198,0.103945002476339,0.103852622611965,0.103761832441165,0.103672575595214,0.103584796566757,0.1034984407127,0.103413454256823,0.103329784292082,0.103247378782602,0.103166186565344,0.103086157351435,0.103007241727166,0.102929391154634,0.102852557972041,0.102776695393625,0.102701757509244,0.102627699283581,0.102554476554999,0.102482046034021,0.102410365301452,0,0.26212974937709,0.259190692330264,0.256325202082669,0.253525222894638,0.250783979711939,0.248097782007622,0.245464120155085,0.242880592157191,0.240344665235281,0.237853766105401,0.235405432933225,0.232997435922226,0.230627847279846,0.228295066203447,0.225997810777645,0.223735088564533,0.221506155601135,0.219310471050619,0.217147652466514,0.215017434738379,0.212919634345705,0.210854119524292,0.208820786277835,0.206819539767552,0.204850280409094,0.202912893935545,0.201007244698584,0.199133171541022,0.197290485658006,0.195478969955224,0.193698379500653,0.191948442746429,0.190228863267068,0.188539321818757,0.186879478572532,0.185248975412763,0.183647438222859,0.182074479103792,0.180529698489157,0.179012687134082,0.177523027965428,0.176060297788014,0.174624068846796,0.173213910248512,0.171829389248667,0.170470072411179,0.169135526648839,0.167825320153041,0.166539023221292,0.165276208990756,0.164036454085778,0.162819339186832,0.161624449527921,0.160451375328883,0.159299712168594,0.158169061304564,0.15705902994395,0.155969231470579,0.154899285632174,0.153848818691597,0.152817463545587,0.151804859814154,0.150810653903519,0.149834499045212,0.148876055313721,0.147934989624875,0.147010975716945,0.146103694116268,0.145212832089058,0.144338083580909,0.143479149145372,0.142635735862869,0.141807557251094,0.140994333167965,0.140195789708084,0.139411659093593,0.138641679560237,0.137885595239367,0.137143156036567,0.136414117507512,0.13569824073164,0.134995292184132,0.134305043606683,0.1336272718775,0.132961758880891,0.13230829137683,0.131666660870799,0.131036663484208,0.130418099825654,0.129810774863256,0.129214497798285,0.128629081940275,0.12805434458379,0.127490106887006,0.126936193752226,0.126392433708479,0.125858658796273,0.125334704454621,0.124820409410411,0.124315615570181,0.123820167914371,0.123333914394084,0.122856705830411,0.122388395816344,0.12192884062129,0.121477899098226,0.121035432593486,0.120601304859193,0.120175381968331,0.119757532232462,0.119347626122063,0.118945536189484,0.118551136994501,0.118164305032443,0.117784918664881,0.117412858052831,0.117048005092469,0.116690243353306,0.116339458018794,0.115995535829341,0.11565836502768,0.115327835306564,0.115003837758752,0.114686264829227,0.114375010269626,0.114069969094828,0.113771037541649,0.113478113029613,0.113191094123751,0.112909880499366,0.112634372908742,0.112364473149731,0.112100084036174,0.111841109370116,0.111587453915751,0.111339023375069,0.11109572436513,0.110857464396942,0.110624151855873,0.11039569598356,0.110172006861253,0.109952995394562,0.109738573299536,0.109528653090045,0.109323148066394,0.109121972305143,0.108925040650061,0.10873226870418,0.108543572822896,0.108358870108064,0.108178078403045,0.108001116288655,0.107827903079968,0.107658358823921,0.107492404297687,0.107329961007762,0.107170951189711,0.107015297808554,0.106862924559721,0.106713755870548,0.10656771690227,0.106424733552461,0.106284732457895,0.106147640997764,0.106013387297245,0.105881900231351,0.105753109429039,0.10562694527754,0.105503338926877,0.105382222294525,0.105263528070199,0.105147189720715,0.105033141494916,0.104921318428612,0.104811656349522,0.104704091882181,0.104598562452782,0.104495006293943,0.104393362449357,0.104293570778314,0.104195571960067,0.104099307498021,0.104004719723739,0.103911751800717,0.10382034772795,0.103730452343235,0.103642011326227,0.103554971201212,0.103469279339603,0.103384883962125,0.103301734140708,0.103219779800052,0.10313897171887,0.103059261530801,0.102980601724982,0.102902945646279,0.102826247495168,0.102750462327271,0.102675546052532,0.102601455434046,0,0.264223641207646,0.261289236345447,0.258415236953832,0.255602768015466,0.252847815508162,0.25014734480562,0.24749914684691,0.244901110388046,0.242350971007215,0.239846357382321,0.237384926033345,0.234964486608686,0.232583087156583,0.230239057440145,0.227931018161428,0.225657866061382,0.223418744044681,0.221213003684977,0.219040165510599,0.216899880704973,0.214791896417745,0.212716025798635,0.210672123105082,0.20866006374059,0.206679728790597,0.204730993479457,0.202813718927701,0.200927746606493,0.199072894939041,0.197248957568401,0.195455702885405,0.193692874482178,0.191960192261867,0.190257353991929,0.188584037136348,0.186939900841661,0.185324587983733,0.183737727207633,0.182178934912909,0.180647817151884,0.1791439714203,0.177666988328354,0.176216453146549,0.174791947225462,0.173393049291695,0.172019336624523,0.170670386119104,0.169345775242979,0.168045082892977,0.166767890159739,0.165513781006984,0.164282342872385,0.163073167196606,0.161885849886643,0.160719991719235,0.159575198689666,0.158451082310899,0.15734725986756,0.156263354628954,0.15519899602491,0.154153819787946,0.153127468064954,0.152119589501305,0.151129839300041,0.150157879258588,0.149203377785204,0.148266009897195,0.147345457202751,0.146441407868104,0.14555355657155,0.144681604445758,0.143825259009673,0.142984234091188,0.142158249741684,0.141347032143436,0.140550313510796,0.139767831985986,0.138999331530281,0.138244561811265,0.137503278086827,0.136775241086456,0.136060216890398,0.135357976807154,0.134668297249769,0.133990959611319,0.133325750139979,0.132672459813995,0.132030884216886,0.131400823413139,0.130782081824663,0.130174468108223,0.129577795034069,0.128991879365925,0.12841654174254,0.127851606560905,0.127296901861307,0.126752259214318,0.126217513609814,0.125692503348139,0.125177069933471,0.124671057969462,0.124174315057216,0.123686691695646,0.123208041184257,0.122738219528371,0.122277085346844,0.121824499782265,0.121380326413676,0.120944431171792,0.120516682256753,0.120096950058371,0.1196851070789,0.119281027858287,0.118884588901911,0.118495668610776,0.118114147214155,0.117739906704641,0.117372830775598,0.117012804760969,0.116659715577423,0.116313451668795,0.115973902952806,0.115640960769999,0.115314517834887,0.114994468189248,0.114680707157542,0.114373131304409,0.114071638394201,0.113776127352511,0.113486498229662,0.113202652166091,0.112924491359618,0.11265191903452,0.112384839412394,0.112123157684742,0.111866779987251,0.1116156133757,0.11136956580347,0.111128546100599,0.11089246395433,0.110661229891113,0.110434755260021,0.110212952217507,0.109995733713487,0.109783013478673,0.109574706013133,0.109370726576011,0.109170991176371,0.108975416565116,0.108783920227934,0.108596420379225,0.108412835956967,0.108233086618462,0.108057092736932,0.10788477539892,0.107716056402427,0.107550858255777,0.10738910417714,0.107230718094675,0.10707562464726,0.106923749185759,0.106775017774781,0.106629357194907,0.106486694945322,0.106346959246837,0.10621007904524,0.106075984014964,0.105944604563005,0.105815871833088,0.105689717710015,0.10556607482419,0.105444876556262,0.105326057041877,0.105209551176493,0.105095294620235,0.104983223802761,0.104873275928114,0.104765388979528,0.104659501724164,0.104555553717763,0.104453485309173,0.104353237644746,0.10425475267258,0.104157973146576,0.104062842630312,0.103969305500693,0.103877306951381,0.103786792995977,0.103697710470953,0.103610007038306,0.103523631187938,0.103438532239736,0.10335466034536,0.103271966489718,0.103190402492115,0.103109921007094,0.103030475524933,0.102952020371817,0.102874510709669,0.102797902535642,0,0.266289504901844,0.263366449910508,0.260488496558435,0.257666384111405,0.254899627720039,0.252186303580628,0.249524666605428,0.246912949194574,0.244349186658467,0.241831245226409,0.239356941250648,0.236924166901694,0.234530986531109,0.23217569558477,0.229856845873036,0.227573244975622,0.22532393797884,0.223108178697055,0.220925395992178,0.218775159240757,0.216657145624529,0.214571110819782,0.212516863841162,0.21049424622613,0.208503115380141,0.206543331691005,0.204614748919549,0.202717207346515,0.200850529174747,0.199014515731097,0.197208946070072,0.195433576642116,0.193688141747939,0.19197235455355,0.190285908487145,0.188628478878442,0.186999724733834,0.185399290567314,0.183826808228485,0.182281898685748,0.18076417373584,0.17927323762091,0.177808688541886,0.176370120062498,0.174957122402424,0.173569283620959,0.17220619069459,0.170867430493214,0.169552590660557,0.168261260404761,0.16699303120533,0.165747497442544,0.164524256955337,0.163322911533374,0.162143067348758,0.160984335332483,0.159846331500397,0.158728677233107,0.157630999513918,0.156552931128577,0.155494110830311,0.154454183473325,0.15343280011772,0.152429618108477,0.151444301131003,0.150476519245469,0.149525948902,0.148592272938637,0.14767518056376,0.146774367324601,0.145889535063265,0.145020391861622,0.14416665197627,0.143328035764703,0.142504269603707,0.141695085800927,0.140900222500466,0.140119423583324,0.139352438563376,0.138599022479588,0.137858935785054,0.137131944233432,0.136417818763274,0.135716335380741,0.135027275041102,0.134350423529432,0.133685571340855,0.133032513560652,0.132391049744539,0.131760983799375,0.131142123864553,0.130534282194273,0.129937275040928,0.129350922539744,0.128775048594871,0.128209480767033,0.1276540501629,0.127108591326265,0.126572942131147,0.126046943676895,0.12553044018538,0.125023278900334,0.124525309988893,0.124036386445397,0.123556363997484,0.123085101014507,0.122622458418304,0.12216829959634,0.121722490317231,0.121284898648661,0.120855394877697,0.120433851433491,0.120020142812381,0.119614145505367,0.11921573792795,0.118824800352333,0.11844121484195,0.118064865188307,0.117695636850117,0.117333416894697,0.116978093941602,0.116629558108462,0.116287700959008,0.115952415453227,0.115623595899637,0.115301137909635,0.114984938353886,0.114674895320709,0.114370908076431,0.114072877027666,0.113780703685476,0.11349429063138,0.113213541485163,0.112938360874449,0.112668654405991,0.112404328638642,0.112145291057952,0.111891450052361,0.111642714890937,0.11139899570261,0.111160203456875,0.110926249945895,0.110697047767976,0.110472510312375,0.110252551745367,0.110037086997566,0.109826031752417,0.109619302435842,0.109416816206977,0.109218490949973,0.109024245266791,0.108833998470975,0.108647670582341,0.108465182322535,0.10828645511144,0.108111411064353,0.107939972989928,0.107772064388806,0.107607609452921,0.107446533065417,0.107288760801155,0.107134218927745,0.106982834407092,0.106834534897397,0.106689248755576,0.10654690504007,0.106407433514002,0.106270764648639,0.106136829627137,0.106005560348526,0.1058768894319,0.105750750220783,0.105627076787642,0.105505803938509,0.105386867217684,0.105270202912498,0.105155748058094,0.105043440442212,0.104933218609947,0.104825021868452,0.104718790291569,0.104614464724359,0.104511986787517,0.104411298881637,0.104312344191332,0.104215066689165,0.104119411139385,0.104025323101459,0.103932748933373,0.103841635794691,0.103751931649363,0.103663585268271,0.103576546231488,0.103490764930268,0.10340619256872,0.103322781165199,0.103240483553376,0.103159253382992,0.103079045120299,0.102999814048166,0,0.268330020312787,0.265421166973996,0.262543225370568,0.259714435052705,0.256938005469783,0.254213454840849,0.251539663011112,0.248915267437007,0.246338635963569,0.243807904913377,0.241321088137348,0.238876200690265,0.236471362588275,0.234104870457055,0.231775237197114,0.22948120508157,0.227221739234042,0.224996008152666,0.222803356883509,0.2206432771474,0.218515377471251,0.216419355302389,0.214354972238405,0.212322032881997,0.210320367401396,0.208349817603993,0.206410226175242,0.204501428662928,0.202623247770855,0.200775489544911,0.198957941073038,0.197170369368347,0.19541252115452,0.19368412332063,0.191984883856143,0.190314493115095,0.188672625291076,0.187058940011807,0.185473083984336,0.183914692639835,0.182383391741158,0.180878798927503,0.179400525179132,0.177948176191647,0.176521353654273,0.175119656430234,0.173742681639914,0.172390025649367,0.171061284967967,0.169756057059802,0.168473941073868,0.167214538498331,0.165977453744173,0.164762294663425,0.163568673007055,0.162396204827297,0.161244510828987,0.160113216674178,0.159001953244003,0.157910356861508,0.156838069478878,0.155784738832214,0.154750018566794,0.153733568335514,0.152735053872951,0.151754147047372,0.150790525892719,0.149843874622544,0.148913883627616,0.148000249458828,0.147102674796903,0.146220868410243,0.145354545102178,0.144503425648777,0.143667236728261,0.142845710842993,0.142038586234942,0.141245606795427,0.140466521969903,0.139701086658468,0.138949061112736,0.138210210829636,0.137484306442689,0.13677112361124,0.136070442908092,0.135382049705944,0.134705734063022,0.134041290608221,0.133388518426094,0.132747220941941,0.132117205807281,0.131498284785926,0.130890273640872,0.130292992022195,0.12970626335613,0.12912991473548,0.1285637768115,0.128007683687379,0.127461472813422,0.126924984884048,0.126398063736662,0.125880556252507,0.125372312259539,0.124873184437387,0.124383028224448,0.123901701727162,0.123429065631483,0.122964983116586,0.122509319770836,0.122061943510007,0.121622724497793,0.121191535068592,0.120768249652574,0.12035274470303,0.119944898625992,0.119544591712107,0.119151706070774,0.118766125566497,0.118387735757465,0.118016423836316,0.117652078573072,0.117294590260224,0.116943850659927,0.116599752953293,0.116262191691736,0.115931062750352,0.11560626328329,0.115287691681091,0.114975247529954,0.114668831572887,0.114368345672728,0.114073692776973,0.113784776884389,0.113501503013376,0.11322377717202,0.11295150632982,0.112684598391032,0.112422962169605,0.112166507365641,0.111915144543377,0.11166878511061,0.111427341299543,0.111190726149007,0.110958853488015,0.110731637920602,0.110508994811911,0.110290840275494,0.110077091161757,0.109867665047534,0.109662480226738,0.109461455702037,0.109264511177525,0.109071567052341,0.108882544415193,0.108697365039743,0.108515951380816,0.10833822657139,0.108164114420323,0.107993539410778,0.107826426699308,0.107662702115559,0.107502292162545,0.107345124017475,0.107191125533066,0.107040225239333,0.106892352345799,0.10674743674409,0.106605409010895,0.106466200411233,0.106329742902016,0.106195969135851,0.106064812465071,0.105936206945942,0.105810087343036,0.105686389133718,0.105565048512737,0.10544600239688,0.10532918842967,0.105214544986069,0.105102011177182,0.104991526854913,0.104883032616566,0.104776469809367,0.104671780534878,0.104568907653287,0.104467794787559,0.104368386327418,0.10427062743316,0.104174464039264,0.104079842857794,0.103986711381577,0.103895017887145,0.103804711437426,0.103715741884172,0.10362805987012,0.103541616830871,0.103456364996476,0.103372257392738,0.103289247842196,0.103207290964814,0,0.270347511156919,0.267452614056516,0.264577790689081,0.261745245974213,0.258961444779604,0.256227489954563,0.253543013547212,0.250907119026323,0.248318539924201,0.24577571269984,0.243276882900296,0.240820225997772,0.238403955512802,0.236026404583155,0.233686078131502,0.231381678709505,0.229112111519014,0.226876474553605,0.224674039242978,0.222504225995566,0.220366577951014,0.218260735251453,0.216186411300854,0.214143371828565,0.212131417096933,0.210150367267818,0.208200050737758,0.206280295136397,0.204390920631326,0.202531735173644,0.200702531336248,0.198903084429506,0.197133151618453,0.195392471806732,0.193680766091905,0.19199773863267,0.190343077800108,0.188716457512116,0.187117538672823,0.185545970657441,0.184001392798098,0.182483435838296,0.180991723333147,0.179525872979992,0.178085497869678,0.176670207653141,0.175279609621123,0.17391330969724,0.172570913346297,0.171252026400897,0.169956255810171,0.16868321031491,0.167432501053634,0.166203742104189,0.164996550965451,0.163810548983585,0.162645361727114,0.161500619314873,0.160375956700685,0.159271013918326,0.158185436290169,0.157118874602594,0.156070985251075,0.155041430357622,0.15402987786304,0.15303600159629,0.152059481323066,0.151100002775507,0.150157257664847,0.149230943678624,0.148320764463978,0.147426429598414,0.146547654549313,0.145684160623364,0.14483567490701,0.144001930198883,0.143182664935155,0.142377623108652,0.141586554182485,0.140809212998928,0.140045359684187,0.139294759549652,0.138557182990204,0.13783240538006,0.137120206966633,0.136420372762822,0.135732692438134,0.135056960208977,0.134392974728465,0.133740538976015,0.133099460147027,0.132469549542867,0.131850622461405,0.131242498088287,0.130644999389136,0.130057953002848,0.129481189136128,0.128914541459404,0.128357847004231,0.127810946062305,0.127273682086169,0.126745901591702,0.12622745406246,0.125718191855941,0.125217970111819,0.124726646662197,0.124244081943925,0.123770138913014,0.123304682961157,0.122847581834411,0.122398705554015,0.121957926339393,0.121525118533319,0.121100158529261,0.120682924700902,0.120273297333826,0.119871158559364,0.119476392290594,0.119088884160471,0.118708521462078,0.118335193090975,0.117968789489636,0.117609202593927,0.117256325781633,0.116910053822978,0.116570282833138,0.116236910226688,0.115909834673983,0.115588956059424,0.115274175441578,0.114965395015127,0.114662518074603,0.114365448979881,0.114074093123395,0.113788356899028,0.113508147672664,0.113233373754332,0.112963944371938,0.112699769646524,0.112440760569016,0.11218682897844,0.111937887541547,0.111693849733814,0.111454629821784,0.111220142846706,0.110990304609422,0.110765031656479,0.11054424126741,0.110327851443152,0.110115780895559,0.109907949037962,0.109704275976746,0.109504682503897,0.109309090090482,0.109117420881013,0.108929597688669,0.108745543991323,0.108565183928341,0.10838844229811,0.108215244556263,0.10804551681455,0.107879185840329,0.107716179056628,0.107556424542752,0.107399851035385,0.107246387930167,0.107095965283688,0.106948513815887,0.106803964912802,0.106662250629655,0.106523303694216,0.106387057510439,0.106253446162319,0.106122404417943,0.105993867733715,0.10586777225871,0.105744054839139,0.105622653022899,0.105503505064164,0.105386549928017,0.105271727295078,0.10515897756611,0.10504824186658,0.104939462051158,0.104832580708121,0.104727541163655,0.104624287486024,0.104522764489598,0.104422917738715,0.104324693551363,0.104228039002671,0.104132901928189,0.104039230926944,0.103946975364266,0.103856085374363,0.103766511862643,0.103678206507769,0.103591121763441,0.103505210859891,0.103420427805095,0,0.272343383759543,0.269460188589473,0.266590642017927,0.263757104404962,0.260968351625309,0.258226995908202,0.255533489718389,0.252887453274372,0.25028801725312,0.247733946018738,0.245223747938095,0.242755793663477,0.240328426285999,0.237940050199829,0.235589193761497,0.233274546680819,0.23099497610593,0.228749526441743,0.226537407877465,0.224357977952362,0.222210719612918,0.220095218319008,0.218011139954714,0.215958210640247,0.213936199034788,0.211944901353925,0.209984129077196,0.208053699166057,0.206153426526631,0.204283118414523,0.202442570474708,0.200631564125498,0.198849865023135,0.197097222376231,0.195373368913168,0.193678021338025,0.19201088114025,0.190371635649472,0.188759959249324,0.187175514683084,0.185617954399607,0.184086921900822,0.182582053062314,0.181102977406696,0.179649319315893,0.178220699173403,0.176816734431423,0.175437040600569,0.174081232162048,0.172748923403663,0.171439729182115,0.170153265614789,0.168889150704666,0.167647004902264,0.166426451608621,0.165227117623323,0.164048633541519,0.162890634103704,0.161752758501932,0.160634650645868,0.159535959391965,0.158456338738769,0.157395447991234,0.156352951896651,0.155328520754682,0.154321830503752,0.153332562785916,0.152360404992142,0.151405050289816,0.150466197634113,0.149543551764784,0.148636823189751,0.147745728156824,0.146869988614734,0.146009332164579,0.145163492002715,0.144332206856021,0.14351522091039,0.142712283733264,0.141923150190921,0.141147580361203,0.140385339442293,0.139636197658116,0.138899930160882,0.138176316931261,0.137465142676615,0.136766196727702,0.13607927293423,0.135404169559574,0.134740689174997,0.134088638553639,0.133447828564538,0.132818074066916,0.132199193804956,0.131591010303244,0.130993349763076,0.130406041959767,0.12982892014112,0.129261820927188,0.128704584211425,0.128157053063354,0.12761907363282,0.127090495055938,0.126571169362775,0.126060951386858,0.125559698676541,0.125067271408293,0.124583532301935,0.124108346537869,0.123641581676315,0.123183107578593,0.122732796330443,0.122290522167426,0.121856161402384,0.121429592354976,0.121010695283295,0.120599352317551,0.120195447395818,0.119798866201839,0.119409496104872,0.119027226101564,0.11865194675984,0.118283550164781,0.117921929866476,0.117566980829829,0.117218599386287,0.116876683187474,0.116541131160697,0.116211843466303,0.11588872145685,0.115571667638076,0.115260585631616,0.114955380139453,0.114655956910057,0.114362222706194,0.114074085274351,0.113791453315765,0.113514236459,0.113242345234052,0.112975691047941,0.112714186161743,0.112457743669051,0.112206277475795,0.111959702281407,0.111717933561292,0.111480887550549,0.111248481228925,0.111020632306946,0.110797259213208,0.110578281082757,0.110363617746554,0.110153189721965,0.109946918204238,0.109744725058938,0.109546532815293,0.109352264660419,0.109161844434375,0.108975196626024,0.108792246369644,0.108612919442277,0.108437142261744,0.108264841885321,0.108095946009022,0.107930382967451,0.107768081734199,0.107608971922736,0.107452983787777,0.107300048227069,0.107150096783591,0.107003061648103,0.106858875662033,0.106717472320668,0.1065787857766,0.106442750843418,0.1063093029996,0.106178378392588,0.106049913842998,0.105923846848967,0.105800115590575,0.105678658934345,0.105559416437779,0.105442328353909,0.105327335635845,0.105214379941286,0.105103403636984,0.104994349803133,0.104887162237665,0.104781785460431,0.104678164717253,0.104576245983835,0.104475975969495,0.104377302120731,0.104280172624589,0.104184536411819,0.104090343159822,0.103997543295352,0.103906087996987,0.103815929197344,0.103727019585032,0.10363931260634,0,0.274317624184833,0.271443190039789,0.268580227700513,0.265748243610548,0.262957039203987,0.260210454192182,0.257509756314837,0.254855114709768,0.252246084564696,0.249681783628684,0.247161011554721,0.244682366368049,0.242244354928445,0.239845486745745,0.237484345113847,0.235159634681355,0.232870207891595,0.230615074307534,0.228393397236396,0.22620448177225,0.224047757733274,0.221922760213104,0.219829109730097,0.21776649331665,0.21573464737147,0.213733342702692,0.211762371906385,0.2098215390342,0.207910651385409,0.206029513193853,0.204177920953402,0.202355660123962,0.20056250297428,0.198798207340888,0.197062516109606,0.195355157254023,0.19367584429218,0.192024277047237,0.190400142619639,0.188803116497067,0.18723286374434,0.185689040228609,0.184171293846076,0.182679265725175,0.181212591388204,0.179770901858924,0.178353824707977,0.176960985031276,0.175592006359116,0.174246511495583,0.172924123289285,0.171624465337367,0.17034716262551,0.169091842106999,0.167858133224254,0.16664566837633,0.165454083335909,0.164283017619275,0.163132114812659,0.162001022858225,0.160889394302781,0.159796886512172,0.158723161854111,0.157667887852042,0.156630737312459,0.155611388427932,0.154609524857938,0.153624835789452,0.152657015979076,0.151705765778413,0.150770791144192,0.149851803634597,0.148948520393107,0.148060664121068,0.147187963040119,0.146330150845512,0.145486966651281,0.144658154928144,0.143843465434942,0.143042653144391,0.142255478163801,0.141481705651431,0.140721105729053,0.13997345339126,0.139238528412022,0.138516115248945,0.137806002945652,0.137107985032666,0.136421859427157,0.135747428331868,0.135084498133524,0.134432879300985,0.133792386283406,0.133162837408606,0.132544054781881,0.131935864185424,0.131338094978528,0.130750579998734,0.130173155464053,0.12960566087639,0.12904793892628,0.128499835399044,0.127961199082443,0.127431881675918,0.126911737701484,0.12640062441634,0.125898401727238,0.125404932106681,0.124920080510963,0.1244437143001,0.123975703159675,0.123515919024619,0.123064236004947,0.122620530313455,0.122184680195397,0.121756565860139,0.121336069414789,0.120923074799816,0.120517467726628,0.120119135617128,0.119727967545218,0.119343854180245,0.11896668773238,0.118596361899905,0.118232771818391,0.11787581401175,0.11752538634514,0.117181387979696,0.116843719329059,0.116512282017697,0.116186978840959,0.115867713726869,0.115554391699604,0.115246918844643,0.114945202275546,0.114649150102347,0.114358671401508,0.11407367618742,0.113794075385409,0.113519780806218,0.113250705121926,0.112986761843272,0.112727865298356,0.112473930612665,0.112224873690411,0.111980611197121,0.111741060543467,0.111506139870276,0.111275768034705,0.11104986459753,0.110828349811516,0.110611144610834,0.110398170601485,0.110189350052695,0.109984605889243,0.109783861684685,0.109587041655441,0.109394070655702,0.109204874173126,0.109019378325278,0.108837509856791,0.108659196137199,0.108484365159413,0.108312945538802,0.108144866512848,0.107980057941331,0.10781845030702,0.10765997471683,0.107504562903412,0.107352147227143,0.107202660678486,0.107056036880688,0.106912210092776,0.106771115212834,0.106632687781517,0.106496863985791,0.106363580662841,0.106232775304157,0.106104386059731,0.105978351742371,0.105854611832089,0.105733106480538,0.105613776515486,0.105496563445287,0.10538140946334,0.105268257452513,0.105157050989495,0.105047734349086,0.104940252508376,0.104834551150813,0.104730576670137,0.104628276174167,0.10452759748842,0.104428489159552,0.104330900458607,0.104234781384058,0.104140082664635,0.104046755761924,0.103954752872721,0.103864026931152,0,0.276269839672929,0.273400527873766,0.270544879989133,0.267716809141388,0.264925718686519,0.262176237396277,0.259470369718527,0.25680884235417,0.254191656257289,0.251618305670651,0.249087907782155,0.246599317931401,0.244151239125622,0.241742318792624,0.2393712264611,0.237036710060518,0.234737631836445,0.232472986815467,0.230241907557262,0.228043658975409,0.225877626615628,0.223743301184598,0.221640261478106,0.219568157255164,0.217526693090477,0.215515613826957,0.213534691940303,0.211583716906853,0.209662486518047,0.20777079999364,0.205908452696467,0.204075232231842,0.202270915714711,0.200495268000015,0.198748040691068,0.197028971763183,0.195337785662965,0.193674193765835,0.192037895094795,0.190428577221498,0.188845917286426,0.187289583088291,0.185759234203962,0.184254523109403,0.182775096279609,0.181320595251557,0.179890657638977,0.178484918091529,0.177103009193894,0.17574456230253,0.174409208319554,0.173096578404452,0.171806304625221,0.170538020551216,0.169291361790348,0.168065966473588,0.166861475689856,0.165677533874396,0.164513789153766,0.163369893650455,0.162245503750066,0.161140280333877,0.160053888979427,0.158986000131663,0.157936289247001,0.156904436912541,0.15589012894248,0.154893056453694,0.153912915922253,0.152949409222561,0.152002243650672,0.151071131933204,0.150155792223206,0.149255948084186,0.148371328463462,0.147501667655871,0.146646705258831,0.145806186119631,0.144979860275812,0.144167482889371,0.143368814175529,0.142583619326693,0.141811668432228,0.14105273639459,0.140306602842333,0.139573052040455,0.138851872798527,0.138142858377,0.13744580639205,0.136760518719306,0.136086801396768,0.13542446452719,0.134773322180202,0.13413319229439,0.133503896579567,0.132885260419415,0.132277112774699,0.13167928608719,0.131091616184465,0.130513942185712,0.129946106408655,0.129387954277713,0.128839334233487,0.128300097643668,0.127770098715434,0.12724919440941,0.126737244355253,0.126234110768903,0.12573965837157,0.125253754310458,0.124776268081304,0.124307071452719,0.123846038392378,0.123393044995075,0.122947969412637,0.122510691785736,0.12208109417758,0.121659060509497,0.121244476498407,0.120837229596188,0.120437208930911,0.120044305249955,0.119658410864978,0.119279419598739,0.118907226733748,0.118541728962736,0.118182824340921,0.117830412240052,0.117484393304213,0.117144669407352,0.116811143612536,0.116483720132875,0.116162304294124,0.115846802498904,0.115537122192537,0.115233171830463,0.114934860847194,0.114642099626801,0.114354799474883,0.114072872591996,0.113796232048507,0.113524791760848,0.113258466469129,0.112997171716081,0.112740823827296,0.112489339892729,0.112242637749435,0.112000635965492,0.111763253825088,0.111530411314739,0.11130202911059,0.111078028566778,0.110858331704813,0.110642861203944,0.110431540392476,0.110224293240008,0.110021044350537,0.10982171895642,0.109626242913141,0.109434542694844,0.109246545390621,0.109062178701484,0.108881370938029,0.108704051018713,0.108530148468748,0.108359593419556,0.108192316608753,0.108028249380644,0.107867323687172,0.107709472089315,0.107554627758876,0.10740272448065,0.107253696654929,0.107107479300319,0.106964008056832,0.10682321918924,0.106685049590637,0.10654943678621,0.106416318937161,0.106285634844785,0.10615732395465,0.106031326360874,0.105907582810465,0.105786034707696,0.105666624118508,0.105549293774901,0.105433987079304,0.105320648108898,0.105209221619874,0.105099653051606,0.104991888530724,0.104885874875065,0.104781559597493,0.104678890909562,0.104577817725022,0.104478289663142,0.104380257051837,0.104283670930603,0.104188483053227,0.104094645890278,0,0.278198276059205,0.275330404698284,0.272482685840285,0.269660812652251,0.266872483871147,0.264122603442203,0.261413775254284,0.258747268506205,0.256123544114503,0.253542493620191,0.251003576270368,0.248505932827667,0.24604849318186,0.243630074371081,0.241249463045018,0.238905479039464,0.236597019777876,0.234323087353632,0.232082801277551,0.229875400233475,0.227700236042162,0.225556762615018,0.223444522145871,0.221363130245977,0.219312261235127,0.217291634388577,0.215301001613171,0.213340136781724,0.211408826781412,0.209506864216417,0.207634041634103,0.205790147106107,0.203974960980999,0.202188253626065,0.200429783986347,0.198699298805219,0.196996532369377,0.195321206660297,0.193673031812634,0.192051706796973,0.190456920259503,0.188888351464292,0.187345671295144,0.185828543283424,0.184336624636079,0.182869567244525,0.181427018660216,0.180008623026903,0.178614021962866,0.177242855388965,0.175894762300376,0.174569381481345,0.173266352163476,0.171985314628853,0.170725910759915,0.16948778453839,0.168270582495855,0.167073954118631,0.165897552209794,0.164741033211052,0.163604057487233,0.162486289576008,0.161387398405402,0.160307057481502,0.159244945048672,0.15820074422443,0.15717414311104,0.156164834885715,0.15517251787122,0.154196895588548,0.15323767679321,0.152294575496584,0.151367310973666,0.150455607758463,0.149559195628181,0.14867780957728,0.147811189782374,0.146959081558912,0.146121235310465,0.145297406471414,0.144487355443769,0.143690847528768,0.142907652853903,0.14213754629591,0.141380307400281,0.140635720297761,0.139903573618289,0.13918366040279,0.138475778013201,0.137779728041074,0.137095316215089,0.136422352307752,0.135760650041568,0.135110026994923,0.134470304507909,0.133841307588292,0.13322286481782,0.132614808259036,0.132016973362758,0.131429198876363,0.130851326753011,0.130283202061909,0.129724672899749,0.129175590303379,0.128635808163819,0.128105183141686,0.127583574584086,0.127070844443054,0.12656685719557,0.126071479765211,0.125584581445475,0.125106033824796,0.124635710713307,0.124173488071341,0.12371924393971,0.123272858371769,0.122834213367271,0.122403192808033,0.121979682395398,0.121563569589511,0.121154743550392,0.120753095080812,0.120358516570962,0.1199709019449,0.119590146608773,0.119216147400792,0.118848802542958,0.118488011594502,0.118133675407046,0.117785696081445,0.117443976926297,0.117108422418107,0.116778938163066,0.116455430860436,0.116137808267507,0.115825979166109,0.115519853330637,0.115219341497588,0.114924355336549,0.11463480742264,0.114350611210361,0.114071681008821,0.11379793195832,0.113529280008252,0.113265641896297,0.113006935128874,0.112753077962818,0.112503989388256,0.11225958911264,0.112019797545915,0.111784535786783,0.111553725610027,0.111327289454874,0.111105150414343,0.11088723222557,0.110673459261053,0.110463756520802,0.110258049625339,0.110056264809541,0.109858328917271,0.109664169396768,0.109473714296775,0.109286892263345,0.109103632537331,0.108923864952479,0.10874751993414,0.108574528498525,0.108404822252506,0.108238333393905,0.108074994712255,0.107914739589996,0.107757502004071,0.107603216527906,0.107451818333723,0.107303243195175,0.107157427490266,0.107014308204523,0.106873822934406,0.106735909890913,0.106600507903362,0.106467556423327,0.106336995528694,0.106208765927815,0.106082808963743,0.105959066618514,0.105837481517467,0.105717996933559,0.105600556791684,0.105485105672942,0.105371588818871,0.105259952135597,0.105150142197904,0.105042106253191,0.104935792225312,0.104831148718278,0.104728125019809,0.104626671104718,0.104526737638119,0.104428275978448,0.104331238180273,0,0.280097319703968,0.277230080151723,0.274391365270988,0.271578079584287,0.268795291357001,0.26604768782544,0.263338303743964,0.260668917149851,0.258040456698744,0.255453230159981,0.252907062230889,0.250401405881232,0.247935447259053,0.24550820365085,0.243118609188014,0.240765584309081,0.238448087610293,0.236165150909969,0.233915899723614,0.231699561978748,0.229515467895868,0.227363043726414,0.225241801630481,0.223151327509501,0.22109126815405,0.219061318664266,0.217061210767276,0.215090702395351,0.213149568694487,0.211237594496097,0.209354568193376,0.207500276908263,0.205674502805362,0.203877020398012,0.202107594692992,0.200365980029296,0.198651919479835,0.196965144700362,0.195305376125784,0.193672323429345,0.192065686174287,0.190485154600243,0.188930410497679,0.1874011281332,0.185896975196539,0.184417613746721,0.182962701140417,0.181531890929953,0.180124833722054,0.178741177991266,0.177380570844275,0.176042658733078,0.174727088116331,0.173433506069213,0.172161560842875,0.170910902375141,0.169681182754428,0.168472056639176,0.167283181635162,0.166114218633186,0.164964832109599,0.16383469039213,0.162723465893397,0.16163083531441,0.160556479820268,0.159500085190157,0.15846134194363,0.157439945445044,0.156435595987915,0.155447998860846,0.154476864396564,0.153521908005506,0.152582850195311,0.151659416577439,0.150751337862108,0.149858349842608,0.14898019337,0.148116614319133,0.147267363546825,0.14643219684303,0.1456108748757,0.144803163130052,0.144008831842851,0.143227655932313,0.142459414924149,0.141703892874265,0.140960878288565,0.140230164040293,0.139511547285303,0.138804829375606,0.138109815771549,0.137426315952911,0.136754143329202,0.136093115149437,0.135443052411594,0.134803779772003,0.134175125454842,0.133556921161927,0.132949001982969,0.132351206306439,0.131763375731179,0.13118535497889,0.130616991807597,0.130058136926204,0.129508643910225,0.128968369118772,0.12843717161287,0.127914913075175,0.127401457731136,0.126896672271671,0.12640042577738,0.125912589644349,0.125433037511571,0.124961645190015,0.124498290593358,0.124042853670414,0.12359521633925,0.123155262423034,0.122722877587586,0.122297949280663,0.121880366672974,0.121470020600906,0.121066803510987,0.120670609406058,0.12028133379315,0.119898873633067,0.119523127291644,0.119153994492691,0.118791376272582,0.118435174936496,0.118085294016272,0.117741638229882,0.117404113442473,0.117072626628987,0.116747085838315,0.116427400158972,0.11611347968627,0.115805235490954,0.115502579589295,0.115205424914591,0.114913685290065,0.114627275403134,0.114346110781008,0.114070107767601,0.113799183501724,0.113533255896529,0.113272243620174,0.113016066077682,0.112764643393959,0.112517896397944,0.112275746607861,0.112038116217538,0.111804928083762,0.111576105714639,0.111351573258938,0.111131255496362,0.110915077828737,0.110702966272083,0.11049484744952,0.110290648584995,0.110090297497789,0.109893722597772,0.109700852881375,0.109511617928245,0.109325947898557,0.109143773530946,0.108965026141024,0.108789637620461,0.108617540436592,0.108448667632516,0.108282952827669,0.108120330218821,0.107960734581493,0.107804101271736,0.107650366228267,0.107499465974922,0.107351337623395,0.107205918876246,0.107063148030139,0.106922963979297,0.106785306219133,0.106650114850045,0.106517330581339,0.106386894735264,0.106258749251138,0.106132836689526,0.106009100236472,0.105887483707738,0.105767931553055,0.105650388860342,0.105534801359896,0.105421115428512,0.10530927809354,0.105199237036839,0.10509094059863,0.10498433778122,0.104879378252591,0.104776012349839,0.104674191082439,0.104573866135347,0,0.281959761318416,0.279095814810573,0.276268177364767,0.273466198834544,0.270691938923564,0.267949494717079,0.265242167611398,0.2625722021882,0.259940998661008,0.257349299035084,0.254797316449055,0.252284842128469,0.249811346869947,0.247376077942134,0.244978146763923,0.242616602997596,0.240290492821498,0.237998901274038,0.235740980083006,0.233515963249211,0.23132317296976,0.229162018431584,0.227031989730928,0.224932648794928,0.222863618776899,0.220824573016699,0.21881522432761,0.216835315101561,0.214884608515073,0.212962880963211,0.211069915739571,0.209205497907898,0.207369410266768,0.205561430285408,0.203781327880152,0.202028863902291,0.200303789215657,0.198605844253361,0.196934758955927,0.195290253006197,0.193672036289143,0.192079809516491,0.19051326496669,0.188972087300038,0.187455954416816,0.185964538333095,0.184497506054572,0.183054520433504,0.181635240997696,0.180239324743589,0.178866426888039,0.177516201575329,0.176188302537524,0.174882383707498,0.173598099784844,0.172335106755583,0.171093062367088,0.169871626559971,0.168670461858929,0.167489233724687,0.166327610869253,0.165185265536699,0.164061873751705,0.162957115538017,0.161870675108917,0.160802241031726,0.159751506368259,0.158718168793054,0.157701930691114,0.156702499236763,0.155719586455179,0.154752909267997,0.153802189524346,0.152867154018567,0.151947534495766,0.151043067646299,0.150153495090195,0.149278563352451,0.148418023830084,0.147571632751735,0.146739151130582,0.145920344711267,0.145114983911458,0.144322843758676,0.143543703822912,0.142777348145556,0.142023565165117,0.141282147640164,0.140552892569884,0.13983560111265,0.13913007850292,0.138436133966801,0.137753580636555,0.137082235464326,0.136421919135328,0.135772455980721,0.135133673890385,0.134505404225778,0.133887481733052,0.13327974445659,0.132682033653102,0.132094193706415,0.13151607204308,0.13094751904889,0.130388387986429,0.129838534913718,0.129297818604054,0.128766100467099,0.128243244471293,0.127729117067645,0.127223587114941,0.126726525806429,0.126237806598008,0.125757305137948,0.125284899198188,0.124820468607216,0.124363895184553,0.123915062676873,0.12347385669574,0.123040164657007,0.122613875721847,0.122194880739444,0.12178307219133,0.121378344137374,0.12098059216341,0.120589713330506,0.120205606125859,0.119828170415305,0.11945730739744,0.119092919559335,0.118734910633815,0.118383185558322,0.118037650435297,0.117698212494111,0.117364780054485,0.117037262491408,0.11671557020151,0.116399614570886,0.116089307944335,0.115784563595997,0.115485295701357,0.115191419310608,0.114902850323319,0.114619505464413,0.114341302261404,0.114068159022881,0.1137999948182,0.113536729458374,0.113278283478105,0.113024578118957,0.112775535313626,0.112531077671276,0.112291128463927,0.11205561161384,0.111824451681894,0.111597573856911,0.111374903945903,0.111156368365202,0.110941894132461,0.110731408859472,0.110524840745791,0.110322118573126,0.11012317170046,0.109927930059884,0.109736324153098,0.109548285048565,0.109363744379273,0.10918263434108,0.109004887691615,0.108830437749701,0.108659218395273,0.108491164069759,0.108326209776895,0.10816429108395,0.108005344123324,0.1078493055945,0.107696112766317,0.107545703479533,0.107398016149667,0.107252989770072,0.107110563915228,0.106970678744228,0.106833275004427,0.106698294035235,0.106565677772028,0.106435368750153,0.106307310109009,0.106181445596177,0.106057719571585,0.105936077011681,0.105816463513593,0.105698825299269,0.105583109219568,0.105469262758285,0.105357234036097,0.10524697181442,0.105138425499144,0.105031545144248,0.104926281455281,0.104822585792681,0,0.283777554534177,0.280922902227114,0.278109868425756,0.275322482920867,0.272560045561364,0.269825888216113,0.267123457085448,0.264455425795634,0.261823670143523,0.259229384991021,0.256673195409144,0.25415525685155,0.251675352610638,0.249232988993725,0.246827484003576,0.244458044988329,0.242123832373423,0.239824008560312,0.237557772663545,0.235324382778438,0.233123167976375,0.230953532340582,0.22881495321523,0.226706975557259,0.224629203936976,0.222581293386321,0.220562939976216,0.21857387173341,0.216613840287961,0.214682613473214,0.212779968975243,0.210905689040925,0.209059556195681,0.207241349886462,0.205450843946904,0.203687804774727,0.201951990112666,0.200243148330445,0.198561018114525,0.196905328482923,0.195275799053306,0.193672140503188,0.192094055170905,0.190541237754911,0.189013376076832,0.187510151880449,0.186031241644622,0.184576317393013,0.183145047487525,0.181737097395703,0.180352130425072,0.17898980841956,0.177649792414898,0.176331743251265,0.175035322142524,0.173760191202198,0.172506013926962,0.171272455638884,0.17005918388796,0.16886586881672,0.167692183488814,0.166537804183568,0.165402410658515,0.164285686381926,0.163187318737286,0.162106999201652,0.161044423499718,0.159999291735368,0.158971308502381,0.157960182975894,0.156965628986112,0.155987365075701,0.155025114542166,0.154078605466483,0.153147570729143,0.152231748014687,0.151330879805763,0.150444713367638,0.149573000724057,0.148715498625257,0.14787196850891,0.14704217645469,0.146225893133129,0.145422893749369,0.144632957982375,0.143855869920127,0.143091417991281,0.142339394893755,0.141599597520626,0.140871826883765,0.140155888035514,0.139451589988784,0.138758745635821,0.13807717166597,0.137406688482652,0.136747120119805,0.136098294158019,0.135460041640529,0.134832196989282,0.134214597921227,0.133607085364977,0.133009503377995,0.132421699064419,0.131843522493647,0.131274826619783,0.130715467202039,0.130165302726184,0.129624194327101,0.129092005712543,0.12856860308813,0.128053855083653,0.127547632680725,0.127049809141833,0.126560259940813,0.126078862694794,0.125605497097631,0.125140044854851,0.12468238962013,0.12423241693332,0.123790014160039,0.123355070432823,0.122927476593863,0.122507125139309,0.122093910165164,0.121687727314751,0.121288473727751,0.120896047990821,0.120510350089759,0.120131281363235,0.119758744458053,0.119392643285954,0.11903288298192,0.118679369864,0.118332011394602,0.117990716143268,0.117655393750894,0.117325954895383,0.117002311258714,0.116684375495396,0.1163720612023,0.116065282889836,0.115763955954457,0.115467996652464,0.115177322075092,0.114891850124846,0.114611499493075,0.114336189638738,0.114065840768356,0.113800373817114,0.113539710431083,0.113283772950545,0.113032484394384,0.112785768445524,0.112543549437375,0.112305752341266,0.112072302754841,0.111843126891378,0.111618151570005,0.111397304206795,0.111180512806693,0.110967705956263,0.11075881281721,0.110553763120661,0.110352487162164,0.110154915797388,0.109960980438482,0.109770613051069,0.109583746151852,0.109400312806793,0.109220246629836,0.10904348178216,0.10886995297191,0.1086995954544,0.108532345032747,0.108368138058908,0.108206911435102,0.108048602615578,0.107893149608711,0.107740490979399,0.107590565851723,0.107443313911868,0.107298675411255,0.107156591169874,0.10701700257979,0.106879851608805,0.106745080804234,0.106612633296799,0.106482452804599,0.10635448363714,0.106228670699413,0.10610495949599,0.105983296135118,0.105863627332802,0.105745900416854,0.105630063330886,0.105516064638237,0.10540385352582,0.105293379807866,0.105184593929554,0.105077446970517,0,0.285541187937358,0.282705800053231,0.279912673592666,0.277143946371069,0.274397036922359,0.271674585370939,0.268980137229651,0.266316777272051,0.263686866503594,0.261092073930904,0.258533461604668,0.256011575812401,0.253526540132626,0.251078148573773,0.248665954616266,0.246289351570224,0.243947640914904,0.2416400870471,0.239365958439614,0.237124556336487,0.234915232768004,0.232737399936908,0.230590533017867,0.228474168228589,0.226387897756366,0.224331362818665,0.222304245839813,0.220306262460715,0.218337153875134,0.21639667980686,0.214484612304419,0.212600730428647,0.21074481583732,0.208916649223926,0.207116007538893,0.20534266190643,0.203596376144581,0.201876905797043,0.200183997590471,0.19851738923852,0.196876809522635,0.195261978588647,0.193672608407058,0.192108403353145,0.190569060870467,0.189054272187996,0.187563723066825,0.186097094557363,0.18465406375206,0.183234304522231,0.181837488230393,0.180463284411893,0.179111361421534,0.177781387042404,0.176473029055354,0.175185955768493,0.173919836506838,0.172674342062762,0.171449145108347,0.170243920571017,0.169058345974026,0.167892101743541,0.166744871484087,0.165616342224216,0.164506204634183,0.163414153217461,0.162339886477826,0.161283107063709,0.160243521891434,0.159220842248902,0.158214783881177,0.157225067059375,0.156251416634169,0.155293562075144,0.154351237497164,0.153424181674833,0.152512138046078,0.15161485470579,0.150732084390428,0.149863584454395,0.149009116838969,0.148168448034497,0.147341349036531,0.146527595296509,0.145726966667571,0.144939247346031,0.144164225809013,0.1434016947487,0.142651451003626,0.141913295487403,0.141187033115245,0.140472472728629,0.139769427018406,0.13907771244664,0.138397149167446,0.137727560947073,0.137068775083449,0.136420622325405,0.135782936791752,0.135155555890404,0.134538320237688,0.133931073578006,0.133333662703957,0.132745937377076,0.132167750249255,0.131598956784996,0.131039415184547,0.130488986308022,0.129947533600579,0.129414923018724,0.128891022957782,0.128375704180622,0.127868839747647,0.127370304948119,0.126879977232842,0.12639773614823,0.125923463271805,0.125457042149125,0.124998358232187,0.124547298819293,0.124103752996417,0.123667611580065,0.123238767061641,0.12281711355333,0.122402546735481,0.121994963805513,0.12159426342832,0.121200345688186,0.120813112042198,0.120432465275147,0.120058309455908,0.119690549895296,0.119329093105374,0.118973846760209,0.118624719658057,0.11828162168496,0.117944463779749,0.117613157900417,0.117287616991865,0.116967754954982,0.116653486617054,0.116344727703473,0.116041394810734,0.115743405380681,0.115450677675998,0.115163130756916,0.114880684459102,0.114603259372723,0.114330776822649,0.114063158849775,0.113800328193434,0.113542208274872,0.113288723181775,0.113039797653801,0.112795357069097,0.11255532743179,0.112319635360396,0.112088208077146,0.111860973398186,0.111637859724628,0.111418796034426,0.111203711875046,0.110992537356902,0.110785203147534,0.110581640466492,0.110381781080909,0.11018555730172,0.109992901980516,0.10980374850699,0.109618030806959,0.109435683340918,0.109256641103123,0.109080839621147,0.108908214955909,0.108738703702125,0.10857224298917,0.10840877048232,0.108248224384344,0.108090543437427,0.107935666925393,0.107783534676199,0.107634087064694,0.107487265015592,0.107343010006655,0.107201264072057,0.107061969805901,0.106925070365875,0.106790509477021,0.106658231435591,0.10652818111298,0.106400303959706,0.106274546009425,0.106150853882956,0.106029174792298,0.105909456544633,0.105791647546276,0.105675696806579,0.105561553941759,0.105449169178638,0.105338493358281,0,0.287240337546024,0.284438409351088,0.281672376640187,0.278927308120468,0.276200139778811,0.273493152746764,0.270810046660216,0.268154332860062,0.265528878633187,0.262935853460566,0.260376784132056,0.257852635735657,0.25536390037057,0.252910688330094,0.250492817214993,0.248109894407131,0.24576138931487,0.243446693324211,0.241165166884215,0.238916174325409,0.23669910777556,0.234513401934483,0.232358541580676,0.230234063597847,0.228139555107988,0.226074649041144,0.224039018203781,0.222032368655064,0.220054432978519,0.218104963851766,0.216183728169735,0.214290501864076,0.212425065478654,0.210587200502942,0.20877668642652,0.206993298454348,0.20523680580991,0.203506970548719,0.201803546805361,0.200126280401439,0.198474908747941,0.1968491609828,0.195248758291885,0.193673414369025,0.192122835977553,0.190596723582138,0.189094772025255,0.187616671227521,0.186162106895324,0.184730761222747,0.18332231357777,0.181936441165243,0.180572819661135,0.17923112381427,0.177911028013062,0.176612206815866,0.175334335444369,0.17407709024014,0.172840149084907,0.171623191785557,0.17042590042508,0.169247959680887,0.168089057112079,0.166948883417258,0.165827132664583,0.1647235024957,0.163637694305219,0.162569413397316,0.161518369121044,0.160484274985823,0.159466848758561,0.15846581254375,0.157480892847841,0.15651182062911,0.155558331334172,0.154620164922222,0.153697065878015,0.152788783214543,0.151895070466301,0.151015685673959,0.150150391361244,0.149298954504725,0.148461146497204,0.14763674310532,0.146825524421968,0.146027274814063,0.145241782866163,0.144468841320411,0.143708247013243,0.142959800809253,0.142223307532596,0.141498575896272,0.140785418429612,0.140083651404259,0.139393094758927,0.138713572023174,0.138044910240436,0.137386939890531,0.136739494811828,0.13610241212327,0.135475532146402,0.134858698327584,0.134251757160493,0.133654558109077,0.133066953531053,0.132488798602069,0.13191995124062,0.131360272033812,0.130809624164044,0.130267873336693,0.129734887708855,0.129210537819207,0.128694696519037,0.128187238904494,0.127688042250094,0.127196985943516,0.126713951421728,0.126238822108463,0.125771483353064,0.125311822370728,0.124859728184163,0.124415091566656,0.123977804986588,0.12354776255338,0.123124859964882,0.12270899445622,0.122300064750078,0.121897971008434,0.121502614785735,0.121113898983514,0.120731727806428,0.120356006719732,0.119986642408149,0.119623542736159,0.119266616709666,0.118915774439043,0.118570927103547,0.118231986917068,0.117898867095225,0.117571481823762,0.117249746228247,0.116933576345049,0.116622889093573,0.116317602249733,0.116017634420643,0.115722905020507,0.115433334247687,0.115148843062916,0.114869353168654,0.114594786989541,0.114325067653943,0.114060118976554,0.113799865442034,0.113544232189664,0.113293144998982,0.11304653027638,0.112804315042647,0.112566426921409,0.112332794128464,0.112103345461968,0.111878010293455,0.111656718559668,0.111439400755156,0.111225987925636,0.111016411662069,0.110810604095443,0.110608497892221,0.110410026250433,0.110215122896388,0.110023722081978,0.109835758582536,0.109651167695239,0.109469885238021,0.109291847548964,0.109116991486149,0.108945254427937,0.10877657427366,0.108610889444682,0.108448138885823,0.108288262067106,0.108131198985813,0.107976890168818,0.107825276675173,0.107676300098937,0.1075299025722,0.107386026768303,0.10724461590522,0.10710561374908,0.106968964617814,0.106834613384896,0.106702505483171,0.106572586908739,0.106444804224878,0.106319104565998,0.106195435641588,0.106073745740162,0.105953983733166,0.105836099078847,0.105720041826052,0.105605762617962,0,0.288866426771665,0.286114452957737,0.283384422667257,0.280669020883681,0.277966388406737,0.275279008265736,0.272610898873711,0.269966057037863,0.267347894184368,0.264759114017447,0.262201739688284,0.259677185108315,0.257186340057044,0.254729659938156,0.252307255040831,0.249918974816003,0.247564483506092,0.24524332474231,0.242954974083957,0.240698879631012,0.23847449167172,0.236281282824268,0.234118760348372,0.23198647231154,0.229884009167679,0.227811002102358,0.22576711926496,0.223752060773846,0.221765553165712,0.219807343774339,0.217877195370388,0.215974881272196,0.214100181044696,0.212252876835362,0.210432750348246,0.208639580425274,0.206873141184425,0.205133200653899,0.203419519837404,0.201731852146113,0.200069943136188,0.198433530495801,0.196822344231508,0.195236107010027,0.193674534617618,0.19213733650498,0.190624216390895,0.189134872902532,0.187669000234489,0.186226288812211,0.184806425948477,0.18340909648424,0.182033983407234,0.180680768443539,0.179349132618775,0.178038756786722,0.176749322124149,0.175480510591359,0.174232005358548,0.1730034911985,0.171794654846527,0.17060518532874,0.169434774259983,0.168283116112823,0.167149908459091,0.16603485218548,0.164937651684748,0.163858015024011,0.162795654091613,0.161750284724013,0.160721626814057,0.159709404401971,0.158713345750336,0.157733183404231,0.156768654237704,0.155819499487617,0.154885464775898,0.153966300121135,0.153061759940406,0.152171603042185,0.151295592611104,0.150433496185293,0.14958508562699,0.148750137087062,0.147928430964001,0.147119751857994,0.146323888520528,0.145540633800056,0.144769784584134,0.144011141738456,0.143264510043165,0.142529698126803,0.141806518398216,0.141094786976725,0.140394323620847,0.139704951655825,0.139026497900199,0.138358792591656,0.137701669312353,0.137054964913895,0.136418519442164,0.135792176062137,0.135175780982845,0.134569183382619,0.133972235334727,0.133384791733526,0.132806710221239,0.132237851115424,0.131678077337255,0.131127254340659,0.1305852500424,0.130051934753169,0.129527181109727,0.129010864008159,0.12850286053829,0.128003049919285,0.127511313436488,0.127027534379514,0.126551597981637,0.126083391360481,0.125622803460043,0.125169724994063,0.124724048390753,0.124285667738894,0.12385447873531,0.12343037863373,0.123013266195025,0.122603041638843,0.122199606596628,0.121802864066012,0.121412718366603,0.121029075097134,0.120651841093984,0.120280924391054,0.119916234180993,0.119557680777761,0.119205175580519,0.118858631038823,0.118517960619129,0.118183078772568,0.117853900904001,0.117530343342315,0.117212323311959,0.116899758905694,0.116592569058542,0.116290673522909,0.115993992844876,0.115702448341617,0.115415962079945,0.115134456855946,0.114857856175696,0.114586084237019,0.114319065912291,0.114056726732238,0.113798992870718,0.113545791130477,0.113297048929822,0.113052694290223,0.112812655824789,0.11257686272762,0.112345244763982,0.112117732261311,0.11189425610099,0.111674747710898,0.11145913905869,0.111247362645792,0.111039351502077,0.110835039181201,0.110634359756577,0.110437247817949,0.110243638468556,0.110053467322846,0.109866670504721,0.109683184646291,0.1095029468871,0.109325894873817,0.109151966760341,0.108981101208324,0.108813237388063,0.108648314979755,0.108486274175071,0.108327055679049,0.108170600712261,0.108016851013244,0.107865748841166,0.107717236978702,0.107571258735115,0.107427757949487,0.107286678994122,0.107147966778056,0.10701156675069,0.106877424905504,0.106745487783843,0.106615702478749,0.106488016638832,0.106362378472146,0.106238736750073,0.106117040811176,0.10599724056503,0.10587928649599,0,0.290413333972902,0.287727827418239,0.285044070842347,0.282365327287223,0.279692644724804,0.277029429779042,0.274380287073504,0.271749805815572,0.269142000030139,0.266560150797318,0.264006814110373,0.261483885379749,0.258992682569313,0.256534035555735,0.254108375989598,0.251715823349144,0.249356263632012,0.247029418157517,0.244734901133418,0.242472265731001,0.240241039262131,0.238040748617445,0.235870937428017,0.233731176506424,0.23162106906811,0.229540252085935,0.22748839493501,0.22546519627438,0.223470379908834,0.221503690191179,0.219564887368899,0.217653743151016,0.215770036669848,0.213913550935305,0.212084069822864,0.21028137559653,0.208505246941557,0.206755457465243,0.205031774615197,0.203333958960965,0.201661763785046,0.20001493493198,0.198393210868236,0.196796322910503,0.195223995585087,0.193675947086225,0.192151889805923,0.190651530912367,0.18917457295792,0.187720714501259,0.186289650731206,0.184881074082487,0.183494674835788,0.182130141696407,0.180787162347285,0.179465423973507,0.17816461375635,0.176884419335822,0.175624529241274,0.174384633290187,0.173164422955635,0.171963591703228,0.170781835298571,0.169618852086415,0.168474343242799,0.167348013001549,0.166239568856517,0.165148721740968,0.164075186185502,0.163018680455877,0.161978926672057,0.160955650909757,0.159948583285727,0.158957458027934,0.157982013531764,0.157021992403308,0.15607714149072,0.155147211904603,0.154231959028308,0.153331142518977,0.152444526300117,0.151571878546449,0.150712971661696,0.149867582249975,0.149035491081383,0.148216483052333,0.14741034714117,0.14661687635955,0.145835867700024,0.14506712208027,0.144310444284339,0.143565642901296,0.142832530261585,0.142110922371431,0.141400638845569,0.140701502838572,0.140013340975019,0.139335983278742,0.13866926310135,0.138013017050241,0.137367084916275,0.136731309601268,0.136105537045476,0.13548961615519,0.134883398730586,0.134286739393944,0.133699495518339,0.133121527156908,0.13255269697278,0.131992870169757,0.13144191442381,0.130899699815467,0.130366098763146,0.129840985957499,0.1293242382968,0.128815734823434,0.128315356661522,0.127822986955717,0.127338510811194,0.126861815234877,0.126392789077903,0.12593132297937,0.125477309311354,0.125030642125239,0.124591217099348,0.12415893148789,0.123733684071239,0.123315375107536,0.122903906285615,0.122499180679265,0.122101102702819,0.121709578068063,0.121324513742467,0.120945817908728,0.120573399925616,0.120207170290122,0.119847040600892,0.119492923522926,0.11914473275356,0.118802382989679,0.118465789896186,0.118134870075677,0.117809541039339,0.117489721179026,0.117175329740521,0.116866286797951,0.11656251322934,0.116263930693286,0.115970461606742,0.115682029123877,0.115398557115998,0.115119970152522,0.11484619348296,0.114577153019911,0.114312775323023,0.114052987583923,0.113797717612071,0.113546893821534,0.113300445218638,0.113058301390498,0.112820392494378,0.112586649247879,0.112357002919912,0.112131385322449,0.111909728803012,0.111691966237894,0.111478031026064,0.111267857083756,0.111061378839696,0.110858531230961,0.110659249699424,0.110463470188787,0.110271129142153,0.11008216350012,0.109896510699386,0.109714108671813,0.109534895843957,0.109358811137012,0.109185793967166,0.109015784246325,0.108848722383199,0.108684549284722,0.108523206357766,0.108364635511158,0.108208779157948,0.108055580217919,0.107904982120319,0.107756928806786,0.107611364734456,0.107468234879215,0.107327484739096,0.107189060337788,0.107052908228239,0.106918975496335,0.106787209764647,0.106657559196205,0.106529972498306,0.106404398926326,0.10628078828752,0.106159090944799,0,0.291876411784224,0.289272907413493,0.286646571787314,0.284012339446975,0.281375632656307,0.278741571364361,0.276115693252148,0.273503332533087,0.270909186288761,0.268337166700182,0.265790404605429,0.263271312657741,0.260781669164673,0.258322708613097,0.255895212951542,0.253499599680783,0.251136003492242,0.24880434896599,0.246504412805215,0.244235875058584,0.241998359606884,0.239791464790298,0.237614785419982,0.235467927583424,0.233350517664962,0.231262206909836,0.229202672705243,0.227171617568661,0.225168766646353,0.223193864348891,0.221246670594663,0.219326957000388,0.217434503250279,0.21556909379095,0.213730514934876,0.211918552407946,0.210132989343351,0.208373604701643,0.206640172082865,0.204932458888961,0.203250225791482,0.201593226459532,0.199961207504931,0.1983539086048,0.196771062765759,0.195212396698139,0.193677631272803,0.192166482037232,0.190678659771223,0.189213871065889,0.187771818912683,0.186352203291691,0.184954721750735,0.183579069968705,0.18222494229812,0.180892032283308,0.179580033151626,0.178288638276103,0.177017541608578,0.175766438082996,0.17453502398899,0.173322997316221,0.172130058070226,0.170955908560726,0.169800253663478,0.168662801056879,0.167543261434553,0.166441348695221,0.165356780111146,0.164289276476424,0.163238562236396,0.162204365599406,0.161186418632078,0.160184457339275,0.159198221729816,0.158227455868993,0.157271907918885,0.15633133016739,0.155405479046874,0.154494115143256,0.153597003196326,0.152713912092018,0.151844614847343,0.150988888588615,0.150146514523588,0.149317277908059,0.148500968007474,0.147697378054024,0.146906305199694,0.146127550465695,0.145360918688666,0.144606218464039,0.143863262086889,0.143131865490599,0.142411848183641,0.141703033184745,0.141005246956704,0.140318319339065,0.139642083479918,0.138976375766981,0.138321035758177,0.137675906111869,0.137040832516917,0.136415663622695,0.135800250969214,0.135194448917464,0.134598114580096,0.134011107752546,0.133433290844692,0.132864528813138,0.132304689094193,0.131753641537635,0.131211258341302,0.130677413986588,0.130151985174892,0.129634850765056,0.129125891711857,0.12862499100557,0.128132033612647,0.127646906417539,0.12716949816569,0.12669969940772,0.126237402444818,0.125782501275367,0.125334891542806,0.124894470484746,0.124461136883351,0.124034791016974,0.123615334613081,0.123202670802435,0.122796704074561,0.122397340234488,0.122004486360755,0.121618050764683,0.121237942950922,0.120864073579236,0.120496354427545,0.120134698356205,0.119779019273514,0.119429232102438,0.119085252748537,0.118746998069095,0.118414385843422,0.118087334744322,0.117765764310714,0.11744959492139,0.11713874776989,0.11683314484048,0.116532708885213,0.116237363402064,0.115947032614107,0.115661641449728,0.11538111552384,0.115105381120107,0.114834365174115,0.114567995257518,0.114306199563096,0.114048906890729,0.11379604663426,0.113547548769223,0.113303343841405,0.113063362956247,0.112827537769025,0.112595800475818,0.112368083805229,0.112144321010825,0.1119244458643,0.111708392649305,0.111496096155947,0.111287491675922,0.111082514998257,0.110881102405645,0.110683190671341,0.110488717056604,0.110297619308648,0.110109835659095,0.109925304822895,0.10974396599769,0.109565758863607,0.109390623583447,0.109218500803251,0.109049331653221,0.108883057748977,0.108719621193115,0.108558964577058,0.108401030983171,0.108245763987119,0.10809310766045,0.107943006573374,0.10779540579773,0.107650250910108,0.107507487995117,0.107367063648775,0.107228924981993,0.107093019624157,0.106959295726771,0.106827701967143,0.106698187552113,0.106570702221792,0.1064451962533,0,0.29325292017651,0.290744807862651,0.288187351860508,0.285606135965932,0.283011985709801,0.280412487723704,0.277814502059933,0.275224296578833,0.272647352213516,0.270088276510611,0.267550822822815,0.265037960003305,0.26255196066953,0.260094494975917,0.257666724481831,0.255269392803476,0.252902910285624,0.250567430424919,0.248262916492455,0.245989197620067,0.243746014373299,0.241533054434458,0.2393499794264,0.237196444130646,0.235072109424458,0.232976650220941,0.230909759582977,0.228871150028587,0.226860552877247,0.22487771632102,0.22292240275213,0.220994385745525,0.219093446983345,0.217219373317722,0.215371954097276,0.213550978828671,0.211756235204814,0.20998750750312,0.208244575338278,0.20652721274197,0.204835187535273,0.203168260956533,0.201526187507238,0.199908714979899,0.198315584634515,0.196746531493448,0.195201284727933,0.193679568112999,0.192181100530884,0.190705596506151,0.189252766758563,0.187822318762274,0.186413957302097,0.185027385019561,0.183662302943039,0.182318410997674,0.180995408491937,0.179692994578634,0.178410868688957,0.177148730938809,0.175906282507143,0.174683225986475,0.173479265706012,0.172294108028123,0.171127461619022,0.169979037694678,0.168848550243062,0.16773571622388,0.166640255746992,0.165561892230702,0.164500352541118,0.163455367113741,0.162426670058442,0.161413999248904,0.160417096397621,0.159435707117444,0.158469580970665,0.157518471506558,0.156582136288241,0.155660336909701,0.154752839003762,0.15385941224172,0.152979830325351,0.152113870971934,0.151261315892903,0.150421950766694,0.149595565206324,0.148781952722206,0.147980910680653,0.147192240258523,0.146415746394397,0.145651237736678,0.144898526588955,0.14415742885296,0.143427763969435,0.142709354857174,0.142002027850507,0.141305612635484,0.140619942184965,0.139944852692833,0.139280183507524,0.138625777065057,0.137981478821718,0.137347137186554,0.136722603453829,0.13610773173555,0.135502378894204,0.134906404475793,0.134319670643288,0.133742042110576,0.133173386076997,0.132613572162537,0.132062472343756,0.131519960890498,0.130985914303467,0.130460211252691,0.129942732516939,0.129433360924131,0.128931981292766,0.128438480374423,0.127952746797335,0.127474671011095,0.127004145232485,0.12654106339247,0.126085321084361,0.125636815513166,0.125195445446139,0.124761111164537,0.124333714416586,0.12391315837167,0.123499347575742,0.12309218790795,0.122691586538498,0.122297451887716,0.121909693586353,0.121528222437079,0.121152950377201,0.120783790442572,0.120420656732691,0.120063464376995,0.119712129502317,0.119366569201506,0.119026701503203,0.118692445342754,0.118363720534243,0.118040447743645,0.117722548463069,0.117409944986092,0.117102560384148,0.116800318483975,0.1165031438461,0.116210961744324,0.115923698146228,0.115641279694639,0.115363633690071,0.115090688074106,0.114822371413697,0.114558612886374,0.114299342266339,0.11404448991142,0.113793986750872,0.113547764273992,0.113305754519547,0.113067890065971,0.112834104022324,0.112604330019987,0.112378502205068,0.112156555231505,0.11193842425483,0.111724044926591,0.111513353389384,0.111306286272501,0.111102780688143,0.110902774228202,0.110706204961568,0.110513011431947,0.110323132656172,0.110136508122973,0.109953077792194,0.109772782094427,0.10959556193105,0.109421358674629,0.109250114169688,0.109081770733796,0.10891627115898,0.108753558713408,0.10859357714336,0.108436270675426,0.108281584018945,0.108129462368642,0.107979851407453,0.107832697309514,0.107687946743302,0.107545546874902,0.107405445371378,0.107267590404243,0.107131930653006,0.106998415308763,0.10686699407784,0.106737617185461,0,0.29454098481848,0.292139552458796,0.289662185821943,0.287142868378587,0.284598305376454,0.282039166352551,0.279474019684017,0.276910275322334,0.274354314197412,0.271811512506755,0.269286298913844,0.266782240428476,0.264302139692399,0.261848134524355,0.2594217958255,0.25702422154464,0.254656124653137,0.252317913258342,0.250009761420999,0.247731669864729,0.245483516420202,0.243265096614926,0.24107615524169,0.238916410001872,0.236785568440043,0.234683339393589,0.232609440108516,0.230563600050807,0.228545562296374,0.226555083230425,0.22459193114129,0.222655884162135,0.220746727900172,0.218864252998138,0.217008252796223,0.215178521202561,0.213374850834742,0.211597031461058,0.209844848746276,0.208118083290396,0.206416509938525,0.204739897333997,0.20308800768417,0.201460596707845,0.199857413734314,0.198278201926051,0.196722698599659,0.195190635622487,0.193681739865208,0.192195733693461,0.190732335484235,0.189291260155065,0.187872219696257,0.186474923698214,0.18509907986758,0.183744394527313,0.182410573096989,0.181097320550646,0.179804341850286,0.178531342353857,0.177278028197092,0.176044106649021,0.174829286441323,0.173633278072001,0.172455794084021,0.171296549319765,0.170155261152233,0.169031649694035,0.167925437985228,0.166836352161127,0.165764121601182,0.164708479060038,0.163669160781866,0.162645906599021,0.161638460016059,0.160646568280106,0.15966998243853,0.158708457384813,0.157761751893509,0.156829628645089,0.155911854241451,0.155008199212852,0.154118438016915,0.153242349030403,0.152379714534338,0.151530320693067,0.150693957527794,0.149870418885094,0.149059502400876,0.148261009460242,0.147474745153642,0.146700518229725,0.145938141045239,0.1451874295123,0.144448203043372,0.143720284494212,0.143003500105077,0.142297679440429,0.141602655327367,0.14091826379302,0.140244344001069,0.139580738187623,0.138927291596575,0.138283852414637,0.137650271706169,0.137026403347958,0.136412103964048,0.135807232860768,0.135211651962021,0.134625225744971,0.134047821176186,0.133479307648334,0.132919556917496,0.132368443041172,0.131825842317037,0.131291633222494,0.130765696355091,0.130247914373835,0.129738171941444,0.129236355667579,0.128742354053084,0.128256057435263,0.127777357934225,0.127306149400306,0.126842327362604,0.12638578897863,0.125936432985097,0.125494159649847,0.125058870724949,0.12463046940094,0.12420886026225,0.123793949243791,0.123385643588719,0.12298385180737,0.122588483637371,0.122199450004916,0.121816662987208,0.121440035776069,0.121069482642696,0.120704918903567,0.120346260887492,0.119993425903786,0.11964633221157,0.119304898990179,0.118969046310668,0.118638695108406,0.118313767156744,0.117994185041743,0.117679872137949,0.117370752585198,0.11706675126644,0.116767793786561,0.116473806452196,0.1161847162525,0.115900450840881,0.115620938517658,0.115346108213641,0.115075889474606,0.114810212446645,0.114549007862383,0.11429220702803,0.114039741811258,0.113791544629876,0.113547548441284,0.113307686732696,0.113071893512092,0.112840103299898,0.112612251121357,0.112388272499586,0.112168103449274,0.111951680471031,0.111738940546337,0.111529821133087,0.111324260161704,0.111122196031797,0.110923567609354,0.110728314224422,0.110536375669285,0.110347692197094,0.110162204520932,0.109979853813309,0.109800581706034,0.109624330290479,0.109451042118181,0.109280660201781,0.109113128016279,0.108948389500567,0.108786389059243,0.108627071564665,0.108470382359239,0.108316267257916,0.108164672550879,0.108015545006396,0.107868831873836,0.107724480886807,0.10758244026642,0.107442658724642,0.10730508546774,0.107169670199785,0.107036363126198,0,0.295739714419617,0.293454166275571,0.291067342478394,0.288618868125572,0.286131226789367,0.28361856643937,0.281091497604412,0.278558779385577,0.276027816063824,0.273504831655438,0.270994986708363,0.268502490696257,0.26603071343193,0.263582293195371,0.261159240325005,0.258763035417655,0.256394721026141,0.254054985548228,0.251744238129959,0.249462673805404,0.247210328613316,0.244987124937283,0.242792907728486,0.240627472555658,0.238490586584749,0.236382003639635,0.234301474460922,0.232248753189592,0.230223600979354,0.22822578750507,0.226255090997891,0.224311297309935,0.222394198397419,0.220503590513623,0.218639272322183,0.216801043076018,0.214988700956239,0.21320204162643,0.211440857029005,0.209704934429723,0.207994055702419,0.206307996836901,0.204646527647643,0.203009411658328,0.201396406136671,0.199807262254612,0.198241725350569,0.196699535272428,0.195180426782283,0.193684130006274,0.192210370915196,0.190758871823716,0.189329351898031,0.187921527663622,0.18653511350632,0.185169822161321,0.183825365185957,0.18250145341308,0.181197797382751,0.17991410775067,0.178650095672353,0.17740547316257,0.176179953429935,0.174973251186864,0.173785082935347,0.172615167229185,0.171463224913486,0.170328979342285,0.169212156575282,0.168112485554677,0.167029698263141,0.165963529863975,0.164913718824453,0.163880007023408,0.162862139844016,0.161859866252758,0.160872938865487,0.159901114001474,0.158944151726306,0.158001815884427,0.157073874122104,0.156160097901544,0.155260262506846,0.154374147042455,0.15350153442471,0.152642211367084,0.151795968359649,0.150962599643266,0.150141903179,0.149333680613181,0.148537737238551,0.14775388195187,0.14698192720836,0.146221688973315,0.145472986671207,0.144735643132569,0.144009484538945,0.143294340366157,0.142590043326117,0.141896429307429,0.141213337314957,0.140540609408576,0.139878090641264,0.13922562899671,0.138583075326574,0.13795028328756,0.137327109278413,0.136713412376967,0.136109054277348,0.135513899227438,0.134927813966696,0.134350667664405,0.133782331858439,0.133222680394616,0.132671589366697,0.132128937057095,0.131594603878347,0.131068472315396,0.13055042686873,0.130040353998411,0.129538142069036,0.129043681295662,0.128556863690714,0.128077583011916,0.127605734711247,0.127141215884964,0.126683925224689,0.126233762969583,0.125790630859616,0.125354432089946,0.124925071266411,0.124502454362137,0.124086488675275,0.123677082787858,0.123274146525792,0.122877590919962,0.122487328168474,0.122103271600007,0.121725335638292,0.121353435767693,0.120987488499901,0.120627411341719,0.12027312276394,0.119924542171307,0.119581589873542,0.119244187057435,0.118912255759984,0.118585718842569,0.118264499966157,0.117948523567514,0.117637714836413,0.117331999693834,0.117031304771128,0.116735557390133,0.116444685544234,0.116158617880344,0.115877283681787,0.115600612852075,0.115328535899555,0.11506098392291,0.114797888597496,0.114539182162499,0.114284797408888,0.114034667668153,0.1137887268018,0.113546909191589,0.113309149730498,0.113075383814386,0.112845547334339,0.112619576669679,0.112397408681612,0.112178980707507,0.111964230555762,0.11175309650126,0.111545517281382,0.111341432092558,0.111140780587331,0.110943502871928,0.110749539504297,0.110558831492601,0.11037132029415,0.110186947814741,0.110005656408394,0.109827388877454,0.109652088473053,0.109479698895895,0.109310164297351,0.109143429280856,0.108979438903559,0.108818138678241,0.108659474575453,0.108503393025871,0.108349840922847,0.108198765625132,0.108050114959755,0.107903837225048,0.107759881193782,0.107618196116422,0.107478731724454,0.107341438233795,0,0.296848511501705,0.294686692682952,0.292399691791585,0.290030745231095,0.287607487316008,0.28514766281504,0.28266416071632,0.280167271180004,0.277665541712525,0.275166124498612,0.272674970111362,0.2701969760101,0.267736117147331,0.265295565536021,0.26287780124117,0.260484715825097,0.258117708288212,0.255777772913343,0.25346557822,0.25118153638851,0.248925862871085,0.246698626324766,0.244499789381307,0.242329241058992,0.240186821804612,0.238072342236487,0.235985596659769,0.233926372365287,0.231894455624588,0.229889635174672,0.22791170386046,0.225960458981094,0.224035701774196,0.222137236373593,0.220264868492176,0.218418404012276,0.216597647610307,0.214802401498795,0.213032464335649,0.211287630325803,0.209567688522627,0.207872422324228,0.206201609151742,0.204555020291931,0.202932420883919,0.201333570029153,0.199758221004055,0.198206121555997,0.196677014264796,0.195170636953824,0.193686723136708,0.19222500248753,0.190785201324216,0.189367043096524,0.187970248871491,0.186594537810613,0.185239627634172,0.183905235069149,0.18259107627808,0.181296867266883,0.180022324270384,0.178767164114717,0.177531104556243,0.176313864596951,0.175115164776584,0.173934727441954,0.172772276994065,0.171627540113802,0.170500245967017,0.169390126389926,0.168296916055758,0.167220352623611,0.166160176870507,0.165116132807587,0.164087967781411,0.163075432561289,0.162078281413535,0.161096272163524,0.16012916624637,0.159176728747047,0.158238728430687,0.157314937763795,0.156405132927071,0.15550909382047,0.154626604061135,0.153757450974765,0.152901425580973,0.152058322573145,0.151227940293274,0.150410080702228,0.149604549345877,0.148811155317463,0.148029711216593,0.147260033105209,0.146501940460829,0.145755256127402,0.145019806264017,0.144295420291764,0.143581930838959,0.142879173684986,0.142186987702953,0.141505214801357,0.140833699864949,0.140172290694957,0.139520837948835,0.138879195079669,0.138247218275383,0.137624766397868,0.137011700922142,0.136407885875656,0.135813187777829,0.135227475579913,0.134650620605268,0.134082496490112,0.133522979124829,0.132971946595883,0.132429279128409,0.131894859029523,0.1313685706324,0.130850300241166,0.130339936076641,0.129837368222963,0.129342488575134,0.128855190787505,0.128375370223229,0.127902923904706,0.127437750465032,0.12697975010048,0.126528824524009,0.126084876919833,0.125647811899041,0.125217535456295,0.124793954927587,0.124376978949087,0.123966517417067,0.123562481448901,0.123164783345155,0.122773336552755,0.122388055629229,0.122008856208028,0.121635654964915,0.121268369585419,0.120906918733345,0.120551222020333,0.120201199976467,0.119856774021907,0.119517866439549,0.119184400348704,0.118856299679766,0.118533489149884,0.118215894239602,0.117903441170477,0.117596056883632,0.117293669019268,0.116996205897083,0.116703596497611,0.116415770444454,0.116132657987389,0.115854189986346,0.115580297896223,0.115310913752541,0.115045970157908,0.114785400269274,0.114529137785976,0.114277116938534,0.11402927247819,0.113785539667179,0.113545854269694,0.113310152543543,0.113078371232478,0.112850447559161,0.112626319218769,0.112405924373199,0.112189201645871,0.111976090117094,0.111766529319983,0.111560459236907,0.111357820296446,0.111158553370834,0.11096259977388,0.110769901259325,0.110580400019641,0.110394038685231,0.110210760324021,0.110030508441421,0.109853226980633,0.109678860323296,0.109507353290429,0.109338651143678,0.109172699586828,0.109009444767564,0.108848833279477,0.108690812164272,0.108535328914187,0.108382331474579,0.108231768246681,0.108083588090495,0.107937740327821,0.107794174745387,0.107652841598083,0,0.297868474617351,0.295836165994718,0.293656766390926,0.291375470906717,0.289023993444592,0.286623492775649,0.284189238949509,0.281733186422618,0.279265130071144,0.276793225770367,0.274324270786701,0.271863895661525,0.269416718350066,0.266986477812814,0.264576154018758,0.26218807763347,0.259824030760904,0.257485338980109,0.255172954370169,0.252887529112773,0.250629479440138,0.248399040005285,0.246196309079377,0.244021285258414,0.241873896557432,0.239754022878539,0.23766151286913,0.235596196155125,0.233557891859416,0.231546414215159,0.229561575970829,0.22760319016993,0.225671070779939,0.223765032547046,0.221884890367762,0.220030458396156,0.21820154904596,0.216397971999001,0.214619533293967,0.212866034540828,0.211137272284922,0.209433037529224,0.207753115412602,0.206097285034692,0.204465319413677,0.202856985560885,0.201272044655257,0.199710252300878,0.198171358851569,0.196655109787777,0.195161246132489,0.193689504894416,0.192239619528298,0.190811320403647,0.189404335274649,0.188018389745239,0.186653207724461,0.18530851186827,0.183984024004761,0.182679465540613,0.181394557847116,0.180129022624722,0.178882582245501,0.177654960073229,0.176445880761161,0.175255070527764,0.174082257410865,0.17292717150084,0.171789545153555,0.170669113183864,0.169565613040516,0.16847878496336,0.167408372123755,0.166354120749101,0.16531578023239,0.164293103227671,0.163285845732301,0.16229376715682,0.161316630383278,0.160354201812778,0.159406251403007,0.15847255269645,0.15755288283999,0.156647022596512,0.155754756349159,0.15487587209878,0.154010161455153,0.153157419622469,0.152317445379578,0.151490041055445,0.15067501250025,0.149872169052519,0.149081323502683,0.148302292053395,0.147534894276944,0.146778953070079,0.146034294606514,0.145300748287396,0.144578146689979,0.143866325514736,0.143165123531127,0.142474382522224,0.141793947228384,0.141123665290128,0.140463387190412,0.139812966196418,0.139172258301014,0.138541122164004,0.137919419053302,0.137307012786114,0.136703769670252,0.136109558445665,0.135524250226264,0.134947718442133,0.134379838782193,0.13382048913738,0.133269549544406,0.132726902130153,0.132192431056748,0.131666022467375,0.131147564432853,0.130636946899021,0.130134061634977,0.129638802182174,0.129151063804427,0.128670743438842,0.128197739647686,0.127731952571225,0.12727328388154,0.126821636737336,0.126376915739758,0.125939026889219,0.125507877543258,0.125083376375418,0.124665433335166,0.124253959608845,0.12384886758167,0.123450070800759,0.123057483939204,0.122671022761178,0.12229060408808,0.121916145765705,0.121547566632439,0.12118478648848,0.12082772606606,0.120476307000681,0.12013045180335,0.119790083833789,0.11945512727464,0.119125507106622,0.118801149084665,0.118481979714969,0.118167926233012,0.117858916582477,0.117554879395086,0.117255743971329,0.116961440262079,0.116671898851072,0.11638705093824,0.116106828323884,0.115831163393667,0.115559989104421,0.115293238970732,0.115030847052313,0.114772747942126,0.114518876755251,0.114269169118475,0.114023561160585,0.113781989503356,0.113544391253202,0.113310703993485,0.113080865777456,0.112854815121808,0.112632491000833,0.112413832841145,0.112198780516976,0.111987274346,0.111779255085685,0.111574663930141,0.111373442507454,0.111175532877479,0.110980877530083,0.110789419383804,0.11060110178492,0.110415868506903,0.110233663750238,0.110054432142593,0.109878118739311,0.109704669024218,0.10953402891072,0.109366144743171,0.109200963298495,0.109038431788047,0.108878497859688,0.108721109600064,0.108566215537063,0.108413764642441,0.108263706334599,0.108115990481483,0.107970567403613,0,0.298801780626252,0.296902497821845,0.294836774518988,0.292650438168196,0.290377881506398,0.28804320330345,0.285664001210003,0.283253958133324,0.280824192171982,0.278383926706495,0.275940857149953,0.27350138967902,0.27107082176221,0.268653491716109,0.266252909026041,0.26387187113913,0.261512569524988,0.259176686150988,0.256865480624929,0.254579867896379,0.252320486399626,0.250087756708082,0.247881931029353,0.245703134120601,0.24355139640016,0.241426680156417,0.239328899809118,0.23725793717231,0.235213652616674,0.233195892947309,0.231204496714438,0.229239297569835,0.227300126178817,0.225386811101769,0.223499178973366,0.221637054233371,0.219800258600388,0.217988610428582,0.216201924046158,0.214440009142084,0.212702670242689,0.210989706301221,0.209300910409932,0.207636069634725,0.205994964966043,0.204377371375628,0.202783057966551,0.201211788202946,0.199663320205791,0.198137407101659,0.196633797412258,0.195152235473748,0.193692461876064,0.192254213913756,0.190837226041087,0.189441230325275,0.188065956892851,0.186711134365051,0.185376490278993,0.184061751492163,0.182766644568336,0.181490896143628,0.18023423327183,0.178996383748545,0.177777076413986,0.17657604143453,0.175393010563345,0.174227717380569,0.173079897513626,0.171949288838397,0.17083563166199,0.169738668887933,0.168658146164632,0.167593812017941,0.166545417968709,0.165512718636156,0.164495471827914,0.163493438617553,0.162506383410383,0.161534073998306,0.160576281604443,0.159632780918258,0.158703350121839,0.157787770907983,0.156885828490701,0.155997311608709,0.155122012522459,0.154259727005231,0.153410254328754,0.152573397243841,0.151748961956445,0.150936758099554,0.150136598701306,0.149348300149667,0.148571682154026,0.147806567703997,0.147052783025744,0.146310157536074,0.145578523794582,0.144857717454064,0.144147577209423,0.143447944745291,0.142758664682533,0.142079584523831,0.141410554598508,0.140751428006745,0.140102060563334,0.1394623107411,0.138832039614119,0.138211110800836,0.137599390407195,0.136996746969885,0.136403051399766,0.135818176925591,0.135241999038074,0.134674395434383,0.134115245963123,0.133564432569866,0.133021839243281,0.132487351961909,0.131960858641639,0.131442249083906,0.130931414924672,0.130428249584197,0.129932648217651,0.129444507666579,0.128963726411252,0.128490204523919,0.128023843622975,0.127564546828082,0.12711221871622,0.126666765278717,0.126228093879245,0.1257961132128,0.125370733265664,0.124951865276367,0.124539421697638,0.124133316159359,0.123733463432514,0.123339779394142,0.122952180993283,0.122570586217917,0.122194914062904,0.121825084498898,0.121461018442257,0.121102637725917,0.120749865071246,0.120402624060851,0.120060839112342,0.119724435453049,0.11939333909566,0.119067476814797,0.118746776124499,0.118431165256619,0.118120573140102,0.11781492938115,0.117514164244257,0.117218208634093,0.116926994078234,0.116640452710718,0.11635851725642,0.116081121016213,0.115808197852933,0.115539682178093,0.115275508939365,0.115015613608795,0.114759932171739,0.114508401116502,0.114260957424675,0.114017538562129,0.11377808247068,0.11354252756038,0.11331081270243,0.113082877222699,0.112858660895822,0.112638103939871,0.112421147011565,0.112207731202021,0.111997798033004,0.111791289453684,0.111588147837854,0.111388315981616,0.111191737101494,0.110998354832978,0.110808113229456,0.110620956761537,0.110436830316735,0.110255679199496,0.110077449131556,0.109902086252605,0.109729537121241,0.109559748716198,0.109392668437832,0.109228244109838,0.109066423981193,0.108907156728298,0.108750391457304,0.108596077706618,0.108444165449547,0.108294605097087,0,0.299651618842865,0.297886328696639,0.295938567040961,0.293853497005991,0.29166656841647,0.289404096139529,0.287085790247087,0.284727042423926,0.282340330041911,0.279935988924035,0.277522654639937,0.27510754648972,0.272696675068657,0.270295008688808,0.267906614793284,0.265534784443686,0.263182144088813,0.260850756676633,0.258542212953832,0.25625771319275,0.253998139393727,0.251764118069431,0.249556073898081,0.247374274743653,0.245218868727299,0.243089914167543,0.240987403279378,0.238911280538513,0.236861456587225,0.234837818495353,0.232840237106199,0.230868572103071,0.228922675336038,0.227002392856135,0.225107566019452,0.223238031948383,0.221393623572716,0.219574169418928,0.217779493271673,0.216009413795659,0.21426374417812,0.212542291830446,0.21084485817132,0.209171238501775,0.207521221974164,0.205894591651242,0.204291124647866,0.202710592345659,0.201152760669937,0.199617390417976,0.198104237627995,0.196613053978923,0.195143587211878,0.193695581565306,0.19226877821672,0.190862915725022,0.189477730468325,0.18811295707307,0.186768328831068,0.185443578101761,0.184138436697664,0.182852636251475,0.181585908563781,0.180337985930746,0.179108601451408,0.17789748931456,0.176704385065373,0.175529025852097,0.174371150653334,0.173230500486474,0.172106818597972,0.170999850636189,0.169909344807589,0.168835052017078,0.1677767259933,0.166734123399698,0.165707003932152,0.164695130403973,0.163698268819039,0.162716188433802,0.16174866180891,0.160795464851121,0.159856376846188,0.158931180483343,0.158019661871991,0.15712161055118,0.15623681949241,0.155365085096281,0.154506207183479,0.153659988980551,0.152826237100919,0.152004761521518,0.151195375555469,0.150397895821126,0.149612142207845,0.148837937838788,0.14807510903107,0.147323485253506,0.146582899082239,0.145853186154477,0.145134185120573,0.144425737594659,0.143727688104023,0.143039884037423,0.142362175592504,0.141694415722472,0.141036460082184,0.140388166973774,0.139749397291962,0.139120014469147,0.138499884420402,0.137888875488465,0.13728685838883,0.136693706155013,0.136109294084073,0.135533499682471,0.134966202612327,0.134407284638126,0.133856629573957,0.133314123231307,0.132779653367477,0.13225310963465,0.131734383529663,0.131223368344508,0.130719959117599,0.130224052585825,0.129735547137437,0.129254342765763,0.128780341023794,0.128313444979648,0.127853559172929,0.127400589572003,0.12695444353219,0.126515029754889,0.126082258247648,0.125656040285178,0.12523628837132,0.124822916201967,0.12441583862895,0.124014971624879,0.123620232248948,0.123231538613694,0.122848809852725,0.122471966089389,0.122100928406406,0.121735618816438,0.121375960233605,0.121021876445938,0.120673292088753,0.120330132618954,0.119992324290246,0.119659794129248,0.119332469912509,0.119010280144404,0.118693154035906,0.118381021484221,0.118073813053279,0.117771459955063,0.117473894031769,0.11718104773878,0.116892854128448,0.11660924683466,0.116330160058185,0.116055528552781,0.115785287612054,0.115519373057042,0.115257721224527,0.115000268956042,0.114746953587572,0.114497712939918,0.11425248530973,0.114011209461165,0.113773824618173,0.113540270457397,0.113310487101648,0.113084415113964,0.112861995492216,0.112643169664258,0.112427879483593,0.112216067225541,0.112007675583895,0.111802647668045,0.111600927000545,0.111402457515121,0.111207183555084,0.111015049872143,0.110826001625602,0.110639984381903,0.110456944114529,0.110276827204217,0.110099580439491,0.109925151017472,0.109753486544978,0.109584535039859,0.109418244932591,0.109254565068076,0.109093444707655,0.108934833531308,0.108778681640025,0.108624939558338,0,0.300423087359461,0.298788821950497,0.296961564099897,0.294982963383739,0.292887789628099,0.290703668320424,0.288452056930034,0.286149945233132,0.283811156967867,0.281447159660802,0.279067557180835,0.276680411568572,0.274292475467752,0.271909374895507,0.269535761768077,0.267175446253913,0.264831514414354,0.262506434037977,0.260202150086542,0.257920170355408,0.255661641591677,0.253427416246564,0.251218110135047,0.249034151439596,0.246875821661914,0.24474328926063,0.242636636798115,0.240555882454056,0.238500996753296,0.236471915310701,0.2344685483272,0.23249078748865,0.230538510831069,0.228611586048207,0.226709872634917,0.224833223184809,0.222981484094877,0.221154495873316,0.219352093199628,0.21757410484738,0.215820353548987,0.214090655857381,0.212384822040552,0.210702656030665,0.209043955438901,0.207408511639616,0.205796109922178,0.204206529705414,0.202639544807498,0.201094923763052,0.199572430178826,0.198071823119484,0.19659285751545,0.195135284585458,0.193698852267188,0.192283305650229,0.190888387406386,0.189513838213157,0.188159397166925,0.18682480218308,0.185509790380878,0.184214098451374,0.182937463007224,0.181679620913539,0.180440309599312,0.179219267349224,0.178016233575859,0.176830949072542,0.175663156247196,0.174512599337689,0.17337902460928,0.17226218053481,0.171161817958355,0.170077690243067,0.169009553403993,0.167957166226606,0.16692029037185,0.165898690468435,0.164892134193142,0.163900392339872,0.162923238878126,0.161960451001618,0.16101180916767,0.160077097128014,0.159156101951612,0.158248614040052,0.157354427136081,0.156473338325782,0.155605148034877,0.154749660019639,0.153906681352828,0.153076022405078,0.152257496822111,0.15145092149815,0.150656116545874,0.149872905263227,0.149101114097396,0.148340572606229,0.147591113417362,0.146852572185303,0.146124787546706,0.14540760107404,0.144700857227874,0.144004403307944,0.143318089403195,0.142641768340951,0.141975295635365,0.141318529435301,0.140671330471759,0.140033562004987,0.139405089771378,0.138785781930255,0.138175509010661,0.137574143858211,0.136981561582122,0.136397639502472,0.135822257097776,0.135255295952924,0.134696639707568,0.134146174004983,0.133603786441474,0.133069366516361,0.132542805582594,0.132023996798028,0.131512835077394,0.131009217045002,0.1305130409882,0.13002420681161,0.129542615992178,0.129068171535039,0.128600777930229,0.128140341110258,0.127686768408549,0.127239968518767,0.126799851455035,0.126366328513058,0.125939312232155,0.125518716358203,0.125104455807501,0.124696446631557,0.1242946059828,0.123898852081207,0.123509104181864,0.123125282543444,0.122747308397604,0.122375103919303,0.122008592198024,0.121647697209915,0.121292343790822,0.120942457610226,0.120597965146063,0.120258793660434,0.119924871176176,0.119596126454314,0.119272488972358,0.11895388890345,0.118640257096349,0.118331525056241,0.118027624926364,0.117728489470435,0.117434052055873,0.117144246637801,0.116859007743806,0.116578270459469,0.116301970414624,0.116030043770346,0.115762427206657,0.115499057910928,0.115239873566965,0.114984812344765,0.114733812890931,0.114486814319722,0.114243756204727,0.114004578571152,0.113769221888695,0.113537627064996,0.113309735439658,0.113085488778795,0.112864829270122,0.112647699518546,0.112434042542255,0.112223801769285,0.112016921034542,0.111813344577268,0.111613017038938,0.111415883461557,0.111221889286359,0.111030980352865,0.110843102898315,0.110658203557431,0.1104762293625,0.110297127743772,0.110120846530141,0.109947333950102,0.10977653863296,0.109608409610282,0.109442896317571,0.109279948596148,0.109119516695222,0.108961551274137,0,0.301120296232202,0.299611364132313,0.29790565200491,0.296037604119452,0.294039622751052,0.291939646154522,0.289760392413299,0.287520249054267,0.285234318591127,0.282915188079756,0.280573439686465,0.27821799700908,0.275856376998642,0.273494886831948,0.27113878659592,0.268792429116131,0.266459383309114,0.264142544643529,0.261844234625739,0.259566290252415,0.257310143874656,0.255076893738776,0.252867365483767,0.250682164988052,0.248521723100098,0.246386332915957,0.244276180359392,0.242191368869338,0.240131939006754,0.238097883765322,0.236089160316999,0.234105698853107,0.232147409102483,0.230214185026667,0.22830590811292,0.2264224496122,0.224563672003099,0.222729429904885,0.220919570613518,0.219133934393279,0.217372354622946,0.215634657868291,0.21392066393128,0.212230185909708,0.210563030288416,0.208918997073807,0.20729787997662,0.205699466643115,0.204123538931648,0.202569873229604,0.201038240804509,0.199528408182709,0.19804013754892,0.196573187160279,0.195127311768974,0.193702263048111,0.192297790016164,0.19091363945593,0.189549556324626,0.188205284152302,0.186880565426331,0.185575141960205,0.184288755245331,0.183021146784887,0.181772058409138,0.180541232571887,0.179328412627982,0.178133343091996,0.176955769878346,0.175795440523267,0.174652104389132,0.173525512851725,0.172415419471092,0.171321580146661,0.170243753257353,0.169181699787395,0.168135183438589,0.167103970729744,0.166087831084018,0.16508653690486,0.164099863641245,0.163127589842885,0.162169497206038,0.161225370610561,0.160294998148779,0.159378171146759,0.158474684178513,0.157584335073663,0.15670692491904,0.155842258054692,0.154990142064738,0.154150387763474,0.153322809177133,0.152507223521656,0.151703451176832,0.150911315657119,0.150130643579459,0.149361264628379,0.148603011518634,0.147855719955655,0.147119228594029,0.146393378994243,0.14567801557788,0.144972985581482,0.14427813900924,0.143593328584688,0.14291840970155,0.142253240373905,0.141597681185769,0.140951595240258,0.140314848108425,0.13968730777788,0.139068844601311,0.138459331244977,0.137858642637271,0.137266655917431,0.136683250384475,0.136108307446419,0.135541710569848,0.134983345229896,0.134433098860687,0.133890860806281,0.13335652227218,0.132829976277425,0.132311117607318,0.131799842766818,0.131296049934626,0.130799638917986,0.130310511108249,0.129828569437186,0.129353718334104,0.128885863683761,0.128424912785108,0.127970774310856,0.127523358267906,0.127082575958617,0.126648339942958,0.12622056400152,0.125799163099409,0.125384053351027,0.12497515198573,0.124572377314383,0.124175648696798,0.12378488651006,0.123400012117748,0.123020947840029,0.122647616924652,0.122279943518808,0.12191785264187,0.121561270159008,0.121210122755662,0.120864337912876,0.120523843883492,0.120188569669174,0.119858444998281,0.119533400304564,0.119213366706681,0.118898275988525,0.11858806058035,0.118282653540687,0.117981988539042,0.117685999839357,0.117394622284233,0.117107791279893,0.116825442781882,0.116547513281485,0.11627393979285,0.116004659840808,0.115739611449375,0.115478733130914,0.11522196387596,0.114969243143672,0.114720510852919,0.11447570737397,0.11423477352078,0.113997650543852,0.113764280123669,0.11353460436467,0.113308565789755,0.113086107335319,0.112867172346771,0.112651704574549,0.112439648170602,0.112230947685318,0.112025548064894,0.111823394649127,0.111624433169597,0.111428609748252,0.111235870896352,0.111046163513769,0.110859434888626,0.11067563269726,0.110494705004477,0.110316600264114,0.110141267319854,0.109968655406312,0.10979871415035,0.109631393572626,0.109466644089342,0.109304416514195,0,0.30174552001447,0.300355298841341,0.298771066696545,0.297016602141418,0.295120496616469,0.293110011133196,0.291008556772632,0.288835638651348,0.286607514197901,0.284337842265307,0.28203817139848,0.279718291906905,0.277386498594399,0.275049797555539,0.272714076922597,0.270384253088018,0.268064399188238,0.265757859845318,0.263467354439647,0.261195070130566,0.258942745248655,0.256711743414438,0.254503118680971,0.252317672060468,0.250155999909084,0.248018534762509,0.245905579310691,0.243817334260276,0.24175392085575,0.239715398818668,0.237701780425706,0.235713041388494,0.233749129128764,0.231809968967768,0.229895468674127,0.228005521742937,0.226140009713375,0.224298803773602,0.222481765850924,0.220688749341945,0.218919599601376,0.217174154278615,0.215452243567428,0.213753690415202,0.212078310723574,0.21042591356104,0.208796301399718,0.207189270382336,0.205604610621108,0.204042106527201,0.202501537167546,0.200982676644609,0.199485294494165,0.198009156095965,0.196554023092324,0.195119653809954,0.19370580368083,0.192312225658337,0.19093867062548,0.189584887792437,0.188250625081223,0.18693562949568,0.185639647475423,0.184362425232721,0.183103709071626,0.181863245688944,0.180640782456855,0.179436067687216,0.178248850877727,0.177078882940288,0.175925916411976,0.174789705649164,0.173670007005354,0.172566578993371,0.171479182432578,0.170407580581791,0.169351539258601,0.16831082694581,0.167285214885652,0.166274477162526,0.16527839077487,0.164296735696866,0.163329294930589,0.162375854549223,0.161436203731928,0.160510134790921,0.159597443191313,0.158697927564218,0.157811389713606,0.156937634617397,0.156076470423196,0.155227708439114,0.154391163120059,0.153566652049861,0.152753995919593,0.151953018502406,0.151163546625193,0.150385410137377,0.149618441877081,0.148862477634958,0.148117356115897,0.147382918898851,0.146659010394984,0.145945477804338,0.1452421710712,0.144548942838352,0.143865648400347,0.143192145655976,0.14252829506005,0.141873959574645,0.141229004619907,0.140593298024552,0.13996670997615,0.139349112971293,0.138740381765736,0.138140393324601,0.137549026772702,0.13696616334509,0.136391686337851,0.135825481059241,0.135267434781212,0.134717436691355,0.134175377845347,0.133641151119905,0.133114651166318,0.132595774364566,0.132084418778084,0.131580484109179,0.131083871655138,0.130594484265052,0.130112226297373,0.129637003578221,0.129168723360468,0.128707294283607,0.12825262633442,0.127804630808458,0.127363220272343,0.126928308526902,0.12649981057114,0.126077642567048,0.125661721805272,0.125251966671625,0.124848296614451,0.124450632112855,0.124058894645776,0.123673006661922,0.123292891550561,0.122918473613154,0.122549678035843,0.122186430862786,0.121828658970325,0.121476290041994,0.121129252544355,0.120787475703659,0.120450889483319,0.120119424562199,0.1197930123137,0.119471584785635,0.119155074680902,0.118843415338915,0.118536540717813,0.118234385377419,0.117936884462947,0.117643973689438,0.117355589326926,0.117071668186311,0.116792147605934,0.116516965438835,0.116246060040696,0.115979370258433,0.11571683541945,0.115458395321522,0.115203990223302,0.114953560835437,0.114707048312277,0.114464394244169,0.114225540650312,0.113990429972167,0.1137590050674,0.113531209204351,0.113306986057004,0.113086279700454,0.112869034606846,0.112655195641775,0.11244470806113,0.11223751750837,0.112033570012212,0.111832811984711,0.11163519021973,0.111440651891774,0.111249144555166,0.111060616143571,0.110875014969824,0.110692289726071,0.110512389484193,0.110335263696499,0.110160862196681,0.109989135201002,0.109820033309715,0.109653507508689,0,0.302298363666921,0.30102172172622,0.299558280253448,0.297919508310368,0.29612918681002,0.294213016879286,0.292194502892764,0.29009392476744,0.287928517517776,0.285712926473147,0.283459629793923,0.281179273404533,0.278880932779052,0.276572323496498,0.274259976700973,0.27194938984217,0.269645159206123,0.267351098274068,0.265070344334423,0.262805454728754,0.260558493482039,0.258331108742286,0.256124601342026,0.253939984813817,0.251778037278629,0.249639345732427,0.247524343352023,0.245433340509822,0.243366550222461,0.241324108761436,0.239306092129495,0.237312529061456,0.235343411148998,0.233398700622199,0.231478336251138,0.22958223776277,0.227710309104212,0.225862440825208,0.224038511800879,0.222238390471093,0.220461935734794,0.218708997605945,0.216979417711797,0.215273029693211,0.213589659550134,0.211929125962314,0.210291240605332,0.208675808474483,0.207082628223455,0.20551149252075,0.203962188423985,0.202434497770337,0.200928197580262,0.199443060470961,0.197978855075828,0.196535346466094,0.195112296571113,0.193709464593985,0.192326607419618,0.190963480012704,0.189619835803483,0.188295427059571,0.186990005242472,0.185703321347744,0.184435126228066,0.183185170898749,0.181953206825424,0.180738986193876,0.179542262162122,0.178362789095003,0.177200322781642,0.176054620636242,0.174925441882734,0.173812547723871,0.172715701495381,0.171634668805835,0.170569217662886,0.169519118586558,0.168484144710245,0.167464071870103,0.166458678683476,0.165467746617,0.164491060045012,0.163528406298857,0.162579575707688,0.161644361631305,0.160722560485574,0.159813971760941,0.158918398034513,0.158035644976199,0.157165521349315,0.156307839006098,0.155462412878518,0.154629060964751,0.153807604311676,0.152997866993727,0.152199676088408,0.151412861648775,0.150637256673148,0.149872697072327,0.149119021634548,0.14837607198841,0.147643692563986,0.146921730552323,0.146210035863515,0.145508461083521,0.1448168614299,0.144135094706618,0.14346302125805,0.142800503922335,0.142147407984195,0.141503601127337,0.140868953386535,0.140243337099511,0.139626626858693,0.139018699462935,0.138419433869293,0.13782871114491,0.1372464144191,0.13667242883567,0.136106641505563,0.135548941459858,0.13499921960318,0.134457368667569,0.133923283166846,0.13339685935152,0.132877995164255,0.132366590195953,0.131862545642457,0.131365764261919,0.130876150332845,0.13039360961284,0.129918049298084,0.129449377983532,0.128987505623883,0.128532343495301,0.128083804157925,0.127641801419163,0.127206250297783,0.126777066988812,0.126354168829238,0.125937474264535,0.125526902816004,0.125122375048931,0.124723812541577,0.124331137854982,0.123944274503602,0.123563146926759,0.123187680460917,0.122817801312779,0.122453436533189,0.122094513991857,0.121740962352881,0.121392711051073,0.121049690269084,0.120711830915315,0.120379064602608,0.120051323627721,0.119728540951559,0.119410650180176,0.11909758554652,0.118789281892924,0.118485674654323,0.118186699842208,0.117892294029273,0.117602394334782,0.117316938410616,0.117035864428004,0.116759111064921,0.116486617494148,0.116218323371966,0.115954168827497,0.115694094452649,0.115438041292682,0.115185950837354,0.114937765012664,0.114693426173145,0.114452877094721,0.114216060968098,0.113982921392685,0.11375340237102,0.113527448303693,0.113305003984759,0.113086014597603,0.112870425711271,0.112658183277231,0.112449233626558,0.112243523467523,0.11204099988358,0.111841610331725,0.111645302641215,0.111452025012639,0.111261726017315,0.111074354597003,0.110889860063923,0.110708192101053,0.110529300762697,0.110353136475317,0.110179650038594,0.11000879262672,0,0.30277621725792,0.301611394928646,0.300267906222917,0.29874618679131,0.297064799680568,0.295247196855872,0.293316394655223,0.291293064894188,0.28919519631899,0.287038298146208,0.284835714748114,0.282598918203945,0.280337754895176,0.278060651786518,0.275774791969281,0.27348626718549,0.27120021275037,0.268920928490398,0.266651988004562,0.264396337638771,0.262156385965842,0.259934084224876,0.257730998030619,0.255548370652172,0.253387178224678,0.251248177352551,0.24913194565718,0.247038915896956,0.244969404334025,0.242923634038789,0.240901753812622,0.238903853376755,0.236929975426977,0.234980125095433,0.233054277297582,0.23115238237835,0.229274370409783,0.227420154435014,0.225589632901497,0.223782691480686,0.221999204431871,0.220239035634362,0.218502039384359,0.216788061029893,0.215096937498743,0.213428497759446,0.211782563243944,0.210158948251443,0.208557460346247,0.206977900757249,0.205420064783047,0.203883742204042,0.202368717701062,0.200874771278907,0.199401678692516,0.197949211873132,0.196517139351726,0.195105226677033,0.193713236825756,0.192340930602712,0.190988067029038,0.18965440371684,0.188339697228999,0.187043703423117,0.185766177778866,0.184506875708241,0.183265552848429,0.182041965337199,0.180835870070876,0.179647024945097,0.178475189078672,0.17732012302094,0.176181588943118,0.175059350814168,0.173953174561773,0.172862828219022,0.171788082057452,0.170728708707079,0.169684483264069,0.168655183386696,0.16764058938022,0.166640484271319,0.165654653872675,0.164682886838317,0.163724974710288,0.162780711957193,0.161849896005156,0.160932327261701,0.160027809133033,0.15913614803519,0.158257153399504,0.157390637672796,0.156536416312685,0.155694307778407,0.154864133517489,0.154045717948609,0.153238888440971,0.152443475290483,0.151659311693019,0.150886233715037,0.150124080261793,0.149372693043384,0.148631916538845,0.147901597958498,0.147181587204746,0.146471736831497,0.145771902002373,0.145081940447879,0.144401712421661,0.143731080656,0.143069910316668,0.142418068957259,0.141775426473117,0.141141855054953,0.140517229142247,0.139901425376535,0.139294322554654,0.138695801582017,0.138105745426009,0.137524039069541,0.136950569464848,0.136385225487575,0.135827897891199,0.13527847926185,0.134736863973553,0.134202948143953,0.133676629590543,0.133157807787437,0.132646383822722,0.132142260356402,0.131645341578982,0.13115553317069,0.13067274226138,0.130196877391121,0.129727848471493,0.129265566747604,0.128809944760846,0.128360896312389,0.127918336427443,0.127482181320275,0.127052348360002,0.126628756037166,0.126211323931088,0.125799972678012,0.125394623940036,0.124995200374841,0.124601625606206,0.124213824195325,0.123831721612906,0.123455244212071,0.123084319202035,0.122718874622586,0.122358839319332,0.122004142919732,0.121654715809909,0.121310489112222,0.120971394663601,0.120637364994649,0.120308333309484,0.119984233466325,0.119664999958823,0.119350567898107,0.119040872995557,0.118735851546284,0.118435440413313,0.118139577012455,0.117848199297864,0.117561245748264,0.117278655353832,0.117000367603741,0.116726322474332,0.116456460417923,0.116190722352223,0.115929049650356,0.115671384131481,0.11541766805198,0.115167844097221,0.114921855373874,0.114679645402759,0.114441158112236,0.114206337832091,0.113975129287938,0.113747477596097,0.113523328258947,0.113302627160738,0.113085320563846,0.112871355105457,0.11266067779467,0.112453236009994,0.112248977497236,0.112047850367759,0.111849803097097,0.111654784523915,0.111462743849288,0.111273630636306,0.111087394809963,0.11090398665734,0.110723356828056,0.110545456334967,0.110370236555111,0,0.303176574936773,0.302124786277745,0.300900635531364,0.299496760673833,0.297926747437662,0.296211363117023,0.294372618781952,0.292431180285602,0.290405530101667,0.288311884180062,0.286164362598979,0.283975214316817,0.281755032718098,0.279512948018648,0.277256797051292,0.274993273967053,0.272728065283442,0.270465971944112,0.268211020256523,0.265966562910099,0.26373537079381,0.261519716031434,0.259321446510188,0.257142052154073,0.254982723243837,0.252844401172288,0.250727822117135,0.248633554193898,0.246562028708109,0.244513566155113,0.242488397618481,0.240486682198114,0.2385085210618,0.236553968664719,0.234623041625058,0.232715725684843,0.230831981126432,0.22897174695931,0.227134944140397,0.225321478044884,0.22353124036409,0.2217641105719,0.220019957071773,0.218298638111647,0.216600002533818,0.214923890410414,0.21327013360197,0.211638556266244,0.210028975336345,0.208441200981074,0.206875037055738,0.205330281548254,0.203806727022901,0.202304161062343,0.200822366707388,0.199361122893233,0.197920204880539,0.196499384679486,0.195098431464982,0.19371711198125,0.192355190934243,0.191012431370479,0.189688595041186,0.188383442750808,0.187096734689206,0.185828230747068,0.184577690814226,0.18334487506079,0.18212954420111,0.180931459740741,0.1797503842067,0.178586081361349,0.177438316400388,0.176306856135419,0.175191469161662,0.17409192601138,0.173007999293626,0.171939463820936,0.170886096723582,0.169847677552019,0.168823988368142,0.167814813825972,0.166819941242359,0.165839160658301,0.164872264891426,0.163919049580206,0.162979313220411,0.162052857194319,0.161139485793166,0.160239006233296,0.159351228666447,0.158475966184606,0.157613034819823,0.156762253539349,0.155923444236492,0.15509643171748,0.154281043684701,0.153477110716578,0.152684466244392,0.151902946526311,0.151132390618869,0.150372640346148,0.149623540266869,0.14888493763961,0.148156682386348,0.147438627054495,0.146730626777617,0.146032539234986,0.145344224610114,0.144665545548418,0.143996367114137,0.143336556746629,0.142685984216163,0.142044521579306,0.141412043134007,0.140788425374477,0.140173546945936,0.13956728859932,0.13896953314601,0.138380165412664,0.137799072196203,0.137226142219015,0.136661266084437,0.136104336232548,0.135555246896341,0.135013894058297,0.134480175407409,0.133953990296698,0.133435239701232,0.132923826176708,0.132419653818599,0.131922628221897,0.131432656441492,0.130949646953176,0.130473509615319,0.130004155631218,0.129541497512137,0.12908544904105,0.128635925237105,0.128192842320811,0.127756117679955,0.127325669836273,0.126901418412854,0.12648328410231,0.126071188635698,0.125665054752203,0.125264806169581,0.124870367555372,0.124481664498873,0.124098623483874,0.123721171862159,0.123349237827771,0.122982750392026,0.122621639359297,0.122265835303533,0.121915269545544,0.121569874131013,0.121229581809257,0.120894326012714,0.120564040837159,0.120238661022639,0.119918121935117,0.119602359548826,0.119291310429317,0.118984911717196,0.118683101112538,0.118385816859981,0.118092997734473,0.117804583027673,0.117520512534996,0.117240726543294,0.116965165819147,0.116693771597777,0.116426485572552,0.116163249885087,0.115904007115911,0.115648700275711,0.115397272797117,0.115149668527037,0.114905831719512,0.114665707029094,0.114429239504715,0.114196374584064,0.113967058088417,0.11374123621795,0.113518855547488,0.113299863022697,0.113084205956695,0.112871832027072,0.112662689273303,0.112456726094546,0.112253891247798,0.112054133846409,0.111857403358938,0.111663649608322,0.111472822771366,0.111284873378518,0.111099752313939,0.110917410815828,0.110737800477008,0,0.303497182599591,0.302562184389519,0.301457209281908,0.300171563177246,0.298714717104601,0.297104596817553,0.295361790004372,0.293506568551349,0.291557625235759,0.289531695913776,0.287443559731414,0.285306172790486,0.283130836284634,0.280927364329344,0.278704241111578,0.276468765334756,0.274227182508896,0.271984806228063,0.26974612949733,0.267514926893068,0.265294348057882,0.263087002826486,0.260895038173964,0.25872020716305,0.256563930116593,0.254427348326449,0.252311370704972,0.250216713871684,0.248143936233966,0.24609346666175,0.24406562837167,0.242060658628751,0.240078724847627,0.238119937635559,0.236184361270812,0.234272022056499,0.232382914935306,0.230517008696999,0.228674250060346,0.226854566865028,0.225057870568013,0.223284058202879,0.221533013929633,0.219804610276392,0.2180987091524,0.216415162693919,0.214753813989862,0.213114497722325,0.211497040747868,0.20990126263812,0.208326976192667,0.206773987932921,0.205242098582481,0.203731103537175,0.20224079332629,0.200770954065394,0.199321367900345,0.197891813441689,0.19648206618835,0.195091898939474,0.193721082193272,0.192369384531829,0.191036572990964,0.189722413414388,0.188426670791585,0.187149109578998,0.185889494004278,0.184647588353485,0.18342315724128,0.182215965864264,0.181025780237711,0.179852367416048,0.178695495697484,0.177554934813276,0.176430456102148,0.175321832670407,0.174228839538357,0.173151253773583,0.172088854611735,0.171041423565406,0.170008744521705,0.16899060382915,0.167986790374431,0.166997095649657,0.166021313810618,0.165059241726615,0.16411067902238,0.163175428112593,0.162253294229465,0.161344085443863,0.160447612680413,0.159563689726995,0.158692133239045,0.15783276273902,0.156985400611413,0.156149872093637,0.155326005263115,0.154513631020865,0.153712583071891,0.152922697902626,0.152143814755692,0.151375775602232,0.150618425112009,0.149871610621514,0.149135182100262,0.148408992115477,0.147692895795328,0.146986750790891,0.146290417236986,0.14560375771203,0.144926637197047,0.144258923033957,0.143600484883255,0.142951194681203,0.142310926596625,0.141679556987403,0.141056964356767,0.140443029309454,0.139837634507817,0.139240664627957,0.138652006315933,0.138071548144123,0.137499180567791,0.136934795881902,0.136378288178244,0.135829553302896,0.135288488814089,0.134754993940483,0.134228969539919,0.133710318058649,0.1331989434911,0.132694751340174,0.132197648578135,0.131707543608076,0.131224346226006,0.130747967583574,0.130278320151432,0.129815317683265,0.129358875180499,0.128908908857692,0.128465336108622,0.128028075473083,0.127597046604391,0.127172170237614,0.126753368158518,0.126340563173251,0.125933679078753,0.1255326406339,0.12513737353139,0.124747804370357,0.124363860629728,0.12398547064231,0.12361256356962,0.123245069377434,0.12288291881208,0.122526043377449,0.122174375312727,0.121827847570852,0.121486393797681,0.12114994831186,0.120818446085412,0.120491822724999,0.120170014453897,0.119852958094636,0.119540591052325,0.119232851298643,0.118929677356486,0.118631008285273,0.118336783666887,0.118046943592252,0.117761428648536,0.117480179906968,0.117203138911257,0.116930247666605,0.116661448629311,0.116396684696936,0.116135899199042,0.115879035888473,0.115626038933178,0.115376852908567,0.11513142279037,0.114889693948014,0.114651612138479,0.114417123500645,0.114186174550091,0.113958712174363,0.113734683628669,0.11351403653201,0.113296718863723,0.113082678960424,0.112871865513341,0.112664227566023,0.112459714512402,0.112258276095213,0.112059862404742,0.111864423877895,0.111671911297575,0.11148227579235,0.111295468836406,0.111111442249756,0,0.303736547087094,0.302923922932917,0.301938428456273,0.300771097450088,0.299428635790869,0.29792623147074,0.296282749519165,0.294517711341983,0.292649726966459,0.290695842337741,0.288671355287079,0.286589839124508,0.28446324773993,0.282302047672365,0.280115354982114,0.277911068288319,0.275695994829983,0.273475968606832,0.271255960475719,0.269040180312135,0.266832171353124,0.264634896789536,0.262450818649719,0.260281969038065,0.258130013856735,0.255996309231175,0.253881950961203,0.251787817413679,0.249714606349235,0.247662866228628,0.245633022572513,0.243625399953488,0.241640240184775,0.239677717240078,0.237737949398674,0.235821009062727,0.233926930643634,0.232055716863897,0.230207343772415,0.228381764725792,0.226578913547094,0.224798707036835,0.22304104697898,0.221305821757297,0.219592907674108,0.217902170044091,0.216233464119734,0.214586635892004,0.212961522799273,0.211357954369153,0.209775752811317,0.208214733574261,0.206674705875014,0.205155473207891,0.203656833836116,0.202178581268616,0.200720504723116,0.199282389575899,0.197864017798129,0.196465168378303,0.195085617730264,0.193725140086178,0.19238350787388,0.191060492078084,0.189755862585053,0.18846938851044,0.18720083851013,0.185949981074032,0.184716584802891,0.183500418668283,0.182301252256039,0.181118855993453,0.179953001360659,0.178803461086647,0.177670009330409,0.176552421847763,0.175450476144409,0.174363951615799,0.173292629674417,0.172236293865047,0.171194729968645,0.170167726095378,0.169155072767436,0.168156562992156,0.167171992326031,0.166201158930138,0.165243863617489,0.164299909892827,0.163369103985326,0.162451254874678,0.161546174310985,0.160653676828896,0.159773579756377,0.158905703218505,0.158049870136636,0.157205906223308,0.156373639973182,0.15555290265035,0.154743528272284,0.153945353590715,0.153158218069682,0.152381963861018,0.151616435777481,0.15086148126376,0.150116950365547,0.149382695696885,0.148658572405941,0.147944438139404,0.147240153005637,0.146545579536754,0.145860582649737,0.145185029606741,0.144518789974698,0.143861735584327,0.143213740488676,0.142574680921259,0.141944435253921,0.141322883954477,0.140709909544231,0.140105396555439,0.139509231488777,0.13892130277089,0.138341500712077,0.137769717464159,0.137205846978589,0.136649784964847,0.136101428849166,0.135560677733621,0.135027432355628,0.134501595047876,0.133983069698734,0.13347176171315,0.132967577974077,0.132470426804443,0.13198021792969,0.131496862440898,0.131020272758524,0.130550362596744,0.13008704692845,0.129630241950881,0.129179865051916,0.128735834777041,0.128298070796988,0.12786649387606,0.127441025841152,0.127021589551461,0.126608108868903,0.126200508629234,0.125798714613875,0.125402653522448,0.125012252946022,0.124627441341066,0.124248148004118,0.123874303047155,0.123505837373675,0.123142682655478,0.122784771310159,0.122432036479288,0.122084412007287,0.121741832421005,0.121404232909966,0.121071549307309,0.12074371807139,0.120420676268065,0.120102361553623,0.119788712158383,0.11947966687093,0.119175165023002,0.118875146474998,0.118579551602115,0.118288321281103,0.118001396877622,0.117718720234197,0.117440233658765,0.117165879913792,0.116895602205971,0.116629344176464,0.116367049891702,0.11610866383472,0.115854130897009,0.115603396370901,0.115356405942439,0.11511310568475,0.114873442051896,0.114637361873194,0.11440481234799,0.114175741040879,0.113950095877358,0.1137278251399,0.113508877464428,0.113293201837191,0.113080747592018,0.11287146440794,0.11266530230717,0.112462211653426,0.112262143150578,0.112065047841621,0.11187087710794,0.111679582668882,0.111491116581583,0,0.303894227791696,0.303210682355725,0.302345190035508,0.301296004984697,0.300068634064675,0.298675830040166,0.297134556939171,0.295463276827328,0.293680227811353,0.291802541048166,0.289845872607596,0.287824304078946,0.285750370987068,0.283635148135582,0.281488358160459,0.279318487463558,0.277132902058902,0.274937959793706,0.272739117258789,0.270541030557921,0.2683476494841,0.266162304819779,0.263987788574437,0.261826427059984,0.259680146803797,0.257550533410531,0.255438883597768,0.253346250736068,0.251273484312225,0.249221263800142,0.24719012746496,0.245180496643819,0.243192696043943,0.241226970579314,0.239283499235483,0.237362406411984,0.235463771146947,0.233587634581927,0.231734005978788,0.229902867556491,0.228094178374885,0.226307877455737,0.224543886298554,0.222802110920257,0.221082443523325,0.219384763876312,0.217708940473337,0.216054831524823,0.214422285820068,0.212811143492768,0.211221236713057,0.209652390323615,0.208104422432737,0.206577144973608,0.205070364236303,0.2035838813769,0.202117492906625,0.200670991162791,0.199244164762539,0.197836799039863,0.196448676466046,0.195079577053456,0.193729278742545,0.192397557771864,0.19108418903093,0.189788946395852,0.188511603047663,0.187251931773422,0.186009705250192,0.184784696312127,0.183576678200922,0.182385424799997,0.181210710852804,0.18005231216573,0.178910005796067,0.177783570225601,0.176672785520356,0.175577433477065,0.174497297756951,0.173432164007391,0.172381819972062,0.171346055590131,0.170324663085076,0.169317437043683,0.168324174485783,0.167344674925244,0.166378740422752,0.165426175630859,0.164486787831793,0.163560386968483,0.162646785669244,0.161745799266535,0.160857245810202,0.159980946075587,0.159116723566856,0.158264404515913,0.157423817877207,0.15659479531875,0.155777171209651,0.154970782604422,0.154175469224335,0.153391073436073,0.152617440227901,0.151854417183588,0.151101854454276,0.150359604728495,0.149627523200509,0.148905467537151,0.148193297843326,0.147490876626322,0.146798068759065,0.146114741442463,0.145440764166948,0.14477600867335,0.144120348913188,0.143473661008497,0.142835823211279,0.142206715862659,0.14158622135184,0.140974224074925,0.140370610393676,0.13977526859428,0.139188088846183,0.138608963161041,0.138037785351853,0.137474450992315,0.136918857376438,0.136370903478491,0.135830489913274,0.13529751889679,0.134771894207327,0.134253521146989,0.1337423065037,0.133238158513709,0.132740986824613,0.13225070245893,0.131767217778231,0.131290446447846,0.130820303402174,0.130356704810597,0.129899568044014,0.129448811642012,0.129004355280676,0.12856611974105,0.128134026878256,0.127707999591283,0.127287961793439,0.126873838383481,0.126465555217424,0.12606303908103,0.125666217662978,0.125275019528724,0.124889374095038,0.12450921160523,0.124134463105061,0.123765060419332,0.123400936129157,0.123042023549911,0.122688256709854,0.122339570329428,0.121995899801221,0.121657181170587,0.121323351116939,0.120994346935676,0.120670106520775,0.120350568348013,0.120035671458825,0.119725355444797,0.11941956043277,0.119118227070566,0.118821296513315,0.11852871041038,0.118240410892875,0.117956340561759,0.117676442476507,0.117400660144336,0.117128937509995,0.116861218946091,0.116597449243946,0.116337573604989,0.116081537632651,0.115829287324766,0.115580769066465,0.115335929623546,0.115094716136325,0.114857076113929,0.114622957429052,0.114392308313134,0.114165077351971,0.113941213481735,0.113720665985389,0.113503384489497,0.1132893189614,0.113078419706767,0.112870637367482,0.11266592291988,0.112464227673304,0.112265503268973,0.112069701679157,0.111876775206628,0,0.303973736551397,0.303423785082262,0.302678528967831,0.301747039662677,0.300635008294792,0.299353156894258,0.297916476138786,0.296342116858205,0.294647671995101,0.292850126537538,0.290965319038349,0.289007713572953,0.286990340911894,0.284924827136775,0.282821465865562,0.280689311070838,0.278536278325632,0.276369247942451,0.274194166422129,0.272016144183234,0.269839548362394,0.267668089918254,0.265504904533052,0.263352626989385,0.261213458854787,0.259089229450815,0.256981450218519,0.254891362713819,0.252819980568886,0.25076812583514,0.248736460178301,0.246725511426873,0.244735695984864,0.242767337611076,0.240820683044816,0.238895914925448,0.236993162414303,0.235112509885264,0.233254004007214,0.231417659499457,0.229603463801392,0.227811380861067,0.226041354214247,0.224293309496416,0.222567156504729,0.2208627909051,0.219180095661176,0.217518942246413,0.21587919168769,0.214260695478375,0.212663296390212,0.211086829206542,0.209531121393938,0.207995993724988,0.206481260861657,0.204986731906039,0.203512210923388,0.202057497440795,0.200622386923852,0.199206671232813,0.197810139059252,0.196432576343818,0.195073766675464,0.193733491672384,0.192411531344817,0.191107664439863,0.189821668768454,0.188553321514676,0.187302399527664,0.186068679596363,0.184851938707475,0.183651954286984,0.182468504425686,0.181301368089188,0.180150325312884,0.17901515738243,0.177895647000268,0.17679157843877,0.175702737680561,0.174628912546618,0.173569892812703,0.172525470314716,0.171495439043526,0.170479595229848,0.169477737419693,0.168489666540932,0.167515185961484,0.16655410153962,0.165606221666875,0.164671357304005,0.163749322010455,0.162839931967739,0.161943005997156,0.161058365572206,0.160185834826089,0.159325240554626,0.158476412214931,0.157639181920163,0.156813384430628,0.155998857141543,0.155195440067694,0.154402975825274,0.153621309611105,0.152850289179486,0.152089764816878,0.151339589314604,0.150599617939775,0.149869708404598,0.149149720834236,0.148439517733377,0.147738963951651,0.147047926648028,0.146366275254337,0.145693881438005,0.145030619064143,0.144376364157073,0.143730994861399,0.143094391402704,0.142466436047969,0.141847013065782,0.141236008686415,0.140633311061835,0.140038810225716,0.13945239805351,0.138873968222624,0.138303416172762,0.137740639066485,0.137185535750011,0.136638006714317,0.136097954056572,0.135565281441929,0.135039894065722,0.134521698616077,0.134010603236992,0.133506517491874,0.133009352327592,0.132519020039038,0.132035434234235,0.13155850979999,0.131088162868127,0.130624310782296,0.130166872065385,0.129715766387532,0.129270914534757,0.128832238378226,0.128399660844132,0.127973105884235,0.127552498447028,0.127137764449568,0.126728830749949,0.126325625120438,0.125928076221263,0.125536113575069,0.125149667542023,0.124768669295589,0.124393050798962,0.12402274478215,0.123657684719729,0.123297804809242,0.122943039950252,0.122593325724046,0.122248598373989,0.121908794786504,0.121573852472709,0.121243709550674,0.120918304728304,0.120597577286852,0.120281467065039,0.119969914443787,0.119662860331555,0.119360246150269,0.119062013821841,0.118768105755265,0.118478464834294,0.118193034405675,0.117911758267938,0.117634580660743,0.117361446254755,0.117092300142055,0.116827087827065,0.116565755217992,0.116308248618766,0.116054514721469,0.115804500599247,0.115558153699692,0.115315421838676,0.115076253194649,0.114840596303353,0.114608400052983,0.11437961367975,0.114154186763849,0.113932069225829,0.113713211323327,0.113497563648186,0.113285077123921,0.113075703003534,0.112869392867659,0.11266609862303,0.112465772501259,0.112268367057905,0,0.303982999158681,0.303565268675005,0.302939640686703,0.302125042164011,0.301128181893154,0.299958145488143,0.298627955528008,0.297153258882275,0.295550755703202,0.293837055489223,0.292027993755935,0.290138277381729,0.288181331951216,0.28616926532438,0.284112896025658,0.282021816899893,0.279904477126268,0.277768272813381,0.275619640426212,0.27346414958462,0.271306593082406,0.269151072738177,0.267001080154241,0.264859571770225,0.262729037830801,0.260611565079066,0.258508893153473,0.256422464810169,0.25435347021319,0.252302885630386,0.25027150694264,0.248259978418721,0.246268817230297,0.244298434184591,0.242349151139546,0.240421215542145,0.238514812498264,0.236630074745233,0.234767090858884,0.232925911987183,0.231106557364218,0.229309018822318,0.227533264487142,0.225779241810965,0.224046880073266,0.222336092455019,0.220646777773586,0.21897882194857,0.217332099255119,0.215706473409657,0.214101798523537,0.212517919952382,0.210954675062678,0.209411893932149,0.207889399996527,0.206387010652205,0.204904537821845,0.203441788488167,0.201998565199721,0.200574666551404,0.19916988764169,0.197784020507977,0.196416854541077,0.195068176879588,0.193737772784698,0.192425425995905,0.191130919068029,0.189854033689906,0.188594550985135,0.187352251795271,0.186126916945892,0.184918327495957,0.183726264970953,0.182550511580321,0.181390850419678,0.180247065658377,0.179118942712974,0.178006268407158,0.176908831118716,0.175826420914129,0.174758829671352,0.173705851191361,0.172667281299039,0.171642917933933,0.170632561231444,0.169636013594968,0.1686530797595,0.167683566847202,0.166727284415407,0.165784044497523,0.164853661637283,0.16393595291675,0.163030737978502,0.16213783904237,0.1612570809171,0.160388291007295,0.15953129931596,0.158685938442985,0.157852043579835,0.157029452500773,0.156218005550836,0.15541754563087,0.154627918179812,0.153848971154488,0.153080555007116,0.152322522660716,0.151574729482635,0.150837033256335,0.150109294151639,0.149391374693574,0.148683139729966,0.147984456397927,0.147295194089353,0.146615224415566,0.145944421171214,0.145282660297519,0.144629819844994,0.143985779935711,0.1433504227252,0.14272363236408,0.142105294959476,0.141495298536303,0.140893532998491,0.140299890090185,0.139714263357016,0.139136548107453,0.138566641374323,0.138004441876515,0.137449849980933,0.136902767664716,0.136363098477781,0.135830747505708,0.135305621333,0.134787628006752,0.134276677000755,0.133772679180045,0.133275546765938,0.132785193301558,0.13230153361788,0.131824483800309,0.131353961155795,0.13088988418052,0.13043217252815,0.129980746978671,0.129535529407818,0.129096442757106,0.128663411004467,0.128236359135503,0.127815213115364,0.127399899861241,0.126990347215497,0.12658648391943,0.126188239587659,0.125795544683164,0.125408330492944,0.125026529104327,0.124650073381908,0.124278896945127,0.123912934146481,0.123552120050369,0.123196390412565,0.122845681660322,0.122499930873101,0.122159075763915,0.121823054661299,0.12149180649188,0.121165270763569,0.12084338754934,0.12052609747162,0.120213341687257,0.119905061873082,0.119601200212043,0.119301699379914,0.119006502532567,0.118715553293797,0.118428795743703,0.118146174407605,0.117867634245493,0.117593120642006,0.11732257939692,0.117055956716147,0.116793199203231,0.116534253851331,0.116279068035686,0.116027589506543,0.115779766382547,0.115535547144585,0.115294880630061,0.115057716027601,0.114824002872176,0.114593691040636,0.114366730747631,0.114143072541926,0.113922667303081,0.113705466238497,0.11349142088082,0.113280483085671,0.113072605029712,0.11286773920903,0.112665838437823,0,0.303929297601333,0.303637719913942,0.303129865380157,0.302430908445844,0.301548664640605,0.300490862436079,0.299268603379453,0.297895892852554,0.296388323081176,0.294761908840089,0.293032293334539,0.291214276362214,0.289321565777161,0.287366670004677,0.285360876064612,0.283314278294376,0.281235836442783,0.279133450066598,0.277014041146726,0.274883639847185,0.272747470159902,0.270610033292232,0.268475187354921,0.266346222372911,0.264225929973417,0.262116667361718,0.260020415403629,0.257938830807186,0.255873292539181,0.253824942726408,0.251794722377634,0.249783402322074,0.247791609795833,0.245819851122798,0.243868530934354,0.241937968356902,0.240028410571135,0.238140044115528,0.236273004271346,0.234427382829843,0.232603234506006,0.230800582228306,0.229019421501445,0.227259724009418,0.225521440599645,0.22380450376555,0.222108829724582,0.220434320171236,0.218780863769782,0.217148337438952,0.215536607470446,0.213945530514582,0.212374954459375,0.210824719223672,0.2092946574804,0.207784595322311,0.206294352879754,0.204823744897719,0.203372581277651,0.201940667588166,0.200527805547794,0.199133793482083,0.197758426756831,0.1964014981888,0.195062798434969,0.193742116361175,0.19243923939085,0.191153953834475,0.189886045200333,0.188635298487086,0.187401498458725,0.186184429902411,0.184983877869757,0.183799627902099,0.182631466240309,0.181479180019727,0.180342557450784,0.179221387985901,0.178115462473245,0.17702457329793,0.175948514511238,0.174887081948441,0.173840073335777,0.172807288387156,0.171788528891111,0.170783598788549,0.169792304241793,0.168814453695428,0.167849857929418,0.166898330104966,0.165959685803552,0.165033743059581,0.164120322387041,0.163219246800571,0.162330341831299,0.161453435537809,0.160588358512574,0.159734943884168,0.158893027315576,0.158062446998862,0.157243043646499,0.156434660479591,0.15563714321325,0.154850340039342,0.15407410160683,0.153308280999916,0.152552733714165,0.151807317630809,0.151071892989384,0.150346322358874,0.149630470607503,0.14892420487132,0.148227394521713,0.147539911131969,0.146861628443003,0.146192422328361,0.145532170758604,0.144880753765161,0.144238053403746,0.143603953717428,0.142978340699411,0.142361102255629,0.141752128167191,0.14115131005276,0.140558541330922,0.139973717182593,0.139396734513517,0.138827491916909,0.138265889636277,0.137711829528474,0.137165215027006,0.136625951105642,0.136093944242351,0.135569102383597,0.135051334909026,0.134540552596553,0.134036667587899,0.133539593354572,0.133049244664327,0.132565537548122,0.132088389267579,0.131617718282969,0.131153444221739,0.130695487847583,0.130243771030073,0.129798216714863,0.129358748894467,0.12892529257962,0.12849777377124,0.128076119432977,0.127660257464369,0.127250116674601,0.126845626756878,0.126446718263402,0.126053322580969,0.125665371907175,0.125282799227245,0.124905538291462,0.124533523593228,0.124166690347725,0.123804974471193,0.12344831256082,0.123096641875228,0.122749900315581,0.122408026407275,0.122070959282239,0.12173863866182,0.121411004840265,0.121087998668776,0.120769561540152,0.120455635374001,0.12014616260252,0.119841086156833,0.119540349453888,0.119243896383899,0.118951671298328,0.118663618998408,0.118379684724181,0.118099814144062,0.117823953344913,0.117552048822619,0.117284047473151,0.117019896584127,0.116759543826838,0.116502937248746,0.116250025266439,0.116000756659036,0.115755080562026,0.115512946461542,0.115274304189048,0.115039103916439,0.114807296151541,0.114578831733987,0.11435366183149,0.114131737936464,0.113913011863014,0.113697435744263,0.113484962030016,0.113275543484749,0.11306913318591,0,0.303819639266028,0.303644042347223,0.303250621892593,0.302665546354625,0.301897008910622,0.300951468476947,0.299838158898209,0.298569353521749,0.297159358055083,0.295623390484367,0.293976714833731,0.29223406797301,0.290409317884669,0.288515281919071,0.286563649349099,0.28456496999318,0.282528683859484,0.280463175629333,0.278375843521618,0.276273175726692,0.274160829914962,0.272043712803694,0.269926057723742,0.267811498769369,0.265703140565075,0.263603623018763,0.261515180692661,0.259439696634505,0.257378750682534,0.255333662394223,0.253305528853582,0.251295257687968,0.24930359567559,0.247331153352766,0.245378426039,0.243445811692142,0.241533625988684,0.239642114999098,0.237771465797825,0.23592181531455,0.23409325769955,0.232285850442628,0.230499619453549,0.228734563282495,0.226990656632352,0.225267853290817,0.223566088589258,0.22188528147704,0.220225336284328,0.218586144233037,0.216967584744374,0.215369526582051,0.213791828862478,0.212234341956863,0.210696908304991,0.209179363156203,0.207681535249773,0.20620324744416,0.204744317302505,0.20330455764007,0.201883777038034,0.200481780327036,0.199098369043115,0.197733341858116,0.196386494986196,0.195057622567746,0.193746517031829,0.192452969438055,0.1911767697987,0.189917707381824,0.188675570996057,0.187450149257706,0.186241230840828,0.185048604710887,0.183872060342601,0.182711387922607,0.181566378537547,0.180436824348178,0.17932251875012,0.178223256521831,0.177138833960399,0.176069049005744,0.175013701353787,0.173972592559164,0.172945526128006,0.171932307601343,0.170932744629629,0.169946647038897,0.168973826889019,0.168014098524541,0.167067278618538,0.166133186209911,0.165211642734549,0.164302472050728,0.163405500459148,0.162520556717936,0.161647472052976,0.160786080163877,0.15993621722589,0.159097721888069,0.158270435267935,0.157454200942927,0.156648864938867,0.155854275715683,0.155070284150606,0.154296743519048,0.153533509473364,0.152780440019667,0.152037395492889,0.151304238530237,0.150580834043202,0.149867049188267,0.14916275333645,0.148467818041807,0.147782117009011,0.147105526060132,0.146437923100706,0.145779188085199,0.145129202981971,0.144487851737794,0.143855020242039,0.143230596290583,0.142614469549521,0.142006531518736,0.141406675495397,0.140814796537443,0.140230791427091,0.139654558634439,0.139085998281191,0.138525012104561,0.13797150342138,0.137425377092454,0.136886539487211,0.136354898448647,0.135830363258624,0.135312844603535,0.134802254540357,0.134298506463121,0.133801515069823,0.133311196329783,0.13282746745148,0.132350246850873,0.131879454120224,0.131415009997441,0.130956836335942,0.130504856075058,0.130058993210985,0.129619172768289,0.129185320771977,0.128757364220134,0.128335231057135,0.127918850147436,0.127508151249955,0.127103064993029,0.12670352284997,0.126309457115209,0.125920800881028,0.125537488014894,0.125159453137382,0.124786631600688,0.124418959467742,0.124056373491908,0.123698811097271,0.123346210359514,0.122998509987382,0.122655649304722,0.122317568233102,0.121984207275012,0.121655507497621,0.121331410517114,0.121011858483581,0.120696794066466,0.12038616044056,0.120079901272549,0.119777960708092,0.119480283359434,0.119186814293547,0.118897499020783,0.11861228348405,0.11833111404848,0.118053937491605,0.117780700994014,0.117511352130494,0.117245838861648,0.116984109525969,0.116726112832376,0.116471797853196,0.116221114017584,0.115974011105367,0.115730439241316,0.11549034888982,0.115253690849963,0.115020416250994,0.114790476548172,0.114563823518984,0.114340409259724,0.11412018618242,0.1139031070121,0.113689124784387,0.113478192843413,0,0.303660897983029,0.303587042031576,0.30330328345771,0.302829816399642,0.302173761759051,0.30134017678681,0.300336459790218,0.299173098659845,0.297862972200335,0.296420322612058,0.29485985627112,0.293196089901757,0.291442922893324,0.289613381204506,0.287719481160036,0.285772173732388,0.283781341596675,0.281755830079398,0.279703499273301,0.277631288739367,0.27554528897832,0.273450815686199,0.271352484032405,0.269254281031665,0.267159634666857,0.265071478848221,0.262992313621316,0.260924260292945,0.258869111349033,0.256828375201013,0.254803315923548,0.252794988240671,0.25080426808351,0.248831879084345,0.246878415392789,0.244944361204266,0.243030107382275,0.241135965537765,0.239262179904139,0.237408937317605,0.235576375581801,0.233764590464437,0.23197364154335,0.230203557090661,0.228454338157169,0.226725961995053,0.225018384935518,0.223331544819082,0.221665363059822,0.220019746410776,0.218394588485646,0.216789771081852,0.215205165341447,0.213640632779401,0.212096026202917,0.210571190540703,0.209065963597241,0.207580176743995,0.206113655556978,0.204666220408102,0.20323768701616,0.201827866962056,0.200436568171912,0.199063595370946,0.197708750510437,0.196371833169642,0.195052640934216,0.193750969752431,0.19246661427029,0.191199368146535,0.189949024348412,0.188715375428994,0.18749821378685,0.186297331908736,0.185112522596048,0.18394357917567,0.182790295695909,0.181652467108138,0.180529889434795,0.179422359924353,0.178329677193869,0.177251641359713,0.17618805415706,0.175138719048706,0.174103441323779,0.173082028186857,0.17207428883804,0.171080034544468,0.170099078703761,0.169131236899876,0.168176326951799,0.167234168955534,0.166304585319774,0.165387400795677,0.164482442501102,0.163589539939677,0.162708525015044,0.161839232040595,0.160981497745023,0.160135161273974,0.159300064188082,0.158476050457649,0.157662966454226,0.156860660939318,0.156068985050461,0.155287792284852,0.154516938480756,0.153756281796865,0.15300568268979,0.152265003889849,0.151534110375318,0.150812869345275,0.150101150191192,0.149398824467404,0.14870576586056,0.148021850158191,0.147346955216497,0.146680960927447,0.14602374918529,0.145375203852569,0.144735210725721,0.144103657500332,0.14348043373613,0.142865430821771,0.142258541939499,0.141659662029719,0.141068687755552,0.140485517467419,0.139910051167692,0.139342190475476,0.138781838591548,0.138228900263488,0.137683281751053,0.137144890791813,0.136613636567088,0.136089429668204,0.135572182063106,0.135061807063343,0.134558219291448,0.13406133464874,0.133571070283554,0.133087344559932,0.132610077026772,0.132139188387465,0.131674600470028,0.131216236197735,0.130764019560272,0.130317875585413,0.129877730311233,0.12944351075886,0.129015144905777,0.128592561659673,0.128175690832859,0.127764463117239,0.127358810059853,0.126958664038984,0.126563958240835,0.126174626636784,0.125790603961204,0.125411825689861,0.125038228018884,0.124669747844309,0.124306322742186,0.123947890949272,0.123594391344276,0.123245763429677,0.122901947314104,0.122562883695277,0.122228513843502,0.121898779585718,0.121573623290094,0.121252987851171,0.120936816675539,0.120625053668053,0.120317643218574,0.120014530189232,0.119715659902213,0.119420978128048,0.119130431074413,0.118843965375423,0.11856152808142,0.118283066649241,0.118008528932968,0.117737863175138,0.117471017998425,0.117207942397764,0.116948585732929,0.116692897721539,0.116440828432499,0.116192328279855,0.11594734801706,0.115705838731643,0.115467751840268,0.115233039084173,0.115001652524986,0.114773544540902,0.114548667823211,0.114326975373173,0.114108420499226,0.113892956814511,0,0.303456850959952,0.303468842404444,0.303289004233122,0.302924456322504,0.302379412561514,0.30165720920711,0.30076340717454,0.299706683871459,0.298498389036193,0.29715163780265,0.295680414435681,0.294098861672653,0.292420778408937,0.29065929238708,0.288826664058086,0.286934183502212,0.284992131379633,0.283009782983293,0.280995440660907,0.278956484326781,0.276899432897516,0.274830011635101,0.272753221862229,0.2706734105447,0.26859433796637,0.266519242255128,0.264450899919897,0.262391681869286,0.260343604627043,0.258308376652494,0.256287439824835,0.254282006264681,0.25229309074959,0.250321539036809,0.248368052440376,0.246433209025037,0.244517481780056,0.242621254125409,0.240744833084144,0.238888460430712,0.237052322097795,0.235236556095583,0.233441259168831,0.231666492389285,0.229912285855071,0.228178642644598,0.22646554215085,0.22477294290258,0.223100784961915,0.221448991973082,0.219817472924239,0.218206123673522,0.216614828281256,0.215043460182545,0.213491883228068,0.211959952615563,0.210447515730133,0.208954412907947,0.207480478134978,0.206025539690127,0.204589420740156,0.2031719398924,0.201772911710008,0.200392147193532,0.199029454231962,0.197684638025716,0.196357501483655,0.19504784559585,0.193755469783578,0.192480172227796,0.191221750177222,0.189980000237015,0.188754718638968,0.18754570149406,0.186352745028161,0.185175645801647,0.184014200913651,0.182868208191635,0.18173746636698,0.180621775237226,0.179520935815617,0.178434750468553,0.177363023041565,0.176305558974389,0.1752621654057,0.174232651268068,0.173216827373649,0.172214506491134,0.171225503414442,0.170249635023639,0.169286720338523,0.168336580565333,0.167399039136981,0.166473921747214,0.165561056379097,0.164660273328161,0.163771405220588,0.162894287026737,0.162028756070351,0.16117465203372,0.160331816959104,0.159500095246663,0.158679333649166,0.15786938126371,0.157070089520677,0.156281312170147,0.155502905265966,0.154734727147661,0.153976638420387,0.153228501933067,0.152490182754896,0.151761548150348,0.151042467552835,0.150332812537158,0.14963245679085,0.148941276084563,0.14825914824158,0.147585953106572,0.146921572513693,0.146265890254098,0.145618792042981,0.1449801654862,0.144349900046574,0.143727887009914,0.143114019450857,0.142508192198565,0.141910301802338,0.141320246497207,0.140737926169544,0.140163242322741,0.139596098042999,0.139036397965266,0.138484048239366,0.137938956496346,0.137401031815072,0.13687018468912,0.136346326993958,0.135829371954478,0.135319234112882,0.134815829296939,0.13431907458865,0.133828888293327,0.133345189909103,0.132867900096891,0.132396940650807,0.131932234469062,0.131473705525352,0.131021278840726,0.130574880455975,0.130134437404528,0.129699877685866,0.12927113023947,0.128848124919296,0.12843079246879,0.128019064496445,0.127612873451903,0.127212152602605,0.126816836010992,0.126426858512253,0.126042155692637,0.125662663868307,0.125288320064753,0.124919061996757,0.124554828048915,0.124195557256698,0.123841189288081,0.123491664425697,0.123146923549557,0.122806908120298,0.122471560162974,0.122140822251385,0.121814637492932,0.121492949514006,0.121175702445896,0.120862840911212,0.120554310010831,0.120250055311338,0.119950022832984,0.119654159038125,0.119362410820164,0.119074725492973,0.118791050780789,0.118511334808584,0.118235526092904,0.117963573533152,0.117695426403335,0.117431034344239,0.117170347356051,0.116913315791393,0.116659890348786,0.116410022066518,0.116163662316908,0.115920762800971,0.115681275543465,0.1154451528883,0.11521234749433,0.114982812331491,0.114756500677284,0.114533366113598,0.114313362523865,0,0.30320583433588,0.303290346784092,0.303208523003118,0.30294999346085,0.302514337065759,0.301902751251335,0.301118928815663,0.300169734828284,0.299064925271352,0.297816368126755,0.296437180099096,0.294940984176845,0.293341347334185,0.291651388283848,0.289883522525352,0.2880493103579,0.286159379061348,0.284223397125796,0.282250084215043,0.280247245060643,0.278221818817161,0.276179937811554,0.274126991332038,0.272067691322513,0.270006137727675,0.267945881878742,0.265889986793771,0.26384108363812,0.261801423880672,0.259772926909354,0.257757223047826,0.255755692052338,0.253769497270067,0.251799615712947,0.24984686434871,0.247911922938079,0.245995353757597,0.244097618545291,0.242219092994437,0.240360079102027,0.238520815655403,0.236701487115024,0.234902231124812,0.233123144855271,0.231364290359328,0.229625699097189,0.227907375764817,0.226209301540996,0.224531436850517,0.222873723725663,0.221236087834787,0.219618440235322,0.218020678898663,0.216442690046079,0.214884349327777,0.213345522871386,0.211826068221246,0.210325835185898,0.208844666607845,0.207382399066969,0.205938863526802,0.204513885931087,0.203107287756628,0.201718886527304,0.200348496293208,0.19899592807816,0.197660990298265,0.196343489153759,0.195043228996004,0.193760012671274,0.192493641842693,0.191243917291578,0.190010639199289,0.188793607410567,0.187592621679312,0.186407481897625,0.185237988308954,0.184083941706087,0.182945143614729,0.181821396463372,0.180712503740118,0.179618270137108,0.178538501683196,0.177473005865444,0.176421591740051,0.175384070033255,0.174360253232768,0.173349955670245,0.172352993595311,0.17136918524161,0.170398350885351,0.169440312896781,0.168494895785025,0.167561926236685,0.166641233148596,0.165732647655091,0.164836003150156,0.163951135304774,0.163077882079812,0.162216083734724,0.161365582832374,0.160526224240248,0.159697855128311,0.158880324963752,0.158073485502851,0.157277190780185,0.156491297095385,0.15571566299762,0.15495014926802,0.154194618900189,0.153448937078976,0.152712971157671,0.151986590633746,0.151269667123306,0.150562074334351,0.149863688038992,0.149174386044716,0.148494048164822,0.147822556188109,0.147159793847931,0.146505646790689,0.145860002543852,0.145222750483572,0.144593781801986,0.143972989474251,0.143360268225382,0.142755514496955,0.14215862641373,0.141569503750237,0.140988047897382,0.14041416182911,0.139847750069174,0.139288718658041,0.138736975119971,0.138192428430313,0.137654988983031,0.137124568558506,0.136601080291627,0.136084438640204,0.13557455935372,0.135071359442451,0.134574757146953,0.13408467190797,0.133601024336732,0.133123736185705,0.132652730319768,0.132187930687854,0.131729262295055,0.131276651175203,0.130830024363937,0.130389309872266,0.12995443666063,0.129525334613471,0.129101934514314,0.128684168021368,0.128271967643651,0.127865266717636,0.127463999384431,0.127068100567487,0.126677505950835,0.126292151957866,0.125911975730638,0.125536915109721,0.125166908614574,0.124801895424462,0.1244418153599,0.124086608864627,0.123736216988122,0.123390581368628,0.123049644216722,0.122713348299387,0.122381636924622,0.122054453926548,0.121731743651043,0.121413450941873,0.12109952112733,0.120789900007367,0.120484533841228,0.120183369335564,0.119886353633033,0.119593434301376,0.119304559322966,0.119019677084816,0.118738736369055,0.118461686343846,0.118188476554755,0.117919056916555,0.117653377705463,0.117391389551798,0.117133043433053,0.116878290667383,0.116627082907483,0.116379372134861,0.1161351106545,0.115894251089884,0.115656746378404,0.115422549767107,0.115191614808808,0.11496389535853,0.114739345570283,0,0.30290164127987,0.303050906667886,0.303061976942563,0.302906652998613,0.302578740191375,0.302076907204178,0.301402941829712,0.300561917873517,0.299561969670011,0.29841363164098,0.297129030790195,0.295721137147147,0.294203158570418,0.292588092720393,0.290888416783828,0.289115886692724,0.287281418921011,0.285395032568285,0.283465834406389,0.281502033850727,0.279510978205879,0.277499201099029,0.275472478912279,0.273435891416825,0.271393883834545,0.269350328311116,0.267308583356457,0.265271550246381,0.263241725720049,0.26122125057489,0.259211953969876,0.257215393410294,0.255232890510294,0.253265562719735,0.251314351264632,0.249380045590345,0.247463304618069,0.245564675131846,0.243684607608809,0.241823469792611,0.239981558291594,0.238159108461245,0.236356302806614,0.23457327811593,0.232810131512521,0.231066925589222,0.229343692767911,0.227640439007182,0.22595714696345,0.224293778694941,0.222650277984212,0.22102657234271,0.21942257475047,0.217838185175139,0.216273291906914,0.214727772739596,0.213201496022605,0.211694321604316,0.210206101683379,0.208736681581642,0.207285900449756,0.205853591914521,0.204439584675356,0.203043703055916,0.201665767515808,0.200305595126467,0.198963000014565,0.197637793775748,0.196329785861084,0.195038783938204,0.193764594228888,0.19250702182458,0.191265870981178,0.190040945394271,0.188832048455909,0.187638983493891,0.186461553994468,0.185299563809341,0.184152817347723,0.183021119754249,0.18190427707344,0.180802096401413,0.179714386025504,0.178640955552423,0.177581616025548,0.176536180031953,0.17550446179971,0.174486277286011,0.173481444256621,0.172489782357157,0.17151111317666,0.170545260303915,0.169592049376948,0.168651308126116,0.167722866411182,0.166806556252744,0.165902211858392,0.16500966964391,0.164128768249866,0.163259348553889,0.162401253678923,0.16155432899774,0.160718422133968,0.159893382959889,0.15907906359124,0.15827531837923,0.157482003900002,0.156698978941718,0.155926104489468,0.155163243708177,0.154410261923675,0.153667026602079,0.152933407327657,0.152209275779289,0.151494505705666,0.150788972899361,0.150092555169862,0.149405132315705,0.148726586095788,0.148056800199966,0.147395660219031,0.146743053614138,0.146098869685775,0.145462999542343,0.144835336068418,0.14421577389275,0.143604209356082,0.143000540478817,0.142404666928609,0.141816489987916,0.141235912521563,0.140662838944358,0.140097175188802,0.139538828672931,0.138987708268321,0.138443724268289,0.137906788356325,0.137376813574776,0.136853714293807,0.136337406180676,0.135827806169322,0.135324832430308,0.134828404341126,0.134338442456884,0.133854868481388,0.133377605238643,0.132906576644768,0.132441707680361,0.131982924363301,0.131530153722015,0.131083323769209,0.130642363476074,0.130207202746978,0.12977777239464,0.129354004115802,0.128935830467403,0.128523184843249,0.128116001451197,0.127714215290842,0.127317762131728,0.126926578492055,0.126540601617921,0.126159769463067,0.125784020669143,0.125413294546494,0.125047531055455,0.124686670788172,0.124330654950925,0.123979425346974,0.123632924359911,0.123291094937519,0.122953880576142,0.122621225305551,0.122293073674316,0.12196937073567,0.121650062033866,0.121335093591023,0.121024411894457,0.120717963884483,0.120415696942705,0.120117558880763,0.119823497929549,0.119533462728879,0.11924740231762,0.118965266124261,0.118687003957923,0.118412565999807,0.11814190279506,0.117874965245074,0.117611704600182,0.117352072452775,0.117096020730807,0.116843501691693,0.116594467916591,0.11634887230506,0.116106668070083,0.115867808733447,0.115632248121479,0.115399940361117,0.115170839876319,0,0.30253459048535,0.30274820807299,0.302848758208528,0.30279427332216,0.302572601390748,0.302179657172582,0.301615316234348,0.300882910098799,0.299988960345258,0.298942616791521,0.297754921408383,0.296438074683941,0.29500480611323,0.293467882011694,0.291839745715624,0.290132269895011,0.288356597567232,0.286523050475876,0.284641087200059,0.282719297118593,0.280765419601559,0.278786380410929,0.276788339309347,0.27477674440573,0.272756389917784,0.270731474899797,0.268705661144501,0.266682128975856,0.264663630044899,0.262652536550698,0.260650886551736,0.258660425222845,0.256682642058724,0.254718804134467,0.25276998561239,0.250837093738118,0.248920891601828,0.247022017957024,0.245141004392718,0.243278290148747,0.24143423485073,0.239609129423284,0.237803205419281,0.236016642980705,0.234249577624101,0.232502106021569,0.230774290927293,0.229066165380077,0.227377736294543,0.225708987537573,0.224059882572288,0.222430366739297,0.220820369233981,0.219229804829112,0.21765857538401,0.216106571174506,0.214573672072148,0.21305974859617,0.211564662857623,0.21008826941165,0.208630416031044,0.207190944411898,0.20576969082022,0.204366486686829,0.202981159156555,0.201613531596723,0.200263424069071,0.198930653768548,0.197615035431912,0.196316381718584,0.19503450356587,0.19376921052038,0.192520311047228,0.191287612818433,0.190070922981771,0.188870048411218,0.18768479594003,0.186514972577402,0.185360385709606,0.184220843286438,0.183096153993747,0.181986127412794,0.180890574167136,0.179809306057703,0.178742136186701,0.177688879070951,0.176649350745236,0.175623368856224,0.174610752747475,0.173611323536057,0.172624904181248,0.171651319545777,0.170690396450062,0.169741963719853,0.168805852227683,0.167881894928515,0.166969926889945,0.166069785317302,0.165181309573987,0.164304341197347,0.163438723910404,0.162584303629687,0.16174092846947,0.160908448742646,0.160086716958476,0.159275587817457,0.158474918203501,0.157684567173646,0.156904395945477,0.156134267882443,0.155374048477239,0.154623605333417,0.153882808145367,0.153151528676825,0.152429640738026,0.151717020161641,0.151013544777612,0.150319094386991,0.149633550734899,0.148956797482694,0.148288720179442,0.147629206232784,0.146978144879269,0.146335427154239,0.145700945861336,0.145074595541691,0.144456272442865,0.143845874487595,0.143243301242404,0.142648453886126,0.142061235178388,0.141481549428097,0.140909302461982,0.140344401593208,0.139786755590124,0.139236274645159,0.138692870343906,0.138156455634421,0.13762694479676,0.137104253412795,0.136588298336301,0.13607899766337,0.13557627070315,0.135080037948927,0.134590221049585,0.134106742781436,0.13362952702045,0.133158498714893,0.132693583858381,0.132234709463372,0.13178180353509,0.1313347950459,0.130893613910148,0.130458190959451,0.130028457918472,0.129604347381159,0.129185792787471,0.128772728400593,0.128365089284629,0.127962811282795,0.127565830996108,0.127174085762563,0.126787513636816,0.126406053370363,0.126029644392215,0.125658226790079,0.125291741292036,0.124930129248714,0.124573332615961,0.124221293938019,0.123873956331186,0.12353126346797,0.123193159561742,0.122859589351864,0.122530498089311,0.12220583152277,0.121885535885215,0.121569557880962,0.121257844673186,0.120950343871908,0.120647003522439,0.120347772094287,0.120052598470506,0.119761431937497,0.119474222175243,0.119190919247987,0.118911473595328,0.11863583602375,0.118363957698557,0.118095790136221,0.11783128519714,0.117570395078779,0.117313072309207,0.117059269741018,0.116808940545619,0.116562038207892,0.116318516521207,0.116078329582794,0.115841431789456,0.115607777833609,0,0.30209279352155,0.302378427644317,0.302567443043222,0.302612241201915,0.302495627584316,0.302210818493681,0.301755840942843,0.301132370133678,0.300345361413719,0.299402565365407,0.298313873062116,0.297090619028377,0.29574494661109,0.294289285200168,0.292735948840372,0.291096845329851,0.289383277385577,0.28760581665901,0.285774233450044,0.283897467900437,0.281983631346359,0.280040029027443,0.278073197403534,0.27608895094989,0.274092434556889,0.272088178627076,0.270080154708119,0.268071830078801,0.266066220157377,0.2640659379571,0.26207324009378,0.260090069069874,0.258118091730281,0.256158733914988,0.254213211430059,0.252282557526882,0.250367647125024,0.248469218041038,0.246587889497843,0.244724178190297,0.242878512175222,0.241051242840774,0.239242655192812,0.237452976676284,0.235682384729014,0.233931013244469,0.232198958099931,0.23048628188737,0.228793017966572,0.227119173943897,0.225464734665455,0.223829664800561,0.222213911079879,0.220617404242743,0.219040060739532,0.217481784227566,0.215942466892686,0.214421990623327,0.212920228059374,0.211437043534298,0.209972293925886,0.20852582942828,0.207097494255804,0.205687127287294,0.204294562658138,0.202919630306029,0.201562156475423,0.200221964184892,0.198898873660895,0.197592702740947,0.196303267248736,0.195030381343379,0.193773857844711,0.192533508536279,0.191309144447518,0.190100576116423,0.188907613833898,0.187730067870887,0.186567748689251,0.185420467137339,0.184288034631082,0.183170263321428,0.182066966248866,0.180977957485737,0.179903052267026,0.178842067110248,0.177794819925057,0.176761130113129,0.175740818658896,0.174733708211626,0.173739623159373,0.172758389695245,0.171789835876475,0.170833791676689,0.169890089031815,0.168958561880001,0.168039046195924,0.16713138001984,0.166235403481714,0.165350958820742,0.164477890400573,0.163616044720518,0.162765270423014,0.161925418297607,0.161096341281686,0.160277894458215,0.159469935050668,0.158672322415379,0.157884918031503,0.157107585488766,0.156340190473182,0.155582600750907,0.15483468615037,0.154096318542836,0.153367371821541,0.152647721879514,0.151937246586229,0.15123582576318,0.150543341158496,0.1498596764207,0.149184717071705,0.148518350479122,0.14786046582799,0.147210954091986,0.146569708004191,0.145936622027486,0.145311592324647,0.144694516728181,0.144085294709984,0.143483827350848,0.142890017309891,0.142303768793939,0.141724987526906,0.141153580719222,0.140589457037333,0.140032526573312,0.139482700814627,0.13893989261407,0.138404016159897,0.1378749869462,0.137352721743526,0.136837138569779,0.136328156661412,0.13582569644494,0.135329679508789,0.134840028575486,0.134356667474222,0.133879521113793,0.13340851545593,0.13294357748903,0.132484635202309,0.132031617560368,0.131584454478198,0.131143076796624,0.13070741625819,0.130277405483504,0.12985297794804,0.129434067959398,0.129020610635041,0.128612541880496,0.128209798368033,0.12781231751582,0.127420037467561,0.127032897072607,0.126650835866555,0.126273794052335,0.125901712481762,0.125534532637595,0.125172196616057,0.124814647109848,0.124461827391638,0.124113681298037,0.123770153214038,0.123431188057942,0.123096731266754,0.12276672878204,0.122441127036264,0.122119872939581,0.121802913867086,0.121490197646528,0.12118167254647,0.120877287264898,0.120576990918272,0.120280733031019,0.119988463525454,0.119700132712132,0.119415691280626,0.119135090290713,0.118858281163985,0.118585215675848,0.118315845947937,0.118050124440913,0.117788003947652,0.117529437586807,0.11727437879675,0.117022781329878,0.116774599247271,0.116529786913709,0.116288298993032,0.116050090443827,0,0.301566590301326,0.301936635238979,0.302215811485498,0.302359458852959,0.302347219323867,0.302170014339602,0.301824194011945,0.301309911011693,0.300630640056459,0.29979275474041,0.298804960624038,0.297677652869121,0.296422295526988,0.295050883096576,0.293575507340882,0.292008028609364,0.290359839484473,0.288641704783441,0.286863662092597,0.285034968844621,0.283164084283779,0.281258676939992,0.279325650223895,0.277371180403425,0.275400762546154,0.273419261058022,0.271430962271414,0.269439627181631,0.267448542940053,0.265460572114888,0.263478199049151,0.26150357289706,0.259538547117138,0.257584715352481,0.255643443743685,0.253715899804181,0.251803078046612,0.249905822587168,0.248024846976563,0.24616075151515,0.244314038308721,0.242485124313268,0.240674352603763,0.238882002085455,0.237108295847789,0.235353408341904,0.233617471543514,0.231900580244542,0.230202796599394,0.228524154035641,0.226864660624162,0.22522430199053,0.223603043837694,0.222000834139606,0.220417605056396,0.21885327461385,0.217307748183197,0.215780919791417,0.214272673287376,0.212782883384951,0.211311416600765,0.20985813210125,0.208422882471285,0.207005514414608,0.205605869394513,0.204223784221934,0.202859091596867,0.201511620608111,0.20018119719555,0.198867644578528,0.197570783653367,0.196290433362627,0.195026411038357,0.193778532721316,0.192546613457859,0.191330467576052,0.190129908942347,0.188944751200068,0.187774807990825,0.186619893159864,0.18547982094632,0.184354406159226,0.183243464340107,0.182146811912911,0.181064266322,0.179995646158884,0.178940771278315,0.177899462904366,0.176871543727055,0.175856837990071,0.174855171570095,0.173866372048239,0.172890268774036,0.171926692922448,0.170975477544308,0.170036457610588,0.16910947005088,0.16819435378646,0.167290949758254,0.166399100950062,0.165518652407325,0.16464945125174,0.163791346691991,0.162944190030877,0.162107834669065,0.161282136105711,0.160466951936182,0.159662141847072,0.158867567608724,0.158083093065445,0.157308584123577,0.156543908737615,0.155788936894512,0.15504354059632,0.154307593841323,0.153580972603771,0.152863554812365,0.152155220327586,0.151455850917993,0.150765330235589,0.150083543790353,0.149410378924028,0.148745724783253,0.148089472292115,0.147441514124205,0.146801744674239,0.146170060029315,0.145546357939877,0.144930537790418,0.144322500570016,0.143722148842711,0.143129386717807,0.142544119820124,0.141966255260241,0.141395701604776,0.140832368846747,0.140276168376021,0.13972701294991,0.139184816663934,0.138649494922767,0.138120964411411,0.137599143066605,0.137083950048502,0.136575305712626,0.13607313158213,0.135577350320381,0.135087885703867,0.134604662595471,0.134127606918091,0.133656645628648,0.133191706692478,0.132732719058115,0.132279612632493,0.131832318256552,0.131390767681274,0.130954893544146,0.130524629346061,0.130099909428658,0.129680668952115,0.129266843873387,0.128858370924898,0.128455187593702,0.128057232101088,0.127664443382661,0.127276761068883,0.126894125466081,0.126516477537916,0.126143758887329,0.125775911738944,0.125412878921946,0.125054603853421,0.124701030522161,0.124352103472931,0.124007767791205,0.123667969088358,0.12333265348731,0.123001767608636,0.122675258557123,0.122353073908776,0.122035161698274,0.121721470406862,0.121411948950691,0.121106546669587,0.120805213316249,0.120507899045878,0.120214554406227,0.119925130328064,0.119639578116048,0.119357849440015,0.119079896326658,0.118805671151607,0.118535126631898,0.11826821581882,0.118004892091147,0.117745109148733,0.117488821006477,0.117235981988637,0.116986546723507,0.116740470138426,0.116497707455126,0,0.300948482573361,0.301417262847458,0.301790961190465,0.302034352159547,0.302126455728211,0.302056652575311,0.301819919096749,0.301415076569204,0.300844245118431,0.300112480279971,0.299227299590842,0.298198110556484,0.297035622115522,0.295751306225052,0.29435694416833,0.292864267143055,0.291284686111546,0.289629099213941,0.287907763104135,0.286130215073222,0.284305234392148,0.282440833182604,0.280544268943781,0.278622072466829,0.276680086215354,0.27472350934956,0.272756946456006,0.270784457751686,0.268809609094887,0.26683552058488,0.264864912890912,0.262900150735852,0.260943283184845,0.258996080565086,0.257060067977763,0.255136555464387,0.253226664962989,0.251331354240053,0.249451438016022,0.247587606519575,0.24574044171181,0.243910431418948,0.242097981603396,0.240303426989972,0.238527040248378,0.236769039915761,0.235029597225478,0.233308841990573,0.231606867673554,0.229923735758144,0.228259479523955,0.226614107311637,0.224987605354023,0.223379940238049,0.221791061052808,0.220220901270821,0.218669380402447,0.217136405457162,0.215621872240158,0.214125666508178,0.212647665004659,0.211187736391026,0.209745742088256,0.208321537040513,0.206914970410767,0.205525886216711,0.204154123913936,0.202799518932264,0.201461903170193,0.200141105451663,0.198836951948742,0.1975492665733,0.196277871340312,0.195022586705114,0.193783231876583,0.19255962510805,0.191351583967483,0.190158925588362,0.188981466902502,0.187819024855972,0.186671416609157,0.185538459721926,0.184419972324798,0.183315773276929,0.182225682311685,0.181149520170539,0.180087108725955,0.179038271093898,0.178002831736582,0.17698061655601,0.17597145297886,0.174975170033217,0.17399159841763,0.173020570562963,0.172061920687475,0.171115484845523,0.170181100970304,0.169258608910988,0.168347850464606,0.167448669403013,0.166560911495261,0.165684424525665,0.164819058307849,0.163964664695053,0.163121097586941,0.162288212933151,0.161465868733827,0.160653925037341,0.159852243935397,0.159060689555734,0.158279128052588,0.157507427595088,0.15674545835376,0.155993092485273,0.155250204115587,0.154516669321626,0.153792366111609,0.153077174404158,0.1523709760063,0.151673654590458,0.150985095670543,0.150305186577231,0.149633816432526,0.148970876123674,0.148316258276522,0.147669857228383,0.147031569000488,0.14640129127007,0.145778923342168,0.145164366121174,0.144557522082207,0.143958295242339,0.143366591131735,0.142782316764743,0.142205380610974,0.141635692566416,0.141073163924604,0.140517707347896,0.139969236838873,0.139427667711892,0.138892916564825,0.138364901251005,0.137843540851401,0.137328755647043,0.136820467091719,0.136318597784959,0.135823071445327,0.135333812884033,0.134850747978879,0.134373803648557,0.133902907827305,0.133437989439931,0.132978978377231,0.132525805471784,0.132078402474156,0.13163670202951,0.131200637654624,0.130770143715339,0.130345155404423,0.129925608719873,0.129511440443653,0.12910258812086,0.128698990039345,0.128300585209773,0.127907313346126,0.127519114846665,0.127135930775333,0.126757702843609,0.126384373392826,0.126015885376921,0.125652182345657,0.125293208428281,0.124938908317637,0.124589227254736,0.12424411101376,0.123903505887521,0.123567358673364,0.123235616659505,0.122908227611819,0.12258513976105,0.12226630179047,0.121951662823952,0.121641172414485,0.121334780533098,0.121032437558211,0.120734094265396,0.120439701817554,0.120149211755489,0.119862575988886,0.119579746787691,0.11930067677387,0.11902531891356,0.118753626509599,0.118485553194429,0.118221052923363,0.117960079968221,0.117702588911314,0.117448534639785,0.117197872340282,0.116950557493978,0,0.300231495854422,0.30081465161253,0.301289507816549,0.301634924883593,0.301832102806594,0.301869917837561,0.301742410098785,0.301447322873701,0.300985588433107,0.300361038792035,0.299580032918479,0.298650968678798,0.297583743499062,0.296389231831132,0.295078823301899,0.293664040991115,0.292156242534046,0.290566397471227,0.288904930198298,0.287181616882491,0.285405525332157,0.283584988131463,0.281727600881859,0.279840238869886,0.277929086795552,0.275999677313114,0.274056935062062,0.272105223622164,0.270148393439128,0.268189829261883,0.266232496030262,0.264278982470717,0.262331541911672,0.260392130030558,0.258462439400553,0.256543930824168,0.254637861529294,0.252745310366755,0.250867200191255,0.249004317634149,0.247157330490013,0.24532680294265,0.243513208852399,0.241716943317542,0.239938332709925,0.23817764336999,0.236435089130342,0.234710837820537,0.233005016889604,0.231317718267289,0.229649002570495,0.227998902747904,0.226367427243632,0.224754562749714,0.223160276607509,0.221584518909433,0.220027224344954,0.218488313828142,0.216967695938482,0.215465268201713,0.213980918233347,0.212514524763947,0.211065958562237,0.209635083269598,0.208221756157335,0.20682582881633,0.205447147787181,0.204085555137673,0.202740888993368,0.201412984026254,0.200101671905638,0.198806781714882,0.197528140337085,0.196265572812371,0.19501890266913,0.193787952231249,0.192572542903131,0.191372495434114,0.190187630163705,0.189017767248939,0.187862726875014,0.186722329450278,0.185596395786538,0.184484747265602,0.183387205992878,0.182303594938809,0.18123373806888,0.18017746046285,0.179134588423873,0.178104949578086,0.177088372965245,0.176084689120921,0.175093730150784,0.174115329797426,0.173149323500191,0.17219554844843,0.171253843628587,0.17032404986549,0.169406009858227,0.16849956821093,0.167604571458801,0.166720868089685,0.165848308561492,0.164986745315714,0.164136032787336,0.163296027411355,0.162466587626157,0.161647573873971,0.160838848598599,0.160040276240627,0.159251723230301,0.158473057978241,0.15770415086416,0.156944874223739,0.156195102333816,0.155454711396015,0.154723579518952,0.154001586699141,0.153288614800714,0.152584547534065,0.151889270433517,0.151202670834115,0.150524637847629,0.149855062337855,0.149193836895297,0.148540855811295,0.147896015051683,0.14725921223003,0.146630346580539,0.146009318930649,0.145396031673404,0.144790388739636,0.144192295570009,0.143601659086972,0.143018387666657,0.142442391110772,0.141873580618508,0.141311868758513,0.140757169440948,0.140209397889672,0.139668470614564,0.139134305384022,0.13860682119766,0.138085938259222,0.137571577949736,0.137063662800921,0.136562116468879,0.136066863708075,0.135577830345621,0.135094943255888,0.13461813033545,0.134147320478371,0.133682443551852,0.13322343037225,0.132770212681462,0.132322723123702,0.131880895222669,0.131444663359112,0.1310139627488,0.130588729420901,0.130168900196784,0.12975441266923,0.129345205182072,0.128941216810264,0.128542387340373,0.128148657251509,0.127759967696684,0.127376260484609,0.126997478061927,0.126623563495879,0.126254460457413,0.125890113204725,0.125530466567243,0.125175465930037,0.124825057218674,0.124479186884502,0.124137801890367,0.123800849696762,0.123468278248399,0.123140035961217,0.122816071709801,0.122496334815232,0.122180775033347,0.12186934254342,0.121561987937247,0.121258662208643,0.120959316743337,0.120663903309271,0.120372374047292,0.12008468146223,0.119800778414364,0.119520618111273,0.119244154100052,0.118971340259905,0.118702130795102,0.118436480228294,0.118174343394177,0.117915675433509,0.117660431787467,0.117408568192334,0,0.299410153338348,0.30012367898144,0.300707849299143,0.301158858117062,0.301462648108371,0.301608779364009,0.301590905877429,0.301406006147229,0.301054030069759,0.300537714013771,0.29986231856692,0.299035236526628,0.298065518193771,0.296963380169116,0.295739748283462,0.294405863077856,0.292972958401617,0.291452012298621,0.289853563248171,0.288187582264539,0.286463390890814,0.284689615756859,0.282874171495335,0.281024265073751,0.279146415821315,0.277246486523848,0.275329721901134,0.273400791570642,0.271463835254301,0.26952250851977,0.267580027782987,0.265639213651192,0.263702531969017,0.261772132156102,0.259849882602658,0.257937403027316,0.256036093806249,0.254147162359713,0.252271646736701,0.250410436574761,0.248564291633786,0.246733858112999,0.244919682962105,0.243122226392912,0.241341872788511,0.239578940194859,0.237833688565507,0.236106326915253,0.23439701952326,0.232705891311309,0.23103303250865,0.229378502701563,0.22774233435353,0.226124535870712,0.224525094277452,0.22294397755756,0.221381136709288,0.219836507554974,0.218310012340333,0.216801561153153,0.215311053186691,0.213838377869199,0.212383415877726,0.210946040051578,0.209526116218411,0.208123503943975,0.206738057214791,0.205369625061683,0.204018052130842,0.202683179208139,0.201364843701554,0.200062880085885,0.198777120313342,0.197507394193104,0.196253529742554,0.195015353512524,0.193792690888636,0.192585366370541,0.19139320383071,0.1902160267542,0.189053658460722,0.187905922310197,0.18677264189286,0.185653641204928,0.184548744810718,0.183457777992066,0.182380566885822,0.181316938610154,0.180266721380325,0.179229744614592,0.178205839030807,0.177194836734293,0.176196571297514,0.175210877832033,0.174237593053232,0.173276555338233,0.172327604777439,0.171390583220085,0.170465334314183,0.169551703541201,0.168649538245821,0.167758687661081,0.166879002929212,0.166010337118445,0.165152545236054,0.164305484237889,0.163469013034644,0.162642992495078,0.161827285446398,0.161021756672023,0.160226272906899,0.159440702830551,0.158664917058057,0.157898788129068,0.15714219049507,0.156395000504986,0.155657096389283,0.154928358242696,0.154208668005692,0.153497909444782,0.152795968131786,0.15210273142216,0.151418088432463,0.150741930017061,0.150074148744148,0.149414638871161,0.148763296319662,0.148120018649753,0.147484705034092,0.14685725623156,0.146237574560655,0.145625563872641,0.145021129524521,0.144424178351867,0.143834618641559,0.143252360104471,0.142677313848136,0.142109392349438,0.141548509427345,0.140994580215737,0.140447521136335,0.139907249871778,0.139373685338852,0.138846747661918,0.138326358146537,0.13781243925333,0.137304914572081,0.136803708796106,0.1363087476969,0.135819958099079,0.135337267855635,0.134860605823501,0.134389901839461,0.133925086696394,0.133466092119873,0.133012850745133,0.132565296094395,0.132123362554582,0.131686985355408,0.131256100547863,0.130830644983096,0.130410556291689,0.129995772863344,0.129586233826978,0.129181879031227,0.128782649025365,0.128388485040641,0.127999328972037,0.127615123360443,0.127235811375255,0.126861336797396,0.126491644002759,0.126126677946077,0.125766384145207,0.125410708665848,0.125059598106669,0.124712999584867,0.124370860722134,0.124033129631055,0.123699754901907,0.12337068558988,0.123045871202706,0.122725261688699,0.122408807425193,0.122096459207396,0.121788168237625,0.121483886114954,0.12118356482524,0.120887156731549,0.120594614564951,0.120305891415714,0.120020940724851,0.119739716276057,0.119462172188,0.119188262906974,0.118917943199913,0.118651168147746,0.118387893139108,0.118128073864378,0.117871666310057,0,0.298484041312304,0.299340280762675,0.300042458236237,0.300603648720397,0.301016362421314,0.301272016314862,0.30136449660471,0.30129037853009,0.30104886865824,0.300641765091411,0.300073318528277,0.299349947026298,0.298479839495766,0.297472510339951,0.296338360193965,0.295088278858671,0.293733308636759,0.292284373354458,0.290752070433235,0.289146519241751,0.287477257310314,0.285753175815807,0.28398248635475,0.282172711983156,0.280330696561916,0.278462627470455,0.276574067675832,0.274669993947058,0.272754838684807,0.270832533404697,0.268906552381543,0.26697995534643,0.265055428440817,0.263135322883565,0.261221691007236,0.259316319477545,0.2574207596314,0.255536354960602,0.253664265835302,0.251805491608059,0.249960890270002,0.248131195848306,0.246317033741944,0.244518934192915,0.242737344084799,0.24097263725128,0.239225123465523,0.237495056268013,0.235782639776482,0.234088034607519,0.232411363025715,0.230752713423183,0.229112144220066,0.227489687265457,0.225885350807933,0.224299122095768,0.222730969658685,0.22118084531585,0.219648685948394,0.218134415069328,0.216637944218811,0.215159174208703,0.213697996236694,0.212254292887303,0.210827939034433,0.209418802657957,0.208026745584937,0.206651624164493,0.205293289884003,0.203951589933191,0.202626367721698,0.201317463354936,0.200024714072375,0.198747954651815,0.197487017782741,0.196241734411469,0.195011934060428,0.193797445123682,0.1925980951405,0.19141371104865,0.190244119418853,0.189089146671743,0.187948619278515,0.186822363946347,0.185710207789613,0.184611978487773,0.183527504430799,0.182456614852919,0.181399139955397,0.180354911019025,0.17932376050696,0.178305522158502,0.177300031074352,0.176307123793885,0.175326638364914,0.174358414406426,0.173402293164693,0.172458117563204,0.171525732246767,0.170604983620184,0.16969571988181,0.168797791052343,0.167911048999147,0.167035347456391,0.16617054204129,0.165316490266703,0.164473051550331,0.163640087220746,0.162817460520473,0.162005036606334,0.161202682547236,0.160410267319604,0.159627661800619,0.158854738759433,0.15809137284651,0.15733744058124,0.156592820337964,0.155857392330546,0.15513103859559,0.154413642974455,0.153705091094134,0.153005270347131,0.15231406987042,0.151631380523563,0.150957094866098,0.150291107134254,0.149633313217075,0.148983610632032,0.148341898500165,0.147708077520852,0.147082049946225,0.146463719555316,0.145852991627971,0.145249772918581,0.144653971629673,0.144065497385413,0.143484261205047,0.142910175476321,0.14234315392892,0.141783111607951,0.141229964847502,0.140683631244307,0.140144029631538,0.139611080052753,0.139084703736023,0.138564823068253,0.138051361569721,0.137544243868857,0.137043395677267,0.136548743765029,0.136060215936273,0.135577741005052,0.135101248771525,0.134630669998453,0.134165936388035,0.133706980559074,0.133253736024495,0.132806137169217,0.132364119228392,0.13192761826601,0.131496571153884,0.131070915551011,0.130650589883326,0.13023553332384,0.129825685773178,0.129420987840511,0.129021380824889,0.128626806696977,0.128237208081201,0.127852528238288,0.127472711048231,0.127097700993645,0.126727443143549,0.126361883137541,0.126000967170398,0.125644641977073,0.125292854818107,0.124945553465446,0.124602686188664,0.124264201741592,0.123930049349349,0.123600178695772,0.123274539911253,0.122953083560959,0.122635760633456,0.122322522529721,0.122013321052544,0.121708108396307,0.121406837137151,0.121109460223522,0.12081593096708,0.120526203033991,0.120240230436574,0.11995796752531,0.119679368981216,0.119404389808558,0.119132985327919,0.118865111169606,0.118600723267394,0.118339777852597,0,0.297455094790801,0.298461682707069,0.299290167451498,0.299966776129453,0.300491386781308,0.300858261248766,0.301062142873632,0.301099592808123,0.300969337841111,0.300672418989469,0.300212190122656,0.299594148761463,0.298825629186404,0.29791541600045,0.296873335282763,0.295709865570816,0.294435793927161,0.293061928567792,0.291598870126233,0.290056838016466,0.288445545497969,0.286774115978856,0.285051033093327,0.283284117662191,0.281480525475801,0.279646760740677,0.277788700902339,0.2759116293478,0.274020273183246,0.272118843873893,0.270211079030458,0.268300284040141,0.266389372580065,0.264480905328241,0.262577126410299,0.260679997297855,0.25879122801347,0.256912305604015,0.25504451992427,0.253188986830571,0.25134666892431,0.249518394010734,0.247704871452776,0.245906706605209,0.244124413513392,0.242358426055097,0.240609107694772,0.238876760008384,0.237161630124464,0.235463917213997,0.233783778148788,0.232121332435312,0.230476666519053,0.228849837543187,0.22724087663516,0.225649791785389,0.22407657037392,0.222521181393375,0.220983577409933,0.21946369629823,0.217961462781024,0.216476789800007,0.215009579740367,0.213559725528376,0.212127111618468,0.210711614883863,0.209313105422696,0.207931447289888,0.206566499163496,0.205218114952986,0.203886144355854,0.202570433368068,0.201270824753077,0.199987158473451,0.198719272088708,0.197467001122412,0.19623017940121,0.195008639368198,0.193802212372693,0.192610728938244,0.191434019010563,0.190271912186818,0.189124237927644,0.187990825753058,0.186871505423383,0.185766107106178,0.184674461530081,0.183596400126428,0.182531755159407,0.181480359845488,0.180442048462787,0.179416656450999,0.178404020502486,0.177403978645059,0.176416370316981,0.175441036434655,0.174477819453476,0.173526563422243,0.17258711403156,0.171659318656586,0.1707430263945,0.169838088097016,0.168944356398261,0.168061685738327,0.167189932382764,0.166328954438294,0.165478611864991,0.164638766485174,0.16380928198922,0.162990023938531,0.162180859765837,0.161381658773033,0.160592292126727,0.159812632851666,0.159042555822194,0.158281937751902,0.157530657181598,0.156788594465741,0.156055631757456,0.155331652992249,0.15461654387054,0.153910191839108,0.153212486071549,0.152523317447849,0.151842578533139,0.151170163555742,0.150505968384554,0.149849890505863,0.149201828999657,0.148561684515485,0.147929359247934,0.147304756911782,0.14668778271687,0.146078343342754,0.145476346913165,0.144881702970346,0.144294322449286,0.143714117651888,0.143141002221129,0.14257489111522,0.142015700581805,0.141463348132242,0.140917752515964,0.140378833694979,0.139846512818504,0.139320712197774,0.138801355281033,0.138288366628736,0.137781671888976,0.137281197773152,0.136786872031887,0.13629862343123,0.135816381729124,0.135340077652186,0.13486964287278,0.134405009986419,0.133946112489483,0.133492884757274,0.133045262022422,0.132603180353628,0.132166576634775,0.131735388544393,0.131309554535496,0.130889013815791,0.130473706328264,0.130063572732145,0.129658554384259,0.129258593320763,0.128863632239272,0.128473614481376,0.128088484015552,0.127708185420471,0.127332663868693,0.126961865110769,0.126595735459732,0.126234221775987,0.125877271452595,0.125524832400956,0.125176853036885,0.12483328226708,0.124494069475987,0.12415916451305,0.123828517680355,0.12350207972066,0.123179801805807,0.122861635525519,0.122547532876577,0.122237446252372,0.121931328432833,0.121629132574721,0.121330812202298,0.121036321198351,0.120745613795581,0.120458644568343,0.120175368424746,0.119895740599088,0.119619716644645,0.119347252426791,0.119078304116453,0.118812828183894,0,0.296325738155595,0.297486500547471,0.298448423805783,0.299245884158017,0.299885840676093,0.300366061137703,0.300682708036084,0.300832716899602,0.300814609729876,0.300628867681696,0.300278080323526,0.299766899715873,0.299101832049996,0.298290921306375,0.297343382502159,0.296269231234449,0.295078940923693,0.293783145218037,0.29239239255244,0.290916952951085,0.289366673122387,0.28775087389102,0.286078283328377,0.284356999050325,0.282594473684971,0.280797518239497,0.278972318873048,0.277124463333496,0.275258974000306,0.273380345078083,0.271492582003249,0.269599241564221,0.26770347160078,0.265808049449735,0.263915418549626,0.262027722815103,0.26014683854864,0.258274403779881,0.25641184501656,0.254560401460688,0.252721146793676,0.250895008668157,0.249082786065621,0.247285164690314,0.245502730573615,0.243735982061096,0.241985340348372,0.240251158722934,0.238533730658432,0.236833296896134,0.235150051636233,0.233484147949588,0.231835702508873,0.230204799727103,0.228591495381192,0.226995819788831,0.225417780598359,0.223857365243627,0.222314543108984,0.220789267443403,0.21928147705745,0.21779109783208,0.216318044064175,0.214862219670211,0.213423519266368,0.212001829140783,0.210597028131367,0.209208988420713,0.20783757625793,0.206482652615866,0.205144073790974,0.203821691952053,0.202515355643257,0.201224910246002,0.199950198403821,0.198691060413645,0.197447334586584,0.196218857580884,0.195005464709414,0.193806990223763,0.192623267576813,0.191454129665424,0.190299409054711,0.189158938185265,0.1880325495645,0.18692007594324,0.185821350478538,0.184736206883644,0.183664479565977,0.18260600375385,0.181560615612712,0.180528152351523,0.179508452319933,0.178501355096811,0.177506701570676,0.176524334012547,0.175554096141667,0.174595833184567,0.173649391927877,0.172714620765275,0.171791369738964,0.170879490576,0.169978836719815,0.16908926335725,0.168210627441376,0.167342787710383,0.166485604702805,0.165638940769319,0.164802660081345,0.163976628636679,0.163160714262348,0.162354786614892,0.161558717178255,0.160772379259456,0.159995647982197,0.15922840027857,0.158470514879008,0.157721872300605,0.156982354833946,0.156251846528561,0.155530233177118,0.154817402298465,0.154113243119613,0.153417646556774,0.152730505195515,0.15205171327014,0.151381166642366,0.150718762779356,0.150064400731207,0.149417981107934,0.148779406056018,0.148148579234584,0.14752540579125,0.146909792337713,0.146301646925105,0.145700879019172,0.145107399475317,0.144521120513546,0.143941955693353,0.143369819888575,0.14280462926226,0.142246301241565,0.141694754492719,0.141149908896079,0.140611685521297,0.140080006602631,0.139554795514404,0.139035976746655,0.138523475880977,0.138017219566575,0.137517135496553,0.137023152384444,0.136535199941004,0.136053208851274,0.135577110751926,0.135106838208902,0.134642324695366,0.134183504569953,0.13373031305536,0.13328268621725,0.132840560943503,0.132403874923807,0.1319725666296,0.131546575294362,0.131125840894273,0.13071030412923,0.130299906404232,0.12989458981114,0.129494297110803,0.129098971715568,0.128708557672164,0.128322999644965,0.127942242899639,0.127566233287178,0.127194917228307,0.126828241698281,0.126466154212067,0.126108602809907,0.125755536043262,0.125406902961147,0.12506265309684,0.12472273645497,0.124387103498997,0.124055705139052,0.123728492720168,0.123405418010874,0.123086433192168,0.122771490846851,0.122460543949236,0.122153545855214,0.121850450292683,0.121551211352331,0.121255783478779,0.120964121462068,0.120676180429492,0.12039191583778,0.120111283465609,0.119834239406456,0.119560740061776,0.119290742134505,0,0.295100203629511,0.296414748852237,0.297515489771286,0.29843896341832,0.29919794533082,0.299793953959587,0.30022500348517,0.300488758471701,0.300583805999425,0.300510270844071,0.30027012381508,0.299867263358911,0.299307411714117,0.298597877482839,0.297747241234704,0.296765013604068,0.295661302277094,0.294446510822995,0.293131081272388,0.291725284407807,0.290239056611473,0.28868187917433,0.287062694557782,0.285389853679353,0.283671088468834,0.281913504439087,0.280123588658252,0.278307229189402,0.276469742718112,0.274615907686376,0.272750000779635,0.270875835069809,0.26899679850417,0.267115891753603,0.265235764701015,0.263358751068563,0.261486900857542,0.259622010413507,0.257765650037041,0.255919189142583,0.254083819028297,0.252260573363017,0.250450346525199,0.248653909946476,0.246871926621303,0.245104963946415,0.243353505051056,0.241617958772675,0.239898668424086,0.238195919487912,0.236509946363116,0.234840938277198,0.23318904446646,0.23155437871603,0.229937023341176,0.228337032682025,0.226754436175105,0.225189241057303,0.22364143475073,0.222110986970659,0.220597851593132,0.219101968313853,0.2176232641257,0.216161654638384,0.214717045260506,0.213289332261446,0.211878403728038,0.210484140428901,0.209106416597469,0.207745100643224,0.206400055799313,0.205071140713582,0.203758209989121,0.202461114679574,0.201179702743774,0.199913819463669,0.198663307828994,0.197428008891726,0.196207762092965,0.1950024055646,0.193811776407826,0.19263571095037,0.191474044984062,0.190326613984238,0.189193253312311,0.188073798402708,0.186968084935278,0.185875948994156,0.184797227214023,0.183731756914564,0.182679376223945,0.18163992419198,0.180613240893682,0.179599167523804,0.178597546482939,0.177608221455718,0.176631037481615,0.175665841018808,0.174712480001552,0.173770803891467,0.172840663723127,0.171921912144322,0.171014403451316,0.170117993619448,0.169232540329352,0.168357902989104,0.167493942752544,0.166640522534047,0.16579750701996,0.164964762676952,0.16414215775746,0.163329562302469,0.162526848141777,0.161733888891943,0.160950559952086,0.160176738497681,0.159412303472512,0.158657135578913,0.157911117266438,0.157174132719074,0.156446067841125,0.15572681024187,0.155016249219094,0.154314275741609,0.153620782430831,0.152935663541521,0.152258814941758,0.151590134092227,0.150929520024894,0.150276873321127,0.149632096089343,0.148995091942218,0.148365765973544,0.147744024734752,0.147129776211187,0.146522929798146,0.145923396276752,0.145331087789682,0.144745917816803,0.144167801150741,0.143596653872425,0.143032393326628,0.142474938097542,0.141924207984411,0.141380123977247,0.140842608232657,0.140311584049793,0.139786975846461,0.139268709135393,0.138756710500713,0.138250907574601,0.137751229014184,0.137257604478657,0.136769964606655,0.136288240993884,0.135812366171026,0.135342273581921,0.134877897562052,0.134419173317321,0.133966036903144,0.133518425203852,0.133076275912432,0.132639527510585,0.13220811924913,0.131781991128742,0.131361083881046,0.130945338950054,0.13053469847396,0.130129105267295,0.129728502803438,0.129332835197497,0.128942047189551,0.128556084128257,0.128174891954838,0.127798417187425,0.127426606905785,0.127059408736407,0.126696770837972,0.126338641887186,0.12598497106499,0.125635708043137,0.125290802971138,0.124950206463587,0.124613869587842,0.124281743852074,0.123953781193692,0.123629933968116,0.123310154937921,0.122994397262332,0.122682614487085,0.122374760534627,0.12207078969468,0.121770656615148,0.121474316293359,0.121181724067664,0.12089283560936,0.120607606914954,0.120325994298751,0.120047954385773,0.119773444104994,0,0.293783143029395,0.29524769095018,0.296490581265168,0.297544520971272,0.298426154591455,0.299140557629885,0.299687845762888,0.300066699548297,0.300276016946289,0.300315764587593,0.300187445386222,0.299894307655098,0.299441348319282,0.298835160433186,0.298083679528147,0.297195879300112,0.296181456674079,0.295050533943508,0.29381339455845,0.292480260492317,0.291061113079354,0.289565555388171,0.28800271204098,0.286381161396718,0.284708894780685,0.282993297662352,0.28124114814794,0.279458628728919,0.277651347827172,0.275824368253481,0.273982240222678,0.272129037035186,0.270268391938205,0.268403535022867,0.266537329300885,0.264672305341404,0.262810694041932,0.260954457262227,0.259105316172389,0.257264777261166,0.255434156022062,0.253614598387429,0.251807100017622,0.250012523576759,0.248231614141102,0.246465012892919,0.244713269253654,0.242976851606913,0.241256156755421,0.239551518247683,0.237863213700415,0.236191471232542,0.234536475116016,0.232898370738466,0.231277268962714,0.229673249958876,0.228086366576081,0.22651664731284,0.224964098937919,0.223428708806982,0.221910446914515,0.220409267715341,0.218925111745479,0.217457907068116,0.216007570566948,0.214574009106099,0.213157120573198,0.211756794819901,0.210372914512152,0.209005355900833,0.20765398952193,0.20631868083414,0.204999290800757,0.203695676421744,0.202407691221149,0.201135185694314,0.19987800771879,0.198636002932354,0.197409015081126,0.196196886340416,0.194999457610626,0.193816568790278,0.192648059027987,0.191493766955052,0.190353530900111,0.189227189087204,0.188114579818451,0.187015541642418,0.185929913509191,0.184857534913055,0.183798246023609,0.182751887806105,0.181718302131706,0.180697331878321,0.179688821022637,0.17869261472391,0.177708559400038,0.176736502796417,0.17577629404804,0.174827783735266,0.173890823933662,0.172965268258308,0.172050971902906,0.171147791674039,0.170255586020884,0.169374215060685,0.16850354060026,0.167643426153794,0.166793736957182,0.165954339979141,0.165125103929315,0.164305899263577,0.16349659818672,0.16269707465273,0.161907204362799,0.16112686476125,0.160355935029523,0.159594296078368,0.15884183053838,0.158098422749004,0.157363958746127,0.156638326248379,0.155921414642242,0.155213114966064,0.154513319893088,0.15382192371357,0.15313882231607,0.152463913168014,0.15179709529557,0.151138269262935,0.150487337151085,0.14984420253605,0.149208770466775,0.148580947442626,0.147960641390571,0.147347761642117,0.146742218910015,0.146143925264799,0.14555279411118,0.144968740164352,0.144391679426222,0.143821529161614,0.143258207874474,0.142701635284093,0.142151732301388,0.141608421005263,0.141071624619067,0.140541267487173,0.140017275051707,0.139499573829431,0.13898809138881,0.138482756327271,0.137983498248674,0.137490247741009,0.137002936354328,0.136521496578931,0.136045861823805,0.135575966395348,0.13511174547636,0.134653135105333,0.134200072156036,0.13375249431741,0.133310340073764,0.132873548685308,0.132442060168993,0.132015815279694,0.131594755491716,0.131178822980652,0.130767960605572,0.130362111891561,0.129961221012612,0.129565232774862,0.129174092600187,0.128787746510148,0.128406141110301,0.128029223574858,0.12765694163171,0.12728924354781,0.126926078114918,0.126567394635702,0.126213142910201,0.125863273222649,0.125517736328655,0.125176483442745,0.124839466226258,0.124506636775593,0.124177947610825,0.123853351664655,0.123532802271721,0.123216253158259,0.122903658432102,0.122594972573027,0.122290150423445,0.121989147179421,0.121691918382041,0.121398419909098,0.121108607967116,0.120822439083692,0.120539870100163,0.120260858164591,0,0.292378075970223,0.293987649584004,0.295373944759155,0.296561726388419,0.297569285291364,0.298404666953108,0.299070123534106,0.299565540408131,0.299890328471889,0.300044476538386,0.300029167129164,0.299847107508124,0.299502638498756,0.299001669799438,0.29835149317015,0.297560523374231,0.296638009058309,0.295593745035679,0.294437806755042,0.293180318761518,0.291831262221743,0.290400321973131,0.288896770681224,0.287329386106231,0.285706396794201,0.28403545140512,0.282323607137218,0.280577333142721,0.278802525348654,0.277004529630362,0.27518817079645,0.273357785310719,0.271517256090477,0.269670048078993,0.267819243594618,0.265967576714357,0.264117466160195,0.262271046327741,0.26043019623378,0.258596566267182,0.256771602710709,0.254956570063754,0.253152571241514,0.251360565757733,0.249581386018706,0.247815751868036,0.246064283526721,0.244327513073118,0.242605894603574,0.240899813208147,0.239209592887743,0.237535503529825,0.235877767050225,0.234236562798807,0.232612032317185,0.231004283527531,0.229413394422875,0.227839416321312,0.226282376739151,0.224742281931427,0.223219119142129,0.221712858601193,0.220223455300462,0.21875085057669,0.21729497352586,0.215855742269933,0.214433065094239,0.2130268414713,0.211636962984737,0.210263314165032,0.208905773247371,0.207564212860384,0.206238500653428,0.204928499869053,0.2036340698664,0.202355066600564,0.201091343062274,0.199842749681729,0.198609134699938,0.197390344510518,0.196186223974539,0.194996616710739,0.193821365363137,0.192660311847879,0.191513297580951,0.190380163688217,0.189260751199115,0.188154901225202,0.187062455124633,0.185983254653575,0.184917142105446,0.183863960438824,0.182823553394782,0.181795765604355,0.180780442686788,0.179777431339174,0.178786579418038,0.177807736013392,0.176840751515739,0.175885477676493,0.174941767662225,0.174009476103141,0.173088459136162,0.172178574442952,0.171279681283219,0.170391640523608,0.16951431466246,0.168647567850717,0.167791265909222,0.166945276342668,0.166109468350402,0.16528371283431,0.164467882403983,0.163661851379348,0.162865495790942,0.162078693378,0.161301323584513,0.1605332675534,0.159774408118942,0.159024629797604,0.158283818777366,0.157551862905692,0.156828651676231,0.156114076214365,0.155408029261699,0.154710405159577,0.154021099831725,0.153340010766085,0.152667036995931,0.152002079080329,0.151345039084013,0.150695820556739,0.150054328512177,0.149420469406396,0.148794151115996,0.148175282915935,0.1475637754571,0.146959540743657,0.146362492110237,0.145772544198977,0.145189612936464,0.144613615510618,0.14404447034753,0.143482097088305,0.142926416565919,0.142377350782128,0.141834822884447,0.141298757143226,0.140769078928839,0.140245714689009,0.139728591926286,0.139217639175697,0.138712785982582,0.138213962880627,0.137721101370122,0.137234133896433,0.136752993828728,0.136277615438942,0.13580793388101,0.135343885170367,0.13488540616373,0.134432434539163,0.13398490877644,0.133542768137704,0.133105952648445,0.132674403078774,0.13224806092503,0.131826868391701,0.13141076837368,0.13099970443884,0.130593620810954,0.13019246235295,0.129796174550498,0.12940470349595,0.129017995872619,0.128635998939396,0.12825866051573,0.12788592896694,0.127517753189883,0.127154082598973,0.126794867112541,0.126440057139549,0.126089603566658,0.125743457745629,0.125401571481088,0.125063897018626,0.12473038703325,0.124400994618173,0.124075673273951,0.123754376897957,0.123437059774196,0.123123676563454,0.12281418229378,0.122508532351303,0.122206682471376,0.121908588730046,0.121614207535845,0.121323495621902,0.121036410038376,0.120752908145192,0,0.290888382827491,0.2926378812968,0.294166883992323,0.295490526661883,0.29662663909036,0.297585353493954,0.298370871692285,0.298984351490295,0.299425856547261,0.299695547301135,0.299794420737246,0.299724751048639,0.299490298099366,0.299096329871747,0.298549505940058,0.2978576695778,0.29702959124203,0.296074697502204,0.295002809730931,0.293823907971328,0.292547928232301,0.291184596214475,0.289743296933968,0.288232977543493,0.286662079492197,0.285038495705854,0.2833695484619,0.281661983898352,0.279921979505571,0.278155161420956,0.276366628826073,0.274560983202021,0.272742360614983,0.270914465572549,0.269080605310512,0.26724372364116,0.265406433721077,0.26357104928345,0.261739614031603,0.259913929011624,0.258095577876848,0.256285950029823,0.254486261681793,0.252697574909035,0.250920814812378,0.249156784903462,0.247406180850801,0.245669602722332,0.243947565860288,0.242240510520163,0.240548810399232,0.238872780172305,0.237212682143707,0.235568732115497,0.233941104562794,0.23232993719824,0.230735334999149,0.229157373762911,0.227596103248834,0.226051549957837,0.224523719595252,0.223012599256436,0.221518159369947,0.220040355428621,0.218579129534966,0.217134411783875,0.215706121502619,0.214294168365455,0.212898453397881,0.211518869883584,0.210155304185359,0.208807636489838,0.207475741484507,0.206159488974426,0.20485874444507,0.203573369576899,0.202303222716547,0.201048159308901,0.199808032293822,0.198582692470805,0.197371988834477,0.196175768883503,0.194993878905172,0.193826164237703,0.19267246951205,0.191532638874864,0.190406516194035,0.189293945248144,0.188194769901013,0.187108834262428,0.186035982836021,0.184976060655208,0.183928913408011,0.182894387551515,0.181872330416664,0.180862590304034,0.179865016571184,0.178879459712138,0.177905771429511,0.176943804699753,0.175993413831974,0.175054454520741,0.17412678389326,0.173210260551299,0.172304744608184,0.171410097721211,0.170526183119746,0.16965286562932,0.168790011691968,0.167937489383073,0.167095168424934,0.166262920197294,0.165440617745025,0.16462813578317,0.163825350699519,0.163032140554905,0.162248385081365,0.161473965678329,0.160708765406988,0.159952668982959,0.159205562767389,0.158467334756612,0.157737874570477,0.157017073439448,0.156304824190575,0.155601021232441,0.154905560539165,0.154218339633541,0.153539257569405,0.15286821491329,0.152205113725446,0.151549857540291,0.15090235134635,0.150262501565744,0.149630216033275,0.149005403975174,0.148387975987545,0.147777844014549,0.147174921326388,0.146579122497106,0.145990363382264,0.145408561096503,0.144833633991049,0.144265501631179,0.143704084773671,0.14314930534428,0.142601086415254,0.142059352182916,0.141524027945333,0.140995040080097,0.140472316022234,0.139955784242252,0.139445374224361,0.138941016444864,0.138442642350741,0.137950184338446,0.137463575732909,0.13698275076678,0.13650764455991,0.136038193099077,0.13557433321798,0.135116002577497,0.13466313964622,0.134215683681274,0.133773574709425,0.133336753508485,0.13290516158902,0.132478741176362,0.132057435192937,0.131641187240905,0.131229941585117,0.130823643136405,0.130422237435186,0.130025670635401,0.129633889488784,0.129246841329463,0.128864474058893,0.128486736131129,0.128113576538431,0.127744944797211,0.127380790934313,0.127021065473637,0.126665719423096,0.12631470426191,0.125967971928248,0.12562547480719,0.125287165719044,0.12495299790798,0.124622925031013,0.124296901147305,0.123974880707811,0.123656818545242,0.12334266986436,0.1230323902326,0.122725935571011,0.122423262145516,0.12212432655849,0.121829085740659,0.121537496943298,0.121249517730744,0,0.289317749847307,0.291202494927617,0.292871748136762,0.294331725685909,0.295598108511954,0.296682062852107,0.297589349219462,0.298322331463908,0.298881788292006,0.299268158039234,0.29948236499079,0.29952635004444,0.299403367999751,0.299118092709652,0.298676571366373,0.298086071610008,0.297354863128707,0.296491969111667,0.295506914549243,0.294409489956014,0.293209541805686,0.291916795272153,0.290540710774948,0.28909037311025,0.287574410315395,0.286000938576071,0.284377529194228,0.282711193697896,0.281008383448737,0.279275000489383,0.277516416803423,0.275737499593732,0.27394264059447,0.27213578780456,0.270320478359837,0.268499871545887,0.26667678119546,0.264853706916334,0.263032863761598,0.261216210088769,0.259405473461112,0.257602174528056,0.255807648885368,0.254023066963081,0.25224945202306,0.250487696371093,0.248738575902718,0.247002763109579,0.245280838675497,0.24357330178992,0.241880579302194,0.240203033833805,0.238540970958351,0.236894645550786,0.235264267399025,0.233650006162541,0.232051995754324,0.230470338214759,0.228905107138564,0.227356350709133,0.225824094388345,0.224308343304233,0.22280908437376,0.22132628819336,0.219859910725832,0.218409894808516,0.21697617150452,0.215558661315926,0.214157275275467,0.212771915931005,0.211402478235274,0.210048850351716,0.208710914385851,0.207388547050364,0.206081620271073,0.204790001740001,0.203513555420997,0.202252142012676,0.201005619372851,0.199773842908126,0.198556665931882,0.197353939993523,0.196165515181491,0.194991240402314,0.193830963637678,0.192684532181313,0.191551792857304,0.190432592221258,0.189326776745641,0.188234192990451,0.187154687760313,0.186088108248955,0.185034302171965,0.183993117888649,0.182964404513726,0.18194801201956,0.180943791329567,0.17995159440338,0.178971274314322,0.178002685319691,0.177045682924333,0.176100123937938,0.175165866526471,0.174242770258116,0.173330696144099,0.172429506674719,0.171539065850896,0.170659239211545,0.169789893857032,0.168930898468988,0.168082123326714,0.167243440320407,0.166414722961425,0.165595846389792,0.164786687379126,0.163987124339178,0.163197037316146,0.162416307990922,0.161644819675418,0.160882457307114,0.160129107441964,0.159384658245775,0.158648999484183,0.157922022511328,0.157203620257342,0.156493687214743,0.155792119423817,0.155098814457089,0.154413671402959,0.153736590848572,0.153067474862001,0.152406226973814,0.151752752158077,0.151106956812857,0.150468748740297,0.149838037126278,0.149214732519766,0.148598746811843,0.147989993214507,0.147388386239245,0.146793841675449,0.14620627656869,0.145625609198892,0.145051759058436,0.144484646830227,0.143924194365746,0.143370324663116,0.142822961845207,0.142282031137805,0.141747458847855,0.141219172341817,0.140697100024137,0.140181171315855,0.139671316633369,0.139167467367375,0.138669555861979,0.138177515394015,0.137691280152568,0.137210785218719,0.136735966545522,0.136266760938217,0.1358031060347,0.135344940286243,0.134892202938488,0.134444834012708,0.134002774287352,0.133565965279869,0.133134349228833,0.132707869076354,0.132286468450797,0.131870091649803,0.131458683623616,0.131052189958728,0.130650556861835,0.130253731144107,0.129861660205789,0.129474292021108,0.12909157512352,0.128713458591269,0.128339892033276,0.127970825575362,0.127606209846782,0.127245995967106,0.126890135533414,0.126538580607824,0.126191283705344,0.12584819778206,0.125509276223637,0.125174472834155,0.124843741825265,0.124517037805669,0.12419431577092,0.123875531093546,0.12356063951348,0.123249597128822,0.122942360386902,0.122638886075659,0.122339131315328,0.122043053550435,0.12175061054209,0,0.287670829774121,0.289686436436428,0.291491893302611,0.293087026838034,0.294484261105064,0.295694703800001,0.296725116970142,0.297578869123472,0.298257428382838,0.298761563585106,0.29909220828865,0.299251054554671,0.299240923284262,0.299065943783624,0.298731576294899,0.298244515617862,0.297612514774354,0.296844163967552,0.29594865349551,0.294935541744859,0.293814542305886,0.292595338335303,0.291287427770696,0.28989999979937,0.288441840894956,0.286921267509523,0.285346081912597,0.283723547504505,0.282060380045836,0.280362751524167,0.278636303743525,0.276886169117682,0.275116996541102,0.273332980580467,0.271537892564253,0.269735112442856,0.267927660546418,0.266118228583309,0.264309209402086,0.26250272518733,0.260700653878795,0.258904653697775,0.257116185738005,0.255336534634187,0.253566827362355,0.251808050255485,0.250061064337244,0.248326619088666,0.246605364768455,0.244897863408984,0.243204598608053,0.241525984232059,0.239862372140141,0.238214059031724,0.236581292512188,0.234964276463437,0.233363175798265,0.231778120669755,0.23020921019966,0.228656515782904,0.227120084018994,0.225599939315374,0.22409608620245,0.222608511395294,0.221137185632762,0.219682065320976,0.218243094004741,0.216820203687505,0.215413316017844,0.214022343358154,0.212647189749234,0.211287751782673,0.209943919391433,0.208615576567691,0.207302602015851,0.206004869747625,0.204722249625235,0.203454607858011,0.202201807457031,0.200963708651888,0.199740169273155,0.198531045103736,0.197336190201894,0.196155457198453,0.194988697570379,0.193835761892718,0.192696500070663,0.191570761553319,0.190458395530619,0.189359251114652,0.188273177506589,0.187200024150263,0.186139640873358,0.185091878017106,0.184056586555284,0.18303361820326,0.182022825517773,0.18102406198806,0.18003718211894,0.179062041506359,0.178098496905924,0.177146406294876,0.176205628927936,0.175276025387426,0.174357457628047,0.173449789016653,0.17255288436736,0.171666609972291,0.170790833628246,0.169925424659569,0.16907025393746,0.168225193895971,0.167390118544915,0.166564903479885,0.16574942588959,0.164943564560691,0.164147199880307,0.163360213836358,0.162582490015893,0.161813913601559,0.161054371366337,0.160303751666673,0.159561944434133,0.158828841165688,0.158104334912735,0.157388320268961,0.156680693357139,0.155981351814944,0.15529019477988,0.154607122873388,0.153932038184212,0.153264844251094,0.152605446044867,0.151953749949994,0.151309663745628,0.150673096586235,0.150043958981835,0.149422162777913,0.148807621135034,0.148200248508224,0.147599960626125,0.147006674470004,0.146420308252605,0.145840781396915,0.145268014514852,0.144701929385913,0.144142448935804,0.143589497215084,0.143042999377843,0.142502881660428,0.14196907136026,0.141441496814733,0.140920087380234,0.1404047734113,0.139895486239905,0.13939215815493,0.138894722381791,0.138403113062267,0.13791726523452,0.137437114813335,0.136962598570571,0.136493654115856,0.136030219877508,0.135572235083719,0.135119639743985,0.134672374630797,0.134230381261614,0.1337936018811,0.133361979443642,0.132935457596162,0.132513980661213,0.132097493620366,0.131685942097907,0.131279272344823,0.130877431223096,0.130480366190311,0.130088025284563,0.129700357109681,0.129317310820767,0.128938836110041,0.128564883193011,0.128195402794956,0.127830346137723,0.127469664926847,0.127113311338986,0.126761238009671,0.126413398021383,0.126069744891935,0.125730232563176,0.125394815390019,0.125063448129764,0.124736085931756,0.12441268432734,0.124093199220133,0.123777586876603,0.123465803916957,0.12315780730633,0.122853554346283,0.122553002666593,0.12225611021735,0,0.285954669710099,0.288095510904786,0.29003162451835,0.291759039090291,0.293286397129606,0.294623724097969,0.29577811132915,0.296753606382241,0.29755224912395,0.298175130173541,0.29862323583587,0.298898071771082,0.299002085910605,0.29893891037157,0.298713446533053,0.298331824204472,0.297801269514115,0.297129915216005,0.296326582615303,0.295400558034407,0.294361380190442,0.293218648969992,0.291981861303502,0.290660276249958,0.289262808898996,0.287797951093478,0.286273716063498,0.28469760365208,0.283076582744965,0.281417087668389,0.279725025598628,0.27800579237087,0.276264294439559,0.274504975099735,0.272731843412711,0.270948504580524,0.269158190778398,0.267363791682417,0.265567884122303,0.263772760449468,0.261980455341547,0.260192770870132,0.258411299741717,0.256637446686406,0.254872448017673,0.253117389422149,0.251373222063467,0.249640777100716,0.247920778731813,0.246213855876601,0.24452055261503,0.242841337493387,0.241176611806999,0.239526716961967,0.237891941011626,0.236272524456192,0.234668665386594,0.233080524046141,0.231508226876537,0.229951870108026,0.228411522947085,0.226887230409242,0.225379015839228,0.223886883155786,0.222410818854044,0.22095079379444,0.219506764803614,0.218078676109591,0.216666460630778,0.215270041135862,0.213889331289564,0.212524236597276,0.211174655260023,0.209840478949684,0.20852159351321,0.207217879613462,0.205929213313325,0.204655466608973,0.203396507917402,0.202152202522756,0.200922412985423,0.1997069995174,0.198505820327046,0.197318731935952,0.196145589470399,0.194986246929557,0.193840557432386,0.192708373444973,0.191589546989878,0.190483929838888,0.189391373690466,0.188311730333034,0.187244851795152,0.186190590483539,0.18514879930981,0.184119331806724,0.183102042234686,0.18209678567916,0.181103418139627,0.18012179661066,0.179151779155635,0.17819322497359,0.177245994459665,0.17630994925957,0.175384952318462,0.174470867924599,0.173567561748134,0.172674900875339,0.171792753838589,0.170920990642372,0.170059482785594,0.169208103280417,0.168366726667881,0.167535229030503,0.166713488002078,0.165901382774863,0.165098794104323,0.164305604311617,0.163521697283972,0.162746958473109,0.161981274891843,0.161224535109003,0.1604766292428,0.15973744895274,0.159006887430217,0.158284839387871,0.157571201047817,0.156865870128836,0.156168745832611,0.155479728829094,0.154798721241077,0.154125626628039,0.153460349969337,0.152802797646805,0.152152877426821,0.151510498441896,0.15087557117184,0.150248007424555,0.149627720316499,0.149014624252863,0.14840863490751,0.147809669202712,0.147217645288707,0.146632482523135,0.146054101450365,0.145482423780751,0.144917372369844,0.144358871197584,0.143806845347503,0.143261220985951,0.142721925341383,0.142188886683704,0.141662034303716,0.141141298492669,0.140626610521936,0.140117902622825,0.139615107966551,0.139118160644374,0.138626995647913,0.138141548849659,0.137661756983684,0.137187557626567,0.136718889178541,0.136255690844871,0.135797902617471,0.135345465256765,0.134898320273808,0.134456409912657,0.134019677133018,0.133588065593151,0.133161519633068,0.132739984257991,0.132323405122113,0.131911728512632,0.131504901334087,0.131102871092984,0.130705585882714,0.130312994368783,0.129925045774326,0.129541689865942,0.129162876939819,0.128788557808173,0.128418683785992,0.128053206678081,0.127692078766429,0.127335252797867,0.126982681972049,0.126634319929729,0.126290120741358,0.125950038895975,0.125614029290417,0.125282047218823,0.124954048362453,0.124629988779801,0.124309824897019,0.123993513498631,0.123681011718556,0.123372277031417,0.123067267244156,0.122765940487931,0,0.284177117091194,0.286436384358515,0.288496119457122,0.290351248064657,0.292006577745382,0.293470168495957,0.29474870973178,0.295846499388604,0.296765942190931,0.297508376588565,0.298074840846145,0.298466688795761,0.298686040870504,0.298736072852885,0.298621154780297,0.298346862173246,0.297919888370064,0.297347888682005,0.296639284919927,0.295803054144312,0.294848519791726,0.293785157739129,0.29262242501205,0.291369614980076,0.290035740030086,0.288629440751132,0.287158919438626,0.285631895056383,0.284055576527185,0.282436651227424,0.280781285739229,0.279095136190565,0.277383365838263,0.275650667885452,0.27390129185108,0.27213907211167,0.270367457507052,0.268589541139794,0.266808089702294,0.265025571837739,0.263244185183906,0.261465881865252,0.259692392292121,0.25792524719943,0.256165797913836,0.254415234880955,0.252674604515133,0.25094482445575,0.249226697327953,0.247520923113657,0.24582811024198,0.244148785508141,0.242483402927123,0.240832351623885,0.239195962856148,0.237574516259324,0.235968245396239,0.234377342687391,0.232801963790552,0.231242231491939,0.229698239164871,0.228170053845944,0.226657718973354,0.225161256826974,0.223680670705276,0.222215946870116,0.220767056286683,0.219333956182683,0.217916591447858,0.216514895892386,0.215128793380418,0.213758198852977,0.212403019252703,0.211063154361356,0.209738497559648,0.208428936517789,0.207134353824091,0.205854627558081,0.204589631813802,0.203339237178265,0.202103311169472,0.200881718637851,0.199674322134572,0.198480982249737,0.197301557923174,0.196135906730217,0.194983885144611,0.193845348780472,0.192720152614996,0.191608151193482,0.190509198818041,0.189423149721266,0.188349858225988,0.187289178892158,0.186240966651805,0.185205076932917,0.184181365773046,0.183169689923349,0.182169906943742,0.181181875289766,0.180205454391738,0.179240504726711,0.17828688788372,0.177344466622769,0.176413104927979,0.175492668055273,0.174583022574974,0.173684036409648,0.172795578867501,0.17191752067164,0.171049733985451,0.170192092434375,0.169344471124307,0.168506746656855,0.167678797141659,0.166860502205987,0.166051743001775,0.165252402210302,0.164462364044662,0.163681514250173,0.162909740102898,0.162146930406385,0.161392975486772,0.160647767186375,0.159911198855869,0.159183165345175,0.158463562993147,0.157752289616161,0.157049244495684,0.156354328364927,0.155667443394632,0.154988493178096,0.154317382715486,0.153654018397507,0.152998307988498,0.152350160609005,0.151709486717888,0.151076198094013,0.150450207817572,0.149831430251092,0.149219781020154,0.148615176993878,0.148017536265205,0.147426778131011,0.146842823072092,0.14626559273304,0.145695009902048,0.145130998490669,0.144573483513558,0.144022391068205,0.143477648314711,0.142939183455592,0.142406925715669,0.14188080532202,0.141360753484058,0.140846702373706,0.140338585105721,0.139836335718152,0.13933988915297,0.138849181236862,0.13836414866221,0.137884728968272,0.137410860522554,0.13694248250241,0.136479534876851,0.136021958388593,0.13556969453634,0.135122685557307,0.134680874409997,0.134244204757234,0.133812620949458,0.133386068008279,0.132964491610314,0.132547838071284,0.132136054330404,0.131729087935043,0.131326887025672,0.130929400321101,0.130536577104008,0.130148367206747,0.129764720997467,0.129385589366511,0.12901092371312,0.128640675932429,0.128274798402763,0.127913243973233,0.127555965951628,0.127202918092606,0.126854054586187,0.126509330046537,0.126168699501065,0.125832118379799,0.125499542505071,0.125170928081497,0.124846231686245,0.124525410259605,0.124208421095842,0.123895221834347,0.123585770451072,0.123280025250251,0,0.282347883765229,0.284716587059586,0.286891329641743,0.288867953765322,0.290647622260667,0.292235715407227,0.29363778433627,0.294857874712474,0.295898469828791,0.296761017250096,0.297446558874749,0.297956298904322,0.298292055689876,0.298456578934321,0.298453730983866,0.298288544193789,0.297967175935178,0.297496787616624,0.296885374420244,0.296141569591132,0.295274442564936,0.294293305182472,0.293207535517588,0.292026424852417,0.29075905021763,0.289414172650109,0.288000159795159,0.286524930550102,0.284995918966286,0.283420054468929,0.281803755513851,0.280152933995947,0.278473007996184,0.27676892075972,0.27504516410891,0.273305804793151,0.271554512552083,0.269794588913994,0.268028995965334,0.26626038451048,0.264491121194805,0.26272331429142,0.260958837955403,0.259199354832056,0.257446336970539,0.255701085043983,0.253964745914283,0.2522383286066,0.250522718776901,0.248818691767602,0.247126924352719,0.245448005276307,0.243782444687241,0.242130682570444,0.24049309627016,0.238870007195304,0.237261686790761,0.235668361852013,0.234090219253943,0.232527410158229,0.23098005375759,0.229448240609263,0.227932035604652,0.226431480617021,0.224946596864485,0.223477387021326,0.222023837106869,0.220585918177718,0.219163587846113,0.217756791644413,0.216365464253328,0.214989530609353,0.213628906904995,0.2122835014937,0.210953215709952,0.20963794461372,0.208337577667329,0.207051999351829,0.2057810897291,0.204524724955186,0.203282777749691,0.202055117825507,0.200841612282647,0.19964212596954,0.198456521814742,0.197284661131706,0.196126403898976,0.194981609017887,0.19385013454967,0.192731837933639,0.191626576187988,0.190534206094565,0.189454584368859,0.188387567816338,0.18733301347614,0.186290778753058,0.185260721538676,0.184242700322412,0.183236574293203,0.182242203432475,0.181259448599004,0.180288171606225,0.179328235292505,0.178379503584854,0.177441841556516,0.176515115478856,0.175599192867913,0.174693942525985,0.173799234578571,0.172914940506982,0.172040933176906,0.171177086863201,0.170323277271163,0.169479381554511,0.168645278330305,0.167820847691007,0.16700597121388,0.166200531967907,0.165404414518396,0.164617504929443,0.163839690764392,0.163070861084445,0.162310906445541,0.16155971889365,0.160817191958576,0.160083220646399,0.159357701430653,0.158640532242331,0.157931612458823,0.157230842891863,0.156538125774575,0.155853364747676,0.155176464844943,0.154507332477969,0.153845875420308,0.153192002791047,0.15254562503787,0.151906653919669,0.15127500248874,0.150650585072626,0.150033317255644,0.14942311586013,0.148819898927456,0.148223585698846,0.14763409659602,0.147051353201712,0.146475278240085,0.145905795557065,0.145342830100632,0.144786307901084,0.144236156051306,0.143692302687055,0.143154676967289,0.142623209054562,0.142097830095489,0.141578472201316,0.141065068428595,0.140557552759995,0.140055860085238,0.139559926182202,0.139069687698185,0.13858508213134,0.138106047812303,0.137632523886012,0.137164450293736,0.136701767755313,0.136244417751611,0.135792342507221,0.135345484973375,0.134903788811117,0.134467198374716,0.134035658695324,0.133609115464903,0.133187515020408,0.132770804328229,0.132358930968912,0.131951843122149,0.131549489552034,0.131151819592613,0.130758783133699,0.13037033060698,0.1299864129724,0.129606981704841,0.129231988781073,0.128861386667009,0.128495128305236,0.128133167102844,0.127775456919536,0.127421952056041,0.1270726072428,0.126727377628959,0.126386218771636,0.126049086625489,0.125715937532565,0.125386728212438,0.125061415752637,0.124739957599353,0.124422311548432,0.124108435736656,0.123798288633293,0,0.280478857224341,0.282944399279873,0.28522384953516,0.287314176866035,0.289213074527291,0.290922689929967,0.292446740690545,0.293788477655754,0.294950113165077,0.295933005559818,0.296738104177595,0.297366430645687,0.29781950295396,0.298099660720632,0.298210275174029,0.298155844520536,0.297941987896744,0.297575358722639,0.297063501144126,0.296414672416512,0.295637650918154,0.294741545252044,0.293735615513285,0.292629113835774,0.291431148055873,0.29015056981812,0.288795886652493,0.287375196368944,0.285896141417834,0.284365880533075,0.2827910749022,0.281177886208151,0.279531984094712,0.277858560872357,0.276162351569218,0.274447657719728,0.272718373556442,0.270978013520063,0.269229740224506,0.267476392206617,0.265720510954545,0.263964366846448,0.26220998374472,0.260459162082835,0.258713500355156,0.2569744149772,0.255243158527484,0.253520836414448,0.251808422035092,0.250106770507627,0.248416631070169,0.246738658242593,0.245073421850144,0.243421416006262,0.241783067148932,0.240158741220431,0.238548750074959,0.236953357192782,0.235372782773392,0.233807208274075,0.232256780454231,0.230721614980064,0.229201799638798,0.227697397206472,0.226208448008698,0.224734972209422,0.223276971858827,0.221834432727972,0.220407325954561,0.218995609521379,0.217599229586416,0.216218121681384,0.214852211793382,0.213501417342656,0.212165648067858,0.210844806828829,0.209538790335719,0.208247489812219,0.206970791599721,0.205708577708446,0.204460726320842,0.203227112251952,0.202007607370898,0.200802080987161,0.199610400204919,0.198432430248342,0.197268034760428,0.196117076077685,0.194979415482717,0.193854913436571,0.192743429792501,0.191644823992633,0.190558955248905,0.189485682709483,0.188424865611761,0.187376363422972,0.186340035969298,0.18531574355434,0.184303347067705,0.183302708084407,0.182313688955746,0.181336152892231,0.180369964039128,0.179414987545112,0.178471089624507,0.177538137613543,0.176616000021033,0.175704546573849,0.174803648257536,0.173913177352401,0.17303300746537,0.172163013557897,0.171303071970198,0.17045306044204,0.169612858130334,0.168782345623735,0.16796140495446,0.167149919607505,0.166347774527449,0.165554856123006,0.164771052269485,0.163996252309296,0.163230347050659,0.162473228764625,0.161724791180544,0.160984929480095,0.160253540289974,0.159530521673359,0.158815773120227,0.158109195536634,0.157410691233026,0.156720163911664,0.156037518653247,0.155362661902786,0.154695501454811,0.154035946437963,0.153383907299038,0.15273929578652,0.152102024933683,0.151472009041281,0.150849163659892,0.150233405571946,0.149624652773488,0.149022824455706,0.148427840986258,0.147839623890443,0.14725809583223,0.146683180595191,0.146114803063353,0.145552889202003,0.144997366038464,0.144448161642874,0.143905205108972,0.143368426534935,0.142837757004261,0.142313128566731,0.141794474219464,0.14128172788807,0.140774824407932,0.140273699505615,0.139778289780425,0.139288532686124,0.138804366512813,0.138325730368995,0.137852564163828,0.137384808589571,0.136922405104235,0.136465295914457,0.136013423958574,0.135566732889948,0.135125167060502,0.134688671504505,0.134257191922599,0.133830674666073,0.133409066721387,0.132992315694958,0.132580369798195,0.132173177832812,0.131770689176392,0.131372853768232,0.130979622095449,0.130590945179367,0.130206774562172,0.129827062293851,0.129451760919399,0.129080823466317,0.128714203432379,0.128351854773684,0.127993731892991,0.127639789628332,0.127289983241906,0.126944268409258,0.126602601208734,0.12626493811122,0.125931235970161,0.125601452011857,0.125275543826038,0.124953469356716,0.124635186893317,0.124320655062078,0,0.278582010945754,0.281128581883584,0.283500746484033,0.285695535995178,0.287707140060101,0.289534052227894,0.291177539006466,0.292639510036336,0.293921515307491,0.295024575693775,0.295949406809196,0.296696778944954,0.297267885380589,0.297664654412928,0.297889972736441,0.297947808828305,0.297843240319841,0.297582399601518,0.297172357281682,0.296620964403279,0.295936672742111,0.295128349303346,0.294205097300817,0.293176092131857,0.292050437544818,0.290837044512819,0.289544533304133,0.288181157820625,0.286754750363722,0.285272684474605,0.283741853279418,0.282168660763147,0.280559023526351,0.278918380792359,0.277251710688768,0.27556355109779,0.273858023636326,0.272138859576686,0.270409426745804,0.268672756641526,0.266931571178246,0.265188308621733,0.263445148396188,0.261704034547765,0.259966697730511,0.258234675645463,0.256509331914066,0.254791873405328,0.253083366064289,0.251384749309385,0.249696849079596,0.248020389620313,0.246356004100832,0.244704244157173,0.243065588452389,0.241440450343305,0.239829184738211,0.238232094224883,0.236649434542737,0.235081419467122,0.233528225168008,0.231989994099724,0.23046683847298,0.228958843355346,0.22746606944163,0.225988555531183,0.224526320745176,0.22307936651322,0.221647678355401,0.220231227482812,0.218829972237019,0.217443859386498,0.21607282529595,0.214716796982559,0.213375693071548,0.212049424661952,0.210737896112216,0.209441005754083,0.208158646542263,0.206890706646441,0.205637069991481,0.204397616750944,0.203172223798479,0.201960765121125,0.200763112198104,0.199579134348271,0.198408699049073,0.197251672229526,0.196107918539481,0.194977301597186,0.193859684216964,0.19275492861865,0.191662896620229,0.190583449815034,0.189516449734679,0.188461757998836,0.187419236452843,0.186388747294033,0.185370153187638,0.184363317372985,0.183368103760713,0.182384377021621,0.181412002667744,0.180450847126195,0.179500777806266,0.178561663160257,0.177633372738454,0.176715777238649,0.175808748550587,0.174912159795651,0.17402588536214,0.173149800936403,0.17228378353013,0.171427711504049,0.170581464588269,0.169744923899495,0.168917971955333,0.168100492685879,0.167292371442767,0.166493495005874,0.165703751587818,0.164923030836424,0.164151223835285,0.163388223102565,0.162633922588162,0.161888217669356,0.161151005145051,0.160422183228713,0.159701651540111,0.158989311095942,0.158285064299443,0.157588814929051,0.156900468126213,0.15621993038239,0.155547109525357,0.154881914704826,0.154224256377484,0.153574046291483,0.152931197470447,0.152295624197031,0.1516672419961,0.151045967617556,0.150431719018857,0.149824415347277,0.149223976921927,0.148630325215589,0.148043382836382,0.1474630735093,0.146889322057642,0.146322054384367,0.145761197453397,0.145206679270893,0.144658428866518,0.144116376274728,0.14358045251608,0.143050589578609,0.142526720399258,0.14200877884541,0.141496699696504,0.140990418625777,0.140489872182126,0.139994997772115,0.13950573364213,0.139022018860691,0.138543793300945,0.138070997623335,0.137603573258453,0.1371414623901,0.136684607938543,0.136232953543991,0.135786443550278,0.135345022988786,0.134908637562579,0.134477233630788,0.134050758193226,0.13362915887525,0.133212383912865,0.132800382138091,0.132393102964568,0.131990496373434,0.131592512899452,0.131199103617403,0.130810220128746,0.130425814548537,0.130045839492623,0.129670248065102,0.129298993846054,0.12893203087954,0.128569313661878,0.12821079713019,0.127856436651219,0.127506188010422,0.127160007401332,0.126817851415202,0.126479677030908,0.126145441605136,0.125815102862832,0.125488618887928,0.125165948114331,0.124847049317191,0,0.276669320793658,0.279278014506739,0.281729350454256,0.284018099723103,0.286134596935514,0.288073361690623,0.289832696599672,0.291412655267873,0.292813717039713,0.294036280986028,0.29508064904028,0.29594723721496,0.296636862809079,0.297151022283862,0.297492111973566,0.297663568151424,0.297669920758548,0.297516767731381,0.297210684583616,0.296759087304459,0.296170066755508,0.295452210745116,0.29461442686282,0.293665775742677,0.292615321197236,0.291472000898719,0.290244519088821,0.288941261173466,0.287570228942811,0.286138994462138,0.284654670312498,0.283123893734863,0.281552822274435,0.27994713867365,0.278312062978132,0.276652370066339,0.274972411067738,0.273276137380783,0.271567126231021,0.26984860691625,0.268123487067345,0.266394378409973,0.264663621644935,0.262933310175142,0.261205312497483,0.259481293150458,0.25776273216583,0.256050943016952,0.254347089089955,0.252652198728533,0.250967178920214,0.249292827703335,0.247629845380541,0.245978844627628,0.244340359586755,0.242714854031254,0.241102728685923,0.239504327782406,0.237919944924292,0.236349828331244,0.234794185526068,0.233253187523154,0.231726972571516,0.230215649500571,0.228719300712096,0.22723798485735,0.225771739234256,0.224320581935824,0.222884513777541,0.221463520028395,0.22005757196742,0.218666628285117,0.217290636346919,0.215929533333843,0.214583247273734,0.21325169797492,0.211934797872714,0.210632452797996,0.209344562676001,0.208071022162518,0.206811721223846,0.205566545666141,0.204335377619125,0.20311809597858,0.201914576811542,0.200724693727669,0.199548318219898,0.198385319977144,0.19723556717151,0.196098926722217,0.194975264538239,0.19386444574141,0.192766334871623,0.191680796075536,0.190607693280122,0.189546890352219,0.188498251245167,0.187461640133503,0.186436921536607,0.185423960432104,0.184422622359771,0.183432773516627,0.182454280843842,0.181487012106016,0.180530835963394,0.179585622037471,0.178651240970468,0.17772756447908,0.1768144654029,0.175911817747863,0.175019496725058,0.174137378785221,0.173265341649191,0.172403264334606,0.171551027179088,0.170708511860164,0.169875601412129,0.169052180240069,0.168238134131233,0.167433350263931,0.166637717214141,0.165851124959971,0.165073464884124,0.164304629774528,0.163544513823226,0.162793012623688,0.162050023166629,0.161315443834467,0.160589174394501,0.159871115990924,0.159161171135749,0.158459243698741,0.157765238896425,0.157079063280256,0.156400624724017,0.155729832410504,0.155066596817578,0.154410829703621,0.153762444092467,0.15312135425786,0.152487475707469,0.151860725166531,0.151241020561153,0.150628281001303,0.150022426763549,0.149423379273571,0.148831061088471,0.148245395878935,0.14766630841125,0.147093724529223,0.146527571136026,0.145967776175979,0.145414268616306,0.144866978428885,0.144325836572006,0.143790774972156,0.143261726505861,0.142738624981583,0.142221405121701,0.141710002544591,0.141204353746805,0.140704396085378,0.140210067760267,0.139721307796934,0.139238056029082,0.138760253081554,0.138287840353414,0.137820760001199,0.137358954922366,0.136902368738936,0.136450945781345,0.136004631072494,0.135563370312029,0.135127109860833,0.134695796725747,0.134269378544526,0.133847803571019,0.133431020660605,0.133018979255852,0.13261162937244,0.132208921585321,0.131810807015135,0.131417237314877,0.131028164656824,0.130643541719717,0.130263321676203,0.129887458180533,0.129515905356534,0.129148617785831,0.128785550496341,0.128426658951023,0.128071899036907,0.12772122705437,0.12737459970669,0.127031974089862,0.126693307682672,0.126358558337046,0.126027684268655,0.12570064404778,0.125377396590452,0,0.274752438819281,0.277401213902106,0.279917009473616,0.282288219025481,0.284500684994315,0.286544718706354,0.288415271112509,0.290110089182899,0.291628183207934,0.292969027102314,0.294132299605856,0.295117929355739,0.29592628033127,0.296558376447223,0.297016103696485,0.297302354827015,0.297421101200011,0.297377391043199,0.297177283111656,0.296827730195591,0.296336428775279,0.295711650449308,0.29496206856213,0.294096590557843,0.293124203580002,0.292053838089277,0.290894251970149,0.289653935806189,0.288341038702674,0.286963313164103,0.285528077013431,0.28404219008899,0.282512043400844,0.280943558509064,0.279342195052851,0.277712964574334,0.276060449016788,0.274388822515165,0.272701875324693,0.271003038943267,0.26929541167139,0.267581784018062,0.265864663502167,0.264146298518033,0.262428701032508,0.260713667961427,0.259002801137857,0.257297525835348,0.255599107848476,0.2539086691624,0.252227202264421,0.250555583165343,0.248894583207933,0.247244879745202,0.245607065773354,0.243981658604045,0.242369107658475,0.240769801462565,0.23918407391818,0.237612209920667,0.236054450387905,0.234510996760906,0.232982015030953,0.231467639343301,0.229967975222732,0.228483102461881,0.227013077709042,0.225557936788401,0.224117696782111,0.222692357900448,0.221281905163399,0.219886309914418,0.218505531184762,0.217139516924705,0.21578820511609,0.214451524778983,0.21312939688375,0.211821735178548,0.210528446941084,0.209249433662457,0.20798459167002,0.206733812695388,0.205496984393026,0.204273990814247,0.203064712840886,0.201869028582469,0.200686813740255,0.199517941941175,0.198362285044363,0.197219713422684,0.19609009622143,0.194973301596111,0.193869196931091,0.192777649040633,0.191698524353775,0.190631689084319,0.189577009387085,0.188534351501503,0.187503581883479,0.186484567326431,0.185477175072285,0.184481272913152,0.183496729284381,0.182523413349582,0.181561195078185,0.180609945316082,0.179669535849798,0.178739839464662,0.177820729997384,0.176912082383413,0.176013772699438,0.175125678201355,0.17424767735801,0.17337964988101,0.172521476750848,0.171673040239612,0.170834223930494,0.170004912734326,0.169184992903332,0.168374352042302,0.16757287911735,0.166780464462431,0.165996999783768,0.165222378162337,0.164456494054545,0.163699243291231,0.16295052307511,0.162210231976771,0.161478269929333,0.160754538221873,0.160038939491697,0.15933137771556,0.158631758199913,0.157939987570245,0.157255973759612,0.156579625996403,0.15591085479142,0.155249571924327,0.154595690429522,0.1539491245815,0.153309789879734,0.15267760303315,0.15205248194421,0.151434345692671,0.150823114519047,0.150218709807806,0.149621054070351,0.149030070927808,0.148445685093649,0.147867822356193,0.14729640956099,0.146731374593139,0.146172646359541,0.145620154771126,0.145073830725061,0.144533606086976,0.143999413673205,0.143471187233078,0.142948861431277,0.142432371830251,0.14192165487274,0.141416647864392,0.140917288956489,0.140423517128815,0.139935272172651,0.13945249467392,0.138975125996492,0.138503108265653,0.138036384351751,0.137574897854021,0.137118593084603,0.136667415052756,0.136221309449272,0.1357802226311,0.135344101606182,0.134912894018513,0.134486548133412,0.134065012823037,0.133648237552114,0.133236172363913,0.132828767866453,0.132425975218957,0.132027746118539,0.131634032787146,0.131244787958742,0.130859964866746,0.130479517231715,0.13010339924929,0.129731565578381,0.129363971329623,0.129000572054074,0.128641323732181,0.12828618276299,0.127935105953628,0.127588050509028,0.127244974021922,0.126905834463082,0.126570590171827,0.126239199846777,0.125911622536868,0,0.27283930374018,0.275505788489447,0.2780708286077,0.280512348706369,0.282810979292046,0.284952687214872,0.286928825242174,0.288734475787177,0.290366818292412,0.291824098357806,0.293105144295367,0.294209240438367,0.295136196673319,0.295886503816443,0.296461502477065,0.296863520251132,0.297095952775961,0.29716328011173,0.297071021405847,0.296825638039509,0.296434399009619,0.295905223018041,0.295246510558186,0.294466977043308,0.293575495361712,0.292580953616779,0.291492131478648,0.290317596665184,0.289065621611892,0.287744119354822,0.28636059697743,0.284922124591289,0.28343531766156,0.281906330489007,0.28034085876922,0.278744149325401,0.2771210153226,0.275475855496246,0.273812676150541,0.27213511489292,0.270446465263204,0.268749701587332,0.267047503534661,0.265342279985238,0.263636191920432,0.261931174138717,0.260228955670203,0.258531078820901,0.256838916822655,0.255153690099132,0.253476481183968,0.251808248345689,0.250149837986676,0.24850199589144,0.246865377403817,0.245240556614159,0.243628034636942,0.242028247056978,0.240441570619072,0.238868329231846,0.237308799351924,0.23576321480983,0.234231771134147,0.23271462942566,0.231211919828578,0.22972374464152,0.228250181106805,0.226791283912682,0.225347087439622,0.223917607778466,0.222502844545275,0.221102782514994,0.21971739309364,0.218346635646482,0.216990458697758,0.215648801015687,0.214321592594996,0.213008755547764,0.211710204912184,0.210425849387716,0.209155592004164,0.207899330731355,0.206656959035324,0.205428366386261,0.204213438722896,0.203012058877458,0.201824106964915,0.200649460739777,0.199487995923416,0.198339586504514,0.197204105015014,0.196081422783663,0.194971410169058,0.193873936773896,0.19278887164197,0.191716083439293,0.190655440620617,0.189606811582487,0.188570064803858,0.187545068975226,0.186531693117128,0.185529806688805,0.184539279687732,0.183559982740688,0.182591787186969,0.181634565154288,0.180688189627895,0.179752534513374,0.178827474693562,0.177912886079992,0.177008645659238,0.176114631534501,0.175230722962779,0.174356800387888,0.173492745469654,0.172638441109496,0.171793771472683,0.17095862200745,0.170132879461222,0.169316431894116,0.168509168689927,0.167710980564753,0.166921759573433,0.166141399113948,0.165369793929921,0.164606840111359,0.163852435093751,0.163106477655655,0.162368867914861,0.16163950732326,0.160918298660499,0.160205146026513,0.15949995483303,0.158802631794123,0.158113084915884,0.157431223485295,0.156756958058357,0.156090200447549,0.155430863708664,0.154778862127094,0.154134111203594,0.153496527639597,0.152866029322111,0.152242535308247,0.151625965809421,0.151016242175257,0.150413286877246,0.149817023492173,0.149227376685371,0.148644272193793,0.148067636808978,0.147497398359892,0.146933485695702,0.146375828668485,0.145824358115908,0.145279005843895,0.144739704609288,0.144206388102545,0.143678990930468,0.143157448598989,0.142641697496032,0.142131674874451,0.141627318835068,0.141128568309827,0.140635363045061,0.140147643584892,0.13966535125478,0.139188428145212,0.138716817095558,0.138250461678095,0.137789306182203,0.137333295598744,0.136882375604634,0.136436492547603,0.135995593431163,0.135559625899778,0.135128538224243,0.134702279287287,0.134280798569382,0.133864046134786,0.133451972617809,0.133044529209309,0.132641667643421,0.132243340184518,0.131849499614417,0.131460099219816,0.131075092779983,0.130694434554677,0.130318079272321,0.129945982118423,0.129578098724237,0.129214385155674,0.128854797902469,0.128499293867587,0.128147830356885,0.127800365069018,0.127456856085605,0.127117261861631,0.126781541216109,0.126449653322986,0,0.270933731252665,0.273598005849732,0.276197420092704,0.278696868953171,0.281071254986414,0.283302202381171,0.285377374769671,0.287288947939851,0.289031970161477,0.290603175784686,0.292000311472735,0.293221844838598,0.294266911849841,0.29513539153856,0.295828029083353,0.296346554162084,0.296693762099643,0.296873541919484,0.296890848091928,0.296751621525007,0.296462670454434,0.296031523995,0.295466271027189,0.294775395612947,0.293967617940687,0.29305174739611,0.292036552074502,0.290930647079884,0.289742402376697,0.288479869778333,0.287150727838309,0.28576224289766,0.284321244273072,0.28283411148404,0.28130677146067,0.279744703803001,0.278152952343453,0.276536141470365,0.274898495884162,0.273243862665764,0.271575734731365,0.269897274924061,0.268211340148787,0.266520505092116,0.264827085183483,0.263133158550539,0.26144058680051,0.259751034523559,0.258065987465088,0.256386769353771,0.254714557402394,0.253050396521102,0.251395212298677,0.249749822818303,0.248114949380945,0.246491226212887,0.244879209234879,0.243279383969326,0.241692172659636,0.240117940672449,0.238557002249531,0.237009625671721,0.235476037892779,0.233956428696385,0.232450954425034,0.23095974132521,0.229482888549096,0.228020470849158,0.226572540998357,0.22513913196536,0.223720258871083,0.222315920750087,0.220926102137821,0.219550774502414,0.218189897537649,0.216843420331919,0.215511282426298,0.214193414773402,0.212889740607379,0.211600176234231,0.210324631750612,0.209063011698338,0.207815215661051,0.206581138808721,0.205360672395094,0.20415370421257,0.20296011900856,0.2017797988669,0.200612623557518,0.199458470857225,0.198317216844191,0.197188736168397,0.196072902300127,0.194969587758364,0.193878664320742,0.19280000321658,0.191733475304348,0.190678951234803,0.189636301600919,0.188605397075618,0.18758610853824,0.186578307190587,0.18558186466332,0.184596653113414,0.183622545313312,0.182659414732385,0.181707135611234,0.180765583029348,0.179834632966568,0.178914162358805,0.178004049148398,0.177104172329478,0.176214411988691,0.175334649341579,0.174464766764937,0.173604647825394,0.172754177304495,0.171913241220505,0.171081726847176,0.170259522729657,0.169446518697774,0.168642605876825,0.167847676696092,0.167061624895206,0.166284345528522,0.165515734967645,0.16475569090223,0.164004112339189,0.163260899600403,0.162525954319068,0.161799179434756,0.161080479187297,0.160369759109573,0.159666926019293,0.15897188800985,0.158284554440308,0.157604835924612,0.156932644320072,0.156267892715187,0.155610495416861,0.154960367937078,0.154317426979072,0.15368159042305,0.153052777311508,0.152430907834186,0.151815903312693,0.151207686184857,0.150606179988812,0.150011309346876,0.149422999949237,0.148841178537483,0.148265772888002,0.147696711795272,0.147133925055081,0.146577343447677,0.146026898720888,0.145482523573225,0.144944151636985,0.144411717461374,0.143885156495668,0.143364405072421,0.142849400390746,0.142340080499666,0.141836384281569,0.141338251435758,0.140845622462118,0.140358438644916,0.139876642036724,0.139400175442499,0.138928982403812,0.138463007183232,0.138002194748889,0.137546490759204,0.137095841547809,0.136650194108645,0.136209496081265,0.135773695736325,0.135342741961286,0.134916584246318,0.134495172670423,0.134078457887767,0.133666391114234,0.133258924114204,0.132856009187551,0.132457599156873,0.132063647354953,0.131674107612449,0.131288934245817,0.130908082045477,0.130531506264205,0.130159162605776,0.129791007213838,0.129426996661028,0.129067087938332,0.128711238444685,0.128359405976813,0.128011548719314,0.127667625234991,0.127327594455419,0.126991415671756,0,0.269035635209347,0.271682519109981,0.274302694743493,0.276847920104412,0.279287351743653,0.281598468645049,0.283765322647929,0.285777073770624,0.287626421579335,0.289308345892093,0.290819291265528,0.292156730611219,0.293318993062492,0.294305252103746,0.295115593523449,0.295751105072235,0.296213949005963,0.29650739508785,0.296635804903716,0.29660456820649,0.296419998451076,0.296089198094762,0.295619905265099,0.295020332761446,0.294299008727591,0.293464626250565,0.292525906992203,0.291491481990672,0.290369791109741,0.289169001311582,0.287896942977013,0.286561062856786,0.285168391855868,0.28372552567357,0.282238616293294,0.280713372391495,0.279155066878837,0.277568549968973,0.275958266370197,0.274328275397307,0.272682272995044,0.271023614844042,0.269355339881796,0.267680193713198,0.266000651507663,0.26431894008365,0.262637058967846,0.260956800287186,0.259279767409113,0.257607392290782,0.255940951533149,0.254281581162572,0.252630290182216,0.250987972949423,0.249355420444443,0.247733330501453,0.246122317075399,0.244522918618625,0.242935605640002,0.241360787516782,0.239798818626115,0.23825000385931,0.23671460357772,0.235192838064812,0.233684891524667,0.232190915672854,0.230711032961576,0.229245339477071,0.227793907543604,0.226356788065001,0.224934012631528,0.223525595417048,0.222131534888768,0.220751815349504,0.219386408330242,0.218035273848844,0.216698361548988,0.215375611731898,0.21406695629202,0.212772319566545,0.21149161910761,0.210224766384998,0.208971667426303,0.207732223400752,0.206506331152202,0.205293883686207,0.204094770615536,0.202908878568039,0.201736091560344,0.200576291340497,0.199429357702327,0.198295168774042,0.197173601283285,0.196064530800672,0.194967831963621,0.193883378682105,0.192811044327808,0.191750701908022,0.19070222422548,0.189665484025245,0.188640354129638,0.187626707562114,0.186624417660927,0.185633358183332,0.184653403401024,0.183684428187443,0.182726308097543,0.181778919440544,0.180842139346178,0.17991584582488,0.178999917822343,0.178094235268825,0.177198679123586,0.176313131414763,0.17543747527502,0.174571594973238,0.17371537594254,0.172868704804871,0.172031469392392,0.171203558765895,0.170384863230432,0.169575274348363,0.16877468495,0.167982989141992,0.167200082313632,0.166425861141214,0.165660223590581,0.164903068917993,0.16415429766943,0.163413811678447,0.162681514062682,0.161957309219112,0.161241102818169,0.160532801796767,0.159832314350362,0.159139549924087,0.158454419203064,0.15777683410193,0.15710670775367,0.156443954497793,0.155788489867924,0.155140230578855,0.154499094513106,0.153865000707048,0.153237869336623,0.152617621702715,0.152004180216191,0.151397468382672,0.15079741078705,0.150203933077791,0.149616961951052,0.149036425134646,0.148462251371867,0.147894370405221,0.147332712960067,0.146777210728206,0.146227796351424,0.145684403405022,0.145146966381338,0.144615420673298,0.144089702557982,0.143569749180255,0.143055498536445,0.142546889458108,0.142043861595871,0.141546355403381,0.141054312121358,0.140567673761776,0.140086383092165,0.139610383620057,0.139139619577579,0.1386740359062,0.138213578241639,0.137758192898941,0.137307826857737,0.136862427747668,0.136421943834017,0.135986324003511,0.135555517750337,0.135129475162352,0.134708146907489,0.13429148422039,0.133879438889234,0.133471963242788,0.133069010137675,0.132670532945862,0.132276485542369,0.131886822293203,0.131501498043527,0.13112046810604,0.130743688249607,0.130371114688104,0.130002704069507,0.129638413465206,0.129278200359557,0.128922022639671,0.12856983858543,0.128221606859748,0.127877286499059,0.127536836904047,0,0.267141294612082,0.269762308689773,0.272391723961412,0.274971264189793,0.277465046074575,0.279846853965564,0.282097382682625,0.284202810411805,0.286153369646039,0.287942099464799,0.289563947384231,0.291015218980524,0.292293297808561,0.293396547271534,0.294324318040278,0.295077001382086,0.295656085391894,0.296064186401135,0.296305041041274,0.29638345493123,0.296305211434594,0.296076948504558,0.295706013741002,0.295200308030823,0.294568127154635,0.293818009068209,0.292958592630545,0.291998491646805,0.290946186402368,0.289809933472356,0.28859769352297,0.287317076059831,0.28597529958465,0.284579165345885,0.283135042761911,0.281648864610979,0.280126130182243,0.278571914734884,0.276990883793851,0.275387311003044,0.273765098447397,0.272127798535992,0.270478636704004,0.26882053433923,0.267156131468358,0.265487808849152,0.263817709208409,0.262147757443307,0.260479679667293,0.258815021032743,0.25715516230291,0.255501335176821,0.253854636394298,0.25221604066542,0.250586412480741,0.248966516866394,0.247357029152764,0.245758543827354,0.244171582542474,0.242596601346912,0.241033997208221,0.239484113888969,0.237947247236616,0.236423649942618,0.2349135358223,0.233417083662902,0.231934440683204,0.230465725644279,0.229011031647266,0.22757042865065,0.226143965736302,0.224731673150638,0.223333564144526,0.22194963663312,0.220579874694559,0.21922424992444,0.217882722661178,0.21655524309568,0.215241752277336,0.213942183027003,0.212656460766465,0.211384504272837,0.210126226365447,0.208881534531878,0.207650331499159,0.20643251575541,0.205227982026697,0.204036621713315,0.202858323289296,0.2016929726685,0.200540453540341,0.199400647677834,0.198273435220406,0.197158694933664,0.196056304448059,0.194966140478254,0.193888079024759,0.192821995559304,0.191767765195237,0.190725262844154,0.189694363359811,0.188674941670326,0.187666872899542,0.186670032478376,0.18568429624689,0.184709540547781,0.183745642311896,0.182792479136361,0.181849929355838,0.180917872107416,0.179996187389558,0.179084756115545,0.178183460161778,0.177292182411309,0.176410806792913,0.175539218316024,0.174677303101805,0.173824948410616,0.172982042666137,0.172148475476355,0.171324137651649,0.17050892122015,0.169702719440581,0.16890542681274,0.168116939085781,0.167337153264463,0.166565967613496,0.165803281660111,0.165048996195,0.164303013271716,0.163565236204664,0.162835569565772,0.162113919179946,0.161400192119395,0.160694296696908,0.159996142458175,0.15930564017321,0.158622701826957,0.157947240609144,0.157279170903444,0.156618408276002,0.155964869463381,0.155318472359987,0.154679136005009,0.154046780568925,0.153421327339625,0.152802698708172,0.152190818154258,0.15158561023138,0.150987000551774,0.150394915771129,0.14980928357313,0.14923003265383,0.148657092705908,0.148090394402809,0.147529869382811,0.146975450233024,0.146427070473355,0.145884664540447,0.145348167771616,0.144817516388804,0.144292647482554,0.143773498996038,0.143260009709135,0.142752119222581,0.142249767942208,0.141752897063265,0.14126144855486,0.1407753651445,0.140294590302766,0.139819068228119,0.139348743831845,0.138883562723148,0.138423471194405,0.137968416206575,0.137518345374782,0.137073206954075,0.136632949825357,0.136197523481514,0.13576687801372,0.135340964097946,0.134919732981659,0.134503136470726,0.134091126916526,0.13368365720326,0.133280680735486,0.132882151425853,0.13248802368306,0.13209825240003,0.131712792942303,0.131331601136649,0.130954633259912,0.130581846028062,0.130213196585494,0.129848642494531,0.129488141725171,0.129131652645056,0.128779134009663,0.128430544952734,0.128085844976927,0,0.265245544668457,0.267838881682858,0.270468694169231,0.273072185274577,0.275609939585683,0.278052786209627,0.28037849685917,0.282570447280729,0.284616393946088,0.286507320193864,0.288236520814375,0.289798977964173,0.291190993204586,0.292410009928287,0.29345455933674,0.294324272632795,0.295019914776178,0.295543408379158,0.295897828727188,0.296087361494983,0.29611722286761,0.295993547288925,0.295723251152488,0.295313881873342,0.294773461478367,0.294110332655628,0.293333013551887,0.292450065833852,0.291469978854676,0.290401071320735,0.289251410691568,0.288028749675161,0.286740478578289,0.28539359189803,0.283994667350924,0.282549855486434,0.281064878081904,0.279545033633825,0.27799520841843,0.27641989177322,0.274823194435035,0.27320886894972,0.271580331336391,0.269940683342027,0.268292734757637,0.266639025385063,0.264981846344183,0.263323260494813,0.261665121817592,0.260009093655063,0.258356665759743,0.25670917013181,0.255067795656574,0.25343360157258,0.251807529816138,0.25019041629839,0.248583001177686,0.246985938193644,0.245399803130724,0.243825101478747,0.242262275356178,0.240711709759402,0.239173738198033,0.237648647772686,0.236136683747795,0.234638053668191,0.233152931064228,0.231681458786476,0.230223752007379,0.228779900923825,0.227349973191362,0.22593401611778,0.224532058641044,0.223144113114001,0.221770176915982,0.220410233909295,0.219064255756747,0.217732203114552,0.216414026713494,0.215109668339788,0.213819061725861,0.212542133360168,0.211278803224137,0.210028985463517,0.208792589000541,0.207569518092688,0.206359672843169,0.205162949667715,0.203979241721783,0.202808439291823,0.201650430153903,0.20050509990262,0.19937233225294,0.198252009317337,0.197144011860355,0.196048219532511,0.194964511085278,0.193892764568701,0.192832857513063,0.191784667095881,0.190748070295389,0.189722944031573,0.188709165295707,0.187706611269272,0.186715159433056,0.185734687667167,0.184765074342619,0.183806198405123,0.182857939451621,0.181920177800112,0.180992794553215,0.180075671655931,0.179168691948012,0.178271739211287,0.17738469821233,0.176507454740757,0.175639895643477,0.174781908855161,0.173933383425189,0.17309420954132,0.172264278550304,0.171443482975641,0.170631716532695,0.169828874141332,0.169034851936246,0.168249547275157,0.167472858744998,0.166704686166252,0.165944930595556,0.165193494326704,0.16445028089015,0.163715195051131,0.162988142806504,0.162269031380382,0.161557769218679,0.160854265982624,0.160158432541338,0.159470180963532,0.158789424508413,0.158116077615841,0.157450055895823,0.156791276117369,0.156139656196793,0.155495115185496,0.154857573257272,0.154226951695194,0.153603172878116,0.152986160266828,0.152375838389903,0.151772132829272,0.151174970205559,0.1505842781632,0.149999985355391,0.149422021428867,0.14885031700857,0.14828480368219,0.147725413984644,0.147172081382481,0.146624740258245,0.146083325894821,0.145547774459767,0.145018022989666,0.144494009374493,0.14397567234203,0.143462951442331,0.142955787032255,0.142454120260075,0.141957893050178,0.141467048087867,0.140981528804265,0.140501279361348,0.140026244637099,0.139556370210797,0.139091602348452,0.138631887988387,0.13817717472698,0.137727410804563,0.137282545091495,0.136842527074406,0.136407306842616,0.135976835074744,0.135551063025497,0.135129942512656,0.134713425904252,0.134301466105943,0.133894016548591,0.133491031176042,0.133092464433114,0.132698271253795,0.132308407049647,0.131922827698429,0.131541489532927,0.131164349330011,0.130791364299897,0.130422492075637,0.130057690702822,0.129696918629512,0.129340134696379,0.12898729812708,0.128638368518844,0,0.263342926863085,0.265912677966648,0.268536961652766,0.271155436963155,0.27372736984342,0.276221657278773,0.278613750583584,0.280884541644752,0.283019414728564,0.285007263394107,0.286839624951522,0.28851002934207,0.290013570616387,0.291346662999933,0.292506929272217,0.293493170289942,0.294305372125641,0.294944717584618,0.295413579762147,0.29571548541638,0.295855044315745,0.29583784689871,0.295670336514286,0.295359664460112,0.294913536434979,0.294340058351806,0.293647588153407,0.292844598690889,0.291939555119647,0.290940808805627,0.289856508504263,0.28869452860949,0.287462413565972,0.286167337067206,0.284816074387346,0.283414986074538,0.281970011229203,0.280486668667793,0.278970064402565,0.277424904028503,0.275855508782615,0.274265834216224,0.272659490589242,0.271039764251444,0.269409639416422,0.267771819857986,0.26612875016608,0.264482636290587,0.262835465177747,0.261189023366849,0.259544914465939,0.257904575465916,0.256269291884288,0.254640211754201,0.253018358492521,0.251404642693754,0.249799872905507,0.248204765446691,0.246619953332652,0.245045994372263,0.243483378501425,0.241932534415601,0.240393835561438,0.238867605544405,0.237354123005875,0.235853626019426,0.234366316052422,0.23289236153525,0.231431901077022,0.229985046363113,0.228551884766689,0.227132481703324,0.225726882755015,0.224335115587264,0.222957191680557,0.221593107895346,0.220242847887684,0.218906383390875,0.217583675376837,0.216274675109492,0.214979325101097,0.21369755998134,0.212429307287911,0.211174488186355,0.209933018126161,0.208704807439314,0.207489761886837,0.206287783158299,0.205098769328721,0.203922615276838,0.202759213068272,0.201608452306811,0.200470220456624,0.199344403138013,0.198230884398965,0.197129546964627,0.196040272466527,0.194962941653277,0.193897434584246,0.192843630807609,0.191801409524013,0.190770649737006,0.189751230391249,0.188743030499469,0.187745929258998,0.18675980615869,0.185784541076924,0.184820014371363,0.183866106961055,0.182922700401442,0.181989676952779,0.181066919642434,0.180154312321499,0.17925173971611,0.178359087473855,0.177476242205589,0.176603091522998,0.175739524072188,0.174885429563575,0.174040698798334,0.173205223691636,0.172378897292895,0.171561613803231,0.170753268590333,0.16995375820091,0.16916298037088,0.168380834033476,0.167607219325383,0.166842037591074,0.166085191385442,0.165336584474873,0.164596121836848,0.163863709658199,0.163139255332102,0.162422667453904,0.161713855815871,0.161012731400939,0.160319206375536,0.159633194081556,0.15895460902755,0.158283366879184,0.157619384449047,0.15696257968584,0.156312871663013,0.155670180566897,0.15503442768437,0.154405535390107,0.153783427133454,0.153168027424965,0.152559261822625,0.151957056917818,0.151361340321048,0.150772040647454,0.150189087502147,0.149612411465391,0.149041944077658,0.148477617824575,0.147919366121787,0.147367123299764,0.146820824588552,0.14628040610251,0.145745804825032,0.14521695859328,0.144693806082934,0.144176286792987,0.143664341030582,0.143157909895917,0.142656935267217,0.142161359785801,0.141671126841234,0.141186180556587,0.140706465773817,0.140231928039255,0.139762513589239,0.139298169335874,0.138838842852939,0.138384482361949,0.137935036718361,0.137490455397959,0.137050688483392,0.136615686650892,0.136185401157165,0.135759783826465,0.13533878703785,0.134922363712627,0.134510467301993,0.134103051774862,0.133700071605897,0.133301481763736,0.132907237699427,0.132517295335059,0.132131611052604,0.131750141682968,0.131372844495251,0.13099967718621,0.13063059786995,0.130265565067807,0.129904537698468,0.129547475068285,0.129194336861816,0,0.261429100436245,0.263983639287235,0.266599199704573,0.269225239959722,0.271822348423924,0.274358739721069,0.276808289987714,0.279149849496839,0.28136664289671,0.283445525509435,0.285376232103088,0.287150748419975,0.288762854818133,0.290207834591532,0.291482313261139,0.292584187406327,0.293512603433803,0.294267953285887,0.294851862819409,0.295267157667113,0.295517799576934,0.295608792752122,0.295546064286533,0.295336325467261,0.294986921795661,0.294505679458123,0.293900755069758,0.293180494176884,0.292353302518608,0.291427532610044,0.290411386940582,0.289312838039998,0.288139564869218,0.286898904428673,0.285597817116417,0.284242864174372,0.282840195497135,0.281395546109129,0.279914239712904,0.278401197849609,0.27686095337318,0.275297667108286,0.273715146728617,0.272116867049751,0.270505991075582,0.268885391266833,0.2672576706137,0.265625183192467,0.26399005396866,0.262354197678313,0.260719336675565,0.259087017680541,0.257458627397813,0.255835407004048,0.254218465524986,0.252608792137836,0.251007267446494,0.249414673784602,0.24783170460608,0.246258973025076,0.244697019567726,0.243146319197291,0.241607287672286,0.240080287294707,0.238565632102317,0.237063592555663,0.235574399766947,0.234098249314373,0.232635304682084,0.231185700362426,0.229749544654062,0.228326922186381,0.226917896197819,0.225522510593027,0.224140791801396,0.22277275045719,0.221418382919476,0.220077672648195,0.218750591451,0.217437100613972,0.216137151927954,0.214850688620972,0.213577646206133,0.212317953253389,0.211071532092639,0.209838299454877,0.20861816705737,0.207411042138216,0.206216827945072,0.205035424182337,0.203866727420635,0.202710631472036,0.20156702773411,0.200435805505579,0.199316852276069,0.198210053992211,0.197115295302099,0.19603245977995,0.194961430132593,0.1939020883893,0.192854316076296,0.191817994377173,0.190793004280337,0.189779226714475,0.188776542672987,0.18778483332821,0.186803980136214,0.185833864932857,0.18487437002176,0.183925378254784,0.18298677310555,0.182058438736504,0.181140260059991,0.18023212279375,0.179333913511237,0.178445519687125,0.177566829738315,0.176697733060785,0.175838120062545,0.174987882192971,0.174146911968773,0.173315102996818,0.172492349994033,0.171678548804574,0.170873596414459,0.17007739096384,0.169289831757063,0.168510819270682,0.167740255159562,0.166978042261205,0.166224084598421,0.165478287380468,0.164740557002754,0.164010801045219,0.163288928269489,0.162574848614885,0.161868473193371,0.161169714283534,0.160478485323651,0.159794700903927,0.159118276757963,0.15844912975351,0.157787177882582,0.157132340250966,0.15648453706719,0.15584368963099,0.155209720321329,0.154582552584001,0.153962110918864,0.153348320866745,0.15274110899604,0.152140402889051,0.151546131128089,0.150958223281369,0.150376609888732,0.149801222447207,0.149231993396453,0.148668856104087,0.148111744850936,0.147560594816218,0.147015342062684,0.146475923521727,0.145942276978484,0.14541434105694,0.144892055205054,0.144375359679918,0.143864195532956,0.143358504595195,0.142858229462588,0.142363313481436,0.141873700733883,0.141389336023521,0.140910164861106,0.14043613345038,0.139967188674026,0.139503278079753,0.139044349866519,0.138590352870896,0.138141236553592,0.137696950986124,0.137257446837651,0.136822675361979,0.136392588384732,0.135967138290698,0.135546278011354,0.135129961012575,0.134718141282522,0.134310773319726,0.133907812121355,0.133509213171684,0.133114932430749,0.13272492632321,0.132339151727406,0.131957565964617,0.131580126788523,0.131206792374874,0.130837521311361,0.130472272587694,0.130111005585891,0.12975368007077,0,0.259503255265365,0.262051826698551,0.264657613156698,0.267285326134967,0.269899527934837,0.272469119288662,0.274967245005656,0.277371254842069,0.279662523915735,0.281826005508067,0.283849651640894,0.285723856307583,0.287441007074682,0.288995168610862,0.290381885624737,0.291598076488472,0.292641984489399,0.293513156037054,0.294212421157942,0.294741859140132,0.295104739730164,0.295305436817635,0.295349316519841,0.295242604850142,0.294992241854559,0.294605729530724,0.294090980360861,0.293456172243054,0.292709614284766,0.291859626549829,0.290914435573384,0.289882086364624,0.28877037074249,0.287586771198267,0.286338419033406,0.285032065251273,0.283674062554021,0.282270356776758,0.280826486150386,0.279347586895984,0.277838403796712,0.27630330455173,0.274746296878815,0.273171047489867,0.271580902210927,0.269978906652408,0.268367826954489,0.266750170236493,0.265128204468119,0.263503977555461,0.261879335497045,0.260255939516129,0.258635282116494,0.257018702041428,0.255407398140724,0.253802442169611,0.252204790557435,0.250615295193821,0.249034713286456,0.247463716348513,0.245902898375449,0.244352783271038,0.24281383158143,0.241286446594081,0.239770979855788,0.238267736161108,0.236776978059193,0.235298929923728,0.233833781627287,0.232381691858142,0.230942791114324,0.229517184406721,0.228104953700094,0.226706160118208,0.225320845936774,0.223949036385591,0.222590741279145,0.221245956493005,0.219914665301572,0.218596839591164,0.217292440960942,0.216001421722907,0.214723725811019,0.213459289608401,0.212208042700718,0.210969908562885,0.20974480518558,0.208532645647317,0.207333338637241,0.206146788933276,0.204972897839767,0.203811563588341,0.202662681705319,0.201526145348676,0.200401845617247,0.199289671834606,0.198189511809805,0.197101252076927,0.196024778115265,0.194959974551703,0.193906725346777,0.19286491396573,0.191834423535755,0.190815136990522,0.189806937202979,0.188809707107323,0.187823329810976,0.186847688697313,0.185882667519826,0.184928150488373,0.18398402234807,0.183050168451373,0.182126474823834,0.181212828223984,0.180309116197754,0.179415227127828,0.178531050278269,0.177656475834764,0.176791394940767,0.175935699729853,0.175089283354519,0.174252040011685,0.173423864965125,0.172604654565033,0.171794306264916,0.170992718636009,0.170199791379373,0.169415425335831,0.168639522493908,0.167871985995888,0.167112720142146,0.166361630393855,0.165618623374186,0.16488360686812,0.164156489820955,0.163437182335606,0.1627255956688,0.162021642226223,0.161325235556717,0.160636290345589,0.159954722407106,0.15928044867623,0.158613387199667,0.157953457126268,0.157300578696861,0.156654673233529,0.156015663128415,0.155383471832075,0.154758023841428,0.154139244687342,0.153527060921895,0.152921400105335,0.152322190792784,0.151729362520707,0.15114284579318,0.150562572067982,0.149988473742529,0.149420484139692,0.148858537493495,0.148302568934745,0.147752514476578,0.147208310999979,0.146669896239251,0.146137208767489,0.145610187982048,0.145088774090025,0.14457290809378,0.144062531776487,0.143557587687755,0.143058019129299,0.1425637701407,0.142074785485243,0.141591010635851,0.14111239176113,0.140638875711513,0.140170410005538,0.139706942816238,0.139248422957678,0.138794799871618,0.138346023614334,0.137902044843576,0.137462814805696,0.137028285322921,0.136598408780803,0.136173138115832,0.135752426803221,0.135336228844867,0.134924498757495,0.134517191560975,0.134114262766838,0.133715668366963,0.133321364822465,0.132931309052773,0.132545458424894,0.132163770742884,0.131786204237507,0.131412717556095,0.131043269752608,0.130677820277893,0.130316328970148,0,0.257568085688239,0.26011792852777,0.262714183558493,0.265339019227826,0.267963196673084,0.270557645290651,0.273095661197583,0.275553700341902,0.277911677932175,0.280152859599169,0.282263500432239,0.284232404718374,0.286050521745874,0.287710630254816,0.289207121199619,0.290535864893259,0.291694138241432,0.292680585688336,0.293495190378786,0.294139237583732,0.294615258920236,0.294926952087244,0.295079075961118,0.295077324590477,0.294928185863253,0.294638791568567,0.29421676553023,0.293670075763225,0.293006895489536,0.292235476580426,0.291364037739982,0.290400668619938,0.289353250117835,0.288229390380601,0.287036375508214,0.285781133606061,0.284470210640515,0.283109756478753,0.281705519510626,0.28026284833082,0.278786699081291,0.277281647199161,0.275751902470433,0.27420132644515,0.272633451418196,0.271051500317532,0.26945840696582,0.267856836291018,0.266249204156609,0.264637696563214,0.263024288041398,0.261410759111815,0.259798712734706,0.258189589707556,0.256584682998668,0.254985151026805,0.253392029913802,0.251806244749363,0.250228619915714,0.248659888525335,0.247100701028067,0.245551633045212,0.244013192488024,0.242485826016776,0.24096992489457,0.239465830287506,0.237973838059909,0.23649420311021,0.235027143289871,0.233572842944555,0.232131456113589,0.230703109420738,0.229287904686461,0.22788592128904,0.226497218299491,0.225121836412764,0.223759799695582,0.222411117169253,0.221075784243987,0.219753784019546,0.218445088465584,0.217149659493632,0.215867449931486,0.214598404409591,0.213342460168083,0.212099547792185,0.210869591882893,0.209652511669164,0.208448221567142,0.20725663169143,0.206077648322858,0.204911174336766,0.203757109595404,0.202615351307676,0.201485794359149,0.20036833161493,0.199262854197786,0.198169251743622,0.197087412636241,0.196017224223121,0.194958573013784,0.193911344862168,0.192875425134303,0.191850698862463,0.190837050886842,0.189834365985751,0.188842528995199,0.187861424918676,0.186890939027866,0.185930956954985,0.184981364777342,0.184042049094696,0.183112897099948,0.182193796643623,0.181284636292603,0.180385305383509,0.179495694071111,0.178615693372125,0.17774519520469,0.176884092423865,0.176032278853377,0.175189649313921,0.17435609964821,0.173531526743025,0.172715828548466,0.171908904094574,0.171110653505543,0.170320978011644,0.169539779959059,0.168766962817732,0.168002431187404,0.167246090801939,0.166497848532072,0.165757612386678,0.16502529151268,0.164300796193682,0.163584037847424,0.162874929022142,0.162173383391921,0.161479315751101,0.160792642007821,0.160113279176763,0.159441145371152,0.158776159794085,0.158118242729223,0.15746731553092,0.156823300613822,0.156186121441984,0.155555702517555,0.154931969369068,0.15431484853936,0.153704267573184,0.153100155004521,0.152502440343636,0.151911054063907,0.151325927588449,0.150746993276572,0.150174184410076,0.149607435179427,0.149046680669828,0.148491856847199,0.147942900544098,0.147399749445583,0.14686234207506,0.146330617780098,0.145804516718254,0.145283979842908,0.144768948889132,0.144259366359583,0.143755175510463,0.143256320337534,0.142762745562203,0.14227439661769,0.141791219635293,0.141313161430741,0.140840169490663,0.140372191959167,0.139909177624544,0.139451075906095,0.138997836841095,0.138549411071898,0.138105749833182,0.137666804939352,0.137232528772088,0.136802874268057,0.13637779490679,0.13595724469872,0.135541178173395,0.135129550367859,0.134722316815214,0.134319433533359,0.133920857013906,0.133526544211291,0.133136452532056,0.13275053982433,0.132368764367495,0.131991084862041,0.131617460419616,0.131247850553272,0.130882215167895,0,0.255628644301458,0.258183599250483,0.260770904247118,0.263389337249955,0.266017296546543,0.268628898826143,0.271198442351887,0.273702121903831,0.276118838427112,0.278430450939637,0.280621666484348,0.282679753587901,0.284594216239425,0.286356505890843,0.287959802590798,0.289398867109481,0.290669950156213,0.291770738304268,0.292700315801091,0.293459124677868,0.29404891064588,0.294472647784832,0.294734440027479,0.294839401372187,0.29479351940333,0.294603508114207,0.294276656408018,0.293820678267082,0.293243569702412,0.292553476464743,0.291758575301902,0.29086697041734,0.28988660580114,0.288825193306716,0.287690155742334,0.286488583824881,0.285227205580878,0.283912366648113,0.282550019901537,0.281145722872072,0.279704641523363,0.278231559079915,0.276730888745303,0.275206689299865,0.273662682715306,0.272102273063419,0.27052856612439,0.268944389214967,0.267352310857592,0.265754659998565,0.264153544557141,0.262550869149231,0.260948351880262,0.259347540143044,0.257749825389506,0.256156456871013,0.254568554361816,0.252987119895067,0.251413048551498,0.249847138348259,0.248290099280011,0.24674256156693,0.245205083165103,0.24367815659438,0.242162215137392,0.240657638461369,0.239164757711897,0.237683860124917,0.236215193200266,0.234758968477014,0.233315364947805,0.231884532146414,0.230466592939876,0.229061646053816,0.227669768357039,0.226291016929025,0.224925430931755,0.223573033305247,0.222233832304256,0.220907822891913,0.219594988004461,0.218295299699833,0.217008720201539,0.215735202848123,0.214474692957433,0.213227128613965,0.211992441386721,0.210770556984235,0.20956139585273,0.208364873722787,0.207180902109313,0.206009388769141,0.204850238120136,0.203703351625299,0.202568628144991,0.201445964260122,0.200335254568827,0.199236391958934,0.198149267858295,0.197073772464843,0.196009794958068,0.194957223693452,0.19391594638124,0.192885850250818,0.191866822201828,0.190858748943086,0.189861517120224,0.188875013432947,0.187899124742677,0.186933738171318,0.185978741191801,0.185034021711014,0.184099468145675,0.183174969491663,0.182260415387272,0.181355696170828,0.180460702933065,0.17957532756463,0.178699462799061,0.177833002251547,0.176975840453772,0.176127872885109,0.175288996000413,0.174459107254649,0.173638105124579,0.172825889127694,0.172022359838599,0.17122741890301,0.170440969049531,0.169662914099371,0.168893158974132,0.168131609701811,0.16737817342113,0.166632758384321,0.165895273958468,0.165165630625506,0.164443739980983,0.163729514731659,0.163022868692042,0.162323716779924,0.161631975011002,0.160947560492651,0.160270391416907,0.159600387052731,0.1589374677376,0.158281554868491,0.1576325708923,0.156990439295743,0.156355084594789,0.15572643232366,0.155104409023448,0.154488942230375,0.153879960463729,0.153277393213526,0.152681170927908,0.152091225000319,0.151507487756485,0.150929892441209,0.150358373205033,0.149792865090759,0.149233304019873,0.14867962677888,0.148131771005571,0.147589675175245,0.147053278586892,0.146522521349364,0.145997344367539,0.145477689328501,0.144963498687741,0.144454715655393,0.143951284182519,0.143453148947452,0.14296025534221,0.142472549458978,0.141989978076692,0.141512488647702,0.141040029284546,0.140572548746833,0.14010999642824,0.139652322343637,0.139199477116331,0.138751411965457,0.138308078693495,0.137869429673949,0.137435417839156,0.137005996668259,0.13658112017534,0.136160742897704,0.135744819884336,0.13533330668452,0.134926159336633,0.134523334357106,0.134124788729567,0.133730479894158,0.133340365737033,0.132954404580037,0.132572555170568,0.132194776671629,0.131821028652058,0.131451271076954,0,0.253691713175222,0.25625160032356,0.258829966303154,0.261439098788399,0.264065457391565,0.266687177269953,0.26928030483605,0.271821389279532,0.274288791604153,0.276663296131983,0.278928266989152,0.281069542082042,0.283075214378948,0.284935397044662,0.28664202257037,0.288188693334796,0.289570580972758,0.290784361447234,0.291828168996176,0.292701552882462,0.293405424270592,0.293941985109575,0.294314635516369,0.294527860108989,0.294587096662735,0.294498592264662,0.294269252918718,0.293906492511495,0.293418086429037,0.292812034151888,0.292096434044954,0.291279372448826,0.290368828169164,0.289372592607177,0.288298205100352,0.28715290254773,0.285943582062397,0.284676775201502,0.283358632243972,0.28199491499156,0.280590996635866,0.279151867341938,0.277682144331309,0.276186085391001,0.274667604880485,0.273130291449174,0.271577426808298,0.270012005020331,0.268436751875303,0.266854144015962,0.265266427553321,0.263675635981349,0.262083607255598,0.260491999946577,0.258902308415835,0.25731587699234,0.255733913149791,0.254157499703174,0.252587606055927,0.251025098538449,0.249470749885024,0.24792524790011,0.246389203366945,0.244863157251922,0.243347587257532,0.241842913775234,0.24034950528751,0.238867683265901,0.237397726609074,0.235939875662081,0.234494335855057,0.233061280996704,0.23164085625506,0.230233180855341,0.228838350522081,0.227456439690321,0.226087503508369,0.22473157965252,0.223388689972186,0.222058841982104,0.220742030216647,0.21943823745979,0.218147435862894,0.216869587961298,0.215604647599544,0.214352560774095,0.213113266401493,0.211886697019097,0.210672779424796,0.209471435261468,0.208282581551342,0.20710613118491,0.205941993368565,0.204790074034714,0.203650276217745,0.202522500398889,0.201406644822719,0.200302605787747,0.199210277913359,0.198129554385102,0.197060327180131,0.196002487274483,0.194955924833659,0.193920529387877,0.192896189993218,0.191882795379794,0.190880234087956,0.189888394593453,0.188907165422425,0.187936435256959,0.186976093031963,0.186026028023961,0.185086129932445,0.184156288954301,0.183236395851823,0.182326342014772,0.181426019516918,0.180535321167433,0.179654140557523,0.178782372102617,0.17791991108043,0.177066653665183,0.176222496958249,0.175387339015471,0.17456107887138,0.173743616560523,0.172934853136107,0.172134690686136,0.171343032347217,0.170559782316191,0.169784845859741,0.169018129322122,0.168259540131128,0.167508986802433,0.166766378942416,0.166031627249565,0.165304643514581,0.164585340619254,0.16387363253421,0.163169434315616,0.162472662100896,0.161783233103567,0.161101065607223,0.160426078958764,0.159758193560903,0.159097330864031,0.158443413357468,0.157796364560171,0.157156109010929,0.1565225722581,0.155895680848927,0.155275362318461,0.154661545178151,0.154054158904109,0.153453133925101,0.152858401610277,0.152269894256692,0.151687545076618,0.151111288184687,0.15054105858489,0.149976792157445,0.149418425645562,0.148865896642119,0.148319143576273,0.147778105700018,0.147242723074714,0.146712936557586,0.146188687788231,0.14566991917512,0.145156573882138,0.144648595815138,0.144145929608552,0.143648520612054,0.143156314877285,0.142669259144654,0.142187300830217,0.141710388012654,0.141238469420338,0.140771494418508,0.140309412996561,0.139852175755455,0.139399733895239,0.138952039202712,0.138509044039217,0.138070701328574,0.137636964545154,0.137207787702109,0.136783125339745,0.136362932514052,0.135947164785402,0.135535778207392,0.135128729315873,0.134725975118125,0.134327473082217,0.133933181126536,0.133543057609483,0.133157061319358,0.132775151464408,0.132397287663071,0.132023429934383,0,0.25176569031638,0.254325709446485,0.256893864775203,0.259491015345862,0.262111039263054,0.264736491937487,0.267345743607154,0.269916254102712,0.272426318460343,0.274856010337675,0.277187602138701,0.279405653811975,0.28149692349336,0.283450208402162,0.285256181262181,0.2869072538409,0.288397476297259,0.289722467282284,0.29087936299239,0.291866771648394,0.292684721431005,0.293334593269883,0.293819033879138,0.294141848211515,0.294307873552424,0.294322839566712,0.294193219736056,0.293926079912542,0.293528929363695,0.293009578911408,0.292376009768681,0.291636255612833,0.290798299417184,0.289869985668259,0.288858947860505,0.28777255059641,0.286617845219615,0.285401537653492,0.28412996698391,0.282809093286869,0.281444493235348,0.280041362103462,0.278604520902067,0.277138427513806,0.275647190836382,0.274134587082526,0.272604077518241,0.271058827043919,0.26950172313385,0.2679353947477,0.266362230912651,0.264784398747654,0.263203860762478,0.261622391315084,0.260041592152432,0.258462906993305,0.25688763513828,0.25531694411258,0.253751881363188,0.252193385043152,0.250642293924142,0.249099356483762,0.247565239217364,0.246040534225621,0.244525766129337,0.243021398362137,0.241527838890151,0.240045445405706,0.238574530039624,0.237115363634043,0.235668179614942,0.234233177500719,0.232810526080421,0.231400366292547,0.230002813832728,0.228617961516182,0.227245881418507,0.225886626816248,0.224540233946665,0.223206723604293,0.221886102590197,0.220578365028271,0.21928349356153,0.218001460440049,0.216732228511043,0.215475752120534,0.214231977935096,0.21300084569131,0.211782288879793,0.210576235369973,0.209382607981147,0.208201325004813,0.207032300682761,0.205875445644958,0.204730667310848,0.20359787025736,0.202476956556547,0.201367826085531,0.200270376811148,0.199184505051465,0.198110105716116,0.197047072527253,0.195995298222696,0.194954674742752,0.193925093402022,0.192906445047401,0.191898620203355,0.19090150920549,0.189915002323295,0.188938989872914,0.187973362320684,0.187018010378153,0.186072825089186,0.185137697909776,0.184212520781059,0.183297186196059,0.182391587260585,0.181495617748721,0.180609172153282,0.179732145731588,0.178864434546894,0.178005935505781,0.177156546391765,0.176316165895427,0.175484693641259,0.174662030211492,0.173848077167083,0.173042737066073,0.172245913479497,0.171457511004995,0.170677435278312,0.169905592982804,0.169141891857101,0.168386240701059,0.167638549380104,0.166898728828092,0.166166691048794,0.165442349116082,0.16472561717293,0.164016410429306,0.16331464515903,0.162620238695686,0.161933109427644,0.161253176792274,0.160580361269392,0.159914584374026,0.159255768648526,0.158603837654089,0.157958715961745,0.157320329142838,0.156688603759058,0.156063467352057,0.155444848432686,0.154832676469894,0.154226881879314,0.153627396011571,0.153034151140348,0.152447080450227,0.151866118024332,0.151291198831807,0.150722258715147,0.150159234377396,0.14960206336925,0.149050684076063,0.14850503570479,0.147965058270878,0.14743069258512,0.146901880240487,0.146378563598955,0.145860685778335,0.145348190639126,0.144841022771394,0.144339127481691,0.143842450780032,0.143350939366923,0.142864540620469,0.14238320258355,0.141906873951094,0.141435504057433,0.140969042863769,0.140507440945741,0.140050649481109,0.139598620237554,0.139151305560606,0.138708658361702,0.138270632106371,0.137837180802568,0.137408258989146,0.13698382172447,0.136563824575192,0.13614822360517,0.135736975364546,0.13533003687899,0.134927365639096,0.134528919589947,0.134134657120851,0.133744537055241,0.133358518640742,0.132976561539425,0.132598625818213,0,0.249859162978707,0.252410404508265,0.254965409524348,0.257547754710354,0.260157173925632,0.262780574864308,0.265399008852404,0.267991306126681,0.270536141135154,0.273013252750559,0.275404106187865,0.277692177274999,0.27986300576084,0.281904129938454,0.283804977912345,0.285556758726662,0.287152372535296,0.288586342977313,0.289854765652878,0.290955262552684,0.291886931978526,0.292650285520946,0.293247166844117,0.293680650444398,0.293954921567865,0.294075140744773,0.294047297807043,0.293878060845484,0.293574625481453,0.293144569260343,0.292595715109888,0.29193600680866,0.291173398406798,0.290315758619873,0.289370790430577,0.288345965504983,0.287248472562721,0.286085178521665,0.284862601047486,0.283586891053394,0.2822638236917,0.280898796434669,0.279496832938472,0.278062591505239,0.276600377091882,0.275114155951346,0.273607572125478,0.272083965134394,0.270546388322317,0.268997627422865,0.267440218997306,0.265876468477445,0.26430846761137,0.262738111166041,0.261167112786855,0.259597019951885,0.258029227988671,0.256464993145217,0.254905444725255,0.253351596311713,0.251804356112483,0.250264536469649,0.248732862578016,0.247209980461398,0.245696464256285,0.244192822852428,0.242699505938946,0.241216909502911,0.23974538082533,0.238285223017022,0.236836699134348,0.235400035912054,0.233975427147851,0.232563036770677,0.231163001622063,0.229775433977547,0.228400423832774,0.22703804097674,0.225688336872583,0.224351346364462,0.223027089227299,0.221715571574562,0.220416787137825,0.219130718430452,0.217857337806593,0.216596608425535,0.215348485130469,0.214112915249819,0.212889839328478,0.211679191795543,0.210480901574506,0.20929489264122,0.208121084534472,0.206959392823493,0.205809729536291,0.204672003552332,0.203546120962748,0.202431985400901,0.201329498345919,0.200238559401503,0.199159066552139,0.198090916398597,0.197034004374468,0.195988224945286,0.194953471791667,0.19392963797775,0.192916616106114,0.191914298460244,0.190922577135515,0.189941344159578,0.188970491602976,0.188009911680705,0.187059496845429,0.186119139872947,0.185188733940493,0.184268172698396,0.183357350335578,0.182456161639327,0.181564502049775,0.180682267709428,0.179809355508123,0.178945663123724,0.178091089058845,0.177245532673893,0.176408894216674,0.175581074848806,0.174761976669155,0.173951502734498,0.173149557077612,0.172356044722952,0.171570871700091,0.170793945055085,0.170025172859878,0.169264464219919,0.168511729280082,0.167766879229024,0.167029826302088,0.166300483782847,0.165578766003392,0.164864588343448,0.1641578672284,0.163458520126318,0.162766465544041,0.1620816230224,0.161403913130634,0.160733257460073,0.16006957861713,0.159412800215671,0.158762846868796,0.158119644180095,0.157483118734411,0.156853198088158,0.156229810759229,0.155612886216537,0.155002354869214,0.154398148055509,0.153800198031414,0.153208437959038,0.152622801894771,0.152043224777252,0.151469642415165,0.150901991474893,0.150340209468044,0.149784234738876,0.149234006451623,0.148689464577769,0.148150549883254,0.147617203915651,0.147089368991314,0.146566988182526,0.14605000530464,0.145538364903242,0.145032012241342,0.144530893286597,0.144034954698587,0.143544143816149,0.143058408644773,0.142577697844074,0.142101960715346,0.141631147189211,0.141165207813354,0.14070409374037,0.140247756715717,0.139796149065781,0.139349223686067,0.138906934029506,0.138469234094901,0.1380360784155,0.137607422047714,0.137183220559964,0.136763430021688,0.136348006992487,0.135936908511428,0.135530092086494,0.135127515684198,0.134729137719355,0.134334917045013,0.13394481294255,0.133558785111934,0.133176793662154,0,0.247979214805291,0.250510417686757,0.253047642599602,0.25561196559927,0.258206797709774,0.260822890230529,0.263444091513017,0.266050937782228,0.268622874718798,0.271139674006312,0.273582297268251,0.275933362689842,0.278177344542984,0.280300613490654,0.28229139721842,0.284139712786855,0.285837298741243,0.287377557911694,0.288755510734385,0.289967752902243,0.291012409058616,0.291889074880541,0.292598742135096,0.293143704185537,0.293527442265777,0.293754495180475,0.293830316703577,0.293761125801486,0.293553754981455,0.293215501710741,0.29275398713867,0.29217702544434,0.291492506161888,0.290708290903814,0.289832125076591,0.288871564497725,0.287833916291807,0.286726193060518,0.285555079072868,0.284326907086571,0.283047644366705,0.281722886491897,0.280357857611361,0.27895741592154,0.277526063255078,0.276067957807023,0.274586929155563,0.273086494861799,0.271569878051487,0.270040025489158,0.268499625750654,0.266951127183594,0.265396755417092,0.263838530242894,0.262278281740888,0.260717665563824,0.259158177330041,0.257601166100176,0.256047846935167,0.254499312549257,0.252956544084036,0.251420421038444,0.249891730395854,0.248371174993251,0.246859381179696,0.245356905812062,0.243864242635724,0.242381828096823,0.240910046631062,0.239449235471925,0.237999689018867,0.236561662803566,0.235135377089731,0.233721020139424,0.232318751176323,0.230928703073938,0.229550984794437,0.228185683601547,0.226832867068947,0.225492584903599,0.224164870601695,0.222849742953268,0.221547207409936,0.220257257328921,0.218979875105182,0.217715033202344,0.216462695092073,0.215222816110583,0.213995344240107,0.212780220822386,0.211577381210519,0.210386755364916,0.20920826839849,0.208041841075737,0.206887390269891,0.205744829381922,0.204614068724785,0.203495015875983,0.202387576001219,0.201291652151644,0.200207145536957,0.19913395577642,0.198071981129624,0.197021118708709,0.195981264673544,0.194952314411267,0.193934162701433,0.192926703867928,0.191929831918677,0.190943440674117,0.189967423885276,0.189001675342287,0.188046088974028,0.187100558939574,0.186164979712071,0.185239246155568,0.184323253595358,0.183416897882259,0.182520075451308,0.181632683375239,0.180754619413133,0.179885782054572,0.179026070559619,0.17817538499491,0.177333626266133,0.176500696147142,0.175676497305936,0.174860933327729,0.174053908735297,0.173255329006802,0.172465100591255,0.171683130921789,0.17090932842689,0.170143602539718,0.169385863705664,0.168636023388257,0.167893994073527,0.167159689272951,0.166433023525066,0.165713912395846,0.165002272477932,0.164298021388798,0.163601077767929,0.162911361273081,0.162228792575691,0.161553293355501,0.16088478629446,0.16022319506995,0.159568444347394,0.158920459772298,0.158279167961762,0.157644496495525,0.157016373906551,0.156394729671233,0.155779494199218,0.155170598822906,0.154567975786651,0.153971558235686,0.15338128020481,0.152797076606863,0.152218883221001,0.151646636680809,0.151080274462271,0.15051973487161,0.149964957033023,0.149415880876334,0.148872447124567,0.148334597281476,0.147802273619031,0.147275419164873,0.146753977689773,0.146237893695076,0.145727112400169,0.145221579729971,0.144721242302456,0.144226047416221,0.143735943038109,0.143250877790896,0.142770800941044,0.142295662386538,0.141825412644806,0.141360002840732,0.140899384694763,0.140443510511132,0.139992333166179,0.139545806096795,0.13910388328898,0.138666519266537,0.138233669079881,0.137805288294991,0.137381332982496,0.1369617597069,0.136546525515953,0.136135587930165,0.135728904932475,0.135326434958065,0.134928136884335,0.134533970021027,0.134143894100517,0.13375786926826,0,0.246131483171153,0.248630256000537,0.251143679074305,0.253686260550241,0.256262669982514,0.258866646189927,0.261484715526981,0.26409931663328,0.266690985269519,0.269239866867433,0.27172672740948,0.274133576485747,0.276444006612663,0.278643344282954,0.280718690368824,0.282658905368333,0.284454574065767,0.286097967266083,0.287583006159342,0.288905227347502,0.290061742910403,0.291051189165183,0.291873658993646,0.29253061486184,0.293024782191011,0.293360025031743,0.293541207733574,0.293574047368612,0.293464962076415,0.293220920353117,0.292849295756861,0.292357730697407,0.29175401205779,0.291045960469952,0.290241334212069,0.289347747960914,0.288372606040735,0.2873230493646,0.286205914955642,0.285027706747035,0.283794576270236,0.282512311829485,0.281186334806831,0.27982170182823,0.278423111632815,0.27699491561247,0.275541131118302,0.274065456758018,0.272571289028955,0.271061739742879,0.269539653798933,0.268007626949765,0.266468023282858,0.264922992205031,0.263374484773678,0.261824269264605,0.26027394590431,0.258724960725286,0.257178618527383,0.255636094947401,0.254098447653703,0.252566626693573,0.251041484028833,0.249523782300574,0.248014202867165,0.246513353161437,0.245021773413411,0.243539942784464,0.242068284957685,0.240607173227436,0.239156935129118,0.237717856647868,0.236290186042473,0.234874137318371,0.233469893381127,0.232077608899388,0.230697412903982,0.229329411147637,0.227973688247691,0.226630309632187,0.225299323307944,0.22398076146747,0.222674641950029,0.221380969570732,0.220099737330192,0.218830927516099,0.217574512706943,0.216330456687147,0.215098715281949,0.213879237119547,0.212671964327305,0.211476833168131,0.210293774622536,0.209122714921351,0.207963576033586,0.206816276113462,0.205680729910287,0.204556849144446,0.203444542852493,0.202343717704034,0.201254278292824,0.200176127404279,0.199109166261406,0.198053294750942,0.197008411631341,0.195974414724107,0.194951201089808,0.193938667190018,0.19293670903628,0.191945222327136,0.190964102574133,0.189993245217668,0.18903254573344,0.188081899730221,0.187141203039595,0.186210351798268,0.18528924252349,0.184377772182092,0.183475838253606,0.182583338787889,0.181700172457646,0.180826238606215,0.179961437290951,0.179105669322506,0.178258836300311,0.177420840644508,0.176591585624588,0.175770975384954,0.174958914967631,0.174155310332314,0.173360068373931,0.172573096937905,0.171794304833261,0.171023601843732,0.170260898736998,0.16950610727219,0.168759140205776,0.168019911295946,0.167288335305588,0.166564328003974,0.165847806167222,0.165138687577644,0.164436891022045,0.163742336289047,0.163054944165526,0.162374636432202,0.161701335858468,0.161034966196505,0.160375452174727,0.159722719490638,0.15907669480311,0.15843730572416,0.157804480810248,0.157178149553148,0.156558242370416,0.15594469059551,0.155337426467574,0.154736383120925,0.154141494574288,0.15355269571977,0.152969922311642,0.152393110954919,0.151822199093775,0.15125712499982,0.150697827760249,0.15014424726588,0.149596324199112,0.149054000021812,0.148517216963139,0.147985918007337,0.147460046881497,0.146939548043305,0.146424366668793,0.145914448640098,0.145409740533243,0.144910189605952,0.144415743785503,0.143926351656634,0.143441962449512,0.142962526027762,0.142487992876572,0.142018314090888,0.141553441363687,0.141093326974351,0.140637923777137,0.140187185189759,0.139741065182077,0.1392995182649,0.138862499478912,0.138429964383728,0.138001869047065,0.137578170034059,0.137158824396707,0.136743789663458,0.136333023828936,0.135926485343811,0.135524133104823,0.135125926444945,0.134731825123704,0.134341789317657,0,0.244319786125006,0.246773732454991,0.249256499700587,0.251773161114365,0.254327374394957,0.256914803684892,0.259524334542969,0.262140364911402,0.264744754381947,0.267318321244405,0.269841934110669,0.272297254734435,0.274667201304504,0.276936208083605,0.279090351120236,0.281117395239974,0.283006800601174,0.284749711645495,0.28633893907614,0.287768937059701,0.289035772959472,0.290137084963936,0.291072023180685,0.291841171299447,0.292446448052677,0.292890989846183,0.29317901771478,0.293315692980538,0.293306966604036,0.293159427276545,0.292880152918049,0.292476569560644,0.291956320744124,0.291327149645534,0.290596795295026,0.289772903455416,0.28886295209586,0.287874190883364,0.286813593746804,0.285687823324062,0.284503205965586,0.283265715916895,0.281980967318203,0.280654212723087,0.279290346934189,0.277893915069339,0.276469123896013,0.275019855598045,0.273549683260554,0.272061887473371,0.270559473557778,0.269045189014804,0.26752154087545,0.265990812704217,0.264455081067813,0.262916231331786,0.261375972689968,0.259835852366114,0.258297268954899,0.256761484891476,0.255229638055919,0.253702752531959,0.252181748549034,0.250667451643549,0.249160601079809,0.247661857573878,0.246171810364938,0.244690983678965,0.243219842628893,0.241758798594205,0.240308214121147,0.238868407382782,0.237439656235845,0.236022201909041,0.234616252355103,0.233221985296511,0.23183955099255,0.230469074753127,0.229110659222675,0.227764386455507,0.226430319802065,0.22510850562383,0.223798974852985,0.222501744411501,0.221216818502879,0.219944189788583,0.218683840460021,0.217435743215898,0.216199862153821,0.214976153584162,0.213764566773415,0.212565044623578,0.211377524293442,0.210201937767113,0.209038212374552,0.207886271268468,0.206746033861475,0.205617416227036,0.204500331467384,0.203394690051309,0.202300400124414,0.201217367794194,0.200145497392087,0.199084691714422,0.198034852244029,0.196995879354095,0.195967672495727,0.194950130370528,0.19394315108939,0.192946632318589,0.19196047141419,0.190984565545654,0.190018811809491,0.189063107333712,0.188117349373767,0.187181435400624,0.186255263181556,0.185338730854177,0.184431736994228,0.183534180677553,0.182645961536693,0.181766979812478,0.18089713640097,0.180036332896097,0.179184471628265,0.178341455699235,0.177507189013535,0.176681576306632,0.175864523170094,0.175055936073952,0.174255722386458,0.173463790391399,0.17268004930316,0.171904409279677,0.171136781433419,0.170377077840551,0.169625211548387,0.168881096581261,0.168144647944923,0.167415781629561,0.166694414611545,0.165980464853984,0.165273851306183,0.164574493902067,0.163882313557663,0.163197232167695,0.162519172601359,0.161848058697347,0.161183815258165,0.160526368043808,0.159875643764838,0.159231570074909,0.158594075562788,0.157963089743917,0.157338543051542,0.156720366827454,0.156108493312387,0.155502855636076,0.154903387807039,0.154310024702087,0.153722702055606,0.153141356448615,0.152565925297655,0.151996346843492,0.151432560139699,0.150874505041094,0.150322122192086,0.149775353014923,0.149234139697881,0.148698425183384,0.148168153156087,0.147643268030938,0.147123714941215,0.146609439726564,0.146100388921048,0.145596509741215,0.145097750074186,0.144604058465798,0.14411538410878,0.143631676830993,0.14315288708373,0.142678965930091,0.142209865033434,0.141745536645906,0.141285933597077,0.140831009282656,0.140380717653318,0.139935013203637,0.139493850961126,0.139057186475402,0.138624975807456,0.138197175519066,0.137773742662322,0.137354634769289,0.136939809841807,0.136529226341418,0.136122843179444,0.135720619707201,0.13532251570636,0.134928491379454,0,0.24254500555884,0.244943584368578,0.247388731074738,0.249875015665746,0.252403303346874,0.25497008010858,0.257566131098348,0.26017774508956,0.262788250300545,0.265379384319133,0.267932394639864,0.270428856785454,0.27285123769487,0.275183254815172,0.277410087405989,0.279518490660779,0.281496851556211,0.283335212484647,0.28502527734347,0.286560406054587,0.287935597779972,0.28914746015217,0.290194161105823,0.291075360693461,0.29179212191367,0.292346801489789,0.29274292328375,0.292985038349857,0.293078576414124,0.293029693808601,0.292845122675014,0.292532025695295,0.292097859835315,0.291550251718987,0.290896886378009,0.290145410316765,0.28930334913576,0.28837803939192,0.287376573944647,0.286305759735108,0.285172086758006,0.283981706891361,0.282740421231114,0.28145367461502,0.280126556097601,0.278763804241006,0.277369816203904,0.275948659733468,0.274504087287394,0.273039551629372,0.271558222349483,0.270063002858854,0.268556547494962,0.26704127844999,0.265519402300069,0.263992925968808,0.262463672004963,0.260933293092548,0.259403285742967,0.257875003143868,0.256349667159281,0.254828379490947,0.253312132022378,0.251801816375713,0.250298232717419,0.248802097852816,0.247314052651712,0.245834668848422,0.244364455259451,0.242903863461368,0.241453292970071,0.240013095960938,0.238583581567333,0.237165019792827,0.235757645070201,0.234361659498059,0.232977235783603,0.231604519917961,0.230243633608333,0.22889467648922,0.227557728133104,0.22623284987919,0.22492008649714,0.223619467701231,0.222331009528916,0.2210547155965,0.21979057824344,0.218538579575667,0.21729869241738,0.216070881179814,0.214855102654682,0.213651306739266,0.212459437099416,0.211279431776147,0.210111223740955,0.208954741404482,0.207809909082708,0.20667664742445,0.205554873803586,0.204444502679091,0.203345445925675,0.202257613137558,0.201180911907667,0.20011524808434,0.199060526007405,0.198016648725356,0.196983518195174,0.1959610354662,0.194949100849348,0.193947614072826,0.192956474425425,0.191975580888363,0.191004832256548,0.190044127250091,0.189093364616805,0.188152443226367,0.187221262156762,0.186299720773597,0.18538771880279,0.184485156397126,0.183591934197132,0.182707953386663,0.181833115743587,0.18096732368592,0.180110480313723,0.179262489447062,0.178423255660312,0.177592684313054,0.176770681577795,0.175957154464748,0.175152010843855,0.174355159464258,0.173566509971384,0.172785972921809,0.172013459796061,0.171248883009491,0.170492155921351,0.169743192842211,0.16900190903981,0.168268220743467,0.167542045147143,0.166823300411249,0.166111905663294,0.165407780997444,0.16471084747308,0.164021027112421,0.163338242897279,0.162662418765017,0.161993479603757,0.161331351246904,0.160675960467033,0.160027234969196,0.159385103383675,0.158749495258253,0.158120341050019,0.157497572116758,0.156881120707957,0.156270919955464,0.155666903863828,0.155069007300353,0.154477165984889,0.153891316479398,0.153311396177297,0.152737343292632,0.152169096849079,0.151606596668802,0.15104978336119,0.15049859831149,0.149952983669349,0.149412882337286,0.148878237959102,0.148348994908256,0.147825098276204,0.147306493860723,0.146793128154236,0.146284948332133,0.145781902241118,0.145283938387576,0.144791005925982,0.144303054647349,0.143820034967734,0.143341897916798,0.142868595126442,0.142400078819508,0.141936301798572,0.141477217434816,0.141022779656991,0.140572942940489,0.140127662296503,0.139686893261308,0.139250591885645,0.138818714724222,0.138391218825341,0.13796806172064,0.137549201414967,0.137134596376383,0.136724205526294,0.136317988229724,0.135915904285721,0.135517913917905,0,0.240805236765056,0.243141256023322,0.245542449350908,0.247993904543562,0.250492629233455,0.253034947212965,0.255613016762904,0.2582148504156,0.260825305308305,0.263427226251418,0.266002484038495,0.268532820284433,0.271000480946771,0.273388659545508,0.275681789114909,0.277865724985091,0.279927854831505,0.28185716309588,0.28364426715268,0.285281434290997,0.286762582520173,0.2880832645438,0.289240632714157,0.29023338287392,0.291061676125051,0.291727039178442,0.292232245580573,0.292581181474308,0.292778700460688,0.292830472538284,0.292742832044649,0.29252262910237,0.292177088394398,0.291713678274008,0.291139992353329,0.290463644888121,0.289692180538167,0.288832998462985,0.287893290223651,0.286879990601543,0.285799740203014,0.284658858578882,0.283463326530776,0.282218776284185,0.280930488263236,0.27960339328994,0.278242079138276,0.27685080049123,0.275433491469255,0.273993780015998,0.272535003537966,0.271060225296663,0.269572251143295,0.268073646267151,0.266566751699075,0.265053700371776,0.263536432589664,0.262016710803421,0.260496133619515,0.258976149003251,0.257458066656717,0.255943069570793,0.254432224764196,0.252926493232881,0.251426739140612,0.249933738286759,0.24844818589073,0.246970703734313,0.245501846703914,0.244042108774493,0.242591928476113,0.241151693882687,0.239721747160733,0.238302388714038,0.236893880958005,0.235496451755294,0.234110297542189,0.232735586172957,0.231372459507394,0.23002103576472,0.228681411665092,0.227353664378184,0.22603785329663,0.224734021650501,0.223442197977594,0.222162397462895,0.220894623159412,0.219638867101384,0.218395111319866,0.217163328769729,0.215943484176276,0.214735534808848,0.213539431188148,0.212355117733296,0.211182533354123,0.210021611993607,0.208872283124961,0.207734472207372,0.206608101104082,0.205493088466084,0.204389350084454,0.203296799214,0.202215346870705,0.201144902105167,0.200085372254073,0.199036663171517,0.197998679441848,0.19697132457553,0.195954501189419,0.194948111172685,0.193952055839532,0.192966236069745,0.191990552438029,0.191024905332987,0.190069195066547,0.189123321974554,0.188187186509188,0.187260689323836,0.186343731350953,0.18543621387344,0.184538038590019,0.183649107675013,0.182769323832967,0.18189859034845,0.181036811131395,0.180183890758288,0.179339734509497,0.178504248403013,0.177677339224847,0.176858914556323,0.176048882798471,0.175247153193736,0.174453635845167,0.173668241733274,0.17289088273071,0.172121471614922,0.171359922078916,0.170606148740264,0.16986006714847,0.169121593790814,0.168390646096776,0.167667142441137,0.166951002145852,0.166242145480783,0.165540493663365,0.164845968857284,0.16415849417025,0.163477993650902,0.162804392284941,0.162137615990523,0.161477591612982,0.160824246918927,0.160177510589758,0.159537312214662,0.158903582283108,0.158276252176903,0.157655254161826,0.157040521378895,0.156431987835287,0.155829588394938,0.155233258768873,0.154642935505269,0.154058555979289,0.153480058382715,0.152907381713392,0.152340465764513,0.151779251113759,0.151223679112319,0.150673691873804,0.15012923226307,0.149590243884972,0.149056671073059,0.148528458878222,0.148005553057316,0.147487900061762,0.146975447026137,0.146468141756779,0.145965932720398,0.145468769032708,0.144976600447108,0.144489377343384,0.144007050716477,0.143529572165301,0.143056893881628,0.14258896863904,0.142125749781964,0.141667191214789,0.141213247391067,0.140763873302816,0.140319024469916,0.139878656929608,0.139442727226106,0.139011192400317,0.138584009979678,0.13816113796811,0.137742534836096,0.137328159510887,0.13691797136683,0.136511930215833,0.136109996297958,0,0.239096701326452,0.24136685423242,0.243719037406624,0.246131549169668,0.248597268524555,0.251111624215549,0.253667632433351,0.256254799446449,0.258859498953155,0.261465811693544,0.264056437588696,0.266613518629325,0.269119308935428,0.271556681852917,0.273909492800693,0.276162828287645,0.278303172208177,0.280318515341717,0.282198426595151,0.283934097234802,0.285518363418664,0.286945708289539,0.288212242750862,0.289315663523091,0.290255187707723,0.291031464367519,0.291646465117798,0.292103357074165,0.292406362501659,0.292560610062485,0.292571982662052,0.292446966608337,0.292192506225048,0.291815867302354,0.29132451193091,0.290725986428923,0.290027823299477,0.289237457485713,0.288362156644793,0.287408964742592,0.286384657973359,0.285295711818887,0.284148277962982,0.282948169751189,0.281700854915178,0.280411454350322,0.279084745830253,0.277725171652553,0.276336849326707,0.274923584532494,0.273488885689629,0.272035979584605,0.270567827596504,0.269087142149225,0.267596403092758,0.266097873781266,0.264593616671266,0.263085508309949,0.261575253622564,0.260064399439682,0.258554347230906,0.257046365032188,0.255541598569957,0.254041081597612,0.25254574546912,0.251056427981113,0.249573881519373,0.248098780548481,0.246631728484875,0.245173263994024,0.243723866752089,0.242283962711455,0.240853928908127,0.239434097847271,0.238024761501241,0.236626174952429,0.235238559711126,0.233862106736548,0.23249697918706,0.23114331492366,0.229801228788875,0.228470814681364,0.227152147444847,0.225845284588353,0.22455026785327,0.223267124641333,0.221995869316364,0.220736504391424,0.219489021611955,0.218253402944494,0.217029621479653,0.215817642257219,0.214617423020511,0.213428914906409,0.21225206307692,0.211086807297516,0.209933082467044,0.208790819103498,0.207659943789585,0.206540379581589,0.205432046384754,0.204334861298077,0.203248738931139,0.202173591695343,0.201109330071739,0.200055862857377,0.199013097391975,0.197980939766523,0.196959295015287,0.195948067292561,0.194947160035371,0.193956476113263,0.192975917966179,0.192005387731337,0.19104478735999,0.190094018724806,0.189152983718601,0.18822158434507,0.187299722802102,0.186387301558243,0.185484223422795,0.184590391610026,0.183705709797905,0.182830082181769,0.181963413523269,0.18110560919494,0.180256575220701,0.179416218312568,0.178584445903851,0.177761166179065,0.176946288100806,0.17613972143378,0.175341376766189,0.174551165528661,0.173769000010883,0.172994793376105,0.172228459673647,0.171469913849564,0.170719071755572,0.169975850156386,0.16924016673554,0.168511940099834,0.167791089782471,0.167077536244996,0.166371200878109,0.165672006001434,0.164979874862327,0.164294731633773,0.163616501411461,0.162945110210072,0.162280484958858,0.161622553496557,0.160971244565694,0.160326487806307,0.15968821374917,0.159056353808512,0.158430840274314,0.157811606304185,0.15719858591488,0.156591713973468,0.1559909261882,0.155396159099093,0.154807350068262,0.154224437270023,0.153647359680794,0.153076057068812,0.15251046998369,0.151950539745835,0.151396208435738,0.150847418883164,0.150304114656253,0.149766240050543,0.149233740077939,0.148706560455638,0.148184647595014,0.147667948590495,0.14715641120842,0.146649983875903,0.146148615669712,0.145652256305166,0.14516085612506,0.144674366088637,0.144192737760599,0.143715923300177,0.143243875450261,0.142776547526596,0.142313893407058,0.141855867520999,0.14140242483869,0.140953520860845,0.140509111608244,0.140069153611455,0.139633603900661,0.139202419995592,0.138775559895571,0.138352982069674,0.137934645447011,0.137520509407121,0.137110533770501,0.136704678789253,0,0.237414961010236,0.239619252043862,0.241919115897568,0.244289241079343,0.246718846198795,0.249202068387672,0.25173234870535,0.254300433863585,0.256894146600477,0.25949887712573,0.262098318279273,0.264675221762673,0.267212070206113,0.269691624582981,0.272097344171408,0.274413695617505,0.27662637449895,0.27872246204127,0.280690535086669,0.282520741655617,0.284204849086687,0.285736267651328,0.287110050025709,0.288322865985459,0.289372951860018,0.290260035225498,0.290985236610563,0.291550951288301,0.291960715280566,0.292219060371714,0.292331363174637,0.292303693144728,0.292142663973876,0.291855292114248,0.29144886537967,0.290930823738035,0.290308653610167,0.28958979627664,0.288781570392377,0.28789110813099,0.286925304125553,0.285890776130232,0.284793836182936,0.283640470985744,0.282436330219876,0.281186721559042,0.279896611224899,0.278570629028845,0.277213076956002,0.275827940462388,0.274418901769614,0.272989354549061,0.271542419487062,0.270080960312613,0.268607599949144,0.267124736521745,0.265634559011426,0.264139062399156,0.262640062185318,0.261139208205785,0.259637997694817,0.258137787568457,0.256639805920608,0.255145162738522,0.253654859855393,0.252169800165975,0.250690796136963,0.249218577647773,0.247753799199789,0.246297046533278,0.244848842691454,0.243409653570629,0.241979892994382,0.240559927348253,0.239150079809719,0.237750634206398,0.236361838533371,0.234983908158559,0.233617028743016,0.232261358901061,0.230917032623244,0.229584161483303,0.22826283664854,0.226953130711418,0.225655099358622,0.224368782892433,0.223094207617928,0.221831387108289,0.220580323359418,0.219341007843985,0.218113422474122,0.216897540481108,0.215693327219601,0.214500740903284,0.213319733278102,0.212150250238733,0.210992232393357,0.209845615581347,0.208710331348026,0.207586307380283,0.206473467906462,0.205371734063621,0.20428102423496,0.203201254359986,0.202132338219697,0.20107418769891,0.200026713027608,0.198989823003066,0.197963425194304,0.196947426130322,0.195941731473397,0.194946246178661,0.193960874641011,0.192985520830367,0.192020088416174,0.19106448088197,0.190118601630781,0.189182354082044,0.188255641760671,0.18733836837887,0.186430437911232,0.185531754663583,0.184642223336063,0.183761749080842,0.182890237554858,0.182027594967928,0.181173728126575,0.180328544473851,0.179491952125456,0.178663859902399,0.177844177360452,0.177032814816605,0.176229683372747,0.175434694936744,0.174647762241114,0.173868798859443,0.173097719220716,0.17233443862169,0.171578873237448,0.170830940130275,0.170090557256934,0.169357643474496,0.168632118544787,0.167913903137576,0.167202918832566,0.166499088120294,0.165802334402004,0.165112581988566,0.164429756098517,0.163753782855277,0.163084589283605,0.162422103305358,0.161766253734585,0.161116970272032,0.160474183499074,0.159837824871152,0.15920782671072,0.158584122199767,0.157966645371934,0.157355331104274,0.156750115108666,0.156150933922935,0.155557724901693,0.154970426206923,0.154388976798353,0.153813316423611,0.15324338560821,0.152679125645373,0.152120478585713,0.151567387226796,0.151019795102594,0.150477646472855,0.14994088631239,0.149409460300316,0.148883314809232,0.148362396894384,0.147846654282789,0.147336035362361,0.146830489171033,0.146329965385887,0.145834414312309,0.145343786873165,0.144858034598018,0.144377109612391,0.143900964627073,0.143429552927494,0.142962828363154,0.142500745337132,0.142043258795668,0.141590324217822,0.141141897605227,0.140697935471932,0.140258394834335,0.139823233201225,0.139392408563921,0.138965879386523,0.13854360459627,0.138125543574018,0.137711656144828,0.137301902568683,0,0.235754978579114,0.237896308404815,0.240142557566665,0.242467803707767,0.244858668308788,0.247307966310189,0.249809266926993,0.252354319152687,0.254932292805115,0.257529913862586,0.260131989594381,0.262722061019746,0.26528304421354,0.26779779299706,0.270249559263096,0.272622352592852,0.274901213137151,0.277072415347171,0.279123618673925,0.281043977513383,0.282824218294956,0.284456687819756,0.285935374313538,0.287255901307705,0.288415494252749,0.289412920392163,0.290248403515446,0.290923516425815,0.291441055035111,0.291804898764156,0.292019862304016,0.292091543781994,0.292026174029721,0.291830471053662,0.291511503054953,0.291076562524595,0.290533053126137,0.289888390326472,0.289149916082398,0.288324827354812,0.287420117808536,0.286442531758336,0.285398529228384,0.284294260887625,0.283135551590086,0.281927891270626,0.2806764320078,0.279385990153466,0.278061052532736,0.276705785829379,0.275324048384451,0.273919403745115,0.272495135403195,0.271054262257053,0.269599554414848,0.268133549031874,0.266658565939495,0.26517672287889,0.263689950199881,0.262200004924506,0.260708484107488,0.259216837452206,0.257726379162049,0.256238299023802,0.254753672732746,0.253273471479036,0.251798570822148,0.250329758885336,0.248867743905394,0.247413161175012,0.245966579415919,0.24452850662104,0.243099395403256,0.2416796478873,0.240269620179846,0.238869626451156,0.237479942659832,0.236100809950285,0.234732437750578,0.233375006596365,0.232028670704762,0.230693560320123,0.229369783851987,0.228057429823773,0.226756568649242,0.225467254252304,0.224189525544379,0.222923407772246,0.221668913748195,0.220426044973176,0.219194792662705,0.217975138684349,0.216767056414833,0.215570511524024,0.214385462692393,0.21321186226794,0.212049656867972,0.210898787930671,0.209759192220869,0.208630802294071,0.207513546922377,0.2064073514856,0.205312138330592,0.204227827101493,0.203154335043371,0.202091577281499,0.201039467078299,0.199997916069813,0.198966834483372,0.197946131338004,0.196935714628974,0.195935491497719,0.194945368388349,0.193965251191762,0.192995045378347,0.192034656120142,0.191083988403285,0.190142947131459,0.189211437221044,0.188289363688572,0.187376631731075,0.186473146799831,0.185578814668007,0.184693541492638,0.183817233871337,0.182949798894138,0.1820911441908,0.181241177973893,0.180399809077978,0.17956694699514,0.178742501907139,0.177926384714399,0.177118507062078,0.176318781363395,0.175527120820416,0.174743439442478,0.173967652062399,0.173199674350637,0.172439422827532,0.171686814873769,0.170941768739175,0.170204203549971,0.169474039314583,0.16875119692811,0.168035598175547,0.167327165733839,0.166625823172861,0.165931494955389,0.165244106436134,0.164563583859919,0.163889854359036,0.163222845949867,0.162562487528805,0.161908708867543,0.161261440607761,0.160620614255268,0.159986162173642,0.159358017577401,0.158736114524746,0.158120387909912,0.157510773455156,0.156907207702422,0.156309628004699,0.15571797251711,0.155132180187756,0.154552190748329,0.153977944704536,0.153409383326338,0.15284644863803,0.152289083408185,0.151737231139474,0.151190836058383,0.150649843104837,0.150114197921757,0.149583846844548,0.149058736890547,0.148538815748434,0.148024031767615,0.147514333947604,0.147009671927391,0.146509995974829,0.146015256976026,0.145525406424777,0.145040396412015,0.144560179615316,0.144084709288443,0.143613939250954,0.143147823877862,0.142686318089369,0.142229377340676,0.14177695761186,0.141329015397846,0.140885507698463,0.140446392008588,0.140011626308395,0.139581169053695,0.139154979166388,0.138733016025017,0.138315239455436,0.137901609721587,0,0.234111177338053,0.236195193452073,0.238388582634479,0.240667594879034,0.243017709481078,0.245430729322927,0.247900222040476,0.250418748032687,0.252976709055155,0.255562156466451,0.258161093757125,0.260757998564195,0.263336404659274,0.265879455256154,0.268370385219181,0.270792919123391,0.273131588788378,0.275371981451661,0.277500931365022,0.279506665891518,0.281378914079226,0.283108982491848,0.284689800553504,0.286115936152613,0.287383581764417,0.288490511702263,0.289436011999177,0.290220785540764,0.290846836147919,0.291317336149083,0.291636482478276,0.291809346456396,0.291841722188956,0.291739978011816,0.291510914724076,0.291161633552325,0.290699415971169,0.290131616723747,0.289465570686426,0.288708513630166,0.287867516458222,0.286949432145039,0.2859608543557,0.284908086575193,0.283797120505954,0.282633622484064,0.281422926703533,0.280170034110396,0.27887961592217,0.277556020834045,0.276203285083664,0.274825144655871,0.273425049013668,0.272006175839099,0.2705714463565,0.269123540889697,0.267664914374318,0.266197811606539,0.264724282061043,0.263246194154294,0.261765248865391,0.260282992656435,0.258800829658478,0.257320033108423,0.255841756037389,0.254367041222795,0.25289683042524,0.251431972937662,0.24997323347877,0.248521299465592,0.247076787701681,0.245640250518094,0.244212181404178,0.242793020164471,0.241383157636852,0.239982940005662,0.238592672741816,0.237212624200134,0.235843028902276,0.234484090531755,0.233135984665649,0.231798861265828,0.230472846950718,0.229158047067011,0.227854547579081,0.226562416792435,0.225281706926091,0.224012455547516,0.222754686882526,0.221508413011467,0.220273634961955,0.219050343707544,0.217838521080803,0.216638140608521,0.215449168276045,0.214271563227093,0.213105278404802,0.211950261139236,0.210806453686083,0.209673793720839,0.208552214792359,0.207441646739327,0.206342016072818,0.205253246327883,0.204175258386779,0.203107970776248,0.202051299941011,0.201005160495463,0.199969465455364,0.198944126451167,0.197929053924461,0.196924157308904,0.195929345196871,0.194944525492952,0.19396960555533,0.193004492325984,0.192049092450574,0.191103312388803,0.190167058515976,0.189240237216412,0.188322754969334,0.187414518427773,0.186515434491017,0.185625410371069,0.184744353653546,0.183872172353426,0.183008774966007,0.18215407051342,0.18130796858701,0.180470379385878,0.17964121375185,0.178820383201119,0.178007799952807,0.177203376954632,0.176407027905913,0.175618667278063,0.174838210332768,0.174065573138001,0.173300672582015,0.172543426385457,0.171793753111738,0.171051572175764,0.170316803851155,0.169589369276044,0.168869190457565,0.168156190275109,0.167450292482443,0.166751421708763,0.166059503458765,0.165374464111793,0.164696230920141,0.164024732006555,0.163359896361007,0.162701653836787,0.162049935145968,0.161404671854276,0.160765796375437,0.160133241965015,0.1595069427138,0.158886833540763,0.158272850185638,0.157664929201138,0.157063007944851,0.15646702457084,0.155876918020973,0.155292628016006,0.154714095046453,0.154141260363253,0.153574065968258,0.15301245460457,0.152456369746735,0.151905755590817,0.151360557044366,0.1508207197163,0.150286189906709,0.149756914596603,0.149232841437601,0.148713918741598,0.148200095470401,0.147691321225347,0.147187546236925,0.146688721354398,0.146194798035448,0.145705728335833,0.145221464899085,0.144741960946239,0.144267170265618,0.143797047202659,0.143331546649805,0.142870624036459,0.142414235319009,0.141962336970927,0.141514885972949,0.141071839803339,0.140633156428242,0.14019879429213,0.139768712308346,0.139342869849747,0.138921226739447,0.138503743241677,0,0.232478499329581,0.234512779897519,0.236655922126289,0.238888552079565,0.241196620134401,0.243571496425789,0.246006788565767,0.248495746762378,0.251029895522601,0.253598576229921,0.256189035393457,0.2587868017545,0.261376186588907,0.263940805093303,0.266464061578489,0.268929572090738,0.271321517657338,0.273624932091527,0.275825932741546,0.277911903039111,0.279871634065697,0.281695429990167,0.283375180049762,0.284904398249229,0.286278231309857,0.287493435542742,0.288548324036617,0.289442686570536,0.290177685725684,0.290755733571979,0.291180353910623,0.291456035305158,0.291588080035863,0.291582453715955,0.291445639689361,0.291184501573698,0.290806156499192,0.2903178607923,0.289726909112832,0.289040547408843,0.288265899522204,0.287409906864156,0.286479280279499,0.285480463018995,0.284419603627275,0.283302537511965,0.282134775972833,0.280921501523152,0.279667568416293,0.278377507388423,0.277055533734617,0.275705557944264,0.274331198227714,0.272935794366422,0.271522422411305,0.270093909837552,0.268652850838277,0.267201621504149,0.265742394692002,0.264277154432902,0.26280770977009,0.261335707950347,0.25986264691949,0.258389887094679,0.256918662403734,0.25545009059535,0.253985182834659,0.252524852606453,0.251069923954059,0.249621139085777,0.248179165383264,0.24674460184754,0.245317985018745,0.243899794405489,0.242490457458821,0.241090354124692,0.239699821007295,0.238319155174032,0.236948617631123,0.235588436497028,0.234238809899072,0.232899908616836,0.231571878494169,0.230254842639957,0.228948903436216,0.227654144370541,0.226370631708548,0.225098416020576,0.223837533575728,0.222588007615147,0.221349849515388,0.220123059851755,0.218907629370608,0.217703539878787,0.216510765057598,0.215329271208073,0.214159017933646,0.212999958765772,0.21185204173755,0.210715209909895,0.209589401854428,0.208474552096833,0.207370591524092,0.206277447758717,0.205195045502772,0.204123306854254,0.203062151598154,0.20201149747431,0.200971260423965,0.199941354816797,0.198921693659994,0.197912188790829,0.196912751054067,0.195923290465396,0.194943716361995,0.193973937541235,0.193013862388442,0.192063398994555,0.19112245526446,0.190190939016691,0.189268758075158,0.188355820353498,0.18745203393258,0.186557307131682,0.18567154857379,0.184794667245457,0.183926572551596,0.183067174365587,0.182216383075018,0.181374109623376,0.180540265547971,0.179714763014352,0.178897514847466,0.178088434559782,0.177287436376592,0.17649443525868,0.175709346922546,0.174932087858343,0.174162575345699,0.173400727467545,0.172646463122115,0.171899702033217,0.171160364758906,0.170428372698666,0.169703648099207,0.168986114058959,0.168275694531377,0.167572314327105,0.166875899115119,0.166186375422883,0.165503670635613,0.164827712994697,0.164158431595346,0.163495756383512,0.162839618152144,0.162189948536826,0.161546680010834,0.160909745879668,0.160279080275094,0.159654618148734,0.159036295265242,0.158424048195094,0.157817814307034,0.157217531760196,0.156623139495938,0.156034577229402,0.155451785440842,0.154874705366731,0.154303278990666,0.153737449034112,0.15317715894697,0.152622352898028,0.152072975765277,0.151528973126125,0.150990291247528,0.15045687707604,0.149928678227803,0.149405642978485,0.148887720253189,0.148374859616328,0.14786701126149,0.147364126001291,0.146866155257244,0.146373051049626,0.145884765987377,0.145401253258026,0.144922466617648,0.144448360380869,0.143978889410923,0.143514009109755,0.143053675408198,0.142597844756207,0.14214647411317,0.141699520938295,0.141256943181078,0.140818699271856,0.140384748112451,0.139955049066905,0.139529561952316,0.139108247029766,0,0.230852659934434,0.232846036789264,0.234943028021963,0.237130276679601,0.239395755460738,0.241731147057357,0.244130291030972,0.24658708458881,0.249094086531823,0.251641879344872,0.25421897044148,0.256812022603824,0.25940625774292,0.261985927409131,0.264534782921445,0.267036507827888,0.269475096224361,0.271835173416654,0.274102262219105,0.276263000692539,0.27830531701225,0.280218565779221,0.281993628428828,0.283622979072127,0.285100716426826,0.286422562507236,0.28758582932147,0.288589355755038,0.289433417865605,0.290119616765168,0.290650748972699,0.291030664499755,0.291264117964954,0.291356617751912,0.291314277693116,0.291143675058883,0.290851717836658,0.290445523473781,0.289932310483794,0.289319303623382,0.288613652758671,0.287822365066491,0.286952249857927,0.286009875059966,0.285001534233286,0.283933222924904,0.282810623137706,0.281639094729596,0.280423672619856,0.279169068767496,0.27787967798675,0.276559586770847,0.275212584401277,0.273842175722044,0.272451595054069,0.27104382081248,0.269621590468037,0.268187415563302,0.266743596554467,0.265292237301504,0.263835259073205,0.262374413970399,0.260911297701063,0.259447361665843,0.257983924332562,0.256522181894131,0.255063218216714,0.25360801409443,0.252157455833922,0.250712343197125,0.249273396733979,0.247841264538908,0.246416528465923,0.244999709837453,0.243591274681587,0.242191638531564,0.240801170820108,0.239420198899762,0.238049011718767,0.236687863180292,0.235336975211111,0.233996540564028,0.232666725376654,0.231347671507458,0.230039498668388,0.228742306371859,0.227456175708427,0.226181170970128,0.224917341133188,0.223664721212621,0.222423333500157,0.221193188695913,0.219974286943303,0.21876661877582,0.217570165983558,0.216384902406611,0.215210794661827,0.214047802808836,0.212895880960676,0.211754977843909,0.210625037312605,0.209505998820231,0.208397797853067,0.207300366328457,0.206213632960895,0.205137523598679,0.204071961533602,0.203016867785941,0.201972161366802,0.200937759519661,0.199913577942837,0.198899530994409,0.197895531881017,0.196901492831817,0.195917325258776,0.194942939904366,0.193978246977657,0.193023156279694,0.192077577318981,0.191141419417826,0.190214591810239,0.189297003732009,0.188388564503553,0.187489183606055,0.186598770751404,0.185717235946364,0.184844489551411,0.183980442334604,0.183125005520856,0.182278090836928,0.181439610552442,0.180609477517207,0.179787605195094,0.178973907694722,0.178168299797169,0.177370696980898,0.176581015444115,0.175799172124723,0.175025084718025,0.174258671692358,0.173499852302773,0.172748546602903,0.172004675455157,0.171268160539327,0.170538924359739,0.169816890251043,0.169101982382722,0.168394125762431,0.167693246238225,0.16699927049977,0.166312126078594,0.165631741347459,0.164958045518902,0.164290968643021,0.163630441604542,0.162976396119234,0.16232876472971,0.161687480800671,0.161052478513617,0.160423692861087,0.159801059640448,0.159184515447278,0.158573997668369,0.157969444474394,0.157370794812246,0.156777988397097,0.156190965704193,0.155609667960409,0.155034037135591,0.154464015933699,0.153899547783784,0.153340576830803,0.152787047926299,0.152238906618965,0.151696099145097,0.151158572418963,0.150626274023093,0.150099152198508,0.149577155834901,0.149060234460776,0.148548338233563,0.148041417929716,0.147539424934801,0.147042311233592,0.14655002940017,0.146062532588048,0.14557977452032,0.14510170947984,0.144628292299451,0.14415947835225,0.143695223541916,0.143235484293088,0.142780217541812,0.142329380726059,0.14188293177631,0.141440829106225,0.141003031603392,0.140569498620163,0.140140189964578,0.139715065891385,0,0.229230392197568,0.231192398473818,0.233248304904479,0.23539214810684,0.237615225172365,0.239910324910085,0.242271819814179,0.244694286602354,0.247171259498858,0.24969450934489,0.252253800015446,0.254836982328693,0.25743029448246,0.260018767385545,0.26258666364021,0.265117905217185,0.26759646517981,0.270006712861583,0.272333710421605,0.274563462952426,0.276683125660998,0.278681171319538,0.280547520173086,0.2822736334854,0.283852571307428,0.285279015016532,0.286549255664564,0.287661150035458,0.288614047343442,0.289408690500254,0.290047096682936,0.290532422440612,0.290868818748129,0.291061281258215,0.291115500571861,0.29103771671075,0.290834581215014,0.290513029479101,0.290080165141603,0.289543157609214,0.288909153152445,0.288185199478206,0.287378183266772,0.286494779853488,0.285541414028451,0.284524230806123,0.28344907496612,0.282321478170721,0.281146652509943,0.279929489398818,0.278674562843306,0.277386136192855,0.276068171602304,0.274724341528997,0.273358041689194,0.271972404988944,0.270570316027346,0.26915442584386,0.267727166646188,0.266290766311291,0.264847262500164,0.263398516267448,0.261946225080819,0.260491935192976,0.259037053331748,0.257582857692072,0.256130508228025,0.254681056254275,0.25323545337481,0.251794559763066,0.250359151821996,0.24892992925558,0.247507521584974,0.246092494143353,0.244685353583517,0.243286552931838,0.241896496221206,0.240515542734382,0.239144010887727,0.237782181783678,0.236430302458685,0.235088588851622,0.233757228515994,0.232436383097607,0.231126190597736,0.229826767440323,0.228538210360236,0.227260598128254,0.225993993127138,0.224738442791938,0.223493980926556,0.222260628907543,0.22103839678514,0.219827284290684,0.218627281758698,0.217438370971209,0.216260525931188,0.21509371357135,0.213937894404005,0.212793023117123,0.211659049121297,0.21053591705188,0.209423567230157,0.208321936087072,0.20723095655272,0.206150558414495,0.205080668646548,0.20402121171295,0.20297210984676,0.201933283306978,0.200904650615195,0.199886128773608,0.198877633465882,0.197879079242254,0.196890379690122,0.195911447591264,0.194942195066742,0.193982533710432,0.193032374712071,0.192091628970621,0.191160207198671,0.190238020018572,0.189324978050901,0.188420991995847,0.187525972708014,0.186639831265148,0.185762479031208,0.184893827714208,0.184033789419182,0.183182276696649,0.182339202586867,0.181504480660198,0.180678025053839,0.179859750505182,0.179049572382033,0.178247406709915,0.17745317019664,0.176666780254361,0.175888155019258,0.17511721336902,0.174353874938294,0.173598060132215,0.172849690138162,0.172108686935858,0.171374973305926,0.170648472837006,0.169929109931536,0.169216809810282,0.168511498515706,0.167813102914255,0.167121550697643,0.166436770383191,0.165758691313306,0.165087243654141,0.164422358393509,0.163763967338099,0.163112003110041,0.162466399142875,0.161827089676965,0.161194009754393,0.160567095213387,0.159946282682308,0.159331509573231,0.158722714075161,0.158119835146902,0.15752281250962,0.156931586639123,0.156346098757871,0.155766290826763,0.155192105536704,0.15462348629998,0.154060377241466,0.153502723189669,0.152950469667651,0.152403562883815,0.151861949722603,0.151325577735088,0.150794395129509,0.150268350761724,0.149747394125627,0.149231475343517,0.148720545156446,0.148214554914537,0.147713456567312,0.147217202653997,0.146725746293859,0.146239041176544,0.145757041552443,0.145279702223095,0.144806978531624,0.144338826353217,0.143875202085661,0.143416062639926,0.142961365430819,0.142511068367696,0.142065129845251,0.141623508734373,0.141186164373093,0.140753056557598,0.140324145533352,0,0.227610563466004,0.229550075002817,0.231570336253719,0.233673455197355,0.235854960112983,0.238109472428874,0.240432252780594,0.24281865012302,0.245263147085187,0.247758653378836,0.250296168838567,0.252864760831716,0.255451762441206,0.258043103559496,0.260623705489455,0.263177890173918,0.265689773328794,0.268143624710412,0.270524188217277,0.27281696009051,0.27500842609787,0.277086259290621,0.2790394796243,0.280858576141407,0.282535591995368,0.284064172589107,0.285439577554322,0.286658658119156,0.287719802437084,0.288622852493331,0.289368997102901,0.289960646149284,0.29040129152404,0.290695360206801,0.290848064607652,0.290865254741307,0.290753276090793,0.290518836223358,0.290168882411271,0.289710491739381,0.28915077448882,0.288496790995735,0.287755481706038,0.286933609781773,0.286037715354531,0.285074080353956,0.284048702750308,0.28296727902386,0.281835193695969,0.280657514813723,0.279438994360758,0.278184072661721,0.276896885949534,0.275581276367422,0.274240803777502,0.27287875884182,0.271498176928216,0.270101852471508,0.268692353489683,0.267272036015324,0.265843058254684,0.264407394331277,0.262966847508274,0.261523062815133,0.260077539029454,0.258631639985821,0.257186605200001,0.255743559809955,0.254303523845201,0.252867420843705,0.251436085841048,0.250010272760483,0.248590661235054,0.247177862894368,0.245772427149199,0.244374846507027,0.242985561450993,0.241604964913799,0.240233406376824,0.238871195623271,0.237518606172632,0.236175878422126,0.234843222519094,0.233520820986758,0.232208831124093,0.230907387199066,0.22961660245297,0.228336570932237,0.227067369162715,0.225809057680217,0.224561682429963,0.223325276046435,0.222099859024226,0.220885440789467,0.219682020680642,0.218489588846753,0.217308127070139,0.216137609520556,0.214978003446548,0.213829269809595,0.212691363866012,0.211564235701142,0.210447830719941,0.209342090097726,0.208246951194463,0.207162347935718,0.206088211163064,0.205024468956516,0.203971046931333,0.20292786851129,0.201894855180382,0.200871926714685,0.199859001396021,0.198855996208858,0.1978628270218,0.196879408754888,0.195905655533817,0.194941480832101,0.19398679760211,0.193041518395842,0.192105555476205,0.19117882091953,0.190261226709979,0.189352684826436,0.18845310732246,0.187562406399791,0.186680494475892,0.185807284245943,0.184942688739713,0.184086621373652,0.183238995998551,0.182399726943093,0.181568729053574,0.180745917730058,0.179931208959235,0.179124519344185,0.178325766131282,0.177534867234429,0.176751741256799,0.175976307510267,0.175208486032681,0.174448197603124,0.173695363755305,0.172949906789194,0.172211749781047,0.1714808165919,0.17075703187466,0.170040321079875,0.16933061046028,0.168627827074204,0.16793189878791,0.167242754276947,0.166560323026582,0.165884535331378,0.165215322293972,0.164552615823114,0.163896348631026,0.163246454230119,0.162602866929116,0.161965521828639,0.161334354816279,0.16070930256121,0.16009030250836,0.159477292872198,0.15887021263014,0.158269001515634,0.157673600010932,0.157083949339574,0.15649999145863,0.155921669050695,0.155348925515684,0.154781704962429,0.15421995220011,0.153663612729532,0.153112632734263,0.152566959071661,0.152026539263789,0.151491321488244,0.150961254568909,0.150436287966644,0.149916371769922,0.149401456685425,0.148891494028615,0.148386435714281,0.147886234247075,0.14739084271205,0.146900214765207,0.146414304624047,0.145933067058158,0.145456457379823,0.144984431434666,0.144516945592338,0.144053956737257,0.143595422259394,0.143141300045122,0.142691548468125,0.142246126380379,0.141804993103202,0.141368108418381,0.140935432559379,0,0.225994316991645,0.227918253582826,0.22990808025073,0.231973529954082,0.234114789457364,0.236328874101964,0.238612282362425,0.240961264479118,0.243371252241375,0.245836251835325,0.248348467779227,0.25089819083221,0.253473901893061,0.256062525139692,0.258649768446318,0.261220502203348,0.263759142213806,0.266250015070444,0.268677694028001,0.271027299748416,0.273284763911827,0.275437055308029,0.277472368433205,0.279380274489286,0.281151834515449,0.28277967447213,0.284258022563217,0.285582709892525,0.2867511365844,0.287762206591864,0.288616235408694,0.28931483566699,0.289860786060622,0.290257889160997,0.290510823503002,0.290624994866907,0.290606391036198,0.290461443547466,0.290196899138168,0.289819702801645,0.289336893622371,0.288755513918687,0.28808253168224,0.287324775877804,0.286488883850676,0.285581259871287,0.28460804371489,0.28357508811316,0.282487943909401,0.281351851785878,0.280171739498299,0.278952223638251,0.277697615041091,0.276411927057735,0.275098886009186,0.273761943238897,0.272404288267937,0.271028862639982,0.269638374116709,0.268235310949071,0.266821956006456,0.2654004005942,0.263972557831154,0.262540175493535,0.261104848259934,0.25966802931583,0.258231041294928,0.256795086549782,0.255361256755996,0.253930541863449,0.252503838414789,0.251081957256407,0.249665630670483,0.248255518958908,0.246852216510987,0.245456257387298,0.244068120451789,0.242688234083583,0.241316980498918,0.239954699712371,0.238601693165143,0.237258227046604,0.235924535333749,0.23460082257163,0.233287266416209,0.231984019959613,0.230691213856203,0.229408958266524,0.228137344634811,0.226876447314465,0.225626325054755,0.22438702236084,0.22315857073822,0.221940989831742,0.220734288468419,0.219538465612499,0.218353511240485,0.217179407143103,0.216016127660609,0.214863640357254,0.213721906640171,0.212590882327513,0.211470518170216,0.210360760331356,0.209261550826737,0.208172827929989,0.20709452654519,0.206026578549725,0.204968913109879,0.203921456971414,0.202884134727206,0.201856869063798,0.200839580988607,0.199832190039326,0.198834614476958,0.197846771463774,0.1968685772274,0.195899947212104,0.19494079621828,0.193991038531054,0.193050588038827,0.192119358342525,0.191197262856272,0.190284214900098,0.189380127785308,0.188484914893029,0.187598489746447,0.186720766077191,0.185851657886285,0.184991079500068,0.184138945621425,0.183295171376681,0.182459672358447,0.181632364664722,0.180813164934491,0.180001990380082,0.179198758816494,0.178403388687916,0.177615799091618,0.176835909799406,0.176063641276802,0.175298914700103,0.174541651971468,0.173791775732166,0.173049209374109,0.172313877049783,0.1715857036807,0.170864614964448,0.170150537380466,0.169443398194597,0.168743125462531,0.168049648032199,0.167362895545195,0.166682798437294,0.166009287938124,0.165342296070066,0.164681755646411,0.16402760026886,0.163379764324379,0.162738182981492,0.162102792186016,0.161473528656319,0.160850329878098,0.160233134098749,0.159621880321331,0.159016508298185,0.158416958524204,0.157823172229819,0.157235091373689,0.156652658635154,0.156075817406443,0.155504511784687,0.154938686563733,0.154378287225796,0.153823259932952,0.153273551518504,0.152729109478224,0.152189881961495,0.15165581776236,0.151126866310495,0.150602977662123,0.150084102490868,0.149570192078574,0.149061198306088,0.148557073644032,0.148057771143547,0.147563244427052,0.147073447678996,0.146588335636625,0.146107863580776,0.145631987326689,0.145160663214857,0.144693848101918,0.144231499351586,0.14377357482564,0.143320032874962,0.142870832330641,0.142425932495136,0.141985293133518,0.141548874464775,0,0.224384239283689,0.226297183500871,0.228261014879872,0.230291868859593,0.232394520681329,0.234568705307034,0.236812446945547,0.239123033690781,0.241496865694057,0.243929010785685,0.246412839957194,0.248939856246546,0.251499717677781,0.254080413691163,0.25666854526764,0.259249663617349,0.261808632150999,0.264329986968411,0.266798280064878,0.26919839606261,0.271515837535737,0.273736976353478,0.275849269518602,0.27784143832203,0.27970360975796,0.281427419380673,0.283006075303453,0.284434383867484,0.285708738565541,0.286827074954563,0.287788795381195,0.288594668242244,0.289246707114974,0.289748035375894,0.290102741882586,0.290315732959348,0.290392585366279,0.290339404216311,0.290162689009101,0.289869210140385,0.289465897472992,0.288959741859347,0.288357709908487,0.287666671804062,0.286893341604234,0.286044229182932,0.285125602793116,0.284143461132403,0.283103513754839,0.282011168685302,0.280871526142051,0.279689377346795,0.278469207491102,0.27721520202532,0.275931255535766,0.274620982573502,0.273287729890531,0.271934589624905,0.270564413053921,0.269179824603817,0.267783235865181,0.266376859415985,0.264962722299266,0.263542679040588,0.262118424122347,0.260691503858317,0.259263327633375,0.257835178490683,0.256408223062383,0.254983520850614,0.253562032873883,0.25214462969993,0.250732098890621,0.249325151887363,0.247924430367385,0.246530512102154,0.245143916349414,0.243765108810024,0.24239450618001,0.241032480327218,0.239679362120684,0.238335444939428,0.237000987885905,0.235676218727782,0.2343613365902,0.233056514419135,0.231761901235006,0.230477624194245,0.229203790475179,0.227940489003296,0.226687792029741,0.225445756575746,0.22421442575465,0.222993829982159,0.221783988084608,0.220584908314104,0.219396589278697,0.218219020794968,0.217052184669802,0.215896055417492,0.214750600917777,0.213615783019923,0.212491558097477,0.211377877557948,0.210274688311233,0.209181933200314,0.208099551397405,0.207027478768453,0.205965648208645,0.204913989951316,0.203872431852462,0.202840899652865,0.201819317219636,0.200807606768856,0.199805689070826,0.198813483639321,0.1978309089061,0.196857882381849,0.195894320804601,0.194940140276617,0.193995256390593,0.193059584346041,0.192133039056552,0.19121553524866,0.190306987552907,0.189407310587709,0.188516419036536,0.187634227718913,0.186760651655668,0.18589560612887,0.185039006736813,0.184190769444419,0.183350810629369,0.182519047124277,0.181695396255176,0.180879775876576,0.180072104403336,0.179272300839563,0.178480284804756,0.177695976557364,0.176919297015961,0.176150167778177,0.175388511137556,0.17463425009847,0.173887308389229,0.173147610473509,0.172415081560202,0.171689647611815,0.170971235351495,0.170259772268789,0.169555186624223,0.16885740745277,0.1681663645663,0.167481988555066,0.16680421078831,0.166132963414029,0.165468179357984,0.164809792321984,0.164157736781511,0.163511947982725,0.162872361938901,0.162238915426334,0.161611545979754,0.160990191887285,0.160374792184994,0.159765286651042,0.159161615799489,0.158563720873769,0.157971543839862,0.157385027379203,0.156804114881326,0.156228750436291,0.155658878826901,0.155094445520731,0.154535396661992,0.153981679063241,0.153433240196962,0.152890028187024,0.152351991800037,0.15181908043662,0.151291244122589,0.150768433500088,0.150250599818654,0.149737694926253,0.149229671260277,0.148726481838521,0.148228080250147,0.147734420646641,0.147245457732779,0.146761146757598,0.146281443505389,0.145806304286713,0.145335685929452,0.14486954576989,0.144407841643847,0.143950531877851,0.143497575280372,0.143048931133105,0.142604559182328,0.14216441963031,0,0.222784154381757,0.224688155909266,0.226629218413734,0.228628228586177,0.230694013943276,0.232829082505779,0.235033164711464,0.237304701189955,0.239641085270237,0.242038416647121,0.244491189827146,0.246992094327224,0.249531973396278,0.252099929162051,0.254683539986826,0.257269151878556,0.259842210300071,0.262387606255577,0.264890018160729,0.267334237303826,0.269705469228957,0.271989606226207,0.274173467688751,0.276245005871388,0.27819347500629,0.280009562140901,0.281685478665043,0.283215012360524,0.284593540898996,0.285818008923729,0.28688687203933,0.287800012066086,0.288558628688543,0.289165113080001,0.289622909200351,0.289936368267952,0.290110601449845,0.290151335167646,0.290064772653033,0.289857464576488,0.289536190774907,0.289107854363146,0.288579388862089,0.287957678428484,0.287249490835355,0.286461422523076,0.285599854811237,0.284670920217409,0.283680477756423,0.282634096078326,0.281537043330952,0.280394282691954,0.279210472594679,0.277989970764026,0.276736841275635,0.275454863949393,0.274147545482651,0.272818131817283,0.271469621316145,0.270104778397962,0.268726147344765,0.267336066052918,0.26593667954792,0.264529953125057,0.263117685013317,0.261701518489379,0.260282953392815,0.258863357013299,0.257443974336557,0.25602593764827,0.254610275504928,0.25319792108801,0.251789719963365,0.250386437271512,0.248988764377194,0.247597325008028,0.246212680912855,0.244835337070437,0.243465746478735,0.242104314554208,0.240751403169509,0.239407334356674,0.238072393701547,0.236746833453679,0.235430875374508,0.234124713345069,0.232828515753066,0.231542427677698,0.230266572889226,0.229001055679034,0.227745962534609,0.226501363672781,0.225267314443413,0.224043856614756,0.222831019550704,0.221628821289336,0.22043726953131,0.219256362545923,0.218086090001988,0.216926433730024,0.2157773684217,0.214638862271942,0.213510877568615,0.212393371234287,0.211286295324144,0.210189597483786,0.209103221370299,0.208027107039672,0.206961191303395,0.205905408056785,0.204859688581384,0.203823961823555,0.202798154651221,0.201782192090518,0.200775997543983,0.199779492991746,0.198792599177084,0.197815235777576,0.196847321562961,0.195888774540769,0.19493951209064,0.193999451088211,0.193068508019364,0.192146599085555,0.191233640300915,0.190329547581698,0.18943423682869,0.188547624003048,0.18766962519609,0.186800156693447,0.185939135033991,0.185086477063927,0.184242099986366,0.183405921406731,0.182577859374256,0.181757832419888,0.180945759590808,0.180141560481832,0.179345155263894,0.178556464709817,0.177775410217559,0.177001913831099,0.176235898259141,0.175477286891763,0.174726003815173,0.173981973824677,0.173245122436006,0.172515375895089,0.171792661186402,0.17107690603996,0.170368038937079,0.169665989114959,0.168970686570194,0.168282062061267,0.167600047110103,0.166924574002756,0.166255575789274,0.165592986282806,0.164936740058012,0.164286772448813,0.163643019545541,0.163005418191514,0.162373905979107,0.16174842124532,0.161128903066919,0.160515291255146,0.159907526350064,0.159305549614542,0.15870930302792,0.158118729279381,0.157533771761046,0.156954374560832,0.156380482455072,0.155812040900941,0.155248996028693,0.154691294633727,0.154138884168517,0.15359171273439,0.153049729073205,0.152512882558915,0.151981123189046,0.151454401576098,0.150932668938881,0.150415877093793,0.149903978446066,0.149396925980965,0.148894673254977,0.148397174386975,0.147904384049383,0.147416257459339,0.146932750369869,0.146453819061075,0.145979420331353,0.145509511488629,0.145044050341641,0.144582995191252,0.144126304821821,0.14367393849261,0.143225855929257,0.142782017315307,0,0.221199321574637,0.223093368998464,0.225013378555172,0.226982686111055,0.229013243010575,0.231110110114851,0.233274767540469,0.235506875354388,0.237804836280506,0.240165752394407,0.242585194595879,0.245057000995902,0.247573189477126,0.250124000089386,0.252698050448245,0.255282575411261,0.257863721292695,0.260426868956452,0.262956965863754,0.26543885265256,0.267857574225035,0.270198668405318,0.272448427165648,0.274594126544158,0.276624222069526,0.278528507091002,0.28029823211,0.281926184126512,0.283406726148502,0.284735798284548,0.285910883125955,0.286930939292234,0.287796307950706,0.288508597750936,0.289070553905022,0.289485917104033,0.289759277630351,0.289895929468226,0.289901728503168,0.289782958107199,0.289546204596093,0.289198244268769,0.288745943035882,0.288196169038296,0.287555718158007,0.286831251935472,0.286029247122432,0.285155955907091,0.284217375735673,0.28321922760628,0.282166941713635,0.281065649363666,0.279920180143708,0.278735063417807,0.277514533309608,0.276262536431675,0.274982741715304,0.27367855178603,0.272353115414794,0.271009340652167,0.269649908322302,0.268277285614488,0.266893739563423,0.265501350255129,0.264102023634328,0.262697503821828,0.261289384877621,0.259879121967711,0.258468041910829,0.257057353095626,0.255648154770412,0.254241445716293,0.252838132321243,0.251439036077536,0.250044900528366,0.248656397691734,0.247274133990957,0.245898655721681,0.244530454085235,0.243169969817652,0.241817597442832,0.240473689177256,0.239138558512389,0.237812483499551,0.236495709760607,0.235188453246389,0.233890902763299,0.232603222287149,0.231325553081893,0.230058015639615,0.228800711456865,0.22755372466124,0.226317123501016,0.22509096170956,0.223875279755297,0.222670105987096,0.221475457684088,0.220291342018186,0.219117756936812,0.217954691972735,0.216802128987286,0.215660042852667,0.21452840207859,0.213407169387986,0.212296302246122,0.211195753347095,0.210105471061274,0.209025399846994,0.207955480629484,0.206895651149753,0.205845846285919,0.204805998349259,0.203776037357025,0.202755891283934,0.201745486294048,0.200744746954602,0.199753596433247,0.198771956679989,0.197799748595046,0.196836892183723,0.195883306699292,0.194938910774821,0.194003622544785,0.193077359757238,0.19216003987725,0.191251580182276,0.190351897850041,0.189460910039508,0.188578533965417,0.187704686966893,0.186839286570514,0.185982250548275,0.185133496970783,0.184292944256046,0.183460511214143,0.182636117088092,0.18181968159116,0.181011124940872,0.180210367889946,0.179417331754374,0.178631938438832,0.177854110459607,0.177083770965223,0.176320843754905,0.175565253295035,0.174816924733743,0.174075783913751,0.17334175738359,0.172614772407306,0.171894756972749,0.171181639798548,0.170475350339859,0.169775818792965,0.16908297609882,0.168396753945586,0.16771708477026,0.167043901759432,0.166377138849243,0.165716730724602,0.165062612817705,0.164414721305915,0.16377299310904,0.163137365886066,0.162507778031361,0.161884168670421,0.161266477655159,0.1606546455588,0.160048613670394,0.159448323988985,0.158853719217461,0.158264742756114,0.157681338695934,0.157103451811649,0.156531027554555,0.155964012045138,0.155402352065507,0.154845995051675,0.154294889085675,0.153748982887562,0.153208225807283,0.152672567816449,0.152141959500021,0.151616352047915,0.15109569724654,0.150579947470286,0.150069055672966,0.149562975379223,0.149061660675917,0.148565066203489,0.148073147147326,0.147585859229119,0.147103158698231,0.146625002323083,0.146151347382556,0.145682151657423,0.145217373421811,0.144756971434709,0.144300904931508,0.1438491336156,0.143401617650023,0,0.219635363714781,0.221515683549257,0.223414731714773,0.225355657419753,0.22735233628615,0.229411919476933,0.231537532293119,0.233730054363289,0.235988892027102,0.23831211457833,0.240696317288992,0.243136438751028,0.24562564462748,0.248155317700227,0.250715154840194,0.253293353085622,0.255876860835181,0.258451670623461,0.261003133426823,0.263516278743772,0.265976128613723,0.268367996782735,0.270677766335696,0.272892140478652,0.274998862060701,0.276986898160073,0.278846586846892,0.280569744202979,0.282149730855119,0.283581478608733,0.284861479147317,0.285987738062502,0.286959698581385,0.287778140172653,0.288445057691173,0.288963526854325,0.28933756166037,0.289571968913958,0.289672204385662,0.289644234374663,0.289494405635434,0.289229325829203,0.288855755914521,0.288380515229462,0.287810399458768,0.287152111229116,0.286412202732573,0.285597029533818,0.284712714558884,0.283765121177944,0.282759834267926,0.281702148158802,0.28059706041819,0.279449270501919,0.278263182384805,0.277042910379291,0.275792287444416,0.27451487538021,0.273213976390159,0.271892645575362,0.270553703997354,0.269199752011942,0.267833182633832,0.266456194741633,0.265070805975478,0.263678865215643,0.262282064560825,0.260881950749816,0.259479935990842,0.258077308179432,0.256675240498952,0.255274800408283,0.253876958029155,0.252482593951616,0.251092506480493,0.249707418348683,0.248327982925059,0.246954789945806,0.245588370798373,0.24422920338706,0.242877716608684,0.241534294465871,0.240199279844455,0.238872977980188,0.237555659638639,0.236247564030771,0.234948901485268,0.233659855897294,0.232380586971992,0.231111232279715,0.229851909138704,0.228602716339725,0.227363735726044,0.226135033641022,0.224916662254648,0.223708660779351,0.222511056584595,0.221323866218943,0.220147096347529,0.218980744612211,0.217824800421025,0.216679245672994,0.215544055423827,0.214419198497533,0.213304638048558,0.212200332078616,0.211106233912066,0.210022292633284,0.208948453489228,0.207884658260094,0.206830845600686,0.20578695135493,0.204752908845723,0.203728649142119,0.202714101305694,0.20170919261776,0.20071384878895,0.199727994152589,0.198751551843106,0.197784443960683,0.196826591723192,0.195877915606403,0.194938335473378,0.194007770693855,0.193086140254387,0.192173362859938,0.191269357027555,0.190374041172725,0.189487333688934,0.188609153020947,0.187739417732238,0.186878046567026,0.186024958507275,0.185180072825027,0.184343309130413,0.183514587415622,0.182693828095133,0.181880952042458,0.181075880623648,0.180278535727782,0.179488839794636,0.178706715839757,0.177932087477079,0.177164878939282,0.176405015096034,0.175652421470252,0.174907024252539,0.174168750313898,0.173437527216848,0.172713283225061,0.171995947311598,0.171285449165857,0.170581719199318,0.169884688550156,0.169194289086811,0.168510453410579,0.167833114857299,0.167162207498186,0.166497666139882,0.16583942632377,0.165187424324609,0.164541597148535,0.163901882530475,0.163268218931009,0.162640545532734,0.162018802236157,0.161402929655149,0.160792869112002,0.16018856263212,0.159589952938359,0.158996983445062,0.158409598251799,0.157827742136849,0.157251360550435,0.156680399607742,0.156114806081732,0.155554527395779,0.15499951161614,0.154449707444278,0.153905064209058,0.153365531858815,0.152831060953334,0.15230160265573,0.15177710872425,0.15125753150402,0.150742823918725,0.150232939462248,0.149727832190281,0.149227456711901,0.148731768181134,0.14824072228851,0.147754275252612,0.14727238381164,0.14679500521498,0.146322097214792,0.145853618057632,0.145389526476093,0.14492978168049,0.144474343350586,0.14402317162736,0,0.218097411142817,0.21995832038693,0.221834941591621,0.223747873605796,0.225711593630218,0.227734695995137,0.229821706798815,0.23197464874383,0.234193893393513,0.236478430355996,0.238825820756762,0.241232046496141,0.243691380116535,0.246196333524937,0.248737702063409,0.251304697451307,0.253885152583497,0.25646577817091,0.259032452275858,0.2615705266034,0.264065136552999,0.266501504781982,0.26886523012468,0.271142555182898,0.273320606943045,0.275387605618345,0.277333037769733,0.279147790764234,0.280824246835859,0.282356336391681,0.283739551665734,0.284970923246156,0.286048963264391,0.286973580038305,0.287745969637584,0.288368490164516,0.288844524529248,0.289178337189246,0.289374929781606,0.289439899876515,0.289379306292715,0.289199543605842,0.288907227700465,0.288509093505212,0.288011905432373,0.287422380531208,0.286747123960427,0.285992576084836,0.285164970293869,0.284270300512816,0.283314297316866,0.282302411549777,0.28123980438012,0.280131342787301,0.278981599547298,0.277794856876485,0.276575112984901,0.275326090883258,0.274051248877629,0.272753792269751,0.271436685858035,0.270102666903795,0.268754258288817,0.267393781644285,0.266023370277597,0.264644981763359,0.26326041009839,0.261871297348603,0.26047914473876,0.259085323154995,0.25769108304521,0.256297563714588,0.254905802022841,0.253516740497127,0.25213123487989,0.250750061134784,0.24937392193648,0.248003452671762,0.246639226980204,0.245281761862895,0.243931522387436,0.242588926016788,0.241254346588629,0.239928117970803,0.238610537417164,0.237301868646853,0.236002344668642,0.234712170370647,0.233431524894338,0.232160563810465,0.230899421113231,0.229648211047837,0.228407029785357,0.227175956957799,0.225955057065191,0.224744380765557,0.223543966057758,0.22235383936634,0.221174016536756,0.220004503748618,0.218845298353976,0.217696389647025,0.216557759571079,0.215429383368141,0.214311230175941,0.213203263576876,0.212105442102915,0.211017719700148,0.209940046156368,0.208872367494751,0.207814626336444,0.20676676223462,0.205728711982345,0.204700409896379,0.203681788078873,0.202672776658725,0.201673304014249,0.20068329697861,0.199702681029414,0.198731380463685,0.197769318559363,0.196816417724381,0.195872599634265,0.19493778535914,0.19401189548094,0.193094850201565,0.192186569442671,0.191286972937689,0.190395980316683,0.189513511184542,0.18863948519301,0.187773822106992,0.186916441865557,0.186067264638007,0.185226210875373,0.184393201357656,0.183568157237113,0.182751000077871,0.181941651892121,0.181140035173121,0.18034607292525,0.179559688691293,0.178780806577163,0.178009351274228,0.177245248079406,0.176488422913188,0.175738802335712,0.174996313561047,0.174260884469778,0.173532443620032,0.172810920257036,0.172096244321309,0.171388346455584,0.170687158010544,0.169992611049449,0.169304638351737,0.168623173415665,0.167948150460045,0.167279504425166,0.166617170972919,0.165961086486222,0.165311188067756,0.164667413538087,0.164029701433209,0.163397991001543,0.162772222200444,0.162152335692242,0.161538272839858,0.16092997570202,0.160327387028121,0.159730450252731,0.159139109489811,0.158553309526627,0.157972995817421,0.157398114476824,0.156828612273065,0.156264436620979,0.155705535574828,0.155151857820965,0.154603352670354,0.154059970050956,0.153521660499996,0.152988375156135,0.152460065751543,0.151936684603905,0.151418184608352,0.150904519229338,0.150395642492479,0.149891508976346,0.149392073804237,0.148897292635935,0.148407121659441,0.147921517582723,0.147440437625456,0.146963839510778,0.146491681457062,0.146023922169715,0.145560520832998,0.145101437101889,0.144646631093981,0,0.216589608485603,0.218424538666462,0.220275931785033,0.222160317688562,0.224091477242883,0.226078691591377,0.228127528199361,0.230241000001231,0.232420366435281,0.234665473716371,0.236974781902969,0.239345250621606,0.241772206298679,0.24424926006283,0.246768305665397,0.249319601674188,0.251891928468581,0.254472804560682,0.257048745471523,0.25960554956783,0.262128597412971,0.26460315341677,0.267014660457872,0.269349019593248,0.271592848048116,0.273733709569721,0.275760312112429,0.277662668837686,0.279432219627292,0.281061911713393,0.282546239551854,0.283881245596686,0.285064485048873,0.286094958842268,0.286973020010477,0.287700259108592,0.288279374538606,0.288714033477566,0.289008728688426,0.289168635874448,0.289199475492373,0.289107382136663,0.288898783806128,0.28858029261142,0.288158607809405,0.287640431477391,0.287032396674397,0.286341007577077,0.285572590817172,0.284733257074125,0.283828871877265,0.282865034532906,0.28184706409924,0.280779991374021,0.279668555926046,0.27851720728265,0.277330109474758,0.276111148233039,0.274863940219361,0.273591843764251,0.272297970661488,0.270985198644301,0.26965618423333,0.268313375704474,0.2669590259753,0.265595205252153,0.264223813317083,0.262846591364904,0.261465133326591,0.260080896636589,0.258695212418996,0.257309295081529,0.255924251317225,0.254541088522439,0.253160722646215,0.251783985490954,0.250411631487753,0.249044343972047,0.24768274098663,0.246327380639734,0.244978766045952,0.243637349877454,0.242303538552202,0.240977696085011,0.239660147626116,0.238351182710748,0.237051058241896,0.235760001227122,0.234478211288953,0.233205862967095,0.231943107829404,0.230690076407342,0.229446879970467,0.228213612153379,0.226990350447506,0.225777157569115,0.224574082714021,0.223381162708583,0.222198423065806,0.221025878954606,0.219863536089615,0.218711391548291,0.217569434521484,0.216437647003107,0.215316004424069,0.21420447623515,0.213103026443133,0.212011614104097,0.210930193777455,0.209858715943999,0.208797127390925,0.207745371566574,0.206703388907353,0.205671117139121,0.204648491555095,0.203635445272186,0.202631909467481,0.201637813596456,0.200653085594374,0.19967765206218,0.198711438438114,0.197754369156143,0.196806367792238,0.195867357199423,0.194937259632448,0.194015996862878,0.193103490285316,0.192199661015413,0.191304429980288,0.19041771800191,0.18953944587396,0.188669534432636,0.187807904621861,0.186954477553278,0.18610917456141,0.185271917254329,0.184442627560157,0.183621227769681,0.182807640575358,0.182001789106974,0.181203596964163,0.180412988246029,0.179629887578056,0.178854220136491,0.178085911670381,0.17732488852142,0.176571077641745,0.175824406609845,0.175084803644675,0.174352197618136,0.173626518065994,0.172907695197371,0.172195659902896,0.171490343761591,0.170791679046609,0.170099598729871,0.169414036485693,0.168734926693474,0.168062204439496,0.167395805517907,0.166735666430945,0.166081724388446,0.165433917306695,0.164792183806661,0.164156463211664,0.16352669554451,0.162902821524132,0.162284782561785,0.161672520756809,0.161065978892005,0.160465100428656,0.159869829501209,0.159280110911651,0.158695890123612,0.1581171132562,0.157543727077605,0.156975678998485,0.156412917065156,0.155855389952608,0.15530304695735,0.15475583799012,0.15421371356846,0.153676624809175,0.153144523420692,0.152617361695327,0.152095092501475,0.151577669275737,0.151065046014984,0.150557177268382,0.150054018129374,0.149555524227641,0.149061651721041,0.14857235728753,0.148087598117089,0.147607331903652,0.147131516837032,0.146660111594881,0.146193075334656,0.145730367685618,0.145271948740867,0,0.215115116989499,0.21691732647282,0.218739690876422,0.220594129382047,0.222492577555355,0.224444221066281,0.226455231890042,0.228529393921004,0.230668736944505,0.232873880106648,0.23514410544039,0.237477276682188,0.239869710766999,0.242316073988438,0.24480934098469,0.247340830020044,0.249900312532894,0.252476186604716,0.255055700594918,0.257625212727041,0.26017047343964,0.262676918863861,0.265129965314794,0.267515295960289,0.269819131847968,0.272028480336925,0.274131354843039,0.276116960796099,0.277975843899178,0.279699998184282,0.281282932918532,0.282719699031749,0.284006877287677,0.285142531788288,0.286126133487437,0.286958459135141,0.287641471455151,0.288178186391088,0.288572532984681,0.2888292109373,0.288953550225623,0.288951376366351,0.288828884118587,0.288592521629224,0.288248886306547,0.287804633076277,0.287266395146565,0.286640716987597,0.285933998913714,0.285152452431976,0.284302065378756,0.283388575791462,0.282417453442274,0.281393887981953,0.280322782692907,0.279208752922055,0.278056128347611,0.27686895832335,0.27565101963446,0.274405826087166,0.273136639437568,0.27184648124197,0.270538145280626,0.26921421026887,0.267877052624161,0.266528859104902,0.265171639177493,0.263807237002538,0.26243734296002,0.261063504657266,0.259687137383225,0.258309533988562,0.256931874183884,0.255555233258457,0.254180590229649,0.252808835439158,0.251440777616496,0.250077150433174,0.24871861857309,0.247365783345723,0.246019187869283,0.244679321850881,0.2433466259904,0.24202149603397,0.240704286502044,0.239395314115931,0.238094860945435,0.236803177299027,0.235520484376622,0.234246976703803,0.232982824365038,0.231728175052195,0.230483155943512,0.229247875427001,0.228022424681232,0.226806879125397,0.22560129974964,0.224405734335708,0.223220218577196,0.222044777107864,0.220879424445788,0.219724165860484,0.218578998169499,0.217443910470435,0.216318884813842,0.215203896821966,0.214098916257884,0.21300390754918,0.211918830269963,0.210843639584674,0.209778286656846,0.208722719025717,0.207676880953312,0.206640713744422,0.205614156041667,0.204597144097659,0.203589612026102,0.202591492033517,0.201602714633119,0.200623208842254,0.1996529023647,0.198691721758985,0.197739592593832,0.196796439591694,0.195862186761312,0.194936757520111,0.194020074807212,0.193112061187762,0.192212638949214,0.191321730190175,0.190439256902352,0.189565141046102,0.188699304620056,0.187841669725243,0.1869921586241,0.186150693794746,0.185317197980848,0.184491594237387,0.183673805972623,0.182863756986513,0.18206137150583,0.181266574216225,0.180479290291417,0.179699445419741,0.178926965828198,0.178161778304211,0.177403810215224,0.176652989526288,0.175909244815789,0.17517250528942,0.174442700792534,0.173719761820979,0.173003619530513,0.172294205744911,0.171591452962828,0.170895294363527,0.170205663811529,0.169522495860272,0.168845725754835,0.168175289433801,0.16751112353031,0.166853165372364,0.166201352982427,0.165555625076384,0.164915921061887,0.16428218103614,0.163654345783167,0.163032356770591,0.162416156145964,0.161805686732688,0.16120089202554,0.16060171618585,0.16000810403635,0.159420001055716,0.15883735337284,0.158260107760837,0.157688211630827,0.157121613025499,0.156560260612482,0.156004103677536,0.155453092117589,0.154907176433624,0.154366307723443,0.153830437674306,0.15329951855548,0.15277350321069,0.152252345050494,0.151735998044593,0.151224416714084,0.150717556123662,0.150215371873793,0.149717820092852,0.149224857429239,0.14873644104349,0.148252528600374,0.147773078260997,0.147298048674911,0.146827398972239,0.146361088755817,0.145899078093364,0,0.213676936955431,0.21543911725087,0.217228070105715,0.219050487955929,0.220915557558664,0.222831642503652,0.224805050105641,0.226840067488354,0.228939341110295,0.231104158740005,0.233334536527701,0.235629161046994,0.237985267535939,0.24039852135987,0.242862945085803,0.245370911636471,0.24791320823028,0.250479166040623,0.253056845394644,0.255633264365825,0.258194658493584,0.26072676012632,0.263215086920771,0.265645230025584,0.268003133335404,0.270275355967773,0.272449310898483,0.274513473607649,0.276457555718618,0.278272639977436,0.279951274483387,0.281487525752676,0.282876991859679,0.284116778429182,0.285205441539288,0.286142902558968,0.286930340545462,0.287570068062219,0.288065396178669,0.288420494033955,0.288640247757246,0.28873012281109,0.288696033031153,0.288544218836155,0.288281136323312,0.287913358280989,0.287447487562366,0.286890082780933,0.28624759591104,0.285526321098099,0.284732353792947,0.283871559210397,0.282949549059493,0.281971665489173,0.28094297122575,0.279868244937141,0.278751980934182,0.277598392404388,0.276411417462443,0.275194727390404,0.273951736525871,0.272685613336335,0.271399292291197,0.270095486208992,0.268776698815927,0.26744523730311,0.266103224714204,0.264752612033128,0.263395189873496,0.262032599698308,0.260666344520617,0.25929779905408,0.25792821929698,0.256558751545055,0.255190440837672,0.253824238848956,0.252461011240837,0.251101544498846,0.249746552274168,0.248396681257198,0.247052516608788,0.245714586975728,0.244383369116848,0.243059292165663,0.241742741554687,0.240434062625587,0.239133563948245,0.237841520370614,0.236558175819993,0.235283745875115,0.234018420127184,0.232762364346759,0.231515722472207,0.230278618434295,0.229051157830408,0.227833429460843,0.226625506738651,0.225427448983595,0.224239302609934,0.223061102216949,0.221892871590393,0.220734624622359,0.219586366156431,0.218448092764413,0.21731979346037,0.216201450357251,0.215093039270903,0.213994530275856,0.212905888216909,0.211827073180172,0.210758040926928,0.209698743293363,0.20864912855898,0.207609141786228,0.206578725133711,0.20555781814509,0.204546358015643,0.203544279838263,0.202551516830535,0.201568000544377,0.200593661059627,0.199628427162811,0.198672226512265,0.197724985790642,0.196786630845783,0.195857086820831,0.194936278274408,0.194024129291594,0.193120563586406,0.19222550459639,0.191338875569929,0.190460599646784,0.189590599932369,0.188728799566213,0.187875121785022,0.187029489980738,0.186191827753936,0.185362058962906,0.184540107768708,0.183725898676494,0.182919356573351,0.182120406762906,0.181328974996919,0.180544987504075,0.179768371016156,0.178999052791782,0.178236960637884,0.177482022929061,0.176734168624965,0.175993327285848,0.175259429086394,0.174532404827956,0.173812185949294,0.173098704535932,0.172391893328209,0.171691685728128,0.170998015805067,0.170310818300448,0.169630028631419,0.168955582893621,0.168287417863109,0.16762547099747,0.16696968043621,0.166319985000446,0.165676324191963,0.165038638191671,0.164406867857511,0.163780954721844,0.163160840988365,0.162546469528576,0.16193778387784,0.161334728231071,0.160737247438057,0.160145286998467,0.159558793056564,0.158977712395631,0.158401992432159,0.157831581209791,0.157266427393064,0.156706480260951,0.156151689700238,0.155602006198727,0.155057380838312,0.154517765287918,0.153983111796322,0.153453373184881,0.152928502840167,0.152408454706518,0.151893183278533,0.151382643593502,0.150876791223788,0.15037558226918,0.149878973349202,0.149386921595417,0.148899384643699,0.148416320626518,0.147937688165205,0.147463446362239,0.146993554793538,0.146527973500769,0,0.212276482149494,0.213991544182442,0.215742593609161,0.217530484970619,0.219361081011873,0.221241323396653,0.223177200124688,0.225173208855401,0.227232431639277,0.229356701996051,0.231546671727446,0.233801761957648,0.236120046684121,0.238498124288746,0.240931019026308,0.243412137311155,0.245933289045046,0.248484773931833,0.251055526434237,0.253633309798809,0.256204948368789,0.258756587346336,0.261273969632572,0.263742719995337,0.266148627429037,0.268477917165216,0.270717504437518,0.27285522289853,0.274880021608247,0.276782125798513,0.278553158141671,0.280186218939531,0.281675925389188,0.283018411748194,0.284211293693131,0.28525360134625,0.28614568627383,0.286889108215137,0.287486507396886,0.287941468068676,0.288258378423183,0.28844229141353,0.288498790222065,0.288433861336003,0.288253777400916,0.287964991294738,0.287574042220643,0.287087474072806,0.286511765889842,0.285853273874186,0.285118184213546,0.28431247578146,0.28344189170453,0.282511918750786,0.281527773504019,0.280494394331293,0.279416438215302,0.278298281601627,0.277144024496566,0.275957497139182,0.274742268657664,0.273501657202461,0.272238741125278,0.270956370842788,0.269657181086468,0.268343603295236,0.2670178779557,0.26568206673639,0.264338064297666,0.262987609688885,0.261632297269249,0.260273587109348,0.258912814847142,0.257551200985678,0.256189859630552,0.254829806673548,0.253471967435306,0.25211718378469,0.25076622075597,0.249419772687316,0.248078468905556,0.246742878982945,0.245413517591881,0.244090848983288,0.242775291113848,0.241467219446437,0.240166970447169,0.238874844801342,0.237591110369419,0.236316004902951,0.235049738539144,0.233792496091546,0.232544439153149,0.231305708027039,0.230076423498645,0.228856688462571,0.227646589416006,0.226446197829763,0.225255571407146,0.224074755239982,0.222903782870432,0.221742677266461,0.220591451718202,0.219450110661845,0.218318650437108,0.217197059983854,0.216085321482933,0.214983410945884,0.21389129875777,0.212808950176999,0.211736325795713,0.210673381963965,0.209620071180665,0.208576342454006,0.207542141633845,0.206517411718301,0.205502093136661,0.204496124010472,0.203499440394563,0.202511976499585,0.201533664897522,0.200564436711508,0.199604221791161,0.198652948874568,0.197710545737932,0.196776939333834,0.195852055918965,0.194935821172127,0.194028160303229,0.193128998153956,0.19223825929071,0.191355868090414,0.190481748819679,0.18961582570783,0.188758023014236,0.187908265090332,0.187066476436743,0.186232581755834,0.185406506000015,0.18458817441611,0.183777512586042,0.182974446464119,0.182178902411135,0.181390807225507,0.180610088171669,0.17983667300589,0.179070489999702,0.1783114679611,0.177559536253663,0.176814624813741,0.176076664165825,0.175345585436245,0.174621320365287,0.173903801317844,0.173192961292708,0.172488733930575,0.171791053520868,0.171099855007444,0.170415073993272,0.169736646744142,0.169064510191473,0.168398601934284,0.167738860240388,0.167085224046845,0.166437632959753,0.165796027253396,0.16516034786881,0.164530536411805,0.163906535150477,0.163288287012248,0.162675735580477,0.162068825090657,0.161467500426242,0.160871707114132,0.160281391319829,0.159696499842307,0.159116980108602,0.158542780168163,0.157973848686966,0.157410134941419,0.156851588812082,0.15629816077721,0.155749801906135,0.155206463852514,0.154668098847439,0.154134659692444,0.153606099752402,0.153082372948335,0.152563433750148,0.152049237169293,0.151539738751377,0.151034894568723,0.150534661212887,0.15003899578715,0.149547855898989,0.149061199652524,0.148578985640965,0.148101172939053,0.147627721095511,0.147158590125501,0,0.210913013548854,0.212575288045006,0.214284298743929,0.21603499893252,0.217829731324527,0.219673595509596,0.221571863011171,0.223528950354617,0.225548179017809,0.22763179150867,0.229780967843794,0.231995769514944,0.234275023943456,0.236616188552998,0.239015231981917,0.24146655883314,0.243962992205924,0.246495818347052,0.249054890880307,0.251628787908243,0.254205013132996,0.256770231292564,0.259310528072971,0.261811684844068,0.264259458870673,0.266639860010903,0.2689394153649,0.271145413958133,0.273246124410882,0.275230979702222,0.277090724574925,0.278817522786651,0.280405023190042,0.281848385393922,0.283144267391237,0.284290778925242,0.285287405422938,0.286134908011343,0.286835205443624,0.287391243727657,0.287806858923196,0.288086638024268,0.28823578214442,0.288259975444645,0.288165262448944,0.287957935630078,0.287644434453794,0.287231256466582,0.286724880510997,0.286131701755646,0.285457977929124,0.284709785938921,0.283892987925289,0.283013205733066,0.282075802768331,0.281085872229295,0.280048230751273,0.278967416574702,0.277847691425523,0.276693045382923,0.275507204095888,0.274293637794063,0.273055571617778,0.27179599686534,0.270517682822068,0.269223188894744,0.267914876827223,0.266594922818158,0.265265329400672,0.263927936976808,0.262584434927329,0.26123637224056,0.259885167622951,0.258532119069518,0.257178412884748,0.25582513215438,0.254473264676158,0.253123710363468,0.251777288140112,0.250434742347538,0.249096748687938,0.247763919727855,0.246436809987574,0.245115920641636,0.243801703855534,0.242494566783048,0.241194875247832,0.239902957131914,0.238619105492654,0.237343581428585,0.236076616713344,0.234818416215732,0.233569160122761,0.232329005981393,0.231098090573554,0.229876531637975,0.228664429451358,0.227461868280434,0.226268917715576,0.225085633895774,0.223912060634007,0.22274823045129,0.221594165527021,0.220449878572599,0.219315373634713,0.218190646834165,0.217075687045586,0.215970476522962,0.214874991475461,0.21378920259767,0.212713075558001,0.211646571448707,0.21058964720065,0.209542255965692,0.208504347469347,0.207475868336092,0.20645676238954,0.205446970929487,0.204446432987676,0.203455085563963,0.202472863844436,0.201499701402887,0.200535530386953,0.199580281690095,0.198633885110517,0.197696269498025,0.196767362889733,0.195847092635468,0.194935385513649,0.194032167838342,0.193137365558158,0.192250904347582,0.191372709691304,0.190502706962046,0.189640821492368,0.18878697864088,0.187941103853262,0.187103122718468,0.18627296102044,0.185450544785668,0.184635800326871,0.183828654283075,0.183029033656347,0.182236865845398,0.181452078676286,0.180674600430412,0.179904359869992,0.179141286261184,0.178385309395015,0.17763635960628,0.176894367790519,0.176159265419234,0.175430984553439,0.17470945785567,0.173994618600547,0.173286400683999,0.172584738631229,0.171889567603509,0.171200823403883,0.170518442481853,0.169842361937112,0.169172519522397,0.168508853645506,0.16785130337056,0.167199808418532,0.166554309167122,0.165914746650003,0.165281062555488,0.164653199224666,0.164031099649032,0.163414707467656,0.162803966963919,0.162198823061854,0.161599221322113,0.161005107937596,0.160416429728762,0.15983313413865,0.159255169227629,0.158682483667906,0.158115026737804,0.157552748315835,0.156995598874581,0.156443529474407,0.155896491757015,0.155354437938859,0.154817320804428,0.154285093699422,0.153757710523823,0.153235125724876,0.152717294289997,0.152204171739604,0.1516957141199,0.1511918779956,0.150692620442627,0.150197899040762,0.14970767186629,0.149221897484609,0.148740534942848,0.148263543762471,0.147790883931886,0,0.209583784034262,0.211190027850376,0.212853618931896,0.214564582882946,0.216321928501083,0.21812870249528,0.219989154678966,0.221907355149797,0.223886667964908,0.225929600762111,0.228037748348419,0.23021171422147,0.232450989796621,0.234753811677433,0.237117026763011,0.239535990554278,0.242004515208759,0.244514875189135,0.24705787147722,0.24962295060289,0.2521983718564,0.254771414497509,0.257328616049319,0.259856032491711,0.262339511119565,0.264764966909503,0.267118653449913,0.269387419891916,0.271558946045821,0.273621948728951,0.275566353773399,0.277383429681843,0.279065880685651,0.280607898790597,0.282005176158439,0.283254880743127,0.284355599378975,0.285307253440887,0.28611099273873,0.286769073481131,0.287284725989755,0.287662017425329,0.287905714173387,0.288021147804025,0.288014087733461,0.287890622932413,0.287657054291242,0.287319798594606,0.286885304496944,0.286359980431654,0.285750134030349,0.285061922367101,0.284301312165364,0.283474048999769,0.282585634477909,0.281641310385929,0.280646048814654,0.279604547339994,0.278521228404047,0.27740024212488,0.276245471848047,0.275060541837609,0.27384882658583,0.272613461296976,0.271357353170643,0.270083193173019,0.268793468040492,0.267490472309049,0.266176320205342,0.264852957271672,0.263522171627915,0.262185604799232,0.260844762059857,0.259501022260789,0.258155647123537,0.25680978999344,0.255464504055127,0.254120750019664,0.25277940329819,0.25144126068079,0.250107046542035,0.248777418596469,0.247452973228336,0.246134250420354,0.244821738306263,0.243515877371569,0.242217064326224,0.240925655672144,0.239641970987499,0.238366295948624,0.237098885109262,0.235839964455693,0.234589733755173,0.233348368713914,0.232116022959767,0.230892829863675,0.229678904212939,0.228474343748373,0.227279230576478,0.226093632466934,0.224917604044853,0.223751187886514,0.222594415526582,0.22144730838414,0.220309878614295,0.219182129891514,0.218064058130369,0.216955652148869,0.21585689427913,0.214767760929717,0.213688223103662,0.212618246875762,0.211557793832521,0.210506821477752,0.209465283606655,0.208433130650888,0.207410309997003,0.206396766280344,0.205392441656392,0.204397276051333,0.203411207393482,0.202434171827091,0.201466103909879,0.200506936795582,0.199556602402656,0.198615031570205,0.19768215420211,0.19675789940024,0.195842195587588,0.194934970622068,0.194036151901674,0.193145666461652,0.192263441064249,0.191389402281605,0.190523476572268,0.189665590351805,0.18881567005793,0.187973642210535,0.187139433466993,0.186312970673064,0.185494180909718,0.184682991536146,0.183879330229248,0.183083125019815,0.182294304325663,0.181512796981892,0.180738532268509,0.179971439935554,0.179211450225928,0.178458493896066,0.177712502234602,0.176973407079158,0.176241140831398,0.175515636470437,0.174796827564746,0.17408464828263,0.173379033401383,0.172679918315214,0.171987239042017,0.171300932229065,0.170620935157708,0.169947185747132,0.169279622557243,0.168618184790741,0.167962812294444,0.167313445559888,0.166670025723287,0.166032494564874,0.165400794507666,0.164774868615709,0.164154660591825,0.163540114774906,0.162931176136772,0.162327790278651,0.161729903427285,0.161137462430698,0.160550414753654,0.159968708472833,0.159392292271728,0.158821115435314,0.158255127844483,0.157694279970276,0.157138522867928,0.156587808170745,0.156042088083823,0.155501315377624,0.154965443381436,0.154434425976706,0.153908217590285,0.153386773187574,0.152870048265598,0.152357998846009,0.151850581468032,0.15134775318136,0.150849471539012,0.150355694590158,0.149866380872914,0.149381489407129,0.148900979687152,0.148424811674603,0,0.208284938976506,0.209834482052404,0.211450315651871,0.21311937385328,0.214837851366459,0.216606744876479,0.218429091763145,0.220308398674734,0.222247889509196,0.224250194269634,0.226317207276135,0.228449973834086,0.230648557738642,0.232911891069622,0.235237626284551,0.23762201274025,0.240059814819528,0.242544281973758,0.245067174667718,0.247618845326152,0.250188370014238,0.252763724458519,0.25533199675566,0.2578796283912,0.260392674769785,0.262857076226396,0.265258930424996,0.267584757199234,0.269821747316101,0.271957987404736,0.273982654410224,0.275886174379602,0.277660342089007,0.279298399864022,0.280795075796267,0.282146583284217,0.283350585308977,0.284406128011283,0.285313548917427,0.286074365561013,0.286691150290289,0.287167396788723,0.287507383336825,0.287716037179449,0.287798803606287,0.287761522567339,0.287610314881242,0.287351479390774,0.286991401801555,0.286536475420431,0.285993033592977,0.285367293321423,0.284665309316657,0.283892937589227,0.283055807601722,0.282159301975431,0.281208542755814,0.2802083832829,0.279163404775084,0.278077916810057,0.276955960968639,0.275801316991412,0.274617510880586,0.27340782445829,0.272175305965588,0.270922781353239,0.269652865975019,0.268367976447315,0.26707034248484,0.26576201856215,0.264444895284645,0.263120710381459,0.261791059256626,0.260457405054838,0.259121088214312,0.257783335492479,0.256445268460694,0.255107911472405,0.2537721991156,0.252438983165121,0.251109039053933,0.249783071884862,0.248461722005886,0.247145570172923,0.245835142324405,0.244530913991804,0.24323331436987,0.241942730069643,0.240659508576448,0.239383961434106,0.238116367175529,0.236856974018741,0.235606002346265,0.234363646984661,0.233130079299902,0.231905449123211,0.230689886520915,0.229483503420913,0.22828639510738,0.227098641594473,0.225920308888946,0.224751450150801,0.223592106760388,0.222442309299666,0.221302078454719,0.220171425846042,0.219050354792554,0.217938861014821,0.216836933282496,0.215744554010566,0.214661699808617,0.213588341986965,0.212524447023173,0.211469976992182,0.210424889963014,0.209389140364738,0.208362679324179,0.207345454977641,0.2063374127587,0.205338495663988,0.204348644498689,0.203367798103346,0.20239589356345,0.201432866403135,0.200478650764214,0.199533179571684,0.198596384686736,0.197668197048211,0.196748546803379,0.195837363428852,0.194934575842347,0.194040112506,0.193153901521838,0.19227587071999,0.19140594774017,0.190544060106911,0.189690135299006,0.188844100813575,0.188005884225128,0.187175413239991,0.186352615746419,0.185537419860693,0.184729753969488,0.183929546768767,0.183136727299444,0.182351224980034,0.181572969636504,0.180801891529508,0.180037921379188,0.17928099038771,0.178531030259678,0.177787973220578,0.177051752033384,0.176322300013442,0.175599551041756,0.17488343957678,0.174173900664812,0.173470869949087,0.172774283677661,0.172084078710155,0.171400192523446,0.170722563216367,0.170051129513494,0.169385830768065,0.168726606964108,0.168073398717815,0.167426147278228,0.166784794527269,0.166149282979173,0.165519555779355,0.16489555670276,0.164277230151723,0.163664521153377,0.163057375356645,0.162455739028845,0.161859559051926,0.161268782918387,0.160683358726869,0.160103235177478,0.159528361566837,0.158958687782902,0.15839416429955,0.157834742170975,0.157280373025883,0.156731009061534,0.156186603037619,0.155647108270001,0.155112478624332,0.154582668509557,0.154057632871315,0.153537327185251,0.153021707450255,0.152510730181628,0.152004352404188,0.151502531645332,0.15100522592805,0.150512393763914,0.150023994146035,0.149539986542006,0.149060330886827,0,0.207012520638599,0.208506513088467,0.210073460462771,0.211699030336493,0.213377371449068,0.215107627137491,0.216891555249022,0.218731946479301,0.220631729489154,0.222593523670295,0.224619410658675,0.226710778419765,0.2288681714655,0.231091131876873,0.23337804059809,0.235725976312785,0.238130608206819,0.240586134305207,0.243085271743759,0.2456193006557,0.248178159764589,0.250750589244773,0.253324314708507,0.255886265041146,0.258422816022711,0.260920051123075,0.26336403050272,0.265741059119829,0.268037944999081,0.270242239220261,0.272342450071421,0.274328225073986,0.276190496168659,0.277921585151099,0.279515268335788,0.280966801266227,0.282272905949656,0.283431724470078,0.284442743855153,0.285306697710446,0.286025450395659,0.286601869439693,0.287039691533888,0.28734338687645,0.287518025939157,0.287569151958495,0.28750266167605,0.287324696113395,0.287041542497659,0.286659547875665,0.286185044476425,0.285624286504467,0.284983397764591,0.284268329322252,0.28348482628103,0.282638402696616,0.281734323632846,0.280777593387992,0.279772948968386,0.278724857953013,0.277637519969691,0.276514871085459,0.275360590496473,0.274178108983021,0.272970618671138,0.271741083712355,0.270492251556632,0.269226664550201,0.267946671639994,0.266654440009714,0.265351966510005,0.264041088776914,0.262723495959657,0.261400739001021,0.260074240432145,0.258745303658503,0.257415121725994,0.256084785565728,0.254755291723622,0.253427549586721,0.252102388122477,0.250780562150372,0.249462758167381,0.248149599750138,0.246841652557386,0.245539428956471,0.244243392297504,0.242953960858269,0.241671511482317,0.240396382931759,0.239128878975327,0.237869271231208,0.236617801783071,0.235374685586598,0.234140112682732,0.232914250232807,0.231697244389628,0.230489222017616,0.229290292274159,0.228100548063378,0.226920067372707,0.225748914501828,0.224587141192799,0.223434787669459,0.222291883593597,0.221158448944699,0.220034494829594,0.218920024227745,0.217815032677482,0.216719508908025,0.215633435421744,0.214556789030715,0.21348954135131,0.212431659260229,0.211383105315097,0.210343838142501,0.209313812796066,0.208292981086993,0.207281291889242,0.206278691421381,0.205285123506936,0.204300529814952,0.203324850082293,0.202358022319114,0.201399982998808,0.200450667233618,0.199510008937015,0.198577940973857,0.197654395299235,0.196739303086877,0.195832594847885,0.194934200540515,0.194044049671677,0.193162071390758,0.19228819457632,0.191422347916207,0.190564459981528,0.189714459294955,0.188872274393746,0.188037833887867,0.18721106651356,0.186391901182673,0.185580267028058,0.1847760934453,0.183979310131035,0.183189847118103,0.18240763480773,0.181632603998967,0.180864685915559,0.180103812230424,0.179349915087893,0.178602927123885,0.177862781484128,0.177129411840584,0.17640275240617,0.175682737947922,0.174969303798673,0.174262385867369,0.173561920648101,0.172867845227945,0.17218009729368,0.171498615137476,0.170823337661599,0.170154204382219,0.16949115543237,0.168834131564121,0.16818307415001,0.167537925183801,0.166898627280589,0.166265123676327,0.165637358226784,0.165015275406,0.164398820304252,0.163787938625584,0.163182576684919,0.162582681404786,0.161988200311696,0.161399081532187,0.160815273788562,0.160236726394355,0.159663389249521,0.159095212835408,0.158532148209496,0.157974146999937,0.157421161399913,0.156873144161831,0.156330048591354,0.155791828541304,0.155258438405434,0.154729833112094,0.154205968117788,0.153686799400652,0.153172283453842,0.15266237727887,0.15215703837886,0.151656224751776,0.151159894883589,0.150668007741423,0.150180522766673,0.149697399868094,0,0.205761910164442,0.207203274769737,0.20872146286416,0.210302700844571,0.211940003537803,0.213631011375772,0.215376255007201,0.217177730438119,0.219037954589084,0.220959421326691,0.222944295752688,0.224994213653784,0.227110110868166,0.229292054319535,0.23153907415623,0.23384900861476,0.236218375849297,0.238642284761073,0.241114392850259,0.243626914958728,0.246170683219393,0.248735255775725,0.251309069805825,0.253879632901089,0.256433745736508,0.258957748111249,0.261437779789543,0.263860047150858,0.266211086521828,0.26847801527754,0.270648762416022,0.272712271338927,0.274658668976982,0.276479397097549,0.278167303503751,0.279716692740698,0.281123337724915,0.282384455285882,0.283498649862572,0.284465830479672,0.285287106623801,0.285964668770274,0.286501659123378,0.286902037692832,0.287170448208631,0.287312087647699,0.287332582373571,0.287237873128312,0.287034110404868,0.286727561095665,0.286324526775304,0.285831273537546,0.285253972967494,0.284598653581862,0.283871161902662,0.283077132230461,0.282221964139597,0.281310806717542,0.280348548602636,0.279339812929356,0.278288956359982,0.277200071459604,0.27607699175278,0.274923298881195,0.27374233135949,0.27253719449947,0.271310771139828,0.270065732878972,0.268804551562212,0.267529510821671,0.266242717508104,0.264946112888855,0.263641483515849,0.262330471692537,0.261014585489437,0.259695208275032,0.258373607742661,0.257050944425276,0.255728279698715,0.254406583281131,0.253086740241416,0.251769557533416,0.250455770075487,0.249146046396883,0.247840993873545,0.246541163576499,0.245247054756112,0.243959118985252,0.242677763983818,0.241403357146424,0.240136228794106,0.238876675169977,0.237624961197687,0.236381323020519,0.235145970337824,0.233919088554486,0.232700840758018,0.231491369536911,0.230290798652865,0.229099234578633,0.227916767912293,0.226743474677986,0.225579417522331,0.224424646815043,0.223279201661577,0.222143110835005,0.221016393633734,0.21989906067116,0.218791114602809,0.217692550796104,0.216603357947436,0.215523518650836,0.214453009922196,0.213391803682646,0.212339867204392,0.211297163522043,0.21026365181221,0.209239287743912,0.208224023802121,0.207217809586581,0.206220592087853,0.205232315942386,0.204252923668248,0.203282355883035,0.202320551505328,0.201367447940976,0.200422981255371,0.19948708633277,0.198559697023663,0.197640746281079,0.196730166286663,0.195827888567285,0.194933844102887,0.194047963426208,0.193170176714986,0.19230041387719,0.191438604629775,0.190584678571439,0.189738565249804,0.188900194223423,0.188069495118974,0.187246397683994,0.186430831835441,0.185622727704407,0.184822015677222,0.184028626433214,0.18324249097935,0.182463540681972,0.181691707295831,0.180926922990592,0.180169120374998,0.179418232518832,0.178674192972842,0.177936935786754,0.17720639552551,0.176482507283846,0.175765206699315,0.17505442996387,0.174350113834099,0.173652195640189,0.172960613293732,0.172275305294414,0.171596210735698,0.170923269309534,0.170256421310193,0.169595607637256,0.168940769797833,0.168291849908057,0.167648790693904,0.167011535491378,0.166380028246122,0.165754213512468,0.165134036451994,0.164519442831597,0.163910379021137,0.163306791990661,0.162708629307263,0.162115839131583,0.16152837021398,0.160946171890417,0.160369194078051,0.159797387270581,0.159230702533351,0.158669091498242,0.158112506358361,0.157560899862551,0.157014225309728,0.156472436543078,0.155935487944106,0.155403334426565,0.154875931430274,0.154353234914837,0.153835201353269,0.153321787725547,0.152812951512092,0.152308650687193,0.151808843712375,0.151313489529732,0.150822547555222,0.150335977671931,0,0.204527901653812,0.205921402634988,0.20739213562986,0.208929023650582,0.210524876251372,0.212176281296919,0.21388269830374,0.215645325448292,0.217466197254124,0.219347592218464,0.221291668492934,0.223300222541781,0.225374496828261,0.227515000351865,0.229721333052254,0.231992019874537,0.234324365877202,0.236714343879434,0.239156523617934,0.241644047999272,0.244168658747757,0.246720770957376,0.249289593830091,0.251863293137074,0.25442918954921,0.256973985847935,0.259484015101315,0.261945501183912,0.264344822585484,0.266668770363759,0.268904791412667,0.271041208971142,0.27306741347508,0.274974018393926,0.276752977488224,0.278397661841457,0.279902896914398,0.281264961607199,0.282481552782287,0.28355171982331,0.284475774544802,0.285255182124715,0.285892438739964,0.286390941299407,0.286754854157894,0.28698897703228,0.287098617594755,0.287089471451337,0.286967511472165,0.286738887761085,0.286409838957587,0.28598661506635,0.285475411611103,0.284882314606291,0.284213255623514,0.283473976088663,0.282669999867635,0.281806613171113,0.280888850820465,0.279921487956884,0.278909036335686,0.277855744419712,0.276765600564285,0.275642338666584,0.274489445731354,0.27331017088018,0.272107535401659,0.270884343503711,0.269643193486732,0.268386489107042,0.267116450944547,0.26583512762687,0.264544406795056,0.263246025723703,0.261941581531668,0.260632540938799,0.259320249539971,0.258005940580594,0.256690743228039,0.255375690341575,0.254061725749718,0.252749711048678,0.251440431939118,0.250134604120935,0.248832878767416,0.247535847601108,0.246244047594147,0.244957965315849,0.243678040949973,0.242404672003589,0.241138216728645,0.239878997276513,0.238627302604793,0.237383391154642,0.236147493315843,0.234919813695797,0.233700533207564,0.232489810991076,0.231287786180659,0.230094579531083,0.228910294913434,0.227735020691274,0.226568830986771,0.225411786845699,0.22426393730953,0.223125320402196,0.221995964038465,0.220875886860327,0.219765099007279,0.218663602825884,0.217571393523564,0.216488459771161,0.215414784258424,0.214350344206251,0.213295111839166,0.212249054821247,0.211212136658438,0.210184317069943,0.209165552331153,0.208155795590392,0.20715499716153,0.206163104794376,0.205180063924596,0.204205817904738,0.203240308217855,0.202283474675045,0.201335255598161,0.200395587988817,0.199464407684735,0.198541649504386,0.19762724738081,0.19672113448542,0.195823243342535,0.194933505935329,0.194051853803829,0.193178218135534,0.1923125298492,0.191454719672284,0.190604718212501,0.189762456023905,0.188927863667912,0.188100871769579,0.18728141106952,0.186469412471729,0.185664807087607,0.184867526276464,0.184077501682727,0.18329466527009,0.182518949352801,0.181750286624305,0.180988610183397,0.180233853558069,0.179485950727202,0.178744836140252,0.178010444735053,0.177282711953878,0.176561573757864,0.175846966639911,0.175138827636168,0.174437094336176,0.173741704891788,0.173052598024916,0.172369713034215,0.17169298980074,0.171022368792677,0.17035779106919,0.169699198283443,0.169046532684867,0.168399737120709,0.167758755036912,0.167123530478385,0.166494008088685,0.165870133109168,0.165251851377634,0.164639109326515,0.164031853980616,0.163430032954467,0.162833594449295,0.162242487249649,0.161656660719707,0.161076064799284,0.160500649999566,0.159930367398592,0.159365168636497,0.158805005910551,0.15824983196999,0.157699600110671,0.157154264169563,0.156613778519085,0.156078098061313,0.155547178222055,0.155020974944821,0.154499444684695,0.153982544402112,0.15347023155656,0.152962464100216,0.152459200471517,0.151960399588684,0.151466020843202,0.150976024093266,0,0.203306114108021,0.204657207810958,0.206082786440689,0.207576155309671,0.209130724171589,0.2107425193932,0.212410165019834,0.214134128737094,0.215915940954948,0.21775760508401,0.219661199750109,0.221628605877708,0.223661294924969,0.225760139598994,0.227925232056449,0.230155710101631,0.232449599535071,0.23480368294017,0.237213404170334,0.23967281533867,0.242174570279009,0.244709965784887,0.247269029642729,0.249840652565502,0.252412759533093,0.25497251467987,0.257506552697216,0.260001228746592,0.262442878156492,0.264818076777827,0.267113892870679,0.269318121841365,0.2714194960527,0.273407863253545,0.275274328830461,0.277011358951676,0.278612843608788,0.28007412041983,0.281391961710373,0.282564528738413,0.283591297913099,0.284472964455167,0.285211329172461,0.285809173919814,0.286270130940307,0.286598550715776,0.286799372260174,0.28687799903625,0.286840182919777,0.286691917919769,0.286439344718098,0.286088666536134,0.285646076377682,0.285117695336511,0.284509521387493,0.283827387893061,0.283076930939801,0.282263564560994,0.281392462887944,0.28046854829466,0.279496484647307,0.27848067483342,0.277425261819539,0.276334132564302,0.275210924193169,0.274059031917834,0.272881618256087,0.271681623175059,0.270461774841807,0.269224600719622,0.267972438796579,0.266707448774626,0.265431623083631,0.264146797615515,0.262854662099576,0.261556770061793,0.260254548328853,0.258949306052326,0.257642243240308,0.256334458793342,0.255026958048904,0.253720659844473,0.252416403113603,0.251114953032535,0.249817006737148,0.248523198631461,0.247234105309707,0.245950250114342,0.244672107352233,0.243400106190943,0.242134634256387,0.240876040952398,0.239624640521843,0.238380714867969,0.237144516153678,0.235916269195362,0.234696173666961,0.233484406128852,0.23228112189521,0.231086456752555,0.229900528541243,0.228723438610858,0.227555273159577,0.226396104466878,0.225245992028175,0.224104983599344,0.222973116158438,0.221850416791318,0.22073690350739,0.219632585991118,0.218537466294539,0.217451539475564,0.216374794186462,0.215307213216545,0.21424877399277,0.213199449041627,0.212159206415435,0.211128010085879,0.21010582030742,0.20909259395295,0.208088284823903,0.207092843936832,0.206106219788289,0.205128358599715,0.204159204543888,0.20319869995435,0.20224678551913,0.201303400459967,0.200368482698126,0.199441969007834,0.19852379515826,0.197613896044907,0.196712205811191,0.195818657960951,0.194933185462538,0.194055720845122,0.193186196287767,0.192324543701802,0.191470694806981,0.19062458120186,0.189786134428817,0.188955286034092,0.188131967623191,0.187316110911988,0.186507647773825,0.185706510282878,0.184912630754059,0.184125941779692,0.183346376263169,0.182573867449816,0.181808348955139,0.181049754790635,0.180298019387334,0.179553077617223,0.178814864812694,0.178083316784147,0.177358369835873,0.176639960780332,0.175928026950934,0.175222506213414,0.174523336975907,0.173830458197803,0.173143809397457,0.172463330658844,0.171788962637212,0.17112064656382,0.170458324249797,0.169801938089206,0.169151431061349,0.168506746732368,0.167867829256193,0.16723462337488,0.166607074418377,0.165985128303761,0.165368731533979,0.164757831196137,0.164152374959347,0.163552311072195,0.162957588359823,0.162368156220685,0.16178396462297,0.161204964100744,0.160631105749817,0.160062341223354,0.159498622727264,0.158939903015369,0.158386135384382,0.157837273668706,0.157293272235063,0.156754085976988,0.156219670309167,0.155689981161676,0.155164974974087,0.154644608689491,0.154128839748424,0.153617626082719,0.153110926109286,0.152608698723832,0.152110903294534,0.151617499655663,0,0.202093145533815,0.203406821384502,0.204790324622761,0.206241823755885,0.207755901386104,0.209328499037516,0.210957691769058,0.21264334372236,0.214386507284751,0.216188883851855,0.218052421082768,0.219979021859076,0.22197031826542,0.224027474611759,0.226151001351248,0.228340576208687,0.230594877492521,0.232911438244465,0.235286530234262,0.237715085328315,0.240190659510955,0.242705442446563,0.245250313242134,0.247814941096258,0.250387927787588,0.252956987417387,0.255509157445602,0.258031033854538,0.260509022285243,0.262929596293943,0.265279553551997,0.26754626093112,0.26971788000998,0.27178356559637,0.273733631318676,0.27555967809571,0.277254683209391,0.278813049632609,0.280230617063758,0.281504637671634,0.282633720774957,0.283617751524429,0.284457789114822,0.285155950156105,0.285715282627049,0.28613963538778,0.28643352761149,0.286602021779766,0.286650603132993,0.286585067728182,0.286411420569509,0.286135784667631,0.28576432136676,0.285303161858487,0.284758349476249,0.284135792126776,0.283441224054544,0.282680176040235,0.281857953092324,0.280979618690483,0.280049984670078,0.279073605889346,0.278054778887449,0.276997543816178,0.275905689005938,0.274782757604177,0.273632055799062,0.27245666221119,0.271259438100466,0.270043038093356,0.268809921187423,0.267562361835463,0.266302460950992,0.265032156710712,0.263753235058381,0.262467339838754,0.261175982510515,0.259880551403749,0.258582320501165,0.257282457733256,0.25598203278631,0.254682024429062,0.253383327369015,0.252086758653426,0.250793063632782,0.249502921506574,0.248216950472404,0.246935712500153,0.245659717753102,0.244389428677794,0.243125263783976,0.241867601135328,0.240616781570925,0.239373111676484,0.238136866523501,0.236908292193392,0.235687608102769,0.234475009144952,0.233270667661876,0.232074735259556,0.230887344479393,0.229708610336707,0.228538631737041,0.227377492780009,0.226225263959708,0.225082003270014,0.22394775722244,0.222822561783623,0.221706443238943,0.220599418988244,0.219501498279172,0.21841268288316,0.2173329677187,0.216262341426164,0.215200786898064,0.214148281768342,0.213104798863969,0.212070306621868,0.21104476947393,0.210028148202638,0.209020400269652,0.208021480119457,0.207031339460052,0.206049927522463,0.205077191300733,0.204113075773892,0.203157524111306,0.202210477862671,0.201271877133823,0.200341660749449,0.199419766403674,0.198506130799447,0.197600689777555,0.196703378436031,0.195814131240682,0.194932882127365,0.194059564596639,0.193194111801329,0.192336456627514,0.191486531769428,0.190644269798693,0.189809603228286,0.188982464571633,0.18816278639714,0.187350501378515,0.186545542341146,0.185747842304829,0.184957334523081,0.18417395251929,0.183397630119898,0.182628301484842,0.181865901135419,0.18111036397976,0.180361625336075,0.17961962095381,0.178884287032868,0.178155560241007,0.177433377729558,0.176717677147556,0.176008396654395,0.175305474931113,0.174608851190384,0.173918465185314,0.173234257217116,0.172556168141733,0.171884139375494,0.171218112899844,0.170558031265232,0.169903837594202,0.169255475583737,0.168612889506918,0.167976024213929,0.167344825132465,0.166719238267582,0.166099210201011,0.165484688089999,0.164875619665693,0.164271953231091,0.163673637658619,0.163080622387333,0.162492857419781,0.161910293318562,0.161332881202585,0.160760572743064,0.160193320159267,0.159631076214033,0.159073794209078,0.158521427980114,0.157973931891782,0.157431260832429,0.156893370208733,0.156360215940198,0.155831754453522,0.155307942676859,0.15478873803398,0.154274098438343,0.153763982287094,0.153258348454985,0.152757156288245,0.152260365598394,0,0.200886333750987,0.202166286433462,0.203511374160962,0.204923400749302,0.206398414806867,0.207932692063998,0.209524066402178,0.211171970038123,0.212877046267191,0.214640700415006,0.216464720734858,0.2183509853614,0.220301229736137,0.222316845565324,0.224398692945193,0.226546919220676,0.228760786777797,0.231038516621011,0.233377156080705,0.23577247846564,0.238218920878057,0.240709564397667,0.243236158783862,0.245789191905058,0.248358002318379,0.250930931776918,0.253495512917427,0.256038685986593,0.258547037242661,0.261007050695684,0.263405364213224,0.265729020802207,0.267965706138547,0.270103964168672,0.272133383815894,0.2740447514062,0.275830165260417,0.277483110838612,0.278998496719507,0.28037265341851,0.281603298486023,0.282689472413544,0.283631450578196,0.284430636783116,0.285089443937856,0.285611167126872,0.285999853804031,0.286260175198227,0.286397302286876,0.286416788948077,0.286324464184837,0.286126334659098,0.285828498200793,0.285437068478384,0.284958110634406,0.284397587398369,0.283761314981438,0.283054927921721,0.282283851973807,0.281453284109483,0.280568178707192,0.279633239045773,0.278652913274925,0.277631394103587,0.27657262152241,0.275480287953464,0.274357845296034,0.273208513409623,0.272035289642562,0.270840959076152,0.269628105209518,0.268399120859372,0.267156219091766,0.265901444040049,0.264636681495068,0.263363669180597,0.262084006649665,0.260799164756259,0.259510494672418,0.258219236433333,0.256926527003215,0.255633407862778,0.254340832125432,0.253049671194088,0.251760720974073,0.250474707660181,0.249192293117632,0.247914079877797,0.246640615770038,0.245372398211175,0.24410987817383,0.242853463854465,0.241603524061259,0.240360391341196,0.239124364864832,0.237895713086314,0.236674676195197,0.235461468375686,0.234256279887906,0.233059278984889,0.231870613678007,0.230690413362723,0.22951879031566,0.228355841073179,0.227201647700921,0.226056278963013,0.224919791398997,0.223792230315898,0.222673630702263,0.221564018070459,0.220463409233021,0.219371813018358,0.218289230930719,0.217215657758883,0.216151082137717,0.215095487066365,0.214048850386558,0.213011145224202,0.211982340397201,0.21096240079216,0.209951287712457,0.208948959199922,0.207955370332206,0.206970473497724,0.205994218649942,0.20502655354258,0.204067423947229,0.203116773854706,0.202174545661414,0.201240680341829,0.200315117608162,0.19939779605818,0.198488653312045,0.19758762613901,0.196694650574707,0.195809662029732,0.194932595390156,0.194063385110551,0.193201965300077,0.192348269802124,0.191502232267978,0.190663786224927,0.189832865139212,0.189009402474181,0.188193331743978,0.18738458656309,0.18658310069203,0.18578880807943,0.185001642900782,0.184221539594075,0.183448432892509,0.182682257854526,0.181922949891296,0.181170444791868,0.180424678746114,0.179685588365635,0.178953110702749,0.178227183267699,0.1775077440442,0.176794731503428,0.176088084616556,0.175387742865943,0.174693646255049,0.174005735317175,0.173323951123094,0.172648235287656,0.171978529975429,0.17131477790544,0.170656922355075,0.170004907163202,0.169358676732559,0.168718176031455,0.168083350594842,0.16745414652479,0.166830510490408,0.166212389727248,0.165599732036235,0.164992485782139,0.164390599891638,0.163794023850996,0.163202707703375,0.162616602045816,0.162035658025914,0.161459827338201,0.160889062220266,0.160323315448632,0.1597625403344,0.159206690718697,0.158655720967917,0.158109585968798,0.157568241123337,0.157031642343548,0.1564997460461,0.155972509146824,0.155449889055114,0.154931843668232,0.154418331365518,0.153909311002528,0.153404741905102,0.152904583863367,0,0.199682546287873,0.200931611812667,0.202242387207922,0.203617988117838,0.205055974468386,0.20655329129468,0.208107833607805,0.209718800888496,0.211386531043606,0.213112169734444,0.214897340639013,0.216743867419247,0.218653544036036,0.220627934597753,0.222668186816616,0.224774851497226,0.226947708161138,0.229185601920924,0.231486299033596,0.233846368869208,0.236261099095485,0.238724449314833,0.241229046592342,0.243766224492864,0.246326105484475,0.24889772487973,0.251469192871532,0.254027889687999,0.256560687481335,0.259054191351772,0.261494990981663,0.263869913811915,0.266166270610051,0.268372084697498,0.2704762970167,0.272468940569209,0.274341279441873,0.276085909525006,0.277696819965052,0.279169416239201,0.280500507365533,0.2816882610766,0.282732131732136,0.283632766311836,0.284391894030261,0.285012204997725,0.285497222975615,0.285851176712158,0.28607887366504,0.286185579184269,0.286176903495568,0.286058698132608,0.285836962844045,0.285517763465897,0.285107160808514,0.28461115026003,0.284035611548957,0.283386267928092,0.282668653928951,0.2818880907786,0.281049668557491,0.280158234197116,0.279218384460544,0.278234463109423,0.277210561531286,0.276150522175898,0.275057944225169,0.273936190994846,0.272788398636049,0.271617485769277,0.270426163742269,0.269216947255644,0.267992165146667,0.266753971161986,0.265504354585143,0.264245150614509,0.262978050412571,0.261704610768641,0.260426263334622,0.259144323407866,0.257859998246854,0.256574394914831,0.255288527653898,0.254003324797867,0.252719635236528,0.251438234447221,0.250159830111896,0.248885067339363,0.247614533513348,0.246348762787381,0.245088240247567,0.243833405764018,0.242584657551228,0.241342355456979,0.240106823998607,0.23887835516454,0.237657210998136,0.23644362597986,0.235237809222908,0.234039946496435,0.23285020208959,0.231668720528707,0.230495628159102,0.229331034602121,0.228175034097294,0.227027706738727,0.225889119614153,0.224759327854427,0.223638375600644,0.22252629689548,0.221423116504848,0.220328850675465,0.219243507833482,0.218167089228896,0.217099589530103,0.216040997372577,0.21499129586534,0.213950463058591,0.21291847237558,0.21189529301156,0.210880890302424,0.209875226065409,0.208878258914061,0.207889944549479,0.20691023602967,0.205939084018728,0.204976437017385,0.204022241576364,0.203076442493853,0.20213898299831,0.201209804917703,0.200288848836205,0.199376054239302,0.198471359648151,0.197574702744007,0.196686020483442,0.195805249205029,0.194932324728124,0.194067182444307,0.193209757402024,0.192359984384908,0.191517797984238,0.190683132665952,0.189855922832585,0.189036102880521,0.188223607252846,0.187418370488144,0.186620327265493,0.185829412445943,0.185045561110692,0.18426870859622,0.183498790526549,0.182735742842866,0.181979501830644,0.181230004144469,0.180487186830697,0.179750987348106,0.179021343586663,0.178298193884541,0.1775814770435,0.176871132342732,0.176167099551289,0.175469318939169,0.174777731287161,0.174092277895523,0.173412900591579,0.172739541736298,0.172072144229923,0.171410651516719,0.170755007588891,0.170105156989732,0.169461044816051,0.168822616719926,0.168189818909829,0.167562598151172,0.166940901766295,0.166324677633962,0.165713874188365,0.1651084404177,0.164508325862325,0.163913480612541,0.163323855306011,0.162739401124859,0.162160069792453,0.161585813569913,0.16101658525235,0.160452338164871,0.159893026158348,0.159338603604993,0.158789025393736,0.158244246925429,0.157704224107897,0.157168913350832,0.156638271560565,0.156112256134711,0.155590824956708,0.155073936390253,0.154561549273661,0.154053622914132,0.153550117081955,0,0.198477168490307,0.199698829303433,0.20097975526396,0.202322512418333,0.203726057197393,0.205188246489415,0.206707311519743,0.208282428365011,0.209913757809611,0.211602248116918,0.213349375139385,0.215156895468309,0.217026629887935,0.218960270037326,0.22095919689809,0.223024303954447,0.225155823868527,0.227353162302998,0.229614745303724,0.231937887625805,0.23431868906853,0.236751964794507,0.239231214130698,0.241748630719887,0.244295155225752,0.246860570134639,0.249433634552893,0.252002255284701,0.254553688929594,0.257074768329347,0.259552145513727,0.261972542446214,0.264323000448238,0.266591119249462,0.268765277194882,0.270834825209335,0.272790248598986,0.274623292539617,0.276327049019898,0.277896004923926,0.279326052711648,0.280614466674302,0.281759848925866,0.282762050100694,0.283622070159568,0.284341944790091,0.284924622674549,0.285373838454662,0.285693985618168,0.285889992834708,0.285967206537726,0.285931281833715,0.285788083156508,0.285543595496532,0.285203846536456,0.284774839619812,0.284262497165693,0.283672613913281,0.283010819224884,0.282282547583716,0.281493016381398,0.280647210088685,0.279749869931412,0.27880548824312,0.277818306729143,0.27679231794811,0.275731269391256,0.274638669614237,0.273517795947765,0.272371703380667,0.271203234270936,0.270015028596322,0.268809534505982,0.267589018978624,0.266355578430801,0.265111149151919,0.26385751747054,0.262596329580191,0.261329100972688,0.260057225443299,0.258781983645478,0.257504551183743,0.256226006241907,0.254947336750737,0.253669447104338,0.25239316443859,0.251119244487849,0.249848377038181,0.24858119099674,0.247318259097644,0.246060102265018,0.244807193653827,0.243559962388791,0.24231879702113,0.241084048722222,0.239856034232433,0.238635038582517,0.237421317604098,0.236215100244752,0.235016590702338,0.233825970392267,0.232643399760489,0.231469019954139,0.23030295436092,0.229145310027509,0.227996178966535,0.226855639360934,0.225723756673848,0.22460058467159,0.223486166366608,0.222380534886862,0.221283714277479,0.220195720240128,0.219116560815081,0.218046237010551,0.216984743383519,0.21593206857591,0.214888195809681,0.21385310334407,0.212826764898021,0.21180915004052,0.210800224551369,0.209799950754728,0.20880828782754,0.207825192084806,0.206850617243495,0.205884514666746,0.204926833589875,0.203977521329583,0.203036523477628,0.202103784080168,0.201179245803827,0.200262850089499,0.199354537294797,0.198454246825995,0.197561917260233,0.196677486458711,0.195800891671525,0.194932069634746,0.19407095666032,0.193217488719291,0.192371601518835,0.191533230573534,0.190702311271313,0.189878778934407,0.189062568875707,0.188253616450809,0.18745185710607,0.186657226422933,0.185869660158798,0.185089094284653,0.184315465019705,0.183548708863209,0.182788762623674,0.182035563445641,0.181289048834186,0.180549156677297,0.179815825266273,0.179088993314281,0.178368599973182,0.177654584848745,0.176946888014362,0.176245450023358,0.17555021191998,0.174861115249173,0.174178102065201,0.173501114939203,0.172830096965747,0.172164991768454,0.171505743504744,0.170852296869776,0.170204597099617,0.169562589973712,0.168926221816682,0.168295439499507,0.167670190440133,0.167050422603538,0.166436084501299,0.165827125190685,0.165223494273326,0.164625141893462,0.164032018735829,0.163444076023182,0.162861265513502,0.162283539496895,0.161710850792212,0.161143152743413,0.160580399215686,0.160022544591348,0.15946954376554,0.158921352141734,0.15837792562707,0.157839220627532,0.157305194042978,0.156775803262044,0.156251006156919,0.155730761078021,0.15521502684857,0.15470376275907,0.154196928561723,0,0.197265311117339,0.198464077624966,0.199719916973277,0.20103382309663,0.202405979566991,0.203835311398745,0.205320618490649,0.2068612568014,0.208457351510569,0.210109735308287,0.211819772049622,0.213589154870549,0.215419712833226,0.217313230799512,0.219271277059108,0.22129503332521,0.223385125557634,0.225541458153554,0.227763056932556,0.230047927769856,0.232392937941946,0.234793726622361,0.237244649841025,0.23973876383569,0.24226784921362,0.244822476767172,0.247392114171842,0.249965271157196,0.252529679114417,0.255072499551367,0.257580554416551,0.260040570193551,0.262439426923551,0.264764403032666,0.26700340707366,0.269145188241411,0.271179518739438,0.273097342665735,0.274890887919559,0.276553739558372,0.278080874907465,0.279468662412658,0.280714827627401,0.281818390775074,0.282779580999806,0.283599732724052,0.284281169506622,0.284827080498038,0.285241394088564,0.285528652707463,0.285693892024565,0.285742527082775,0.285680247196505,0.285512920817921,0.285246511020316,0.284887001785896,0.284440334915565,0.283912357096838,0.28330877646463,0.282635127857834,0.281896745900886,0.281098745012493,0.280246005452682,0.279343164554801,0.278394612342906,0.277404490800365,0.276376696127084,0.275314883396417,0.274222473095451,0.273102659101733,0.271958417714357,0.270792517416552,0.26960752910036,0.268405836531356,0.267189646872969,0.265961001125977,0.264721784369755,0.263473735718069,0.262218457924435,0.260957426590437,0.259691998945679,0.258423422180457,0.25715284132229,0.255881306655451,0.254609780688888,0.253339144682792,0.252070204747648,0.250803697532282,0.249540295519191,0.248280611946632,0.247025205377559,0.245774583935721,0.244529209229095,0.243289499980476,0.242055835384462,0.240828558209398,0.23960797766201,0.238394372031637,0.237187991130024,0.235989058541767,0.234797773699561,0.233614313797508,0.23243883555487,0.231271476841802,0.23011235817779,0.228961584112747,0.227819244499995,0.226685415669666,0.225560161510406,0.224443534466671,0.223335576458322,0.222236319728724,0.221145787627032,0.220063995329926,0.218990950507611,0.217926653938531,0.21687110007687,0.21582427757659,0.214786169775456,0.213756755142209,0.212736007689795,0.211723897357316,0.210720390363164,0.209725449531583,0.208739034594726,0.207761102472115,0.206791607529247,0.20583050181694,0.204877735292916,0.20393325602695,0.20299701039085,0.20206894323441,0.201148998048381,0.200237117115447,0.199333241650084,0.198437311928132,0.197549267406838,0.196669046836067,0.195796588361323,0.19493182961918,0.194074707825658,0.19322515985807,0.192383122330785,0.191548531665355,0.190721324155395,0.18990143602659,0.189088803492169,0.18828336280416,0.187485050300716,0.186693802449794,0.185909555889424,0.185132247464804,0.184361814262453,0.183598193641593,0.182841323262973,0.182091141115291,0.181347585539388,0.180610595250347,0.179880109357653,0.179156067383531,0.178438409279589,0.177727075441875,0.177022006724455,0.176323144451608,0.175630430428729,0.174943806952026,0.174263216817088,0.173588603326402,0.172919910295883,0.172257082060487,0.171600063478963,0.170948799937802,0.170303237354441,0.169663322179761,0.169029001399935,0.168400222537664,0.167776933652848,0.167159083342719,0.166546620741486,0.165939495519512,0.165337657882069,0.164741058567682,0.164149648846114,0.163563380515988,0.162982205902106,0.162406077852453,0.161834949734934,0.16126877543385,0.16070750934614,0.160151106377399,0.1595995219377,0.159052711937223,0.158510632781717,0.157973241367805,0.157440495078146,0.156912351776458,0.156388769802435,0.155869707966549,0.155355125544747,0.154844982273079,0,0.196041820759715,0.19722370686434,0.198459462084901,0.199748789735051,0.201092975855894,0.202492099016851,0.203945708537469,0.205453523689435,0.207015777411695,0.20863328079318,0.210307336518718,0.212039592175158,0.213831878993202,0.215686051244782,0.217603827274954,0.219586629539074,0.221635422534006,0.22375055052778,0.225931579662842,0.228177150671249,0.230484849059503,0.232851099415165,0.235271089722553,0.237738730467273,0.240246651999662,0.242786242189505,0.245347724871854,0.247920277976598,0.25049218858317,0.253051040501357,0.255583928432873,0.258077691421357,0.260519157264631,0.262895388946267,0.26519392402,0.267402998283608,0.269511745991388,0.271510370208096,0.273390278591411,0.275144181765033,0.276766153360036,0.278251652614562,0.279597512010291,0.280801893700192,0.281864219396029,0.282785078923427,0.283566122837695,0.284209944370393,0.284719955606251,0.285100262240833,0.285355540608951,0.28549091996357,0.285511872275805,0.285424111157993,0.285233500910752,0.284945976177822,0.284567472266063,0.284103865851937,0.283560925544586,0.282944271600098,0.282259343971097,0.281511377818931,0.280705385601382,0.279846144866911,0.27893819092786,0.277985813642291,0.276993057601012,0.275963725087918,0.27490138125431,0.273809361018668,0.272690777270477,0.271548530018986,0.270385316184484,0.269203639780506,0.268005822280361,0.2667940130007,0.265570199368829,0.264336216969585,0.263093759292254,0.261844387118742,0.260589537511419,0.259330532373261,0.258068586564447,0.25680481556889,0.255540242711546,0.254275805933126,0.25301236413323,0.251750703096247,0.250491541016705,0.249235533642365,0.247983279054384,0.246735322104329,0.245492158528009,0.244254238755846,0.24302197143915,0.241795726711035,0.240575839200031,0.239362610813627,0.238156313308135,0.236957190660395,0.235765461255894,0.234581319907059,0.233404939714516,0.232236473783343,0.23107605680545,0.229923806518486,0.228779825050891,0.227644200162032,0.22651700638567,0.225398306084401,0.224288150422105,0.22318658026093,0.222093626988771,0.221009313282793,0.219933653814065,0.218866655897988,0.217808320094811,0.216758640764199,0.215717606577489,0.214685200990959,0.213661402683209,0.212646185959447,0.211639521125289,0.210641374832451,0.209651710398516,0.208670488102791,0.207697665460107,0.20673319747424,0.205777036872541,0.20482913432319,0.203889438636394,0.202957896950759,0.202034454905936,0.201119056802572,0.200211645750518,0.199312163806164,0.198420552099692,0.197536750953008,0.19666069998901,0.195792338232844,0.194931604205709,0.194078436011758,0.193232771418584,0.192394547931755,0.191563702863804,0.190740173398084,0.189923896647834,0.189114809710794,0.188312849719687,0.187517953888834,0.186730059557188,0.185949104228027,0.18517502560552,0.184407761628402,0.183647250500932,0.182893430721333,0.182146241107872,0.181405620822743,0.180671509393904,0.179943846734988,0.179222573163439,0.178507629416973,0.177798956668473,0.177096496539442,0.17640019111208,0.175709982940101,0.175025815058356,0.174347630991347,0.173675374760703,0.173008990891691,0.172348424418811,0.171693620890559,0.171044526373385,0.170401087454922,0.16976325124652,0.16913096538514,0.16850417803464,0.167882837886508,0.16726689416006,0.166656296602164,0.166050995486495,0.165450941612375,0.16485608630321,0.164266381404567,0.163681779281903,0.163102232817981,0.162527695409982,0.161958120966357,0.161393463903412,0.160833679141667,0.160278722101992,0.159728548701547,0.159183115349535,0.158642378942786,0.158106296861188,0.157574826962968,0.157047927579851,0.156525557512098,0.156007676023432,0.155494242835873,0,0.194802259347715,0.195974419674293,0.197195230414041,0.198464394380234,0.199784276766678,0.201156141772177,0.202580413444492,0.204057327179854,0.205587358262535,0.207171394414116,0.208810738000787,0.210507020466561,0.212262080132078,0.214077826776705,0.215956100183277,0.217898523333102,0.219906350224369,0.221980310039676,0.224120451587198,0.226325993629672,0.228595187608857,0.230925199421588,0.233312016480451,0.235750385475308,0.238233785173694,0.24075443733739,0.243303357428313,0.245870445250858,0.248444614056044,0.251013954961489,0.253565931894595,0.256087600744455,0.258565845126831,0.260987620241761,0.263340195832211,0.265611389296475,0.267789780581475,0.269864901551272,0.271827393999357,0.273669132230818,0.275383308035975,0.276964477760867,0.278408572915844,0.279712877241934,0.280875974301436,0.281897670438316,0.282778898365596,0.283521606710982,0.284128640640078,0.28460361824279,0.284950806781072,0.285175002220266,0.28528141475933,0.285275562383832,0.285163173824389,0.284950101735289,0.284642246426065,0.284245490086955,0.283765641145229,0.283208388166394,0.28257926256279,0.281883609281074,0.28112656459839,0.280313040153926,0.279447712368482,0.278535016451058,0.277579144251491,0.276584045285925,0.275553430333111,0.274490777070752,0.273399337289931,0.272282145290525,0.271142027120233,0.26998161037405,0.268803334319367,0.267609460154542,0.266402081245946,0.265183133220538,0.263954403818386,0.262717542432704,0.261474069284352,0.260225384193823,0.258972774926975,0.257717425101463,0.256460421649461,0.255202761839071,0.253945359862112,0.252689053000013,0.251434607382532,0.250182723356143,0.248934040480342,0.247689142171001,0.246448560010276,0.245212777742635,0.243982234976332,0.242757330609188,0.241538425996971,0.240325847881904,0.239119891098081,0.237920821069668,0.236728876116957,0.235544269584415,0.234367191804029,0.233197811906363,0.232036279490961,0.230882726166875,0.22973726697339,0.228600001690254,0.227471016046062,0.226350382832778,0.225238162933795,0.224134406272354,0.223039152686605,0.221952432737141,0.220874268452317,0.219804674016315,0.218743656404453,0.217691215969938,0.216647346985873,0.215612038146059,0.214585273027831,0.213567030519902,0.212557285217965,0.211556007790554,0.210563165317498,0.20957872160307,0.208602637465809,0.207634871006794,0.20667537785803,0.205724111412458,0.204781023037001,0.203846062269908,0.202919177003597,0.202000313654075,0.201089417317942,0.2001864319179,0.199291300337608,0.198403964546689,0.197524365716577,0.196652444327904,0.195788140270019,0.194931392933207,0.194082141294146,0.193240323995065,0.192405879417071,0.191578745748033,0.190758861045427,0.189946163294487,0.189140590461979,0.188342080545917,0.187550571621492,0.186766001883475,0.185988309685334,0.185217433575291,0.184453312329529,0.183695884982732,0.182945090856146,0.182200869583326,0.181463161133721,0.180731905834236,0.180007044388922,0.179288517896895,0.178576267868624,0.177870236240674,0.177170365389023,0.176476598141036,0.175788877786188,0.175107148085618,0.174431353280587,0.173761438099919,0.173097347766483,0.172439028002784,0.17178642503572,0.171139485600561,0.170498156944195,0.169862386827702,0.169232123528284,0.16860731584061,0.1679879130776,0.167373865070695,0.166765122169647,0.166161635241861,0.165563355671307,0.164970235357056,0.164382226711446,0.163799282657908,0.163221356628482,0.162648402561038,0.162080374896231,0.161517228574197,0.160958919031027,0.160405402195016,0.159856634482721,0.159312572794831,0.158773174511874,0.158238397489763,0.157708200055209,0.157182541000995,0.15666137958114,0.15614467550595,0,0.193543502784553,0.194713425860326,0.195924402371618,0.197177815198417,0.19847718486086,0.199824953249249,0.201222489148443,0.202670658776783,0.204170296406762,0.205722461139849,0.207328520427475,0.208990127024794,0.210709140284863,0.21248752042759,0.214327208226461,0.216229994221692,0.218197378953689,0.220230426163143,0.222329612459863,0.224494678499453,0.226724487738946,0.229016899262883,0.231368661053248,0.23377532954594,0.236231220485538,0.238729395034472,0.241261683853389,0.243818750467765,0.246390193692668,0.248964687239823,0.25153015294177,0.254073962388173,0.256583160292112,0.259044701711219,0.261445694452908,0.26377363768126,0.266016647960901,0.268163664715482,0.270204628288833,0.272130625374138,0.273933998387103,0.275608417254493,0.277148913923735,0.278551881545262,0.279815041639982,0.280937383579445,0.281919081353425,0.28276139288996,0.283466547164554,0.284037624044627,0.284478431327998,0.284793382817298,0.284987380587974,0.285065703909313,0.285033906607685,0.284897724049386,0.28466299038607,0.284335566258461,0.283921276795522,0.283425859472647,0.282854921195921,0.282213903850072,0.281508057474417,0.280742420202952,0.279921804111597,0.279050786148191,0.278133703371416,0.277174651786859,0.27617748813668,0.275145834069823,0.274083082189447,0.272992403541018,0.271876756167012,0.270738894411483,0.269581378709418,0.268406585641837,0.267216718077999,0.266013815261173,0.264799762724678,0.263576301950596,0.262345039705258,0.261107457003773,0.259864917670857,0.258618676477525,0.257369886843166,0.256119608100517,0.2548688123273,0.253618390753187,0.2523691597544,0.251121866451019,0.2498771939239,0.248635766069417,0.247398152110923,0.246164870786149,0.24493639422972,0.243713151569684,0.242495532256484,0.241283889142157,0.240078541326848,0.238879776788904,0.237687854814014,0.236503008237956,0.235325445516709,0.23415535263679,0.232992894877866,0.231838218438891,0.230691451938225,0.229552707797466,0.22842208351803,0.227299662858832,0.226185516922819,0.225079705159498,0.223982276290085,0.222893269161357,0.221812713533829,0.220740630809458,0.219677034703619,0.218621931865762,0.217575322452792,0.216537200658888,0.215507555205179,0.214486369792435,0.213473623519646,0.212469291271169,0.211473344074878,0.210485749433556,0.209506471631612,0.208535472019021,0.207572709274211,0.206618139647542,0.205671717186816,0.204733393946213,0.203803120179873,0.2028808445213,0.201966514149633,0.201060074943768,0.200161471625229,0.199270647890613,0.19838754653438,0.197512109562687,0.196644278298918,0.195783993481509,0.194931195354621,0.194085823752178,0.193247818175732,0.192417117866599,0.191593661872671,0.190777389110267,0.189968238421385,0.189166148626657,0.18837105857432,0.187582907185461,0.186801633495807,0.186027176694283,0.185259476158565,0.184498471487828,0.183744102532878,0.182996309423843,0.18225503259559,0.181520212811016,0.180791791182352,0.180069709190617,0.179353908703344,0.178644331990683,0.177940921740001,0.177243621069067,0.176552373537918,0.175867123159497,0.175187814409134,0.174514392232951,0.173846802055266,0.173184989785048,0.172528901821503,0.171878485058824,0.171233686890188,0.170594455211026,0.169960738421625,0.169332485429102,0.168709645648798,0.168092169005116,0.167480005931863,0.166873107372102,0.16627142477757,0.16567491010768,0.165083515828135,0.164497194909186,0.163915900823555,0.16333958754405,0.162768209540886,0.162201721778742,0.161640079713573,0.161083239289184,0.160531156933598,0.159983789555226,0.159441094538851,0.158903029741455,0.15836955348788,0.157840624566364,0.157316202223932,0.156796246161681,0,0.192263875683944,0.193438581670989,0.194644575420259,0.195886497882016,0.197169143004769,0.198496088088912,0.199869663837443,0.201291439526988,0.202762699872614,0.204284759544536,0.205859115478628,0.207487483382292,0.209171764123274,0.210913970629015,0.212716131558611,0.214580178957179,0.216507823092351,0.218500416935911,0.220558813588623,0.222683221196591,0.224873060954669,0.227126834397022,0.229442006311759,0.231814909352203,0.234240675835295,0.23671320138314,0.239225144015256,0.241767961056034,0.244331984799734,0.246906536300883,0.249480074981639,0.252040380048704,0.254574758096112,0.257070269858498,0.259513967995292,0.26189313713636,0.264195527276976,0.266409572002321,0.268524583924601,0.270530921055458,0.272420119498053,0.274184989686516,0.275819675276714,0.277319675561319,0.27868183382737,0.279904295312165,0.280986439296798,0.281928790396089,0.282732914280136,0.283401302941314,0.283937254260965,0.284344750098531,0.284628336487578,0.284793008837017,0.284844104350885,0.284787203233887,0.284628039668707,0.284372423050444,0.284026169550002,0.283595043751701,0.283084709865402,0.282500691841456,0.281848341607664,0.281132814590095,0.280359051663612,0.27953176669343,0.278655438867403,0.277734309072631,0.276772379633537,0.275773416796838,0.27474095541839,0.273678305374899,0.272588559288201,0.271474601209947,0.270339115969388,0.269184598936307,0.268013365994783,0.266827563561834,0.265629178518099,0.264420047946213,0.263201868596691,0.261976206021513,0.260744503332526,0.259508089555842,0.258268187564834,0.257025921583567,0.255782324259921,0.25453834331342,0.253294847767248,0.252052633777328,0.250812430073732,0.249574903031437,0.248340661388501,0.247110260630351,0.245884207059072,0.244662961566506,0.243446943129651,0.242236532046312,0.241032072928356,0.239833877469178,0.238642227001198,0.237457374858386,0.23627954855797,0.235108951814643,0.233945766399755,0.232790153857159,0.231642257086606,0.230502201804823,0.229370097893709,0.228246040644374,0.227130111905136,0.226022381140969,0.224922906411327,0.223831735272762,0.222748905612215,0.221674446416466,0.220608378482728,0.219550715075039,0.218501462530691,0.217460620820636,0.216428184067464,0.215404141024271,0.214388475517487,0.213381166856451,0.212382190212335,0.211391516968776,0.210409115046413,0.209434949203335,0.208468981313274,0.207511170623269,0.206561473992342,0.205619846112629,0.2046862397143,0.20376060575548,0.202842893598287,0.201933051172034,0.201031025124533,0.200136760962394,0.199250203181109,0.198371295385684,0.197499980402495,0.19663620038301,0.195779896899955,0.194931011036477,0.19408948346879,0.193255254542774,0.192428264344954,0.191608452768252,0.190795759572872,0.189990124442672,0.189191487037311,0.188399787040496,0.187614964204554,0.186836958391626,0.186065709611673,0.185301158057532,0.184543244137224,0.183791908503674,0.183047092082052,0.182308736094856,0.181576782084919,0.180851171936458,0.180131847894302,0.179418752581416,0.17871182901484,0.178011020620132,0.177316271244432,0.176627525168222,0.175944727115872,0.17526782226506,0.174596756255119,0.173931475194401,0.173271925666714,0.172618054736889,0.17196980995554,0.171327139363064,0.170689991492938,0.170058315374349,0.169432060534212,0.168811176998606,0.168195615293676,0.167585326446025,0.166980261982646,0.166380373930408,0.165785614815135,0.16519593766031,0.164611295985418,0.164031643803961,0.163456935621169,0.162887126431421,0.162322171715405,0.161762027437034,0.161206650040125,0.16065599644488,0.160110024044163,0.159568690699604,0.159031954737529,0.15849977494475,0.157972110564203,0.157448921290469,0,0.190963360620512,0.192148482497159,0.193353819498934,0.194588211468832,0.195857792570129,0.197167196943755,0.198519685171637,0.199917557822255,0.201362611237809,0.20285648332593,0.204400858652935,0.205997557715056,0.207648547131455,0.209355900300947,0.211121726862964,0.212948080604148,0.214836850649219,0.216789639079673,0.218807628251653,0.220891441967169,0.223041005614664,0.225255411099059,0.227532792715917,0.22987022009513,0.232263613995926,0.234707690126029,0.237195935315828,0.239720619319047,0.242272844244153,0.244842632162587,0.247419049827921,0.24999036773922,0.252544249086035,0.255067962538151,0.257548611517237,0.259973371630482,0.262329727454788,0.264605699891964,0.266790055879271,0.268872493292894,0.270843795334417,0.272695950417242,0.274422235426236,0.276017262063274,0.277476987681579,0.278798693447663,0.279980933781037,0.281023461775398,0.281927135702191,0.282693811768298,0.28332622809448,0.283827884462245,0.284202921809801,0.284456004805413,0.284592210144041,0.284616922545293,0.284535739810911,0.284354387750246,0.284078645314974,0.283714279903598,0.283266992500118,0.282742372093122,0.282145858672399,0.281482714009484,0.280757999385751,0.279976559426349,0.279143011221345,0.2782617379586,0.277336886349521,0.276372367193324,0.275371858493475,0.274338810608294,0.273276452983991,0.272187802080908,0.271075670161576,0.26994267466168,0.268791247912013,0.267623647021024,0.266441963763797,0.265248134354634,0.264043949007233,0.262831061209145,0.261610996656308,0.260385161809316,0.259154852046134,0.257921259396681,0.25668547985322,0.255448520257388,0.254211304769982,0.252974680933744,0.251739425342431,0.250506248931682,0.249275801908684,0.248048678338588,0.246825420406136,0.245606522371066,0.244392434235725,0.243183565142962,0.241980286521817,0.240782934997923,0.239591815084751,0.238407201671093,0.237229342319346,0.236058459388324,0.234894751993525,0.233738397816953,0.232589554777805,0.23144836257459,0.230314944108483,0.229189406797076,0.228071843786951,0.226962335072971,0.225860948531514,0.224767740874383,0.223682758529598,0.222606038454785,0.221537608888449,0.220477490043998,0.219425694751004,0.218382229047834,0.217347092729454,0.216320279853903,0.21530177921067,0.214291574753925,0.21328964600334,0.212295968415015,0.211310513724797,0.210333250266137,0.209364143264428,0.208403155109621,0.207450245608772,0.20650537222005,0.205568490269596,0.204639553152526,0.203718512519274,0.20280531844835,0.201899919606545,0.201002263397481,0.200112296099399,0.199229962992934,0.198355208479641,0.197487976191913,0.196628209094941,0.195775849581256,0.194930839558408,0.19409312053026,0.193262633672344,0.192439319901708,0.191623119941627,0.19081397438155,0.190011823732601,0.189216608478947,0.188428269125319,0.187646746240944,0.186871980500136,0.186103912719775,0.185342483893875,0.184587635225448,0.18383930815584,0.183097444391707,0.182361985929787,0.181632875079622,0.180910054484358,0.180193467139747,0.179483056411482,0.178778766050962,0.178080540209592,0.177388323451722,0.176702060766302,0.176021697577349,0.175347179753284,0.174678453615241,0.174015465944388,0.173358163988338,0.172706495466705,0.172060408575867,0.171419851992973,0.170784774879264,0.170155126882732,0.169530858140174,0.168911919278679,0.168298261416579,0.167689836163907,0.167086595622387,0.166488492384999,0.165895479535132,0.165307510645372,0.164724539775926,0.164146521472733,0.163573410765263,0.163005163164041,0.1624417346579,0.161883081711001,0.161329161259623,0.160779930708739,0.160235347928412,0.159695371250001,0.15915995946221,0.158629071806984,0.158102667975266,0,0.189643839937966,0.190842475717008,0.192050704813657,0.193281085685513,0.194541018694506,0.195836073747834,0.197170364168899,0.198546906880754,0.19996803791014,0.20143576500829,0.202952007669625,0.204518729365863,0.206137987557882,0.207811927320675,0.209542737181685,0.211332578330528,0.213183493385781,0.215097298563615,0.217075462606754,0.219118976322053,0.221228217380687,0.223402815764669,0.225641525716895,0.227942110219508,0.230301243899931,0.232714439874757,0.235176005411758,0.237679030430006,0.240215411770654,0.242775914863973,0.245350272915302,0.247927322083252,0.250495169406996,0.253041388562362,0.255553237013139,0.258017886902723,0.260422661216533,0.262755266421765,0.265004012998748,0.267158016007574,0.269207369024122,0.271143286327746,0.272958209995427,0.274645880407804,0.276201370459273,0.277621085364205,0.278902731271776,0.280045256885769,0.281048772912525,0.281914454441783,0.282644431338874,0.283241671447317,0.283709860931666,0.284053285495989,0.28427671555358,0.284385297749634,0.284384454591097,0.284279793345977,0.284077024856631,0.283781892477117,0.283400110995695,0.282937315136176,0.282399017038838,0.281790571993463,0.281117151623263,0.280383723688631,0.279595037683853,0.278755615429491,0.277869745910338,0.276941483667548,0.275974650118545,0.274972837245775,0.273939413162348,0.272877529126973,0.27179012764094,0.270679951315456,0.269549552247755,0.268401301689211,0.267237399828033,0.266059885543491,0.264870646018122,0.263671426119694,0.262463837485972,0.261249367263295,0.260029386464751,0.25880515792599,0.2575778438466,0.256348512912955,0.255118147004744,0.253887647492327,0.252657841135776,0.251429485599305,0.250203274596702,0.24897984268479,0.247759769722704,0.246543585015185,0.245331771158142,0.244124767604541,0.242922973968273,0.241726753083098,0.240536433833135,0.239352313770607,0.238174661535783,0.237003719093284,0.235839703798063,0.234682810303604,0.233533212324076,0.232391064261412,0.231256502707543,0.230129647831305,0.229010604658871,0.227899464255917,0.226796304819119,0.225701192684021,0.224614183255799,0.223535321868902,0.222464644581155,0.221402178907415,0.220347944497522,0.219301953762883,0.218264212455705,0.217234720204566,0.216213471009715,0.215200453701248,0.214195652363013,0.213199046724922,0.212210612526084,0.211230321851015,0.210258143440992,0.209294042982433,0.208337983374083,0.207389924974574,0.206449825831885,0.205517641896025,0.204593327216226,0.203676834123786,0.20276811340163,0.201867114441585,0.200973785390245,0.200088073284301,0.199209924176063,0.198339283249926,0.197476094930398,0.196620302982328,0.195771850603865,0.194930680512691,0.194096735025981,0.193269956134552,0.192450285571594,0.191637664876373,0.190832035453247,0.190033338626323,0.189241515690056,0.188456507956068,0.187678256796439,0.186906703683724,0.186141790227901,0.185383458210465,0.184631649615865,0.183886306660448,0.183147371819092,0.182414787849664,0.181688497815466,0.180968445105787,0.180254573454687,0.179546826958146,0.178845150089653,0.178149487714375,0.177459785101963,0.176775987938111,0.176098042334933,0.175425894840242,0.174759492445795,0.174098782594585,0.173443713187224,0.172794232587488,0.172150289627081,0.17151183360965,0.170878814314126,0.170251181997411,0.169628887396475,0.169011881729879,0.168400116698785,0.167793544487468,0.167192117763373,0.16659578967675,0.16600451385988,0.165418244425942,0.164836935967526,0.164260543554825,0.16368902273353,0.163122329522442,0.162560420410833,0.162003252355553,0.161450782777928,0.160902969560444,0.160359771043242,0.159821146020433,0.159287053736257,0.15875745388109,0,0.1883079439339,0.189520581235233,0.190734297758551,0.191963627695196,0.193216980583191,0.194500693072454,0.195819613578767,0.197177420049558,0.198576982409165,0.200020700856264,0.20151076259702,0.20304930517284,0.204638500008112,0.206280576356826,0.207977802809019,0.209732437990008,0.211546657517198,0.213422461644426,0.215361567077251,0.217365286565358,0.219434400489946,0.221569025361222,0.223768484699011,0.226031188092237,0.228354524298716,0.230734774063193,0.233167047910378,0.235645253514652,0.238162096356373,0.24070911624475,0.243276760930153,0.245854496478025,0.24843095239501,0.250994097778109,0.253531443116411,0.256030260941381,0.258477817422062,0.260861606341443,0.263169576739542,0.265390345890295,0.26751339016494,0.26952920764757,0.271429447994018,0.273207006824413,0.274856083767258,0.276372204992943,0.277752212574984,0.278994224217967,0.280097567748194,0.281062695267666,0.281891082045193,0.282585115103942,0.283147976120153,0.283583522736925,0.283896171782554,0.2840907872215,0.284172575004905,0.284146986363003,0.284019630518895,0.283796197317355,0.283482389860016,0.283083866919572,0.282606194665461,0.282054807063911,0.281434974206389,0.280751777762038,0.280010092731465,0.279214574691822,0.278369651758256,0.277479520537331,0.276548145408231,0.275579260532717,0.274576374061462,0.273542774069815,0.272481535818493,0.27139552999287,0.270287431627758,0.269159729472529,0.268014735593972,0.266854595051715,0.265681295513453,0.264496676705175,0.263302439615349,0.262100155392041,0.260891273888768,0.259677131828732,0.258458960568455,0.257237893451115,0.2560149727472,0.254791156186008,0.253567323085981,0.252344280095347,0.251122766557032,0.249903459513616,0.248686978369271,0.247473889226327,0.246264708914387,0.245059908729926,0.243859917904056,0.2426651268157,0.241475889966874,0.240292528736091,0.23911533392519,0.23794456811413,0.236780467837463,0.235623245595472,0.234473091712095,0.233330176051042,0.232194649600748,0.231066645938062,0.229946282579924,0.228833662231582,0.227728873939333,0.226631994155131,0.225543087719904,0.224462208771882,0.223389401585771,0.222324701348146,0.221268134874033,0.220219721269269,0.219179472542839,0.21814739417311,0.217123485631512,0.216107740866992,0.215100148754268,0.214100693508674,0.213109355070183,0.212126109458972,0.211150929104703,0.210183783151542,0.209224637740749,0.208273456272556,0.207330199648881,0.206394826498343,0.205467293384877,0.204547555001207,0.203635564348277,0.20273127290169,0.201834630766115,0.200945586818544,0.200064088841203,0.19919008364489,0.198323517183412,0.197464334659776,0.196612480624717,0.195767899068117,0.194930533503808,0.194100327048246,0.193277222493463,0.192461162374716,0.191652089033197,0.190849944674139,0.190054671420649,0.189266211363551,0.188484506607518,0.187709499313737,0.18694113173936,0.186179346273931,0.185424085473024,0.184675292089248,0.183932909100818,0.183196879737845,0.182467147506489,0.181743656211132,0.181026349974688,0.180315173257175,0.179610070872674,0.178910988004756,0.178217870220508,0.177530663483224,0.176849314163857,0.176173769051316,0.175503975361675,0.174839880746372,0.17418143329946,0.173528581563963,0.172881274537417,0.172239461676624,0.171603092901681,0.170972118599339,0.170346489625721,0.169726157308446,0.169111073448207,0.168501190319821,0.167896460672804,0.167296837731489,0.166702275194728,0.166112727235192,0.165528148498315,0.164948494100888,0.164373719629336,0.163803781137705,0.163238635145362,0.16267823863445,0.162122549047098,0.161571524282412,0.161025122693263,0.160483303082885,0.159946024701295,0.159413247241559,0,0.186958039678337,0.188183351451797,0.189404124358112,0.190634717229657,0.191884125624901,0.193159235959889,0.194465478971225,0.195807102266641,0.197187471276917,0.198609375976923,0.200075287013127,0.20158753717708,0.203148430452201,0.204760291979882,0.2064254732445,0.208146323535482,0.209925135049277,0.211764066414636,0.213665048209627,0.215629673862795,0.217659079743185,0.219753818869902,0.221913733267612,0.22413783043118,0.226424169588444,0.228769763451885,0.231170500926587,0.233621095790058,0.236115065670197,0.238644744711747,0.241201332137992,0.243774977501738,0.246354901822854,0.248929552104909,0.251486785014986,0.254014073923065,0.256498732161245,0.258928144399699,0.26128999753981,0.2635725025495,0.265764599215987,0.267856136821409,0.269838025166098,0.271702352048614,0.273442465119211,0.275053017811791,0.276529980700862,0.27787062102363,0.279073454186062,0.280138171804102,0.281065551219154,0.281857351499656,0.282516200746617,0.283045479120265,0.283449201460521,0.283731902746393,0.283898528981512,0.283954335448155,0.283904793672372,0.283755507909849,0.283512141507978,0.283180353128465,0.282765742524955,0.282273805355582,0.281709896362467,0.281079200159068,0.2803867088217,0.27963720547367,0.278835253070383,0.277985187633616,0.277091115236397,0.276156912101144,0.275186227238732,0.274182487121767,0.273148901949129,0.27208847311933,0.271004001586185,0.269898096821353,0.268773186154004,0.267631524298396,0.266475202915615,0.265306160086396,0.264126189598333,0.262936949973117,0.261739973178313,0.26053667298388,0.259328352936619,0.258116213936374,0.256901361406372,0.255684812056947,0.254467500247297,0.253250283954071,0.252033950358734,0.25081922106794,0.249606756982754,0.248397162833583,0.247190991398274,0.245988747421042,0.244790891249824,0.243597842209363,0.242409981726897,0.241227656226711,0.24005117980917,0.238880836729125,0.23771688368781,0.236559551951587,0.235409049310113,0.234265561885717,0.233129255805052,0.232000278743333,0.230878761350778,0.229764818570213,0.228658550854137,0.227560045288987,0.226469376633721,0.225386608279364,0.224311793135606,0.223244974450135,0.222186186565897,0.221135455621125,0.220092800196562,0.219058231913985,0.2180317559898,0.217013371747194,0.216003073090034,0.215000848941484,0.21400668365004,0.213020557365489,0.212042446387104,0.211072323486188,0.21011015820492,0.209155917133303,0.208209564165874,0.207271060739688,0.206340366055001,0.205417437279922,0.204502229740249,0.203594697095573,0.202694791502669,0.201802463767108,0.20091766348395,0.200040339168315,0.199170438376564,0.198307907818771,0.197452693463104,0.196604740632702,0.195763994095575,0.194930398148025,0.194103896692044,0.193284433307105,0.192471951316751,0.191666393850327,0.190867703900205,0.1900758243748,0.189290698147679,0.188512268103015,0.187740477177643,0.186975268399952,0.18621658492581,0.185464370071739,0.184718567345516,0.183979120474362,0.183245973430904,0.182519070457026,0.181798356085775,0.181083775161433,0.18037527285788,0.179672794695365,0.178976286555781,0.178285694696544,0.177600965763165,0.176922046800611,0.176248885263513,0.175581429025309,0.174919626386397,0.174263426081341,0.173612777285212,0.172967629619108,0.172327933154911,0.171693638419326,0.171064696397251,0.170441058534529,0.169822676740105,0.16920950338764,0.16860149131662,0.167998593832978,0.167400764709275,0.166807958184468,0.166220128963283,0.165637232215232,0.165059223573285,0.164486059132236,0.163917695446768,0.163354089529251,0.162795198847283,0.162240981320996,0.161691395320148,0.161146399661004,0.160605953603038,0.160070016845455,0,0.185596029142499,0.186831700046105,0.188060104269519,0.189293580440063,0.190541186984316,0.191810103330562,0.193106161269948,0.194434056321414,0.19579758138118,0.197199888610644,0.198643729463353,0.200131641214919,0.201666072347109,0.203249452894051,0.204884220149419,0.206572809265317,0.208317615778173,0.210120934883506,0.21198488100285,0.213911290810096,0.215901613120557,0.217956789581902,0.220077130704002,0.222262192278044,0.224510657589001,0.226820230988024,0.229187548349127,0.231608109676791,0.234076238643402,0.236585073101391,0.239126589623728,0.241691663882032,0.244270167201991,0.246851097998646,0.249422745078024,0.251972878110527,0.254488959064886,0.256958367168985,0.259368629148615,0.261707646168514,0.263963909098683,0.266126694440081,0.268186234405135,0.270133856157131,0.271962086937383,0.273664723607806,0.27523686687143,0.276674921986244,0.277976569069401,0.279140707045023,0.280167375899893,0.281057662189051,0.281813592713609,0.282438021028606,0.28293451099023,0.283307220981301,0.283560791819094,0.283700240699745,0.283730862907796,0.283658142446074,0.283487672238349,0.283225084134197,0.282875988604402,0.282445923752786,0.28194031307975,0.281364431305012,0.280723377482063,0.280022054604829,0.279265154908301,0.278457150091182,0.277602285732434,0.276704579228925,0.275767820643236,0.274795575915259,0.273791191955599,0.272757803200864,0.271698339269378,0.270615533409699,0.269511931483118,0.268389901264989,0.267251641888217,0.26609919328587,0.264934445518896,0.263759147899778,0.262574917844041,0.261383249399186,0.260185521415367,0.258983005334276,0.257776872582576,0.256568201564224,0.255357984252388,0.254147132386613,0.252936483284753,0.251726805282024,0.250518802811625,0.249313121142797,0.248110350793077,0.246911031632022,0.245715656693765,0.244524675715682,0.243338498420127,0.242157497555677,0.240982011713785,0.239812347936039,0.23864878412652,0.237491571282993,0.236340935559897,0.235197080175368,0.234060187173717,0.232930419054119,0.231807920275495,0.230692818646949,0.229585226612414,0.228485242437584,0.227392951306617,0.226308426335529,0.225231729508707,0.224162912544464,0.223102017695136,0.222049078486771,0.221004120403083,0.219967161518009,0.218938213080806,0.217917280057389,0.21690436163127,0.215899451667208,0.214902539140455,0.213913608534216,0.212932640207776,0.211959610737513,0.210994493232884,0.21003725762926,0.209087870959378,0.208146297605011,0.207212499530348,0.206286436498444,0.205368066272012,0.204457344799709,0.203554226388991,0.202658663866528,0.201770608727088,0.200890011271726,0.200016820736065,0.199150985409377,0.198292452745122,0.197441169463569,0.196597081647056,0.195760134828403,0.194930274072982,0.194107444054861,0.193291589127473,0.192482653389147,0.191680580743902,0.190885314957794,0.190096799711144,0.189314978646916,0.188539795415518,0.187771193716255,0.187009117335673,0.186253510182994,0.185504316322839,0.184761480005422,0.184024945694382,0.183294658092407,0.182570562164798,0.181852603161109,0.181140726634985,0.180434878462324,0.179735004857861,0.179041052390286,0.17835296799599,0.17767069899152,0.176994193084836,0.176323398385443,0.175658263413472,0.174998737107774,0.174344768833096,0.173696308386394,0.173053306002341,0.172415712358082,0.171783478577279,0.171156556233506,0.170534897353014,0.169918454416931,0.169307180362912,0.168701028586298,0.168099952940788,0.167503907738684,0.166912847750718,0.166326728205498,0.165745504788594,0.165169133641292,0.164597571359038,0.164030774989589,0.163468702030896,0.162911310428736,0.162358558574112,0.161810405300436,0.161266809880509,0.160727732023322,0,0.184223063559192,0.185466725860982,0.186702461585533,0.187939744259223,0.189187165292539,0.190451916818247,0.191740030034733,0.193056502937953,0.194405462593044,0.195790372704794,0.197214244492957,0.198679815868466,0.200189683523123,0.201746387080751,0.203352451200974,0.205010392865887,0.20672269995404,0.208491785602264,0.210319921708959,0.21220915447122,0.214161204953402,0.216177358130358,0.218258344425114,0.220404218318892,0.222614239062053,0.224886758811144,0.227219123635421,0.229607592757939,0.232047281102217,0.234532129683491,0.237054907594465,0.239607248280643,0.242179721491524,0.244761940770068,0.24734270467427,0.249910168210932,0.25245203932475,0.254955793857077,0.257408901293889,0.259799052964817,0.262114384200862,0.264343682327356,0.266476573230447,0.268503680513097,0.270416752836905,0.272208756793684,0.273873934424522,0.275407826173035,0.2768072615156,0.278070320677727,0.279196271680327,0.280185487454043,0.281039347934228,0.281760131945467,0.282350903358024,0.282815395510425,0.283157897302794,0.283383143728986,0.283496212977627,0.283502431627973,0.283407288920662,0.283216360610873,0.282935242518861,0.282569493580533,0.282124587964222,0.281605875651557,0.281018550771016,0.280367626912592,0.279657918631107,0.278894028355199,0.278080337950708,0.277221004234363,0.27631995779055,0.275380904506123,0.274407329302023,0.273402501603568,0.272369482151521,0.271311130812463,0.270230115098744,0.269128919154935,0.268009853009346,0.266875061925733,0.265726535722206,0.26456611795176,0.263395514862329,0.262216304074052,0.261029942928059,0.259837776474905,0.258641045082085,0.257440891649335,0.256238368427831,0.25503444344528,0.253830006543513,0.252625875038681,0.251422799016799,0.250221466279223,0.249022506953948,0.247826497789357,0.246633966147481,0.24544539371386,0.244261219940953,0.243081845241674,0.24190763394915,0.240738917058171,0.239575994763168,0.2384191388068,0.237268594652526,0.23612458349376,0.234987304111475,0.233856934591378,0.232733633911065,0.231617543406873,0.230508788129481,0.229407478096685,0.228313709451169,0.227227565530527,0.226149117856265,0.225078427048008,0.224015543668657,0.222960509005844,0.221913355794573,0.220874108885595,0.219842785863713,0.218819397619861,0.217803948880525,0.216796438697791,0.215796860903041,0.214805204527076,0.213821454189247,0.212845590457947,0.21187759018465,0.210917426813498,0.209965070668292,0.209020489218578,0.208083647326419,0.207154507475267,0.206233029982306,0.205319173195462,0.20441289367623,0.203514146369362,0.20262288476037,0.201739061021749,0.200862626148722,0.199993530085277,0.199131721841197,0.198277149600717,0.197429760823419,0.196589502337902,0.195756320428757,0.194930160917298,0.1941109692365,0.193298690500541,0.19249326956933,0.191694651108352,0.190902779644178,0.190117599615906,0.189339055422837,0.18856709146862,0.187801652202127,0.187042682155255,0.186290125977877,0.185543928470129,0.184804034612204,0.184070389591823,0.183342938829543,0.182621628002028,0.181906403063431,0.181197210265007,0.180493996173068,0.179796707685392,0.179105292046184,0.178419696859686,0.177739870102523,0.177065760134857,0.176397315710444,0.175734485985647,0.17507722052748,0.17442546932075,0.173779182774343,0.173138311726721,0.172502807450671,0.171872621657363,0.17124770649975,0.170628014575373,0.17001349892858,0.169404113052222,0.168799810888856,0.168200546831467,0.167606275723776,0.167016952860121,0.166432533984976,0.16585297529211,0.165278233423411,0.164708265467409,0.164143028957514,0.163582481869979,0.163026582621624,0.162475290067322,0.161928563497276,0.161386362634095,0,0.182840513112719,0.184089556268822,0.185331620639433,0.186572974448888,0.187821296032907,0.189083507669962,0.190365627414582,0.191672794150187,0.193009356105421,0.194379018019636,0.195785012595347,0.197230261253655,0.198717503457524,0.200249387604833,0.201828524697568,0.203457509178167,0.205138911583173,0.20687524682952,0.208668921099549,0.210522159861034,0.212436919592703,0.21441478615668,0.21645686330289,0.218563655369003,0.22073494875903,0.222969697187699,0.225265915933111,0.227620590422703,0.230029604363619,0.232487692291861,0.234988420829196,0.237524202083675,0.240086341505866,0.24266512113941,0.24524991763223,0.247829352685826,0.250391471923817,0.252923946584493,0.255414291116747,0.257850088803644,0.260219217044171,0.262510063942103,0.264711728383642,0.266814196785874,0.268808491076221,0.270686784097683,0.272442480387951,0.27407026201484,0.275566100742759,0.276927239158016,0.278152144430123,0.279240439101641,0.280192813682244,0.281010925901259,0.281697291293563,0.28225516941355,0.282688449451489,0.283001538424147,0.283199254477969,0.283286727220345,0.283269306413663,0.283152479849157,0.28294180077502,0.282642824890243,0.282261056630844,0.28180190426305,0.28127064315051,0.280672386470357,0.280012062606112,0.279294398434617,0.27852390774079,0.277704884030403,0.276841397060944,0.275937292468665,0.27499619393201,0.274021507374589,0.273016426772435,0.271983941188717,0.270926842713476,0.269847735035589,0.268749042418779,0.267633018893137,0.266501757508382,0.265357199525243,0.264201143447325,0.263035253817891,0.261861069724654,0.260680012971281,0.259493395887208,0.258302428758011,0.257108226867149,0.25591181714681,0.254714144441058,0.253516077388698,0.252318413936528,0.251121886495984,0.249927166757933,0.248734870181437,0.247545560173008,0.246359751973173,0.245177916267161,0.24400048253633,0.242827842166569,0.24166035132936,0.240498333650639,0.239342082681863,0.238191864187027,0.237047918258615,0.235910461274745,0.234779687709032,0.233655771803976,0.232538869117966,0.231429117955354,0.23032664068837,0.229231544979055,0.228143924908804,0.227063862022565,0.22599142629421,0.224926677019128,0.22386966363962,0.222820426508274,0.221778997594071,0.220745401135648,0.219719654245764,0.21870176747074,0.217691745308308,0.216689586687076,0.215695285410536,0.214708830568334,0.213730206917286,0.212759395234447,0.211796372644356,0.210841112922395,0.209893586776086,0.208953762105951,0.208021604247501,0.20709707619573,0.20618013881343,0.205270751024529,0.204368869993535,0.20347445129213,0.202587449053839,0.201707816117642,0.200835504161338,0.199970463825392,0.199112644827954,0.198261996071679,0.19741846574293,0.196582001403906,0.195752550078194,0.194930058330199,0.194114472338896,0.193305737966281,0.192503800820896,0.19170860631677,0.190920099728089,0.190138226239874,0.189362930994968,0.188594159137543,0.1878318558534,0.187075966407245,0.186326436177168,0.185583210686494,0.184846235633189,0.184115456916983,0.183390820664357,0.182672273251532,0.181959761325603,0.181253231823917,0.180552631991839,0.179857909398978,0.179169011954001,0.178485887918111,0.177808485917272,0.177136754953278,0.176470644413724,0.175810104080958,0.175155084140078,0.17450553518603,0.173861408229877,0.173222654704276,0.17258922646823,0.171961075811148,0.171338155456266,0.170720418563464,0.170107818731529,0.169500309999884,0.168897846849828,0.168300384205324,0.167707877433345,0.16712028234383,0.166537555189262,0.165959652663891,0.165386531902645,0.164818150479717,0.16425446640689,0.163695438131579,0.163141024534644,0.16259118492796,0.162045879051788,0,0.181449484368084,0.182701212388116,0.183948095386039,0.185193201649522,0.186443005154211,0.187703895114469,0.188981663318485,0.190281419916016,0.191607607991322,0.192964087221905,0.194354258526399,0.19578119716732,0.197247770559693,0.198756728813389,0.20031076473846,0.201912544585383,0.203564712317355,0.205269870214977,0.207030538184499,0.208849093848205,0.210727695524012,0.212668190524457,0.214672011715,0.2167400658537,0.218872617798814,0.221069175156955,0.223328378312953,0.225647901004546,0.228024366653796,0.230453285513156,0.232929017296871,0.235444763320652,0.237992591248845,0.240563494353016,0.243147485750665,0.245733726480548,0.248310684574716,0.250866320624308,0.253388293836244,0.255864181369928,0.258281702937146,0.260628942322563,0.262894557670555,0.265067973072019,0.267139545110361,0.269100699488087,0.270944034526983,0.272663390077954,0.274253882058465,0.275711904342084,0.277035100970289,0.278222312588825,0.279273501610542,0.280189660884604,0.280972710642415,0.281625388243805,0.282151134821034,0.28255398237268,0.282838444249661,0.283009411349368,0.283072055728896,0.283031742792345,0.282893952718012,0.282664211378219,0.282348030670106,0.281950857917009,0.281478033810893,0.28093475823804,0.280326063253579,0.279656792435678,0.278931585848393,0.278154869865009,0.277330851144094,0.276463514102509,0.275556621288381,0.27461371611884,0.273638127509244,0.272632975980566,0.27160118088827,0.270545468468314,0.269468380443531,0.268372282976287,0.26725937579101,0.266131701323236,0.26499115378037,0.263839488023889,0.262678328203554,0.261509176091731,0.260333419080576,0.259152337816947,0.257967113459805,0.256778834552908,0.255588503511995,0.254397042730726,0.253205300313543,0.252014055446572,0.250824023419869,0.249635860315795,0.248450167379335,0.247267495086704,0.246088346928839,0.244913182926298,0.243742422891854,0.242576449456677,0.241415610875412,0.240260223624929,0.239110574810773,0.237966924394709,0.236829507255973,0.235698535098162,0.234574198212961,0.233456667111194,0.23234609403102,0.231242614332424,0.230146347786546,0.229057399767764,0.227975862355914,0.226901815355478,0.225835327238064,0.224776456014059,0.22372525003886,0.222681748758719,0.22164598340081,0.220617977611819,0.219597748048991,0.218585304927278,0.217580652525958,0.216583789657806,0.215594710103697,0.214613403015249,0.213639853287955,0.212674041907025,0.211715946268016,0.21076554047413,0.209822795611953,0.208887680007238,0.207960159462219,0.207040197475835,0.206127755448133,0.205222792869999,0.204325267499319,0.203435135524547,0.202552351716598,0.201676869569925,0.200808641433546,0.199947618632752,0.199093751582166,0.198246989890758,0.197407282459405,0.196574577571498,0.195748822977106,0.194929965971146,0.194117953465952,0.193312732058672,0.192514248093812,0.191722447721282,0.19093727695025,0.190158681699078,0.189386607841618,0.18862100125011,0.187861807834907,0.187108973581244,0.186362444583245,0.185622167075355,0.184888087461363,0.184160152341178,0.183438308535508,0.182722503108572,0.182012683388979,0.181308796988894,0.180610791821601,0.179918616117563,0.17923221843908,0.17855154769364,0.177876553146033,0.177207184429325,0.176543391554751,0.175885124920605,0.175232335320186,0.174584973948862,0.17394299241031,0.173306342721987,0.17267497731987,0.172048849062526,0.171427911234546,0.170812117549387,0.170201422151663,0.169595779618908,0.168995144962866,0.168399473630319,0.167808721503495,0.167222844900077,0.166641800572846,0.166065545708978,0.165494037929013,0.164927235285531,0.164365096261544,0.163807579768626,0.163254645144804,0.162706252152218,0,0.180049959372306,0.181302517578342,0.182552379989793,0.183800440564483,0.185051856273928,0.186312256313632,0.187587002950158,0.188881008398149,0.190198677957679,0.191543929662992,0.192920267581062,0.194330880189853,0.195778739118694,0.197266682654442,0.19879747678286,0.200373851894868,0.201998515856075,0.203674144961441,0.205403354358548,0.207188649451624,0.209032359884152,0.210936558005953,0.212902964214028,0.214932842132425,0.217026887186861,0.219185112675001,0.221406737891279,0.223690083204155,0.226032477174754,0.228430180817917,0.230878333906123,0.233370927770499,0.235900808335636,0.238459712126187,0.241038336716738,0.243626445605144,0.246213005847712,0.248786355105026,0.251334393132885,0.253844791344592,0.256305212992083,0.258703535863976,0.261028069241864,0.263267757209613,0.265412361242943,0.26745261624284,0.26938035570596,0.271188603417119,0.272871630767041,0.274424980416481,0.275845458441547,0.277131098230299,0.278281100216864,0.279295752027561,0.28017633379295,0.280925013289909,0.281544735271568,0.282039108878755,0.282412296462246,0.282668906533164,0.282813892943356,0.28285246181263,0.282789987189584,0.282631935972081,0.282383802229318,0.282051050760317,0.281639069489818,0.281153130134707,0.280598356463759,0.279979699411014,0.279301918279308,0.278569567276573,0.277786986655809,0.276958297773309,0.276087401433454,0.275177978947528,0.274233495395265,0.27325720463853,0.272252155694912,0.271221200133693,0.270167000207069,0.269092037475044,0.267998621723163,0.266888900008129,0.265764865697717,0.264628367398421,0.263481117687476,0.262324701585506,0.261160584722561,0.259990121164081,0.258814560874608,0.257635056806399,0.256452671607496,0.255268383949833,0.254083094482581,0.252897631419576,0.251712755772354,0.250529166242294,0.249347503786718,0.248168355874688,0.246992260448672,0.245819709608436,0.244651153033407,0.243487001159462,0.242327628125687,0.241173374506067,0.240024549840509,0.23888143497888,0.237744284251079,0.236613327475441,0.235488771817059,0.234370803506906,0.233259589431958,0.232155278605845,0.231058003528934,0.229967881446114,0.228885015509989,0.227809495856646,0.226741400600604,0.225680796755135,0.224627741083599,0.223582280887113,0.22254445473338,0.221514293131204,0.220491819154833,0.219477049021974,0.218469992629011,0.217470654046701,0.216479031979355,0.215495120190275,0.214518907896028,0.21355038013189,0.212589518090667,0.21163629943687,0.210690698598123,0.209752687035482,0.208822233494264,0.207899304236812,0.206983863258555,0.206075872488581,0.205175291975871,0.204282080062236,0.203396193542938,0.202517587815878,0.201646217020185,0.200782034164967,0.199924991248929,0.199075039371511,0.198232128836147,0.197396209246202,0.19656722959411,0.195745138344175,0.194929883509489,0.194121412723376,0.193319673305729,0.192524612324607,0.191736176653403,0.190954313023898,0.190178968075462,0.189410088400693,0.188647620587693,0.187891511259251,0.187141707109099,0.186398154935467,0.185660801672099,0.184929594416899,0.184204480458371,0.183485407299993,0.182772322682652,0.182065174605288,0.181363911343834,0.180668481468588,0.179978833860109,0.179294917723723,0.178616682602746,0.177944078390491,0.177277055341145,0.17661556407959,0.175959555610227,0.175308981324873,0.174663793009793,0.174023942851911,0.173389383444269,0.172760067790759,0.172135949310206,0.171516981839809,0.170903119638007,0.170294317386795,0.169690530193531,0.169091713592258,0.168497823544585,0.167908816440145,0.167324649096664,0.166745278759663,0.166170663101819,0.16560076022201,0.165035528644058,0.164474927315199,0.163918915604293,0.163367453299791,0,0.178642010085505,0.179894043685291,0.181144846212611,0.182394707884882,0.183647493502346,0.184907890619982,0.186180648389939,0.187470320792975,0.188781143607882,0.190116991798203,0.191481399600369,0.192877619441439,0.19430869561446,0.195777534858419,0.197286963388388,0.198839765571569,0.20043870276831,0.20208651240805,0.203785887939371,0.205539440498613,0.207349643337246,0.209218760375007,0.211148760715681,0.213141221528614,0.215197222301196,0.217317234052008,0.219501007619573,0.221747465575023,0.224054602618559,0.226419399477992,0.228837755297656,0.231304443251061,0.233813093597648,0.236356207611043,0.238925204730519,0.2415105039526,0.244101638940212,0.246687404667502,0.24925603175026,0.251795383061748,0.254293165930817,0.256737152279782,0.259115398571398,0.261416457445414,0.263629573436559,0.265744856131063,0.267753425450517,0.269647525332338,0.271420603772618,0.273067358876745,0.27458375210749,0.275966991235435,0.277215486520246,0.27832878435367,0.279307482977303,0.280153134975979,0.280868141085351,0.281455639494337,0.281919394327619,0.282263686416123,0.282493208853721,0.282612969236704,0.282628199919469,0.28254427711615,0.282366649245668,0.28210077456153,0.281752067826908,0.281325855584906,0.280827339426155,0.280261566561843,0.279633406960846,0.278947536295609,0.278208423954557,0.277420325411752,0.276587278290989,0.275713101516442,0.274801397001261,0.273855553385969,0.272878751397962,0.271873970460007,0.270843996228533,0.269791428790889,0.268718691294377,0.267628038818745,0.266521567337948,0.265401222646752,0.264268809153362,0.263125998461126,0.26197433768091,0.260815257431218,0.259650079496086,0.25848002412135,0.257306216938578,0.256129695512894,0.254951415516464,0.253772256533752,0.252593027507942,0.251414471840427,0.250237272157019,0.249062054755757,0.24788939375196,0.246719814936519,0.24555379936353,0.244391786683249,0.243234178235974,0.242081339922075,0.240933604862785,0.239791275865785,0.238654627708936,0.237523909254816,0.236399345408046,0.235281138926653,0.234169472098074,0.233064508289692,0.231966393383175,0.23087525710125,0.22979121423497,0.228714365778935,0.22764479998143,0.226582593315917,0.225527811379847,0.224480509726332,0.223440734633789,0.222408523818278,0.221383907092912,0.220366906978381,0.219357539268306,0.218355813552869,0.217361733703895,0.216375298324315,0.215396501164704,0.214425331509397,0.213461774534468,0.212505811639698,0.211557420756486,0.210616576633498,0.209683251101721,0.208757413320456,0.207839030005651,0.206928065641896,0.206024482679265,0.205128241716129,0.204239301668957,0.203357619930051,0.202483152514096,0.201615854194317,0.200755678629007,0.199902578479104,0.199056505517445,0.198217410730312,0.197385244411791,0.196559956251453,0.195741495415832,0.194929810624127,0.194124850218525,0.193326562229519,0.192534894436564,0.191749794424393,0.190971209635281,0.190199087417538,0.189433375070485,0.18867401988614,0.187920969187855,0.187174170366078,0.186433570911462,0.185699118445467,0.184970760748647,0.184248445786754,0.18353212173481,0.182821736999279,0.182117240238468,0.181418580381253,0.180725706644269,0.180038568547627,0.179357115929286,0.178681298958145,0.178011068145942,0.177346374358041,0.176687168823177,0.176033403142215,0.175385029296003,0.174741999652366,0.174104266972292,0.173471784415375,0.172844505544549,0.172222384330165,0.171605375153455,0.170993432809412,0.170386512509138,0.16978456988168,0.169187560975398,0.168595442258887,0.168008170621489,0.167425703373416,0.166847998245514,0.166275013388686,0.165706707373005,0.165143039186528,0.16458396823384,0.164029454334342,0,0.177226310023944,0.178476049691081,0.179725651609885,0.180975944751631,0.182229584375238,0.183490181327524,0.184761716346073,0.186048241985099,0.187353700859555,0.188681824462251,0.190036100661401,0.191419790809551,0.192835974162237,0.194287600757,0.195777539936105,0.197308617173517,0.198883635626768,0.200505380962651,0.202176609048566,0.203900016606178,0.205678195267112,0.207513569846041,0.20940832211779,0.211364301942277,0.213382928185138,0.215465082489019,0.217610999523033,0.219820157843652,0.222091175910353,0.224421718082462,0.226808415544954,0.229246807032162,0.231731303901288,0.234255183521323,0.236810614070749,0.23938871268527,0.241979637498962,0.244572712544132,0.247156582811584,0.24971939514114,0.252248999140868,0.254733161148072,0.257159783452897,0.259517120681036,0.261793985407595,0.263979935734605,0.266065438649551,0.268042004393746,0.269902288684636,0.271640161322247,0.273250741339279,0.274730400316765,0.27607673669991,0.277288524860693,0.278365643245783,0.279308986230094,0.280120364299772,0.280802396961351,0.281358402371645,0.281792287162725,0.282108439351434,0.282311626619364,0.282406901663924,0.282399515781217,0.282294841364528,0.28209830359792,0.281815321295461,0.281451256580671,0.281011372912221,0.280500800832586,0.279924510737492,0.279287291926262,0.278593737187965,0.277848232197554,0.277054949033121,0.276217843174106,0.275340653396075,0.274426904036793,0.273479909167897,0.272502778264427,0.271498423019459,0.27046956500201,0.269418743902892,0.268348326154939,0.267260513751061,0.266157353116101,0.265040743916644,0.263912447717206,0.262774096411868,0.26162720037789,0.260473156312428,0.259313254725579,0.258148687072948,0.25698055251898,0.255809864328814,0.25463755589152,0.253464486381629,0.252291446068851,0.251119161288196,0.24994829908427,0.24877947154464,0.247613239837777,0.246450117971398,0.245290576287069,0.244135044706737,0.242983915746505,0.241837547312513,0.24069626529322,0.239560365961753,0.238430118201348,0.237305765566218,0.236187528189491,0.235075604549178,0.233970173102469,0.232871393797979,0.231779409474946,0.230694347157783,0.229616319253785,0.22854542466127,0.227481749794892,0.22642536953439,0.225376348102576,0.224334739877921,0.223300590146723,0.222273935799445,0.221254805975468,0.220243222660193,0.219239201238095,0.218242751005102,0.21725387564336,0.216272573661243,0.215298838801241,0.214332660418133,0.213374023829708,0.212422910642058,0.211479299051386,0.210543164124052,0.209614478056491,0.208693210416489,0.207779328367203,0.206872796875182,0.205973578903578,0.205081635591616,0.204196926421328,0.203319409372483,0.202449041066544,0.201585776900468,0.200729571171047,0.19988037719049,0.19903814739385,0.198202833438878,0.197374386298844,0.196552756348799,0.195737893445752,0.194929747003181,0.194128266060263,0.193333399346191,0.192545095339911,0.191763302325601,0.190987968444164,0.190219041741023,0.189456470210451,0.188700201836679,0.187950184631991,0.187206366672014,0.186468696128374,0.185737121298909,0.185011590635589,0.184292052770295,0.183578456538599,0.182870751001674,0.182168885466453,0.181472809504154,0.180782472967277,0.180097826005163,0.179418819078219,0.178745402970886,0.178077528803433,0.177415148042657,0.176758212511542,0.176106674397972,0.175460486262525,0.174819601045434,0.174183972072748,0.173553553061764,0.17292829812575,0.17230816177803,0.171693098935458,0.171083064921321,0.170478015467708,0.169877906717383,0.169282695225192,0.168692337959027,0.168106792300389,0.167526016044568,0.166949967400457,0.166378604990046,0.165811887847597,0.165249775418528,0.164692227558027,0,0.175803352404681,0.177048402366222,0.178294662396673,0.179543949521518,0.180797767588308,0.182058558380664,0.183329414505788,0.18461376861614,0.185915161449582,0.187237087454962,0.188582912585621,0.189955849593473,0.191358970941109,0.192795240558433,0.194267550167616,0.195778750840825,0.197331674339041,0.198929141299017,0.200573954775251,0.202268878438351,0.204016599240103,0.205819674801931,0.207680466270395,0.209601057934718,0.211583165500868,0.213628035533366,0.215736339177933,0.217908063836166,0.220142406950059,0.222437676440015,0.224791202591253,0.227199266261937,0.229657048151311,0.23215860348004,0.234696865770146,0.237263682458956,0.239849883855421,0.242445385493507,0.245039322331822,0.247620211594517,0.250176139467725,0.252694965486677,0.255164537391194,0.257572908588079,0.259908550198462,0.262160550002734,0.264318791394801,0.266374106647911,0.268318400269882,0.270144739859952,0.271847413541676,0.273421954614634,0.274865135441698,0.276174933696336,0.277350474895786,0.278391955631816,0.279300552098263,0.280078318441068,0.280728079172132,0.281253319448936,0.281658076482877,0.281946834751501,0.282124427095808,0.282195943217049,0.282166646571645,0.28204190021288,0.281827101751078,0.281527627301061,0.281148784053504,0.280695770938726,0.280173646739382,0.279587304943458,0.278941454601862,0.278240606457571,0.27748906363793,0.276690916242048,0.275850039205713,0.274970092882538,0.274054525838792,0.273106579417853,0.272129293686736,0.271125514430364,0.270097900908329,0.269048934133505,0.267980925471801,0.266896025397638,0.26579623227065,0.26468340102583,0.263559251692323,0.262425377675543,0.261283253753761,0.260134243754034,0.258979607883687,0.2578205097029,0.256658022731477,0.255493136688913,0.254326763371661,0.25315974217516,0.251992845271031,0.250826782451857,0.249662205657467,0.248499713197545,0.247339853685972,0.246183129702523,0.245030001197525,0.243880888654854,0.242736176028281,0.241596213465689,0.240461319835135,0.23933178506608,0.238207872318485,0.237089819991782,0.235977843585065,0.234872137419154,0.233772876230545,0.232680216646604,0.231594298550769,0.230515246345894,0.22944317012335,0.228378166744922,0.227320320844079,0.226269705752684,0.225226384358781,0.224190409900685,0.223161826702193,0.22214067085339,0.221126970841183,0.220120748133357,0.219122017719699,0.218130788613427,0.217147064315933,0.216170843247605,0.215202119147291,0.214240881442761,0.213287115594339,0.212340803413721,0.211401923359824,0.210470450813376,0.209546358331831,0.20862961588605,0.207720191080102,0.206818049355427,0.205923154180488,0.205035467226984,0.204154948533597,0.20328155665817,0.202415248819144,0.201555981027041,0.200703708206682,0.199858384310811,0.199019962425734,0.198188394869529,0.197363633283348,0.196545628716298,0.195734331704351,0.194929692343678,0.194131660358816,0.193340185165999,0.192555215932007,0.191776701628808,0.191004591084311,0.190238833029466,0.189479376141969,0.188726169086798,0.187979160553782,0.187238299292417,0.186503534144093,0.185774814071913,0.185052088188258,0.184335305780248,0.183624416333233,0.182919369552444,0.182220115382921,0.181526604027833,0.180838785965289,0.180156611963741,0.179480033096062,0.178809000752397,0.178143466651854,0.177483382853103,0.176828701763977,0.176179376150112,0.175535359142701,0.174896604245414,0.174263065340539,0.173634696694394,0.173011452962048,0.172393289191409,0.171780160826711,0.171172023711427,0.170568834090676,0.169970548613121,0.16937712433241,0.168788518708192,0.168204689606724,0.167625595301098,0.167051194471123,0.166481446202869,0.165916309987913,0.165355745722285,0,0.174373153034129,0.175610491559727,0.17685139551197,0.17809832638374,0.179351610149301,0.180612465564171,0.18188301906586,0.183165996358003,0.184464448674672,0.185781552092003,0.187120480567945,0.188484341637735,0.189876157543928,0.191298873951298,0.192755381386635,0.194248538698327,0.195781191557132,0.197356181725607,0.19897634455134,0.200644493183824,0.202363388687727,0.204135695753968,0.205963924223158,0.207850357185361,0.20979696701123,0.21180532128526,0.213876481228179,0.216010895787465,0.218208295117683,0.220467587638946,0.222786765220757,0.22516282125301,0.227591686394712,0.230068186592695,0.232586027501428,0.235137808688452,0.237715069976452,0.24030837097787,0.242907403377196,0.245501133895356,0.248077974240094,0.250625972830628,0.253133021810372,0.255587071940602,0.257976347485384,0.260289553199705,0.262516066019009,0.264646104974526,0.266670874140443,0.268582674943102,0.270374985801232,0.272042508692018,0.273581183736229,0.274988174176075,0.276261825120974,0.277401600129526,0.278408000080429,0.279282468884983,0.280027290450565,0.280645480970051,0.28114068014207,0.281517044374768,0.281779144439243,0.2819318694573,0.281980338561588,0.281929821075219,0.281785665634766,0.281553238330212,0.281237869657543,0.280844809869855,0.280379192163993,0.279846003043567,0.279250059146719,0.278595989809546,0.277888224645662,0.277130985451753,0.276328281792092,0.275483909666872,0.274601452725725,0.273684285545901,0.27273557855196,0.271758304208767,0.270755244171056,0.269728997120068,0.268681987060561,0.26761647188962,0.266534552082355,0.265438179368938,0.264329165302773,0.263209189641339,0.262079808479627,0.260942462091619,0.259798482448139,0.258649100390085,0.25749545244475,0.256338587279991,0.255179471796633,0.254018996863897,0.252857982706069,0.251697183951196,0.250537294354452,0.249378951210138,0.248222739467116,0.247069195562924,0.245918810992008,0.244772035623399,0.243629280782958,0.242490922114859,0.241357302236536,0.240228733200725,0.2391054987776,0.237987856569397,0.236876039969201,0.235770259974954,0.234670706869045,0.233577551773232,0.232490948087984,0.231411032824759,0.230337927839148,0.229271740972257,0.228212567107192,0.227160489147025,0.226115578920141,0.225077898018436,0.224047498573469,0.223024423975218,0.222008709537818,0.221000383116277,0.219999465677876,0.219005971831691,0.218019910319388,0.217041284470218,0.216070092622906,0.215106328516922,0.21414998165543,0.213201037642036,0.212259478493282,0.211325282928704,0.210398426640101,0.209478882541572,0.20856662100172,0.207661610059343,0.206763815623819,0.205873201661299,0.204989730367739,0.204113362329723,0.203244056673961,0.202381771206261,0.20152646254075,0.200678086220013,0.199836596826811,0.199001948087965,0.198174092970953,0.197352983773744,0.196538572208313,0.195730809478309,0.19492964635125,0.194135033225639,0.193346920193336,0.192565257097525,0.191789993586557,0.191021079163956,0.190258463234855,0.189502095149076,0.188751924241111,0.188007899867177,0.187269971439564,0.186538088458441,0.185812200541289,0.185092257450121,0.184378209116623,0.18367000566537,0.182967597435215,0.182270934998998,0.181579969181656,0.180894651076856,0.180214932062245,0.179540763813384,0.178872098316479,0.178208887879969,0.17755108514504,0.17689864309515,0.176251515064609,0.175609654746286,0.174973016198497,0.174341553851115,0.17371522251097,0.173093977366567,0.172477773992172,0.171866568351308,0.171260316799696,0.170658976087673,0.17006250336213,0.16947085616799,0.168883992449257,0.168301870549677,0.167724449213017,0.167151687582995,0.166583545202892,0.166019982014851,0,0.172935100666328,0.174161146762514,0.175394985666689,0.176638454937227,0.1778905781792,0.179151335511793,0.180421855992314,0.181704108254117,0.183000592645198,0.18431410252237,0.185647559366585,0.187003913139969,0.188386093270377,0.189796993964917,0.191239479209832,0.192716396046137,0.194230588048366,0.195784903626591,0.197382195658483,0.199025310189161,0.200717062752176,0.202460201475364,0.20425735667961,0.206110977228763,0.208023254468862,0.209996035201443,0.212030725753575,0.214128189816849,0.216288643307454,0.218511550025943,0.220795522339733,0.223138231439567,0.225536331892972,0.227985405190149,0.230479926709732,0.233013259990912,0.235577681368543,0.238164436916067,0.240763832283337,0.243365354478807,0.245957823022517,0.2485295663034,0.251068617537456,0.25356292356417,0.256000558940934,0.258369937470875,0.26066001345931,0.262860465623273,0.264961857619232,0.266955770512147,0.268834904066645,0.270593145370487,0.272225604878783,0.27372862138838,0.275099738635077,0.27633765710164,0.277442165212539,0.278414054379813,0.279255022383394,0.279967569363476,0.280554890324957,0.281020767559305,0.281369465828738,0.281605632576073,0.281734204856983,0.281760324166348,0.281689259864579,0.28152634151306,0.281276900103304,0.280946217910418,0.280539486512713,0.280061772388376,0.279517989418577,0.278912877585386,0.278250987144104,0.277536667565256,0.276774060574944,0.27596709666772,0.275119494518967,0.274234762780304,0.273316203798865,0.272366918857415,0.271389814585631,0.270387610242593,0.269362845615986,0.268317889324488,0.267254947346269,0.266176071628577,0.265083168661256,0.263978007921144,0.262862230114764,0.261737355164178,0.26060478989541,0.259465835401032,0.258321694058459,0.257173476193693,0.256022206386805,0.254868829420689,0.253714215878703,0.252559167399985,0.251404421603553,0.250250656694034,0.249098495763014,0.247948510800721,0.246801226433183,0.24565712340003,0.244516641788076,0.243380184035453,0.242248117720729,0.241120778150864,0.239998470761349,0.238881473341211,0.237770038094944,0.236664393552765,0.23556474633994,0.234471282815295,0.233384170588347,0.232303559923957,0.231229585042732,0.230162365324913,0.229102006424917,0.228048601303198,0.227002231181617,0.225962966428079,0.224930867375751,0.223905985081783,0.222888362030122,0.221878032782606,0.220875024582271,0.219879357912454,0.218891047015041,0.217910100370928,0.216936521145537,0.215970307602018,0.215011453484546,0.214059948373962,0.21311577801781,0.212178924636686,0.211249367208642,0.210327081733281,0.209412041477028,0.208504217200977,0.207603577372569,0.206710088362295,0.205823714626511,0.204944418877363,0.20407216224076,0.203206904403248,0.202348603748582,0.201497217484731,0.200652701761987,0.199815011782816,0.19898410190403,0.198159925731813,0.197342436210097,0.196531585702768,0.195727326070099,0.194929608739838,0.19413838477329,0.193353604926758,0.192575219708639,0.191803179432483,0.191037434266277,0.190277934278218,0.18952462947919,0.188777469862196,0.188036405438908,0.18730138627356,0.186572362514337,0.185849284422434,0.185132102398928,0.184420767009621,0.183715229007967,0.18301543935622,0.182321349244915,0.181632910110778,0.180950073653191,0.180272791849272,0.179601016967684,0.178934701581246,0.178273798578411,0.177618261173706,0.176968042917172,0.176323097702894,0.175683379776656,0.175048843742797,0.174419444570293,0.173795137598144,0.173175878540082,0.172561623488667,0.171952328918783,0.171347951690603,0.170748449052027,0.170153778640652,0.169563898485281,0.168978767007021,0.168398343019979,0.167822585731596,0.167251454742632,0.166684910046832,0,0.171487346751342,0.172698576465954,0.173924184627911,0.175163485092485,0.176414024885949,0.177674575432346,0.178945288339474,0.180227365926011,0.181522726360288,0.18283373669487,0.184163018590475,0.185513319410088,0.186887436459582,0.188288180068711,0.189718361786038,0.191180796230093,0.192678307915854,0.194213736872701,0.195789938778922,0.19740977667407,0.199076102230656,0.20079172524595,0.202559370588567,0.204381622385489,0.206260855801523,0.208199157354074,0.21019823531498,0.21225932236424,0.214383073260608,0.216569460860852,0.218817674328047,0.221126023788551,0.223491855989617,0.225911485632478,0.228380146965197,0.230891969876339,0.233439984106689,0.23601615428313,0.238611447292895,0.241215932103914,0.243818910573762,0.246409076177619,0.248974696044125,0.251503810341903,0.253984442025029,0.256404809316047,0.258753533138709,0.261019832024957,0.26319369778284,0.265266046353926,0.267228839708508,0.269075176203348,0.270799348434047,0.272396869135115,0.273864467018166,0.275200055522365,0.276402678241469,0.277472435278441,0.278410394976922,0.279218495423638,0.279899439854545,0.280456589683387,0.280893858357716,0.281215608683181,0.281426555683567,0.28153167651436,0.281536128445066,0.281445175485034,0.281264123856715,0.280998266220619,0.280652834324924,0.280232959583711,0.279743640973572,0.27918971957019,0.278575859015972,0.277906531208768,0.277186006522748,0.276418347909424,0.275607408274137,0.274756830576827,0.273870050162179,0.272950298880694,0.272000610616962,0.271023827893234,0.270022609264322,0.26899943726357,0.267956626698862,0.266896333132438,0.265820561408807,0.264731174121534,0.263629899932484,0.262518341676516,0.261397984201039,0.260270201903588,0.259136265941996,0.257997351101094,0.256854542307527,0.255708840790387,0.254561169890249,0.25341238052297,0.252263256307529,0.251114518369332,0.249966829831951,0.248820800011311,0.24767698832696,0.246535907945376,0.245398029170315,0.244263782595018,0.243133562030826,0.242007727226291,0.24088660639036,0.239770498532644,0.23865967563316,0.237554384653298,0.236454849399125,0.235361272247487,0.234273835744747,0.233192704087362,0.232118024492928,0.231049928469731,0.229988532992293,0.228933941589907,0.227886245354629,0.226845523874756,0.225811846099377,0.224785271139165,0.223765849008213,0.222753621311348,0.221748621881025,0.220750877367602,0.219760407786504,0.218777227025507,0.217801343315159,0.216832759665074,0.215871474268687,0.214917480878788,0.213970769156053,0.213031324992553,0.212099130812101,0.211174165849163,0.210256406407901,0.209345826102808,0.208442396082297,0.207546085236466,0.206656860390216,0.205774686482759,0.204899526734518,0.204031342802311,0.20317009492367,0.202315742051058,0.201468241976716,0.200627551448783,0.199793626279331,0.198966421444851,0.198145891179745,0.197331989063287,0.196524668100528,0.195723880797542,0.19492957923141,0.194141715115308,0.193360239859021,0.192585104625197,0.19181626038163,0.191053657949843,0.190297248050203,0.189546981343819,0.188802808471419,0.188064680089422,0.187332546903375,0.186606359698935,0.185886069370556,0.185171626948033,0.184462983621036,0.183760090761764,0.183062899945853,0.182371362971631,0.181685431877838,0.181005058959913,0.180330196784923,0.179660798205239,0.178996816371025,0.178338204741622,0.177684917095896,0.177036907541612,0.176394130523904,0.175756540832883,0.175124093610454,0.174496744356379,0.173874448933648,0.173257163573174,0.172644844877897,0.172037449826288,0.171434935775325,0.170837260462964,0.170244382010124,0.169656258922244,0.169072850090408,0.168494114792094,0.167920012691551,0.167350503839839,0,0.170026146287521,0.171220372617954,0.172437400361297,0.17367236046554,0.174921198200537,0.176181565766427,0.177452711551836,0.178735105234425,0.180030083836964,0.181339567861507,0.182665847668121,0.184011432918591,0.185378955016714,0.186771110539445,0.188190633435268,0.189640285102593,0.191122853563808,0.192641155098272,0.194198033496246,0.195796353446783,0.197438985546439,0.199128781140322,0.200868535801532,0.202660940803593,0.204508522489925,0.206413570013895,0.208378052513917,0.210403527392608,0.21249104197439,0.214641031405504,0.216853216213028,0.219126503427889,0.221458895566835,0.223847412019296,0.226288027452635,0.22877563168987,0.231304015091128,0.233865882761687,0.236452899914965,0.239055769464454,0.241664341460575,0.244267752411579,0.246854590939841,0.249413084747843,0.251931302624027,0.254397364316369,0.25679965062281,0.259127006036777,0.261368926743938,0.263515727650214,0.265558683350608,0.267490139415137,0.26930359194982,0.27099373496424,0.272556476532543,0.273988925983725,0.275289355340032,0.276457138909526,0.277492675328607,0.278397296464524,0.279173167465336,0.279823181934739,0.280350855764665,0.280760222631139,0.281055733594827,0.281242162685398,0.281324519817641,0.281307971907953,0.281197772644541,0.28099920101917,0.280717508452506,0.280357874135263,0.279925368056984,0.27942492109541,0.278861301483645,0.278239096951216,0.277562701840996,0.276836308529722,0.276063902519671,0.275249260617869,0.274395951673097,0.273507339396784,0.27258658684929,0.271636662226482,0.270660345631625,0.269660236563878,0.268638761896656,0.267598184156637,0.266540609947448,0.265467998391077,0.264382169485237,0.263284812296514,0.262177492927473,0.261061662211421,0.259938663101439,0.258809737731047,0.25767603413264,0.256538612606987,0.255398451742788,0.254256454089834,0.253113451492791,0.251970210095346,0.250827435026382,0.249685774781257,0.248545825312207,0.247408133842394,0.246273202418399,0.245141491215925,0.2440134216133,0.24288937904703,0.241769715663193,0.240654752777974,0.239544783160016,0.238440073146705,0.237340864605828,0.236247376753451,0.23515980783818,0.234078336701413,0.233003124222521,0.231934314657353,0.230872036877899,0.229816405520389,0.228767522048616,0.227725475738798,0.226690344591826,0.225662196178334,0.224641088421619,0.223627070323087,0.222620182634522,0.221620458481193,0.220627923939468,0.219642598572376,0.218664495926241,0.217693623991333,0.216729985629203,0.215773578969208,0.214824397776503,0.213882431793644,0.212947667057731,0.212020086194932,0.211099668694022,0.210186391160507,0.209280227552744,0.208381149401369,0.207489126013257,0.206604124661128,0.20572611075984,0.204855048030325,0.203990898652059,0.203133623404876,0.202283181800893,0.20143953220724,0.200602631960245,0.199772437471681,0.198948904327615,0.198131987380393,0.19732164083422,0.196517818324789,0.195720472993362,0.194929557555686,0.194145024366092,0.193366825477112,0.192594912694901,0.191829237630769,0.191069751749063,0.190316406411651,0.189569152919243,0.188827942549732,0.18809272659379,0.187363456387856,0.186640083344727,0.185922558981878,0.185210834947677,0.184504863045621,0.183804595256724,0.183109983760183,0.182420980952416,0.181737539464594,0.181059612178752,0.180387152242568,0.179720113082912,0.179058448418211,0.178402112269743,0.177751058971894,0.177105243181466,0.176464619886084,0.175829144411763,0.175198772429686,0.174573459962246,0.173953163388394,0.173337839448339,0.172727445247639,0.172121938260722,0.171521276333878,0.170925417687746,0.170334320919331,0.169747945003593,0.169166249294608,0.168589193526364,0.16801673781318,0,0.168546091752249,0.169723616885906,0.170932781759303,0.172163871671154,0.17341126922716,0.174671673080685,0.175943558094669,0.177226737641569,0.178522001346695,0.179830827433469,0.181155161073515,0.182497250996162,0.183859536323706,0.18524457415968,0.186654997685731,0.188093495001326,0.189562800310552,0.191065690740687,0.192604983646627,0.194183530529448,0.195804204666086,0.197469880284856,0.199183401721344,0.200947541528081,0.202764947039412,0.204638075435612,0.206569117915702,0.208559914174203,0.210611858974686,0.212725803209639,0.214901952414588,0.21713976624121,0.219437862859331,0.221793932613636,0.224204665464694,0.226665696750147,0.229171575568475,0.231715759582227,0.234290639244501,0.236887593379953,0.239497076735838,0.242108738625309,0.244711570207065,0.247294076395222,0.249844466992976,0.252350860511238,0.254801493369179,0.257184926846781,0.259490244300363,0.261707231746886,0.263826535916699,0.2658397951776,0.267739740232765,0.269520263069,0.271176454161251,0.27270460932189,0.274102208740463,0.275367871641833,0.276501290577632,0.277503149663893,0.278375031114011,0.279119314233024,0.279739070686878,0.280237959391101,0.280620123826903,0.280890094032339,0.281052694967184,0.281112962438922,0.28107606732144,0.280947248407784,0.280731753917332,0.280434791424825,0.280061485789116,0.279616844526493,0.279105729988788,0.278532837662,0.277902679888612,0.277219574328761,0.276487636505297,0.275710775820047,0.274892694478516,0.274036888814288,0.273146652559609,0.272225081662917,0.271275080306068,0.270299367822468,0.26930048626194,0.268280808388393,0.267242545932277,0.266187757951521,0.265118359182273,0.264036128284655,0.262942715909224,0.261839652527176,0.260728355981963,0.259610138732191,0.258486214765713,0.257357706173129,0.256225649375523,0.255091001006651,0.253954643453965,0.252817390066127,0.251679990037113,0.250543132978808,0.249407453195248,0.248273533672488,0.247141909798523,0.246013072827866,0.244887473105348,0.243765523063459,0.242647600007211,0.241534048700029,0.240425183763659,0.239321291904497,0.238222633978143,0.237129446903353,0.236041945435934,0.23496032381253,0.233884757273595,0.232815403474306,0.231752403791558,0.230695884534666,0.229645958066866,0.228602723844208,0.227566269377993,0.226536671126429,0.225513995320806,0.224498298731078,0.223489629375391,0.222488027177758,0.221493524577764,0.220506147095889,0.219525913857789,0.218552838080583,0.217586927523999,0.216628184908997,0.215676608306285,0.214732191496974,0.213794924307428,0.212864792920222,0.211941780162974,0.211025865776663,0.210117026664958,0.209215237125926,0.208320469067415,0.207432692207289,0.206551874259617,0.205677981107819,0.204810976965721,0.203950824527357,0.203097485106352,0.202250918765597,0.201411084437915,0.200577940038355,0.199751442568685,0.198931548214648,0.198118212436465,0.197311390053069,0.196511035320484,0.195717102004768,0.194929543449874,0.194148312640794,0.193373362262284,0.192604644753484,0.191842112358702,0.191085717174618,0.19033541119415,0.189591146347194,0.188852874538464,0.188120547682594,0.187394117736713,0.186673536730631,0.185958756794808,0.185249730186243,0.184546409312422,0.18384874675344,0.18315669528243,0.182470207884392,0.181789237773532,0.181113738409206,0.180443663510554,0.179778967069911,0.179119603365071,0.178465526970468,0.177816692767364,0.177173055953076,0.176534572049333,0.175901196909794,0.175272886726793,0.174649598037352,0.174031287728517,0.17341791304205,0.172809431578516,0.172205801300821,0.171606980537208,0.171012927983772,0.170423602706502,0.169838964142899,0.169258972103178,0.168683586771101,0,0.167040842892176,0.168205100419735,0.169408350328683,0.170636738579682,0.171883381071905,0.173144277427428,0.174417312041648,0.175701758061969,0.176997922537649,0.17830686985767,0.179630204319922,0.180969903530883,0.18232819673333,0.183707481328894,0.185110269704814,0.186539158186123,0.187996810558251,0.189485949738386,0.191009352416096,0.19256984259546,0.194170280873304,0.195813547001039,0.197502513861921,0.19924001151403,0.201028780449417,0.202871413730126,0.204770288195036,0.206727485489781,0.208744704250799,0.210823165364733,0.212963512812217,0.21516571317138,0.217428957375309,0.21975156875567,0.22213092172155,0.224563375573268,0.227044227890358,0.229567691621266,0.232126899412273,0.234713937836687,0.237319913039657,0.239935047945028,0.242548809653057,0.245150064091101,0.247727253479434,0.2502685908621,0.252762264940423,0.255196647824594,0.257560498143324,0.259843152238504,0.262034696894197,0.264126118140546,0.266109422036291,0.267977724852621,0.269725311635314,0.271347663598378,0.272841456106436,0.274204530066174,0.275435840329649,0.276535385202515,0.277504121361706,0.278343868451793,0.279057207392024,0.279647376037518,0.280118165349567,0.280473818688724,0.280718936290784,0.280858386452113,0.280897224460363,0.28084061987459,0.280693792393116,0.280461956250193,0.280150272851372,0.279763811187029,0.279307515446613,0.278786179184719,0.278204425355853,0.277566691529893,0.27687721961765,0.276140049469375,0.275359015753301,0.274537747572082,0.273679670328882,0.272788009409363,0.271865795298916,0.270915869804952,0.269940893100971,0.268943351352029,0.267925564719833,0.26688969558006,0.26583775681471,0.264771620068591,0.263693023881735,0.262603581628907,0.261504789213812,0.260398032479375,0.259284594306965,0.258165661386901,0.257042330650296,0.255915615358562,0.254786450851845,0.253655699961581,0.252524158095357,0.25139255800453,0.250261574246684,0.249131827356132,0.248003887736398,0.246878279288983,0.245755482792838,0.244635939048888,0.243520051803665,0.242408190465769,0.241300692628369,0.240197866410454,0.239099992628946,0.238007326813192,0.236920101072732,0.235838525828644,0.234762791418114,0.233693069581337,0.232629514839225,0.231572265769882,0.23052144619125,0.229477166256823,0.228439523470867,0.227408603629104,0.2263844816904,0.225367222584605,0.224356881961312,0.223353506883933,0.222357136473195,0.221367802503836,0.220385529957984,0.21941033753847,0.218442238145056,0.217481239316343,0.216527343639909,0.215580549133044,0.214640849596249,0.213708234941524,0.21278269149729,0.211864202291685,0.210952747315791,0.210048303768284,0.209150846282848,0.208260347139603,0.207376776461714,0.206500102398241,0.205630291294219,0.204767307848883,0.203911115262891,0.203061675375306,0.202218948791088,0.201382894999742,0.200553472485751,0.199730638831371,0.198914350812314,0.198104564486814,0.197301235278532,0.196504318053719,0.195713767193041,0.194929536658415,0.194151580055206,0.193379850690089,0.192614301624874,0.191854885726565,0.191101555713894,0.19035426420058,0.189612963735512,0.188877606840075,0.188148146042796,0.187424533911485,0.186706723083042,0.185994666291077,0.185288316391479,0.184587626386078,0.18389254944451,0.183203038924412,0.182519048390041,0.18184053162943,0.181167442670167,0.180499735793878,0.179837365549517,0.179180286765511,0.178528454560849,0.177881824355188,0.177240351878008,0.176603993176916,0.175972704625115,0.175346442928115,0.174725165129726,0.174108828617369,0.173497391126764,0.172890810746023,0.172289045919185,0.171692055449233,0.171099798500624,0.170512234601362,0.16992932364464,0.169351025890088,0,0.165504328918893,0.166661645467572,0.167862173898404,0.16908971780274,0.170336715875834,0.171598813214388,0.172873533435246,0.174159759441662,0.175457407866532,0.176767179966697,0.178090361113608,0.179428660953154,0.180784090826404,0.182158874668058,0.183555388126345,0.184976119680661,0.186423647431572,0.18790062578242,0.189409777074311,0.190953884112648,0.192535780300673,0.194158334743681,0.195824430232003,0.197536932495286,0.199298649584813,0.201112280712623,0.202980354371155,0.204905156080646,0.206888646662174,0.20893237250623,0.211037369889748,0.213204065973267,0.215432179662843,0.217720626019339,0.220067428304279,0.222469642023776,0.22492329542414,0.227423350760548,0.229963690267157,0.232537130082043,0.23513546442317,0.237749541098922,0.24036936802375,0.242984248879179,0.24558294451766,0.248153855269262,0.250685218097146,0.25316531166233,0.255582661880623,0.257926240528106,0.260185649877923,0.262351287190488,0.264414484055113,0.266367616990461,0.268204187236719,0.269918869196099,0.271507528393347,0.272967211048972,0.274296108325663,0.275493498992859,0.276559674652139,0.277495851796629,0.278304074877079,0.278987114262263,0.279548362562468,0.279991732281874,0.280321557223303,0.280542499524741,0.280659463690332,0.280677518509637,0.280601827350767,0.280437586971276,0.280189974716272,0.27986410376271,0.279464985916328,0.278997501365825,0.278466374739481,0.277876156784534,0.277231210991658,0.27653570450905,0.275793602727117,0.275008666960595,0.274184454706246,0.273324322007893,0.272431427514137,0.27150873786599,0.270559034100602,0.269584918802584,0.268588823775653,0.267573018044398,0.266539616028768,0.265490585762694,0.264427757053296,0.263352829498621,0.262267380300248,0.261172871822589,0.26007065886376,0.258961995613672,0.257848042283916,0.256729871401243,0.255608473762284,0.254484764051784,0.253359586130258,0.252233717999727,0.251107876458303,0.249982721455827,0.248858860163829,0.247736850773661,0.246617206036975,0.245500396562805,0.244386853885335,0.243276973316198,0.242171116594731,0.241069614349127,0.239972768380917,0.238880853784606,0.237794120913707,0.236712797203811,0.235637088862718,0.234567182437052,0.23350324626421,0.232445431817917,0.231393874955124,0.230348697071459,0.229310006171961,0.228277897863333,0.227252456273531,0.226233754904085,0.22522185742015,0.224216818382923,0.223218683928732,0.222227492398756,0.221243274923076,0.220266055962454,0.219295853810987,0.218332681062547,0.217376545043707,0.216427448215628,0.215485388547211,0.214550359861642,0.213622352158275,0.212701351911695,0.211787342349598,0.210880303711069,0.209980213486668,0.209087046641654,0.20820077582356,0.207321371555259,0.206448802414557,0.205583035201276,0.204724035092728,0.2038717657884,0.20302618964461,0.202187267799851,0.20135496029147,0.200529226164288,0.199710023571725,0.198897309869955,0.198091041705553,0.197291175097111,0.196497665511208,0.195710467933136,0.194929536932735,0.194154826725665,0.193386291230419,0.192623884121372,0.191867558878125,0.19111726883139,0.190372967205647,0.189634607158782,0.188902141818914,0.188175524318582,0.187454707826476,0.186739645576862,0.186030290896857,0.185326597231694,0.184628518168094,0.183936007455881,0.183249019027948,0.182567507018673,0.181891425780889,0.181220729901501,0.180555374215827,0.179895313820758,0.179240504086798,0.178590900669057,0.177946459517267,0.177307136884884,0.176672889337322,0.176043673759386,0.175419447361945,0.174800167687897,0.174185792617469,0.173576280372896,0.172971589522507,0.172371678984273,0.171776508028839,0.171186036282066,0.170600223727133,0.170019030706208,0,0.163931435875904,0.165090493742068,0.166292570160245,0.167521728705187,0.168770576129478,0.170034821430554,0.1713118913849,0.17260045370594,0.173900148353233,0.175211382986168,0.176535161894033,0.177872942704315,0.179226520564066,0.180597939177758,0.181989426269717,0.183403349464325,0.184842187796443,0.186308514013376,0.187804983229293,0.18933432407792,0.190899329110758,0.192502841732899,0.194147737447541,0.19583689761503,0.197573174351251,0.199359345617549,0.201198060005539,0.203091771202499,0.205042662637863,0.207052563355407,0.209122856721814,0.21125438415868,0.213447346654258,0.21570120734878,0.218014598960914,0.220385240193337,0.222809865477819,0.225284172448614,0.227802791324908,0.230359279906837,0.232946147130326,0.235554907092183,0.238176164184404,0.240799728529673,0.243414759378804,0.246009932624431,0.248573627221563,0.251094124198722,0.253559811190004,0.255959385086122,0.258282045521141,0.260517672469406,0.262656982172307,0.264691656862165,0.266614445192902,0.268419231807107,0.270101075952468,0.271656220407862,0.273082073113889,0.27437716477508,0.275541086289958,0.276574410174855,0.277478600202737,0.278255913318769,0.27890929756758,0.279442289323432,0.27985891260147,0.280163582688318,0.280361015797953,0.280456145960297,0.280454049903135,0.280359880303322,0.280178807464896,0.279915969229168,0.279576428730935,0.279165139479272,0.278686917153413,0.27814641745592,0.277548119348927,0.276896313007396,0.276195091849719,0.275448348044989,0.274659770943419,0.273832847927947,0.27297086723824,0.27207692237092,0.27115391771042,0.270204575092321,0.269231441044746,0.268236894493043,0.267223154748474,0.266192289632988,0.265146223619636,0.264086745891948,0.263015518246042,0.261934082776608,0.260843869302597,0.2597462025007,0.258642308724898,0.257533322498704,0.256420292673519,0.255304188251973,0.254185903879435,0.253066265010237,0.251946032757724,0.250825908439133,0.249706537827651,0.248588515124908,0.247472386667692,0.246358654382921,0.245247779004926,0.244140183068917,0.243036253694222,0.241936345170447,0.240840781359254,0.23974985792388,0.238663844397979,0.237582986104742,0.236507505936688,0.235437606005885,0.234373469173804,0.233315260469413,0.232263128403576,0.231217206187292,0.23017761286079,0.229144454340033,0.228117824386708,0.227097805507352,0.226084469786877,0.225077879661362,0.224078088634604,0.223085141942648,0.22209907717013,0.221119924822049,0.22014770885426,0.21918244716577,0.218224152055663,0.217272830647281,0.216328485282089,0.215391113885445,0.214460710306369,0.213537264633201,0.212620763486936,0.211711190293846,0.210808525538924,0.209912747001523,0.209023829974488,0.208141747467981,0.207266470399084,0.206397967768213,0.205536206823279,0.204681153212472,0.203832771126465,0.202991023430801,0.202155871789138,0.201327276778002,0.20050519799363,0.199689594151475,0.198880423178846,0.198077642301186,0.197281208122417,0.19649107669974,0.195707203613294,0.194929544031005,0.194158052768948,0.193392684347536,0.192633393043807,0.191880132940066,0.19113285796913,0.190391521956401,0.189656078658967,0.188926481801939,0.18820268511219,0.18748464234968,0.186772307336508,0.186065633983852,0.185364576316926,0.184669088498077,0.183979124848152,0.183294639866235,0.182615588247864,0.181941924901822,0.181273604965593,0.180610583819563,0.179952817100052,0.179300260711247,0.178652870836102,0.178010603946277,0.177373416811167,0.176741266506082,0.176114110419638,0.175491906260391,0.174874612062781,0.174262186192415,0.173654587350731,0.173051774579094,0.172453707262344,0.171860345131835,0.171271648268007,0.170687577102501,0,0.162318825378851,0.163489713276093,0.164698321174642,0.16593198852602,0.167184474762405,0.168452009960395,0.169732204044376,0.171023698107926,0.172325983233322,0.173639257079279,0.174964293785642,0.176302326259031,0.177654944393263,0.179024011969907,0.180411602726106,0.181819953949387,0.183251434563831,0.184708524049672,0.186193798480474,0.18770992022017,0.189259628208183,0.190845726168552,0.19247106646808,0.194138527717394,0.1958509845726,0.197611268571318,0.19942211923902,0.201286125137433,0.20320565499943,0.205182779602946,0.207219185575504,0.209316082882261,0.211474108320462,0.213693227901732,0.215972641523301,0.218310693774696,0.220704795055799,0.223151357349596,0.225645748952881,0.228182272181306,0.230754167504694,0.233353646727117,0.235971956720944,0.238599473899936,0.241225828146138,0.243840053385031,0.246430760545171,0.24898632735915,0.251495098470498,0.253945588693536,0.256326682085481,0.258627819748738,0.26083916996149,0.262951775274093,0.26495767251512,0.26684998311366,0.268622972647627,0.270272079962283,0.271793917477121,0.273186245345087,0.27444792290586,0.275578841371566,0.276579841909891,0.277452623275629,0.278199642929212,0.278824015218122,0.279329409733348,0.279719952434135,0.280000131599649,0.280174710147573,0.280248645380382,0.280227016795509,0.280114962234169,0.279917622347949,0.279640093130601,0.279287386089991,0.278864395515259,0.278375872219105,0.277826403096965,0.277220395836088,0.276562068121149,0.275855440713046,0.275104333818703,0.27431236621775,0.273482956663643,0.272619327129278,0.271724507518811,0.270801341516525,0.269852493289629,0.268880454803969,0.267887553549746,0.266875960508329,0.265847698221203,0.264804648848257,0.263748562125253,0.262681063149668,0.261603659940599,0.260517750732259,0.259424630972188,0.258325500004881,0.257221467429362,0.256113559125629,0.255002722949954,0.253889834103057,0.252775700178302,0.251661065899377,0.25054661755872,0.249432987169106,0.248320756341661,0.247210459903993,0.246102589272329,0.244997595591513,0.243895892656526,0.24279785962885,0.241703843560586,0.240614161738735,0.239529103861518,0.238448934058026,0.23737389276192,0.236304198449303,0.235240049250297,0.234181624443277,0.233129085840169,0.23208257907066,0.231042234772649,0.230008169695805,0.228980487724566,0.227959280826532,0.226944629931752,0.225936605748,0.224935269516809,0.223940673714631,0.222952862703213,0.22197187333296,0.220997735502755,0.220030472679498,0.219070102380323,0.218116636620268,0.217170082327958,0.216230441731648,0.215297712717817,0.214371889164339,0.213452961250071,0.212540915742614,0.211635736265812,0.210737403548472,0.209845895655679,0.208961188203936,0.208083254561321,0.207212066033719,0.20634759203813,0.205489800263978,0.204638656823262,0.203794126390349,0.202956172332131,0.202124756829226,0.201299840988841,0.200481384949893,0.199669347980905,0.198863688571188,0.198064364515768,0.197271332994484,0.196484550645651,0.195703973634671,0.194929557717908,0.194161258302178,0.193399030500115,0.19264282918171,0.191892609022276,0.191148324547061,0.190409930172745,0.189677380246018,0.188950629079434,0.188229630984716,0.187514340303672,0.186804711436892,0.186100698870354,0.185402257200076,0.184709341154951,0.184021905617858,0.183339905645186,0.182663296484852,0.181992033592912,0.181326072648859,0.180665369569688,0.180009880522806,0.179359561937854,0.178714370517518,0.178074263247387,0.177439197404916,0.17680913056755,0.176184020620074,0.175563825761208,0.17494850450953,0.174338015708737,0.173732318532307,0.173131372487589,0.172535137419355,0.171943573512857,0.171356641296408,0,0.160665824854879,0.161858556704442,0.163078875518518,0.164320145207445,0.165578227273398,0.166850317795833,0.168134482881777,0.169429525440796,0.170734920650183,0.172050747990738,0.173377611763521,0.174716556622448,0.176068986268946,0.177436591535914,0.178821291254083,0.180225186659736,0.181650528171778,0.183099692224268,0.184575165338773,0.186079532538823,0.187615467353931,0.18918572090523,0.190793107842576,0.192440487190991,0.194130736462943,0.195866717711391,0.197651234546748,0.19948697952589,0.201376471746611,0.203321984946796,0.205325466911312,0.207388451525383,0.209511965370606,0.211696431323036,0.213941572159009,0.216246317672947,0.218608719224313,0.221025875914292,0.223493876700243,0.22600776264361,0.228561513118933,0.231148059167271,0.233759326256853,0.236386307543298,0.239019167354956,0.241647373146147,0.244259852663582,0.246845171672554,0.249391726403734,0.251887944010097,0.254322483843827,0.256684432317716,0.258963484507715,0.261150106446208,0.263235673177163,0.265212578996711,0.267074317773754,0.268815532721324,0.27043203636747,0.271920802670592,0.27327993418011,0.274508607827859,0.275607003343717,0.276576218437549,0.277418174812178,0.278135518812591,0.278731520123472,0.279209971448097,0.279575091580468,0.279831433755801,0.279983800661223,0.280037167029234,0.279996610334293,0.279867249774236,0.279654193444378,0.279362493400419,0.278997108151175,0.27856287201689,0.278064470725642,0.277506422591455,0.276893064615847,0.27622854287305,0.275516806572285,0.274761605233376,0.273966488460777,0.273134807852569,0.27226972063283,0.271374194646246,0.270451014401657,0.269502787895727,0.268531953988511,0.267540790139296,0.266531420343607,0.265505823140889,0.264465839587321,0.263413181109677,0.262349437174585,0.261276082723075,0.260194485333461,0.259105912086472,0.258011536115598,0.256912442832967,0.255809635827042,0.254704042433159,0.253596518981692,0.252487855731504,0.251378781498511,0.250269967990783,0.249162033862689,0.24805554850131,0.246951035558723,0.245848976243885,0.244749812387771,0.243653949295209,0.242561758396494,0.241473579711422,0.240389724137899,0.239310475576738,0.238236092903685,0.23716681179912,0.236102846445337,0.23504439110067,0.233991621559234,0.23294469650443,0.231903758763898,0.230868936473038,0.22984034415379,0.22881808371485,0.227802245379114,0.2267929085437,0.225790142577526,0.224794007561068,0.223804554972574,0.2228218283247,0.221845863755241,0.220876690575359,0.219914331778459,0.218958804512603,0.218010120519191,0.217068286540356,0.216133304697408,0.215205172842441,0.21428388488507,0.213369431096115,0.212461798389926,0.211560970586887,0.210666928657542,0.209779650949674,0.208899113399569,0.208025289728583,0.207158151626089,0.206297668919754,0.205443809734054,0.204596540637867,0.203755826781901,0.202921632026672,0.202093919061711,0.201272649516583,0.200457784064308,0.199649282517704,0.198847103919129,0.198051206624088,0.197261548379114,0.196478086394318,0.195700777410966,0.194929577764418,0.194164443442738,0.193405330141275,0.192652193313465,0.191904988218122,0.191163669963441,0.19042819354793,0.189698513898472,0.188974585905705,0.1882563644569,0.187543804466485,0.18683686090438,0.186135488822282,0.185439643378023,0.184749279858131,0.184064353698712,0.183384820504745,0.182710636067912,0.182041756383033,0.181378137663211,0.180719736353758,0.180066509144982,0.17941841298391,0.178775405085001,0.17813744293993,0.177504484326483,0.176876487316631,0.176253410283826,0.175635211909576,0.175021851189328,0.174413287437724,0.173809480293248,0.173210389722312,0.172615976022821,0.172026199827231,0,0.158974791152543,0.160197706164181,0.161434513998865,0.162686395708327,0.163952038469928,0.165229978321571,0.166518978089139,0.167818176092484,0.169127160134145,0.170445985045485,0.171775150607486,0.173115556061944,0.174468444447603,0.175835346443973,0.1772180298832,0.178618458000773,0.180038757122041,0.181481192894857,0.182948153272238,0.18444213603542,0.185965738542762,0.187521647455223,0.189112626339712,0.190741499246151,0.192411128578696,0.194124385836457,0.195884114089186,0.197693081383837,0.199553924651947,0.201469084106381,0.203440728578066,0.20547067274491,0.207560287738988,0.209710407172008,0.211921231174767,0.214192231577871,0.216522061835016,0.218908475666003,0.221348258629241,0.223837176876672,0.226369947156047,0.228940231675135,0.231540660715499,0.234162884888252,0.236797657695651,0.239434947662568,0.24206407781781,0.244673888842094,0.247252920870906,0.24978960785659,0.25227247764842,0.254690350608383,0.257032529673811,0.259288975296294,0.261450459581488,0.263508695146193,0.265456435595127,0.267287545987853,0.268997043106164,0.270581106647495,0.272037063585,0.273363348800621,0.274559445691066,0.275625810770214,0.276563786367398,0.277375505385966,0.278063791785714,0.278632060034255,0.279084216282367,0.279424563498066,0.279657712277648,0.279788498565212,0.279821909073452,0.279763014818455,0.279616912864919,0.279388676125235,0.279083310863106,0.278705721413585,0.278260681539798,0.277752811794281,0.277186562232392,0.276566199829569,0.275895799976998,0.275179241466049,0.274420204416223,0.27362217065052,0.272788426073333,0.271922064657017,0.27102599369253,0.270102940006029,0.269155456886285,0.268185931506872,0.267196592662192,0.266189518667545,0.265166645300762,0.264129773686652,0.263080578045961,0.262020613247968,0.260951322120615,0.259874042484445,0.258790013886901,0.257700384022065,0.256606214827779,0.25550848825771,0.254408111730354,0.25330592326042,0.25220269628076,0.251099144164949,0.249995924462114,0.248893642856557,0.247792856865359,0.246694079287455,0.245597781417754,0.244504396039762,0.243414320209918,0.24232791784649,0.241245522135417,0.240167437765013,0.239093943000855,0.238025291611678,0.23696171465647,0.235903422142408,0.234850604562725,0.233803434322998,0.23276206706386,0.231726642887578,0.230697287495474,0.229674113242665,0.228657220116189,0.227646696642113,0.226642620726866,0.225645060437635,0.224654074726321,0.223669714101233,0.222692021250374,0.221721031619908,0.220756773951109,0.219799270778867,0.218848538894586,0.217904589776092,0.216967429986989,0.216037061547694,0.215113482280239,0.214196686128745,0.213286663457357,0.212383401327267,0.211486883754349,0.210597091948809,0.209714004538136,0.208837597774569,0.207967845728183,0.207104720466613,0.206248192222376,0.205398229548664,0.204554799464432,0.203717867589511,0.20288739827047,0.202063354697861,0.201245699015442,0.200434392421935,0.199629395265847,0.198830667133804,0.198038166932868,0.197251852967229,0.196471683009657,0.195697614368076,0.194929603947576,0.194167608308178,0.193411583718623,0.19266148620647,0.19191727160472,0.191178895595221,0.190446313749043,0.189719481564037,0.188998354499755,0.188282888009899,0.187573037572465,0.186868758717727,0.186170007054199,0.185476738292706,0.184788908268685,0.184106472962826,0.183429388520157,0.182757611267681,0.182091097730638,0.181429804647503,0.180773688983769,0.180122707944624,0.179476818986562,0.178835979828012,0.178200148459042,0.177569283150188,0.176943342460477,0.176322285244678,0.175706070659841,0.175094658171159,0.174488007557201,0.173886078914555,0.173288832661912,0.172696229543629,0,0.157251257195666,0.158509362094125,0.159766458278295,0.16103157818366,0.162306576349532,0.163591576583477,0.164886221629875,0.166190129565876,0.167503115293037,0.168825297486302,0.170157137004788,0.171499433672772,0.172853299792367,0.174220123280208,0.175601529073144,0.176999343977362,0.178415567426638,0.179852348678123,0.181311969724441,0.182796832485362,0.184309448494386,0.185852429176486,0.187428474827549,0.189040360498217,0.190690917128655,0.192383006467292,0.19411948853534,0.195903180672079,0.197736807515855,0.199622941643555,0.201563935006834,0.20356184176425,0.205618333609882,0.207734609231987,0.209911300085602,0.212148375209564,0.214445048332622,0.216799690958756,0.219209755456163,0.2216717123515,0.224181006005927,0.22673203258346,0.229318143689177,0.23193167824765,0.234564024127313,0.237205709737764,0.239846524404195,0.242475664848995,0.245081903692832,0.247653774638792,0.250179768028118,0.252648529839705,0.255049057002364,0.25737088211625,0.259604241315985,0.261740219994606,0.263770872357378,0.265689312182352,0.267489773618941,0.269167642251319,0.270719457900411,0.272142891670092,0.273436700519019,0.274600663145035,0.275635501212643,0.276542789962684,0.277324862056367,0.277984708169049,0.27852587741005,0.278952380147588,0.279268595301471,0.279479183661739,0.279589008322386,0.279603062901337,0.279526407859852,0.279364114939713,0.279121219503768,0.278802680390419,0.278413346769282,0.277957931406166,0.277440989703282,0.276866903867746,0.276239871571305,0.275563898490716,0.27484279415636,0.274080170582077,0.273279443198659,0.272443833664145,0.271576374174212,0.270679912943977,0.269757120577631,0.268810497083826,0.267842379332359,0.266854948781381,0.265850239334145,0.264830145210358,0.263796428739854,0.262750728005655,0.261694564280097,0.260629349211618,0.259556391731533,0.258476904659813,0.257392010996869,0.256302749894849,0.255210082307156,0.254114896319048,0.253018012165423,0.251920186944343,0.250822119036688,0.249724452243661,0.248627779654723,0.247532647259078,0.246439557314098,0.245348971484082,0.244261313762614,0.243176973191514,0.242096306388981,0.241019639899071,0.239947272374171,0.238879476601564,0.237816501384622,0.236758573288618,0.235705898260563,0.234658663131908,0.233617037012434,0.232581172583096,0.231551207295102,0.230527264482011,0.22950945439117,0.228497875140397,0.227492613605359,0.22649374624277,0.225501339854094,0.224515452294162,0.223536133128764,0.22256342424496,0.221597360417625,0.220637969835437,0.219685274589302,0.218739291125983,0.21780003066949,0.216867499612597,0.215941699880671,0.215022629269844,0.214110281761394,0.21320464781407,0.212305714635951,0.211413466437339,0.210527884666031,0.209648948226259,0.208776633682449,0.207910915448902,0.207051765966376,0.20619915586653,0.205353054125049,0.204513428204286,0.20368024418612,0.202853466895746,0.202033060016999,0.201218986199821,0.200411207160403,0.199609683774501,0.198814376164408,0.198025243779996,0.19724224547425,0.196465339573647,0.195694483943745,0.194929636050286,0.194170753016131,0.193417791674286,0.192670708617291,0.191929460243205,0.191194002798416,0.190464292417476,0.189740285160164,0.18902193704595,0.188309204086033,0.187602042313105,0.186900407808989,0.186204256730291,0.185513545332183,0.184828229990452,0.184148267221899,0.183473613703224,0.18280422628847,0.182140062025118,0.18148107816893,0.180827232197608,0.180178481823347,0.179534785004345,0.178896099955345,0.17826238515726,0.177633599365942,0.177009701620146,0.176390651248743,0.17577640787722,0.175166931433521,0.174562182153262,0.173962120584362,0.173366707591126,0,0.155502860129917,0.156797162421056,0.158076908837702,0.159357228477109,0.160643026336338,0.161936095599186,0.163237064332218,0.164546132894608,0.165863434915984,0.167189229921595,0.16852400097827,0.169868494230219,0.171223723219461,0.17259095356939,0.173971678721917,0.175367593680922,0.176780570796025,0.178212639442618,0.179665969940878,0.181142861086727,0.182645730099302,0.184177103492847,0.185739607257598,0.187335954720025,0.188968930511785,0.190641369191808,0.192356127231172,0.194116047284684,0.195923913937212,0.197782400427548,0.199694006218199,0.201660985694826,0.203685268741142,0.205768374437743,0.20791131966598,0.210114524943903,0.212377720356805,0.214699854938353,0.217079013271185,0.219512343364011,0.221995999979746,0.22452510749256,0.227093746006111,0.229694963850291,0.232320818689822,0.234962448350082,0.23761017114522,0.24025361405823,0.242881865669432,0.24548364936812,0.248047511221893,0.250562016017882,0.25301594450491,0.255398484798315,0.257699411264689,0.259909244948666,0.262019390670848,0.264022247222138,0.265911288498039,0.267681114847638,0.269327475255915,0.270847262152554,0.272238481587494,0.273500202200802,0.274632486835036,0.275636310806578,0.276513470799143,0.277266488109247,0.277898509605903,0.278413209311495,0.278814693009922,0.279107407778028,0.27929605784555,0.279385527738209,0.279380813261535,0.279286960546659,0.279109013105344,0.278851966627929,0.278520731099814,0.278120099702996,0.277654723901876,0.277129094079432,0.276547525083977,0.27591414606151,0.275232893978445,0.274507510279527,0.273741540172046,0.272938334076867,0.272101050836979,0.271232662323376,0.270335959124921,0.269413557052511,0.26846790422792,0.267501288563907,0.266515845474447,0.265513565682435,0.264496303017098,0.263465782114851,0.2624236059558,0.261371263183786,0.260310135171064,0.259241502799776,0.258166552941547,0.257086384623995,0.256002014879088,0.254914384273141,0.253824362122109,0.252732751398846,0.251640293341266,0.250547671772045,0.249455517141654,0.248364410307343,0.247274886061125,0.246187436420007,0.24510251369171,0.244020533328946,0.242941876585013,0.241866892983076,0.240795902611046,0.239729198253457,0.238667047371197,0.237609693939411,0.236557360153302,0.235510248011042,0.234468540782397,0.233432404371209,0.232401988579284,0.231377428278802,0.230358844499857,0.229346345439284,0.228340027396535,0.227339975641916,0.226346265222163,0.225358961707953,0.224378121887618,0.223403794411026,0.222436020387296,0.22147483393975,0.220520262721242,0.219572328392778,0.218631047068134,0.217696429726949,0.216768482598616,0.215847207519097,0.214932602262636,0.214024660850203,0.21312337383635,0.212228728576049,0.211340709472944,0.210459298210373,0.209584473966378,0.208716213613856,0.207854491906911,0.206999281654381,0.206150553881452,0.205308277980196,0.204472421849811,0.203642952027285,0.202819833809147,0.202003031364931,0.201192507842916,0.200388225468681,0.199590145636964,0.198798228997286,0.198012435533762,0.197232724639483,0.196459055185859,0.195691385587233,0.194929673861103,0.194173877684237,0.193423954444952,0.192679861291813,0.191941555178987,0.191208992908469,0.190482131169392,0.189760926574599,0.189045335694664,0.188335315089521,0.187630821337857,0.186931811064416,0.186238240965339,0.185550067831669,0.184867248571144,0.184189740228375,0.183517500003518,0.182850485269533,0.182188653588118,0.1815319627244,0.180880370660465,0.180233835607794,0.179592316018675,0.178955770596653,0.178324158306085,0.17769743838084,0.177075570332217,0.176458513956105,0.17584622933946,0.175238676866114,0.174635817221974,0.174037611399645,0,0.153738030890618,0.155065960658316,0.156369008065077,0.157665594667337,0.158963120447479,0.160264947341918,0.161572703624886,0.162887223377472,0.164209020592171,0.165538555520197,0.166876385681204,0.168223245661307,0.1695800818191,0.170948059337903,0.172328553764232,0.173723135330853,0.175133551376684,0.176561709878678,0.178009665427064,0.179479607813814,0.180973852651713,0.182494832985162,0.184045090599694,0.185627265618126,0.187244082944722,0.188898334161543,0.190592853582109,0.192330487322375,0.194114054456646,0.195946299586661,0.197829836465747,0.199767082686528,0.201760185858375,0.20381094216595,0.205920708705033,0.208090311524007,0.210319951839553,0.212609113416959,0.21495647457465,0.217359828648571,0.219816016989735,0.222320878622158,0.224869220517604,0.227454812017489,0.230070406237098,0.232707790330731,0.235357865311996,0.238010754770735,0.240655940390495,0.243282420748998,0.245878888588275,0.248433920677064,0.250936173647054,0.25337457883124,0.255738529198059,0.258018051951677,0.260203961212909,0.262287986331314,0.264262872709895,0.266122453441899,0.267861691458443,0.269476693171745,0.270964695697632,0.272324030602669,0.273554067722051,0.274655142933764,0.275628473872416,0.276476067456378,0.277200622827307,0.277805432907695,0.27829428731461,0.278671378866447,0.278941215417971,0.279108538283171,0.279178248073811,0.279155338405519,0.279044837607942,0.27885175832175,0.278581054669896,0.278237586548408,0.277826090486253,0.2773511564673,0.276817210082703,0.276228499382398,0.275589085813566,0.274902838666525,0.274173432490124,0.273404346985575,0.272598868936937,0.271760095785958,0.270890940507069,0.269994137483854,0.26907224913063,0.268127673041425,0.267162649483389,0.266179269082673,0.265179480578008,0.264165098540968,0.263137810982377,0.262099186781849,0.261050682892336,0.259993651284045,0.258929345602563,0.257858927524621,0.256783472802,0.255703976989814,0.254621360859961,0.253536475504118,0.252450107133494,0.251362981584586,0.250275768541796,0.249189085488773,0.248103501401106,0.247019540193309,0.245937683933251,0.244858375837081,0.243782023057523,0.242708999278072,0.241639647125246,0.240574280410558,0.239513186213368,0.238456626815241,0.237404841495883,0.236358048200184,0.235316445085321,0.234280211956369,0.233249511598311,0.232224491011864,0.231205282560015,0.230192005031739,0.229184764628892,0.228183655881886,0.227188762499355,0.226200158156617,0.225217907227458,0.224242065463369,0.22327268062411,0.222309793063178,0.221353436271489,0.22040363738234,0.219460417640499,0.218523792838048,0.217593773719406,0.216670366357794,0.215753572505221,0.214843389917906,0.213939812658937,0.213042831379801,0.21215243358232,0.211268603862388,0.210391324136838,0.209520573854625,0.208656330193453,0.207798568242884,0.206947261174867,0.20610238040261,0.205263895728572,0.204431775482369,0.203605986649285,0.202786494990041,0.201973265152426,0.201166260775358,0.200365444585888,0.199570778489627,0.198782223655059,0.197999740592131,0.197223289225533,0.196452828962999,0.19568831875899,0.194929717174036,0.194176982430057,0.193430072461904,0.192688944965387,0.191953557442004,0.191223867240605,0.190499831596176,0.189781407665935,0.189068552562914,0.188361223387194,0.18765937725493,0.186962971325323,0.186271962825658,0.185586309074536,0.184905967503419,0.184230895676579,0.183561051309571,0.182896392286309,0.182236876674837,0.181582462741874,0.180933108966217,0.18028877405106,0.179649416935308,0.179014996803944,0.178385473097503,0.177760805520716,0.177140954050368,0.176525878942425,0.175915540738467,0.175309900271481,0.174708918671036,0,0.151965422983495,0.153321507749683,0.154646733943237,0.155959607471446,0.157269137877919,0.158579984985338,0.159894698972615,0.161214743241586,0.162541038982311,0.163874285548494,0.165215154525671,0.166564404388196,0.167922943110641,0.169291856921914,0.170672418056343,0.172066080623648,0.173474470824279,0.174899375449433,0.176342730852131,0.177806613295476,0.179293230695178,0.180804915185425,0.182344115567067,0.183913388480146,0.18551538703408,0.187152845600842,0.188828559514267,0.190545358514809,0.192306072930807,0.194113491793717,0.195970312345903,0.19787908071544,0.199842123902588,0.201861473644782,0.203938783196459,0.206075238567597,0.208271466295777,0.210527440359217,0.212842391343438,0.215214721415413,0.217641928993908,0.22012054718782,0.222646100061259,0.225213080537212,0.227814953245204,0.230444184845399,0.233092303337656,0.235749986630827,0.238407179271825,0.241053234804794,0.243677079851387,0.246267394782272,0.24881280488884,0.251302075345463,0.253724303030806,0.256069098470296,0.258326751752251,0.260488377203396,0.262546032803473,0.264492811673133,0.266322904377203,0.268031632144828,0.269615452331129,0.271071938465664,0.272399738009761,0.273598511461235,0.27466885670735,0.275612222559225,0.276430815239952,0.277127501288088,0.277705709923349,0.278169337445421,0.278522655737755,0.278770226457125,0.278916822030033,0.278967354164815,0.27892681023298,0.278800197578633,0.278592495580394,0.278308615112208,0.277953364922246,0.277531424365833,0.277047321881734,0.276505418584132,0.275909896348585,0.275264749793298,0.274573781592097,0.273840600598332,0.273068622306203,0.272261071224967,0.271420984790218,0.270551218483389,0.269654451874935,0.268733195347541,0.267789797292969,0.266826451609575,0.26584520535717,0.264847966451969,0.263836511306956,0.262812492342533,0.261777445308946,0.260732796376087,0.25967986895813,0.258619890250286,0.257553997463129,0.25648324374656,0.255408603800833,0.254330979176378,0.253251203267469,0.252170046007378,0.251088218274625,0.250006376021292,0.248925124135371,0.247845020049714,0.246766577110481,0.245690267718057,0.24461652625335,0.243545751802127,0.242478310689712,0.241414538837972,0.24035474395601,0.239299207575512,0.238248186941128,0.237201916765746,0.236160610859948,0.235124463644419,0.234093651553532,0.23306833433783,0.232048656272616,0.231034747279402,0.230026723966511,0.229024690594683,0.228028739973153,0.227038954291264,0.226055405890336,0.22507815798016,0.224107265304168,0.223142774757065,0.222184725958384,0.221233151785214,0.220288078867081,0.219349528045764,0.218417514802598,0.217492049655648,0.216573138528942,0.2156607830958,0.214754981098139,0.213855726643489,0.212963010481332,0.212076820260259,0.211197140767309,0.210323954150778,0.209457240127671,0.208596976176889,0.207743137719168,0.206895698284698,0.206054629669291,0.205219902079907,0.204391484270273,0.203569343667288,0.202753446488852,0.201943757853716,0.201140241883889,0.200342861800128,0.19955158001097,0.198766358195754,0.197987157382023,0.197213938017717,0.196446660038465,0.19568528293034,0.194929765788357,0.194180067371001,0.193436146151059,0.192697960362972,0.191965468046974,0.191238627090182,0.190517395264878,0.189801730264136,0.189091589734974,0.188386931309197,0.187687712632064,0.186993891388936,0.186305425330015,0.18562227229331,0.18494439022593,0.184271737203822,0.183604271450039,0.182941951351637,0.182284735475285,0.181632582581673,0.180985451638777,0.180343301834078,0.179706092585769,0.179073783553041,0.178446334645482,0.177823706031659,0.177205858146926,0.176592751700505,0.175984347681892,0.175380607366614,0,0.150192986608881,0.151570089532818,0.152914738071096,0.154242808544365,0.155563875752176,0.156883494259455,0.158204972773839,0.159530344218371,0.160860927055901,0.162197673904676,0.163541394607975,0.164892897762737,0.166253076850072,0.167622958584117,0.169003726211061,0.170396727118989,0.171803471482124,0.173225626516337,0.174665009204967,0.176123579033657,0.177603431302739,0.179106790901749,0.180636005966324,0.182193540535445,0.183781965143211,0.185403944184959,0.187062218875085,0.188759584653631,0.190498861996262,0.19228285973556,0.194114330210559,0.195995915826214,0.197930086925193,0.199919071250309,0.201964775704204,0.204068701587487,0.206231855006625,0.208454654671396,0.21073683982446,0.213077381530922,0.21547440096495,0.217925098620102,0.220425698494633,0.222971411220278,0.225556419778671,0.228173890863773,0.230816014101272,0.233474070250513,0.236138528240522,0.238799169502708,0.241445236652229,0.244065602242783,0.24664895218177,0.249183977539953,0.251659567995688,0.2540650000615,0.256390113557418,0.258625470491118,0.26076249151709,0.262793566387848,0.264712136177635,0.266512746447682,0.268191071834778,0.269743913700813,0.271169173421975,0.272465804588917,0.273633747824395,0.274673852114307,0.275587786519957,0.276377945932379,0.277047354187754,0.277599567430932,0.278038580133092,0.278368735675309,0.278594642930742,0.278721099835416,0.278753024544883,0.278695394439237,0.278553192964241,0.278331364080402,0.278034773930217,0.277668179220698,0.277236201746489,0.27674330844152,0.276193796337046,0.275591781814966,0.274941193571718,0.274245768745187,0.273509051700909,0.272734395021259,0.271924962289888,0.271083732311516,0.270213504453067,0.269316904835106,0.268396393142093,0.267454269855882,0.266492683748935,0.265513639502203,0.264519005337447,0.263510520575373,0.26248980304952,0.261458356321639,0.260417576657668,0.259368759734631,0.258313107058089,0.257251732077415,0.256185665992447,0.255115863250064,0.254043206733236,0.252968512648244,0.251892535118111,0.250815970492129,0.249739461382589,0.248663600440733,0.247588933884458,0.246515964790569,0.245445156164419,0.244376933799671,0.243311688940626,0.24224978075926,0.241191538658632,0.240137264413883,0.239087234161544,0.238041700247283,0.237000892941761,0.235965022033662,0.234934278308451,0.233908834920912,0.232888848668985,0.231874461175943,0.230865799987502,0.229862979589986,0.228866102355279,0.227875259417872,0.226890531488957,0.225911989612169,0.224939695865227,0.22397370401145,0.223014060104802,0.222060803051873,0.221113965133959,0.22017357249213,0.219239645578029,0.218312199572862,0.217391244776927,0.216476786971814,0.215568827757246,0.214667364864421,0.213772392447535,0.21288390135506,0.21200187938224,0.211126311506141,0.210257180104505,0.209394465159555,0.208538144447833,0.207688193717042,0.206844586850813,0.206007296022251,0.205176291837038,0.204351543466819,0.203533018773552,0.202720684425445,0.20191450600505,0.20111444811007,0.200320474447355,0.199532547920576,0.198750630711974,0.197974684358618,0.197204669823511,0.196440547561911,0.195682277583172,0.194929819508407,0.194183132624256,0.193442175933002,0.192706908199284,0.191977287993634,0.191253273733022,0.190534823718639,0.18982189617106,0.18911444926298,0.188412441149668,0.187715829997289,0.187024574009226,0.18633863145053,0.185657960670621,0.184982520124343,0.184312268391481,0.183647164194834,0.182987166416939,0.182332234115519,0.181682326537752,0.181037403133414,0.18039742356698,0.179762347728742,0.179132135745006,0.178506747987421,0.177886145081499,0.17727028791437,0.176659137641825,0.176052655694683,0,0.148427735328477,0.149818179371775,0.151178147053126,0.152519242508281,0.1538505911449,0.155178163220801,0.156505795376993,0.157835980553296,0.159170388914232,0.160510215465953,0.161856415466776,0.163209862833406,0.164571453804233,0.165942171488711,0.167323123031653,0.168715558379827,0.170120877426387,0.171540630428043,0.172976515007979,0.174430371776969,0.175904179613026,0.177400050901399,0.178920226505473,0.180467069868719,0.18204305939989,0.183650778139918,0.18529289963114,0.186972168896418,0.188691377481892,0.190453331619593,0.192260812724478,0.194116529654705,0.196023062434841,0.197982797469329,0.199997854656932,0.202070007252261,0.204200595800612,0.206390437984244,0.208639736742614,0.210947989539279,0.213313902110023,0.215735310400015,0.218209114638071,0.220731229558848,0.223296554629017,0.225898967731249,0.228531345096387,0.231185609356504,0.233852806451232,0.236523210813544,0.239186456868711,0.241831693498359,0.244447756855555,0.247023355869436,0.24954726403772,0.252008510736752,0.254396565313217,0.256701507655021,0.258914179730974,0.26102631366955,0.263030633223881,0.264920926840426,0.26669209190978,0.268340151038036,0.269862242262509,0.271256585996196,0.272522432095475,0.273659990802648,0.274670351435996,0.275555392616354,0.276317687571192,0.276960407688786,0.277487227049704,0.277902230179847,0.278209824781993,0.278414660737114,0.278521556241537,0.278535431573001,0.278461250663908,0.278303970404718,0.278068497402118,0.277759651770578,0.277382137435849,0.276940518367912,0.276439200131902,0.275882416141744,0.275274218016799,0.274618469471198,0.273918843204388,0.273178820306027,0.272401691735774,0.271590561486557,0.270748351086818,0.269877805141975,0.268981497657016,0.26806183892037,0.267121082763744,0.266161334043443,0.265184556215885,0.264192578903799,0.263187105370172,0.262169719834651,0.261141894582138,0.260104996825993,0.259060295298839,0.258008966552781,0.256952100958051,0.255890708394959,0.25482572363876,0.253758011440758,0.252688371311881,0.251617542017186,0.250546205791372,0.249474992286568,0.248404482264407,0.247335211044892,0.246267671724732,0.245202318177863,0.244139567850679,0.243079804364264,0.242023379935513,0.240970617628608,0.239921813447858,0.238877238282353,0.237837139712404,0.236801743687174,0.23577125608238,0.234745864146437,0.233725737842874,0.232711031096387,0.231701882949392,0.230698418635518,0.229700750575999,0.228708979304571,0.227723194326047,0.226743474913396,0.225769890847814,0.224802503105947,0.223841364498124,0.222886520261174,0.221938008609155,0.22099586124507,0.220060103836402,0.219130756457123,0.218207833998607,0.217291346551713,0.216381299762128,0.215477695160899,0.214580530471959,0.213689799898299,0.212805494388314,0.211927601883751,0.211056107550576,0.210190993993971,0.209332241458587,0.208479828015098,0.207633729734032,0.206793920847751,0.205960373901432,0.205133059893804,0.204311948408357,0.20349700773568,0.20268820498754,0.201885506203277,0.201088876449026,0.200298279910271,0.19951367997817,0.19873503933008,0.197962320004672,0.197195483471996,0.196434490698829,0.195679302209637,0.194929878143416,0.194186178306707,0.193448162223023,0.192715789178927,0.191989018266978,0.191267808425751,0.190552118477117,0.189841907160963,0.189137133167513,0.188437755167404,0.187743731839663,0.187055021897714,0.186371584113548,0.185693377340153,0.185020360532342,0.184352492766054,0.183689733256234,0.18303204137338,0.182379376658844,0.181731698838954,0.181088967838039,0.18045114379042,0.179818187051431,0.179190058207534,0.178566718085578,0.177948127761256,0.177334248566811,0.176725042098035,0,0.146675969645391,0.148072143716915,0.149442347819135,0.150793321399244,0.152132917659305,0.153467031249667,0.154799753883728,0.156133889632463,0.157471383238928,0.158813637319896,0.160161742356614,0.161516640764483,0.162879240944454,0.164250493600744,0.165631440199643,0.167023241586208,0.168427193142014,0.169844731364923,0.171277435397931,0.172727025868901,0.174195362448239,0.175684440782604,0.177196388895361,0.178733462727053,0.18029804019103,0.181892612915865,0.183519774719702,0.185182205801057,0.186882651629299,0.188623895573006,0.190408724414486,0.19223988606422,0.194120039010734,0.196051693320274,0.198037143336963,0.200078392626127,0.202177072146711,0.204334353124057,0.206550856606911,0.208826562210721,0.211160719043809,0.213551762247811,0.215997238917021,0.218493747348535,0.22103689357294,0.223621268886904,0.226240451629161,0.228887035702765,0.231552687363453,0.234228230605843,0.236903760149621,0.239568779641785,0.242212361347679,0.244823322407326,0.247390411782834,0.249902501398321,0.252348774730134,0.254718906262578,0.257003225767474,0.259192862245332,0.261279863504567,0.263257288657762,0.265119272177711,0.266861059481877,0.268479015216061,0.269970606420408,0.271334363541051,0.272569822780279,0.273677453560842,0.274658574937145,0.275515264651879,0.276250264252321,0.276866883289815,0.277368905170875,0.277760496746074,0.278046123244403,0.278230469709656,0.278318369688144,0.278314741563618,0.278224532640145,0.278052670836949,0.277804023677722,0.277483364125551,0.277095342726767,0.276644465475917,0.276135076792707,0.275571347003787,0.274957263741686,0.274296626705279,0.273593045266382,0.272849938452226,0.27207053688083,0.27125788627368,0.270414852216104,0.269544125879243,0.268648230457981,0.267729528116037,0.266790227262742,0.265832390015544,0.264857939728363,0.263868668488622,0.262866244505367,0.261852219327725,0.260828034847169,0.2597950300491,0.258754447489281,0.25770743947894,0.256655073969182,0.255598340130839,0.25453815363033,0.253475361605566,0.252410747348643,0.251345034704127,0.250278892193204,0.249212936875069,0.24814773795758,0.247083820169606,0.246021666907661,0.244961723169373,0.243904398286152,0.242850068467139,0.241799079166112,0.240751747282633,0.23970836320817,0.238669192727485,0.237634478785002,0.236604443125387,0.235579287816989,0.234559196666347,0.23354433653139,0.23253485854054,0.231530899224402,0.230532581566327,0.229540015977684,0.228553301203277,0.227572525161982,0.226597765727303,0.225629091452224,0.224666562242413,0.223710229981544,0.222760139112234,0.221816327175824,0.22087882531402,0.219947658735142,0.219022847147596,0.218104405162909,0.217192342670571,0.216286665186695,0.215387374178409,0.214494467365712,0.213607939002428,0.212727780137745,0.211853978859731,0.210986520522123,0.210125387955552,0.209270561664333,0.208422020009823,0.207579739381299,0.206743694355223,0.20591385784372,0.205090201232996,0.204272694512424,0.203461306394914,0.20265600442918,0.201856755104464,0.20106352394822,0.200276275617244,0.19949497398269,0.198719582209391,0.197950062829859,0.197186377813322,0.196428488630133,0.195676356311859,0.194929941507321,0.194189204534874,0.193454105431153,0.192724603996531,0.192000659837489,0.191282232406114,0.190569281036894,0.189861764980996,0.189159643438181,0.188462875586513,0.187771420609994,0.187085237724267,0.186404286200496,0.185728525387551,0.185057914732599,0.184392413800191,0.18373198228996,0.183076580052995,0.182426167106989,0.181780703650221,0.181140150074464,0.180504466976869,0.179873615170888,0.179247555696314,0.178626249828458,0.17800965908656,0.177397745241431,0,0.144943179540102,0.146338019046688,0.147712775549903,0.149069671831046,0.15041476164627,0.151753419513579,0.153089705453253,0.154426560146871,0.15576610091051,0.157109882285787,0.158459103434408,0.159814766361137,0.16117779259342,0.162549106124819,0.16392968990178,0.165320622363059,0.166723099608956,0.168138447744951,0.169568128895636,0.17101374340159,0.172477029850053,0.173959863874413,0.175464256086652,0.176992349065832,0.178546412993782,0.180128839287572,0.181742131411693,0.183388891951074,0.185071804982483,0.186793612793379,0.188557086062546,0.190364986736108,0.192220023006861,0.194124796035731,0.196081738342624,0.198093044140131,0.20016059228511,0.202285862974321,0.20446984980027,0.206712969295143,0.209014970600182,0.211374848373512,0.213790762453392,0.216259968083279,0.218778760635854,0.221342438703632,0.223945289120725,0.226580596923865,0.229240682450211,0.231916966726646,0.234600065076918,0.237279907529143,0.239945883236112,0.242587004825212,0.245192087476092,0.247749936675356,0.2502495380912,0.252680242890854,0.255031942099262,0.257295224242803,0.259461511479045,0.26152317060003,0.263473596614709,0.265307267964729,0.267019773711855,0.268607814175416,0.270069177435823,0.2714026948205,0.272608178940246,0.273686348056127,0.274638740554904,0.275467623131012,0.276175895957057,0.276766997715853,0.277244812905394,0.277613583349086,0.277877825375517,0.278042253696312,0.278111712621633,0.278091114918839,0.277985388343791,0.277799429655404,0.27753806575857,0.277206021502931,0.27680789358859,0.276348129987869,0.275831014277904,0.275260654286017,0.274640974472829,0.273975711512329,0.273268412569518,0.272522435821709,0.271740952816588,0.270926952306773,0.270083245245599,0.269212470671208,0.268317102245144,0.267399455247293,0.266461693860982,0.265505838610424,0.264533773837647,0.263547255127703,0.262547916609662,0.261537278076878,0.260516751883532,0.259487649585878,0.258451188306064,0.257408496804265,0.256360621251255,0.255308530698726,0.2542531222488,0.253195225927431,0.252135609268906,0.251074981620543,0.250013998178059,0.248953263763034,0.247893336354512,0.246834730387091,0.245777919827989,0.244723341045473,0.243671395480846,0.242622452135871,0.24157684988713,0.240534899638337,0.239496886321191,0.238463070754789,0.237433691373155,0.236408965829866,0.235389092488286,0.234374251805367,0.233364607616521,0.232360308328561,0.231361488027269,0.230368267505704,0.229380755218965,0.228399048170696,0.227423232736308,0.226453385427473,0.225489573602196,0.224531856124389,0.223580283976652,0.222634900829651,0.221695743571255,0.220762842798369,0.219836223274164,0.218915904353219,0.218001900376907,0.217094221041169,0.21619287173868,0.215297853877243,0.214409165176134,0.213526799941962,0.212650749325522,0.211781001560997,0.210917542188749,0.210060354262889,0.20920941854467,0.208364713682731,0.207526216381089,0.206693901555759,0.205867742480774,0.205047710924356,0.204233777275908,0.203425910664472,0.202624079069221,0.20182824942255,0.201038387706252,0.200254459041257,0.199476427771372,0.198704257541414,0.197937911370121,0.197177351718191,0.196422540551762,0.195673439401647,0.194930009418595,0.194192211424841,0.193460005962195,0.192733353336883,0.192012213661363,0.191296546893296,0.190586312871879,0.189881471351683,0.189181982034171,0.188487804597044,0.187798898721548,0.187115224117863,0.186436740548719,0.185763407851325,0.185095185957726,0.184432034913695,0.183773914896237,0.183120786229798,0.182472609401258,0.181829345073788,0.181190954099632,0.180557397531882,0.179928636635318,0.179304632896358,0.178685348032173,0.178070743999029,0,0.143234222685946,0.14462136276381,0.145994718509694,0.147352975495489,0.148700184386082,0.15004084635309,0.151378716816104,0.152716688472695,0.154056932895378,0.155401084524453,0.156750410527513,0.158105952337006,0.159468637180966,0.160839362179353,0.162219055136819,0.163608716601694,0.165009447608616,0.166422467021548,0.167849121707647,0.169290892024939,0.170749394386084,0.172226382018196,0.173723744496435,0.17524350618852,0.176787823399722,0.178358979741217,0.179959379047852,0.181591535035865,0.183258056811384,0.184961629313505,0.186704987800346,0.188490885562927,0.190322054181317,0.192201155821958,0.194130727316429,0.196113116061192,0.198150408134892,0.200244349441299,0.202396261144842,0.204606951159189,0.206876623958273,0.209204791477075,0.211590188322935,0.214030694887423,0.216523272190779,0.219063912362024,0.22164760851898,0.224268347434385,0.226919127742888,0.229592005565125,0.232278168328571,0.234968036304294,0.237651390029747,0.240317520443088,0.242955397315332,0.245553850532333,0.248101758035896,0.250588233845893,0.253002809586397,0.255335603327,0.257577470289993,0.259720130999485,0.261756273672686,0.263679628977906,0.265485016609209,0.267168364364059,0.268726701485072,0.270158128888854,0.271461769526668,0.272637702498181,0.273686884685126,0.274611063614934,0.275412685043249,0.276094798400893,0.276660962827292,0.27711515604724,0.277461687874121,0.277705119666476,0.277850190645159,0.277901751607756,0.277864706261929,0.277743960141913,0.277544376870557,0.277270741379017,0.27692772959146,0.276519884016352,0.276051594652388,0.275527084609162,0.27495039985445,0.274325402526184,0.273655767283253,0.27294498021167,0.272196339848201,0.271412959930224,0.270597773526388,0.269753538246653,0.268882842271376,0.267988110977044,0.267071613970578,0.266135472374909,0.265181666235723,0.264212041943175,0.263228319583006,0.262232100149387,0.261224872566958,0.260208020482414,0.259182828796759,0.258150489918352,0.257112109724218,0.256068713223174,0.255021249919142,0.253970598876931,0.252917573495781,0.251862925998284,0.25080735164408,0.24975149267893,0.248695942030666,0.247641246764029,0.246587911306699,0.245536400458844,0.244487142198459,0.243440530294495,0.242396926739469,0.241356664012845,0.240320047186012,0.239287355879218,0.238258846080292,0.237234751834491,0.236215286814267,0.235200645777276,0.234191005920402,0.233186528137132,0.232187358185119,0.231193627770328,0.230205455553749,0.229222948086237,0.228246200676665,0.22727529819821,0.226310315837265,0.225351319789128,0.224398367904346,0.223451510289288,0.222510789864291,0.221576242882443,0.220647899411877,0.219725783784214,0.21880991501161,0.217900307174682,0.216996969783411,0.216099908112971,0.215209123516291,0.214324613715014,0.213446373070406,0.212574392835633,0.211708661390748,0.210849164461602,0.209995885323824,0.20914880499292,0.208307902401455,0.20747315456425,0.206644536732399,0.205822022536902,0.205005584122625,0.204195192273267,0.203390816527926,0.202592425289873,0.201799985928034,0.201013464871695,0.200232827698887,0.199458039218862,0.198689063549076,0.197925864187034,0.197168404077342,0.196416645674283,0.195670551000217,0.194930081700071,0.194195199092188,0.193465864215756,0.192742037875058,0.192023680680727,0.191310753088225,0.190603215433697,0.189901027967395,0.1892041508848,0.188512544355612,0.187826168550731,0.18714498366735,0.186468949952297,0.185798027723717,0.18513217739121,0.184471359474512,0.183815534620824,0.183164663620851,0.182518707423648,0.181877627150347,0.181241384106814,0.180609939795333,0.179983255925341,0.179361294423305,0.178744017441768,0,0.141553170577673,0.142927161395159,0.144293148611531,0.14564781281492,0.146993277162417,0.148332931954452,0.14966999256808,0.151007124665115,0.152346429063036,0.153689537459199,0.155037733462058,0.156392068183017,0.157753459421637,0.159122771513735,0.160500876522491,0.161888699113851,0.163287248106045,0.164697637740969,0.166121101434441,0.167559000288033,0.169012828103288,0.170484214105045,0.171974924096223,0.173486860350093,0.175022060200918,0.176582693016223,0.178171055017577,0.179789561256068,0.181440733939572,0.183127186249011,0.184851600769561,0.186616701700388,0.188425220094705,0.190279851522652,0.192183205745222,0.194137748240296,0.196145733732938,0.198209132250537,0.200329548644939,0.20250813698961,0.204745511755481,0.207041658172986,0.209395844671235,0.211806540712869,0.214271343674144,0.216786918610755,0.219348954758669,0.221952142409598,0.224590173347986,0.227255767332414,0.229940726162314,0.23263601572736,0.23533187515229,0.238017950804957,0.240683451625308,0.243317321058218,0.245908419929263,0.248445713969106,0.250918459423678,0.253316380306272,0.255629831342173,0.257849941481659,0.259968733941127,0.261979219984172,0.263875464976038,0.26565262653981,0.267306965826501,0.268835833917883,0.270237636166845,0.271511777824861,0.27265859461079,0.273679271958382,0.274575756572986,0.27535066367021,0.27600718290264,0.276548985546072,0.276980135050709,0.277305002596219,0.277528188846286,0.277654452695231,0.277688647447118,0.277635664571479,0.277500384940199,0.27728763726469,0.277002163316467,0.276648589421587,0.276231403663544,0.275754938203356,0.275223356123493,0.274640642218204,0.274010597181706,0.273336834683441,0.272622780862571,0.271871675819588,0.27108657672896,0.270270362241809,0.269425737890446,0.268555242246596,0.267661253621748,0.266745997131205,0.26581155197299,0.264859858798822,0.263892727077253,0.26291184236879,0.26191877344981,0.260914979236532,0.259901815472522,0.25888054115341,0.257852324671013,0.256818249665998,0.255779320583925,0.254736467934064,0.253690553254015,0.252642373785961,0.251592666872592,0.250542114082284,0.249491345074307,0.248440941215601,0.247391438961078,0.246343333009698,0.245297079248508,0.24425309749677,0.243211774061991,0.242173464119367,0.241138493925722,0.240107162878575,0.23907974543048,0.238056492868278,0.23703763496639,0.236023381522782,0.235013923785693,0.234009435778783,0.233010075531813,0.232015986223582,0.231027297243337,0.23004412517652,0.229066574720261,0.228094739533699,0.227128703027834,0.226168539099274,0.225214312811968,0.22426608103067,0.223323893009658,0.222387790939948,0.221457810458004,0.220533981118756,0.219616326835484,0.218704866288992,0.217799613308265,0.216900577224681,0.21600776320167,0.215121172541586,0.214240802971427,0.213366648908903,0.212498701710263,0.211636949901168,0.210781379391812,0.209931973677404,0.209088714025043,0.208251579647927,0.207420547867803,0.20659559426645,0.205776692826979,0.204963816065639,0.204156935154785,0.203356020037621,0.202561039535266,0.201771961446687,0.200988752641955,0.200211379149294,0.199439806236343,0.198673998485993,0.197913919867199,0.197159533801059,0.196410803222512,0.195667690637913,0.194930158178777,0.194198167651926,0.193471680586284,0.192750658276539,0.192035061823859,0.191324852173872,0.190619990152071,0.189920436496808,0.189226151890048,0.188537096985997,0.187853232437767,0.18717451892218,0.186500917162836,0.18583238795156,0.185168892168314,0.184510390799684,0.183856844956021,0.183208215887326,0.182564464997948,0.181925553860176,0.181291444226788,0.180662098042623,0.180037477455234,0.179417544824684,0,0.139903668560307,0.141259773913724,0.14261258144755,0.143958517965573,0.145298036143554,0.146633297212902,0.147966795480637,0.14930081009019,0.150637249127258,0.151977654656656,0.153323268259553,0.154675113744293,0.156034077911077,0.157400981211921,0.158776635524542,0.160161889034287,0.161557659624081,0.162964958776216,0.164384908101083,0.165818750425576,0.167267857035959,0.168733732270646,0.170218016256847,0.17172248621424,0.173249056423786,0.174799776685183,0.176376828861699,0.177982520934176,0.179619277854876,0.181289628405284,0.182996187220122,0.184741631143277,0.186528669132061,0.188360005026435,0.190238292652415,0.192166082936648,0.194145762974413,0.196179487316803,0.198269102122996,0.20041606325481,0.202621349862689,0.204885375508206,0.207207899364382,0.209587940500902,0.21202369865956,0.21451248521429,0.217050668147025,0.219633634814699,0.222255776001449,0.224910494223521,0.227590238480939,0.230286566649634,0.232990235524284,0.235691317221859,0.238379339324,0.241043444869417,0.243672567204581,0.246255613852584,0.248781653038199,0.251240096356485,0.253620871304904,0.255914577992862,0.258112625244832,0.260207342446063,0.262192064750498,0.264061190581083,0.265810211610695,0.267435716538881,0.268935370916312,0.270307875979195,0.271552909925831,0.272671055303738,0.273663716200681,0.27453302878046,0.275281768414249,0.275913256272217,0.276431267797515,0.276839945020309,0.277143714211736,0.277347209948364,0.277455206271606,0.277472555292672,0.277404133315623,0.277254794328771,0.277029330544796,0.27673243954746,0.276368697521484,0.27594253799538,0.275458235508294,0.274919893615101,0.274331436663583,0.273696604808851,0.273018951769161,0.272301844870845,0.271548466975536,0.270761819928427,0.269944729210405,0.26909984951872,0.268229671039608,0.267336526211708,0.266422596811052,0.265489921216782,0.264540401741813,0.263575811934465,0.262597803775972,0.261607914714938,0.260607574493573,0.259598111732109,0.258580760247497,0.257556665090499,0.25652688829187,0.25549241431368,0.254454155206098,0.253412955473364,0.252369596655292,0.251324801632672,0.25027923866638,0.249233525181088,0.248188231305107,0.247143883178336,0.246100966040417,0.245059927111207,0.244021178275509,0.242985098583707,0.241952036579637,0.240922312466567,0.239896220121729,0.238874028969342,0.237855985721575,0.23684231599639,0.235833225820691,0.234828903026724,0.233829518549184,0.232835227630001,0.231846170937363,0.230862475605059,0.229884256197859,0.22891161560823,0.227944645889326,0.22698342902887,0.226028037668179,0.225078535770311,0.224134979241024,0.223197416505962,0.22226588904723,0.221340431902313,0.22042107412806,0.219507839232249,0.218600745575078,0.217699806742759,0.216805031895206,0.21591642608968,0.215033990582125,0.21415772310777,0.213287618142486,0.212423667146271,0.211565858790103,0.210714179167373,0.209868611990951,0.209029138776908,0.208195739015828,0.207368390332571,0.206547068635289,0.205731748254435,0.204922402072469,0.204119001644877,0.203321517313122,0.202529918310054,0.201744172858307,0.200964248262155,0.200190110993252,0.199421726770691,0.198659060635743,0.19790207702163,0.197150739818678,0.196405012435135,0.195664857853951,0.194930238685775,0.194201117218433,0.193477455463091,0.192759215197341,0.192046358005389,0.191338845315548,0.190636638435192,0.189939698583351,0.189247986921076,0.188561464579733,0.187880092687348,0.187203832393123,0.186532644890249,0.185866491437107,0.185205333376969,0.184549132156285,0.183897849341651,0.183251446635529,0.182609885890807,0.181973129124258,0.181341138528979,0.18071387648586,0.180091305574147,0,0.138289635042482,0.139622880690713,0.140956965851164,0.142289051486089,0.143618243431742,0.144945461841305,0.146272362488093,0.147600709208694,0.148932107366981,0.150267924714955,0.151609299836104,0.152957187870548,0.154312418339059,0.155675752480464,0.157047934148811,0.158429731980967,0.159821972599834,0.161225565715325,0.162641522477692,0.164070968546366,0.165515153214675,0.166975455683323,0.168453389275667,0.169950604080537,0.171468888219117,0.173010167674024,0.174576504396585,0.176170092224135,0.177793249993598,0.179448411130915,0.18113810892898,0.182864956701044,0.184631622014103,0.186440794270281,0.188295145016852,0.190197280530533,0.192149686442285,0.19415466444712,0.196214261479826,0.198330192129301,0.200503755504632,0.202735748242721,0.20502637584145,0.207375164988211,0.209780879998474,0.21224144684437,0.214753888496993,0.217314275385923,0.219917694657182,0.22255824155755,0.225229035674474,0.227922263921433,0.230629251105683,0.233340557699211,0.23604610312645,0.238735311572233,0.241397276097976,0.244020935829502,0.24659526023124,0.24910943407234,0.251553036655494,0.253916209220538,0.256189805121039,0.258365518342439,0.260435987102733,0.262394870556848,0.264236897917798,0.265957890523135,0.267554758441816,0.269025474082283,0.270369025897998,0.271585355684392,0.272675283132541,0.27364042127587,0.274483086272435,0.275206204647044,0.275813220715611,0.276308006466385,0.276694775711942,0.276978003878306,0.277162354382882,0.27725261218393,0.277253624768535,0.277170250585774,0.277007314726021,0.276769571492279,0.276461673399644,0.276088146068258,0.275653368436783,0.275161557711178,0.274616758471521,0.274022835382491,0.273383468986499,0.272702154098569,0.271982200365898,0.271226734600291,0.270438704536513,0.269620883712834,0.268775877210704,0.267906128028129,0.267013923895507,0.266101404373464,0.265170568099506,0.26422328007428,0.263261278899157,0.262286183894799,0.261299502045851,0.260302634729906,0.259296884199943,0.258283459798564,0.257263483889983,0.256237997501899,0.255207965674422,0.254174282517263,0.253137775979521,0.252099212338911,0.25105930041907,0.250018695544983,0.248978003247464,0.247937782728293,0.246898550097875,0.245860781397479,0.24482491541801,0.243791356327096,0.242760476115985,0.241732616877376,0.240708092924872,0.239687192764309,0.238670180926699,0.237657299672048,0.236648770572793,0.235644795985121,0.234645560415935,0.233651231792742,0.232661962643309,0.231677891191468,0.230699142375033,0.229725828791402,0.228758051576029,0.227795901218584,0.226839458321313,0.22588879430375,0.224943972057669,0.224005046555875,0.223072065418167,0.222145069437582,0.221224093069775,0.220309164888211,0.219400308007632,0.218497540478076,0.217600875651583,0.216710322523527,0.215825886050409,0.214947567445789,0.214075364455904,0.213209271616434,0.212349280491741,0.211495379897815,0.210647556110097,0.209805793057212,0.208970072501622,0.2081403742081,0.207316676100874,0.206498954410225,0.20568718380927,0.204881337541604,0.204081387540423,0.203287304539714,0.20249905817805,0.20171661709549,0.200939949024052,0.200169020872186,0.199403798803647,0.198644248311156,0.197890334285171,0.197142021078117,0.196399272564347,0.195662052196145,0.194930323055994,0.194204047905389,0.193483189230388,0.19276770928413,0.192057570126508,0.191352733661179,0.190653161670085,0.189958815845642,0.189269657820738,0.188585649196689,0.187906751569274,0.187232926552971,0.186564135803511,0.185900341038846,0.185241504058634,0.18458758676234,0.183938551166023,0.183294359417903,0.182654973812778,0.182020356805355,0.181390471022582,0.180765279275012,0,0.136714396720873,0.138019422921185,0.139329601316111,0.140642894626413,0.141957359680043,0.143272746563267,0.144589820173769,0.145909738345018,0.147233713142686,0.148562861549682,0.149898160139779,0.151240452757509,0.152590482721962,0.153948933783043,0.15531647126806,0.156693779086717,0.15808159079925,0.15948071445274,0.16089205171724,0.162316612232927,0.163755524168382,0.16521004190144,0.166681551547465,0.168171574829519,0.169681771544472,0.171213940648721,0.17277001977781,0.174352082831641,0.175962335104473,0.177603105318619,0.179276833834649,0.180986056261183,0.182733381676463,0.184521464704892,0.186352970767944,0.18823053395418,0.190156707131017,0.192133904154909,0.194164334328376,0.196249929601717,0.19839226542045,0.200592476568106,0.202851169833849,0.205168335824473,0.207543262712898,0.209974455135828,0.212459561782123,0.214995315408637,0.21757748904051,0.220200871922878,0.222859268365946,0.225545521956716,0.22825156670956,0.23096850562843,0.233686715912418,0.236395978730529,0.23908563021183,0.241744729140695,0.244362235906427,0.246927196610782,0.249428925940707,0.251857182491821,0.254202330672694,0.256455484090445,0.258608626347851,0.260654706384942,0.262587706779363,0.264402684686069,0.266095786264822,0.267664236447456,0.26910630669088,0.27042126392381,0.271609304223375,0.27267147486807,0.273609588334768,0.274426131576682,0.275124173576637,0.275707273755546,0.276179393365806,0.276544811544118,0.276808047262153,0.276973788013983,0.277046825727559,0.277032000089494,0.27693414922939,0.276758067520099,0.276508470109233,0.276189963699475,0.275807023034286,0.275363972515096,0.274864972369751,0.274314008804205,0.273714887595293,0.273071230617482,0.272386474837523,0.271663873354894,0.270906498110837,0.27011724393291,0.269298833624262,0.268453823846396,0.267584611580644,0.266693440986613,0.265782410505486,0.264853480082257,0.26390847840398,0.262949110071077,0.261976962635928,0.260993513457661,0.260000136334472,0.258998107885264,0.257988613661054,0.256972753973794,0.255951549436102,0.254925946210107,0.253896820967423,0.252864985565189,0.251831191445418,0.250796133766599,0.249760455277724,0.248724749945792,0.247689566348343,0.246655410842885,0.245622750525122,0.244592015987839,0.243563603892056,0.242537879361774,0.241515178213251,0.240495809029322,0.239480055088808,0.238468176160568,0.237460410171272,0.236456974755466,0.235458068695994,0.234463873262391,0.233474553454362,0.232490259157034,0.231511126214221,0.230537277425534,0.22956882347277,0.228605863780666,0.227648487316704,0.226696773334384,0.225750792064027,0.224810605354898,0.223876267272158,0.222947824651927,0.222025317617456,0.221108780059238,0.220198240081643,0.219293720418494,0.218395238819814,0.217502808411822,0.216616438032077,0.215736132541563,0.214861893115355,0.213993717513379,0.213131600332701,0.212275533242622,0.211425505203818,0.210581502672634,0.209743509791567,0.208911508566924,0.20808547903452,0.207265399414264,0.206451246254405,0.205642994566128,0.204840617949182,0.20404408870915,0.20325337796692,0.202468455760896,0.201689291142437,0.200915852264975,0.200148106467242,0.199386020351,0.198629559853628,0.19787869031592,0.197133376545407,0.196393582875489,0.195659273220659,0.194930411128076,0.194206959825713,0.193488882267308,0.192776141174336,0.192068699075162,0.191366518341592,0.190669561222958,0.189977789877914,0.189291166404071,0.188609652865624,0.18793321131908,0.187261803837222,0.186595392531404,0.185933939572292,0.185277407209145,0.184625757787715,0.183978953766872,0.183336957734014,0.182699732419342,0.182067240709074,0.181439445657656,0,0.135179988077292,0.136451544849004,0.137733081383629,0.13902296772784,0.140318432460405,0.141618183702085,0.142922103480666,0.144230694406081,0.145544709458059,0.1468649517322,0.148192182917417,0.149527094826086,0.150870315253945,0.15222243074769,0.153584015890764,0.154955663127924,0.15633800995839,0.157731762110875,0.159137712405474,0.160556755620191,0.161989899963775,0.163438275822802,0.164903142381923,0.166385892570654,0.167888056608066,0.169411304223933,0.170957445447116,0.172528429679075,0.17412634261803,0.175753400471886,0.177411940798493,0.179104409243318,0.180833341410119,0.182601339103071,0.184411040222728,0.186265081687209,0.18816605488818,0.190116453382697,0.19211861276968,0.194174643005457,0.196286353775121,0.198455173950452,0.200682066620766,0.202967441664128,0.205311068309896,0.207711990599787,0.210168449047508,0.212677812086186,0.215236521036444,0.217840052286605,0.220482900117851,0.223158583111314,0.22585967633816,0.228577870575665,0.231304058652899,0.234028447771378,0.236740695350019,0.239430064702619,0.242085595765593,0.244696285242468,0.247251269991057,0.249740007295328,0.252152445851661,0.254479181840636,0.256711595302532,0.25884196311465,0.260863546092994,0.262770649015335,0.264558653597068,0.266224025567367,0.267764297931492,0.269178033227493,0.270464768075788,0.271624943581862,0.272659825205387,0.273571415584755,0.274362363542194,0.275035872131504,0.275595608166463,0.276045615217734,0.276390231618039,0.276634014591722,0.27678167124098,0.276837996786621,0.276807820180606,0.276695956981318,0.276507169207747,0.276246131761077,0.275917404915539,0.275525412328647,0.275074423997558,0.27456854358742,0.274011699573627,0.273407639668296,0.272759928037865,0.27207194486037,0.271346887814947,0.270587775140588,0.269797449944506,0.268978585481774,0.268133691166364,0.267265119109024,0.266375071009299,0.265465605257548,0.264538644127952,0.263595980965526,0.262639287289273,0.261670119749978,0.260689926895155,0.259700055705459,0.258701757876791,0.257696195830537,0.256684448441188,0.255667516476068,0.254646327746393,0.253621741972379,0.252594555367903,0.251565504952342,0.250535272598763,0.249504488828822,0.248473736365429,0.247443553454771,0.246414436969455,0.245386845304601,0.24436120107859,0.243337893649931,0.242317281461398,0.241299694222197,0.240285434938481,0.239274781802085,0.238267989946844,0.237265293081392,0.236266905006829,0.235273021027162,0.234283819259965,0.233299461854216,0.232320096121859,0.231345855589181,0.230376860973706,0.229413221091936,0.228455033702874,0.227502386291946,0.226555356799612,0.225614014298642,0.22467841962376,0.2237486259571,0.222824679372644,0.22190661934261,0.220994479208536,0.220088286619584,0.219188063940439,0.218293828630971,0.217405593599689,0.216523367532864,0.215647155201049,0.214776957744608,0.21391277293975,0.213054595446434,0.21220241703944,0.211356226823784,0.210516011435571,0.209681755229311,0.20885344045264,0.208031047409319,0.207214554611323,0.206403938920773,0.20559917568241,0.204800238847252,0.204007101088046,0.203219733907063,0.20243810773676,0.201662192033786,0.200891955366779,0.200127365498374,0.199368389461802,0.198614993632443,0.197867143794661,0.197124805204239,0.196387942646695,0.195656520491755,0.194930502744223,0.194209853091499,0.193494534947935,0.192784511496261,0.192079745726245,0.19138020047078,0.190685838439548,0.189996622250429,0.18931251445878,0.188633477584735,0.187959474138642,0.187290466644744,0.186626417663234,0.185967289810768,0.185313045779538,0.184663648354987,0.18401906043227,0.183379245031502,0.182744165311905,0.182113784584895,0,0.133687563251746,0.134920548221914,0.136169261669892,0.137431573379853,0.138704023246374,0.139984439714126,0.141271881042889,0.142566186458132,0.143867611911516,0.14517660070279,0.146493656495192,0.14781928317709,0.149153965551432,0.150498173427147,0.151852377811649,0.15321707208887,0.154592793916359,0.155980145501792,0.157379811189878,0.158792572084762,0.16021931788299,0.161661056299839,0.163118920516827,0.16459417502005,0.166088220080939,0.167602594982635,0.169138979936341,0.170699196475545,0.172285205970481,0.173899105776477,0.175543122422542,0.17721960116442,0.17893099117308,0.180679825608922,0.182468695847795,0.184300219181473,0.18617699941705,0.188101579951215,0.19007638910062,0.192103677731496,0.194185449551184,0.196323384799221,0.19851875849959,0.200772354896951,0.203084380179867,0.205454376068371,0.207881137279954,0.210362636249901,0.212895958728185,0.215477253964476,0.218101703088145,0.220763508962557,0.223455910227628,0.226171221444748,0.228900900248409,0.231635641236198,0.234365495061346,0.237080009914081,0.23976839138315,0.242419675670774,0.245022910376305,0.247567336629946,0.250042566284788,0.252438748168156,0.254746718025156,0.256958127702673,0.25906555024359,0.26106255879855,0.262943778522992,0.264704911823992,0.266342738382261,0.267855092246414,0.269240818947859,0.270499716005328,0.271632460386587,0.272640526494611,0.273526098079661,0.274291977185823,0.274941492860218,0.275478411922472,0.275906853643764,0.276231209745443,0.276456070716671,0.276586159082736,0.276626269938311,0.27658121879639,0.276455796593332,0.276254731530199,0.275982657315377,0.275644087297408,0.275243393933636,0.27478479302357,0.27427233213982,0.273709882709053,0.273101135225958,0.272449597121135,0.271758592845873,0.271031265780741,0.270270581618796,0.269479332916807,0.268660144548118,0.267815479828207,0.266947647118131,0.266058806741831,0.26515097808072,0.264226046733109,0.263285771647168,0.262331792154315,0.261365634845631,0.260388720247182,0.259402369261362,0.258407809350809,0.257406180449171,0.256398540589481,0.255385871246044,0.254369082389948,0.253349017261626,0.252326456866465,0.251302124201422,0.250276688222081,0.249250767560581,0.248224934005566,0.247199715755691,0.246175600458397,0.24515303804567,0.244132443378351,0.243114198710313,0.242098655983481,0.241086138964275,0.240076945231624,0.239071348026225,0.238069597970243,0.237071924666163,0.236078538183017,0.235089630437724,0.234105376478821,0.233125935679413,0.232151452845725,0.23118205924722,0.230217873573868,0.229259002825753,0.228305543139871,0.227357580558604,0.226415191744079,0.225478444642298,0.22454739910065,0.223622107442171,0.222702614999658,0.221788960612535,0.220881177089143,0.219979291636944,0.219083326262938,0.218193298146423,0.217309219986085,0.216431100323246,0.215558943842959,0.21469275165454,0.213832521552975,0.212978248262571,0.212129923664088,0.211287537006519,0.210451075104591,0.209620522522984,0.20879586174819,0.207977073348869,0.207164136125503,0.206357027250069,0.205555722396433,0.204760195862083,0.20397042068181,0.203186368733856,0.202408010839061,0.20163531685347,0.200868255754839,0.200106795723446,0.199350904217587,0.198600548044111,0.197855693424317,0.197116306055517,0.196382351168555,0.19565379358154,0.194930597750037,0.194212727813954,0.193500147641323,0.192792820869188,0.192090710941784,0.191393781146164,0.190701994645455,0.190015314509883,0.189333703745706,0.188657125322195,0.18798554219677,0.187318917338427,0.18665721374954,0.186000394486153,0.185348422676853,0.184701261540301,0.184058874401525,0.183421224707023,0.18278827603877,0,0.132237063030213,0.133426868787433,0.134639251911829,0.135870363888704,0.137116154574993,0.138373752304827,0.139641490014797,0.140918572837308,0.142204750335631,0.143500079743098,0.144804776075233,0.146119126799662,0.147443450208407,0.148778081627524,0.150123376205696,0.151479720608207,0.152847548599766,0.154227357422464,0.155619723228724,0.157025314742663,0.158444904900617,0.159879380549001,0.161329750426071,0.162797151680354,0.164282855125783,0.165788269333581,0.167314943536064,0.168864569183086,0.170438979858616,0.172040149140428,0.173670185875866,0.175331326255929,0.177025922002568,0.178756423944373,0.180525360247833,0.182335308599522,0.184188861703642,0.186088585574065,0.188036970265162,0.19003637290506,0.192088953171313,0.194196601682285,0.196360862164618,0.198582848690098,0.200863159740269,0.203201791334335,0.205598051918094,0.208050482125796,0.210556782854421,0.213113755290147,0.215717256559624,0.218362174509311,0.221042424719814,0.223750972229354,0.226479879580467,0.22922038174809,0.231962987308392,0.234697603938806,0.237413685087891,0.240100393512267,0.242746776437701,0.245341946440037,0.247875261814949,0.250336500240839,0.252716019932175,0.255004903195854,0.257195078278661,0.259279416548495,0.261251803294628,0.263107181671872,0.264841570467878,0.266452057375406,0.267936770255704,0.269294829460351,0.270526284632261,0.271632039545344,0.272613768492536,0.273473827528574,0.274215163555606,0.274841223845375,0.275355868157006,0.275763285165085,0.276067914483169,0.276274375171321,0.276387401264451,0.27641178455782,0.276352324639105,0.276213785961501,0.276000861605883,0.27571814327669,0.275370097009936,0.274961044036334,0.274495146231803,0.273976395596124,0.27340860722308,0.272795415257994,0.272140271377456,0.271446445368435,0.270717027427703,0.269954931845809,0.269162901781518,0.268343514871936,0.267499189459804,0.266632191252508,0.265744640257056,0.264838517861634,0.263915673957571,0.26297783401575,0.26202660604892,0.261063487406341,0.260089871359834,0.259107053451012,0.258116237578391,0.257118541810418,0.256115003916573,0.25510658661353,0.254094182527359,0.253078618875806,0.252060661877125,0.251041020893728,0.250020352320287,0.248999263226834,0.247978314768033,0.246958025370112,0.24593887370713,0.244921301478141,0.243905715996722,0.242892492603997,0.241881976915983,0.24087448691566,0.239870314899732,0.238869729289576,0.237872976315402,0.236880281582154,0.235891851525218,0.234907874763512,0.233928523357074,0.232953953975845,0.231984308985871,0.23101971745878,0.230060296109979,0.22910615017065,0.228157374198284,0.22721405283015,0.226276261483795,0.225344067008391,0.224417528290445,0.223496696817175,0.222581617200574,0.221672327665011,0.220768860500962,0.219871242487327,0.218979495284554,0.218093635800692,0.217213676532267,0.216339625881808,0.215471488453657,0.214609265329626,0.213752954325896,0.212902550232516,0.212058045036689,0.211219428131011,0.210386686507698,0.209559804939778,0.208738766150162,0.207923550969414,0.207114138483024,0.20631050616888,0.205512630025623,0.204720484692509,0.203934043561341,0.203153278881024,0.202378161855222,0.201608662733596,0.200844750897049,0.200086394937362,0.199333562731615,0.198586221511721,0.197844337929405,0.197107878116917,0.196376807743766,0.195651092069729,0.194930695994376,0.194215584103336,0.193505720711521,0.192801069903485,0.192101595571121,0.191407261448849,0.190718031146468,0.1900338681798,0.18935473599929,0.188680598016665,0.188011417629788,0.187347158245819,0.18668778330278,0.186033256289627,0.185383540764923,0.184738600374195,0.184098398866054,0.183462900107159,0,0.130826618186657,0.131970098968782,0.133143431477489,0.134340331664093,0.135556277768398,0.136787883793887,0.138032882619264,0.139289906089248,0.140558215243296,0.141837475546875,0.143127597086768,0.144428631792569,0.145740713681464,0.147064029127378,0.148398806831302,0.149745319851099,0.151103894307166,0.152474921157444,0.153858868774123,0.155256295019973,0.156667858182075,0.158094326539107,0.159536586573689,0.160995649943563,0.162472659335425,0.163968893274428,0.165485769874254,0.167024849404202,0.168587835433099,0.170176574194169,0.171793051706874,0.173439388096927,0.175117828478773,0.176830729710434,0.178580542303092,0.180369786771682,0.182201023753013,0.184076817299426,0.185999690883892,0.187972075831426,0.189996252125523,0.192074281829036,0.194207935705775,0.196398614027635,0.198647262992574,0.200954288645936,0.203319470669173,0.205741878847396,0.208219795415464,0.210750646772556,0.213330948206715,0.215956265245104,0.218621195010851,0.221319370503085,0.224043490018778,0.22678537301924,0.229536042647851,0.232285833887905,0.23502452508699,0.237741489356232,0.240425861271571,0.243066713446876,0.245653236986414,0.24817491960437,0.250621715339928,0.252984200284089,0.255253709525924,0.257422451553321,0.259483597522652,0.261431344051906,0.263260949404543,0.2649687440389,0.266552117440164,0.268009483888553,0.269340230329763,0.270544649802612,0.271623863961213,0.272579738133668,0.273414792122194,0.274132109609451,0.274735248630452,0.275228155132957,0.27561508121049,0.275900509173465,0.276089082241731,0.276185542306183,0.276194674923322,0.276121261475692,0.275970038251054,0.27574566205972,0.275452681917299,0.275095516262962,0.274678435155247,0.274205546882196,0.273680788435183,0.273107919321054,0.272490518221487,0.271831982048138,0.271135526984764,0.270404191150905,0.269640838564347,0.268848164120449,0.268028699344621,0.267184818709501,0.266318746340306,0.265432562960485,0.264528212955179,0.263607511452236,0.262672151339916,0.261723710157051,0.260763656805714,0.259793358048487,0.25881408476262,0.257827017931774,0.256833254363073,0.255833812122888,0.254829635689396,0.253821600823659,0.252810519163854,0.251797142549554,0.250782167084606,0.249766236948422,0.248749947966318,0.247733850950081,0.24671845482024,0.245704229521598,0.244691608743514,0.24368099245623,0.242672749274244,0.241667218657378,0.240664712959776,0.239665519336628,0.238669901517928,0.237678101458141,0.236690340870116,0.235706822651171,0.234727732208744,0.233753238692613,0.232783496140192,0.23181864454104,0.230858810826279,0.229904109788266,0.228954644935474,0.228010509287218,0.22707178611254,0.226138549617237,0.225210865582767,0.224288791960496,0.223372379424469,0.222461671885707,0.221556706970782,0.220657516467222,0.219764126738143,0.218876559108283,0.217994830223499,0.217118952385607,0.216248933864328,0.215384779187943,0.214526489414195,0.2136740623828,0.212827492950883,0.211986773212524,0.211151892703537,0.210322838592499,0.209499595858988,0.208682147459931,0.20787047448485,0.207064556300807,0.206264370687725,0.205469893964757,0.204681101108303,0.203897965862251,0.203120460840957,0.202348557625455,0.201582226853358,0.200821438302854,0.20006616097121,0.199316363148127,0.198572012484303,0.197833076055507,0.197099520422462,0.196371311686809,0.195648415543405,0.194930797329198,0.194218422068889,0.193511254517594,0.1928092592007,0.192112400451084,0.19142064244387,0.190733949228879,0.190052284760914,0.189375612928013,0.188703897577809,0.188037102542098,0.187375191659743,0.186718128798001,0.186065877872385,0.185418402865138,0.184775667842412,0.184137636970233,0,0.129452762128282,0.130549068999288,0.131681486781674,0.132841820419195,0.134025260584927,0.135228091439785,0.13644758590271,0.137681887539649,0.138929810905815,0.140190644081585,0.141463991083883,0.142749659874469,0.144047589577227,0.145357807681715,0.146680408588005,0.148015546430895,0.149363436819397,0.15072436363585,0.152098688271353,0.153486859624565,0.154889423885123,0.156307033599465,0.157740455817809,0.159190579287003,0.16065842072034,0.162145130171667,0.163651995490323,0.165180445752964,0.166732053471569,0.16830853527352,0.169911750647453,0.171543698253682,0.173206509215616,0.17490243674372,0.176633841400532,0.178403171299096,0.180212936542418,0.182065677263664,0.183963924720833,0.185910155040919,0.187906735401672,0.189955862687477,0.192059494960901,0.194219276451486,0.19643645717229,0.198711808721474,0.201045538293346,0.2034372033868,0.205885630128572,0.208388838488088,0.210943977910534,0.213547276995044,0.216194010758909,0.218878488728018,0.221594066562579,0.224333183167098,0.227087424266634,0.229847612301144,0.2326039212603,0.235346013832887,0.238063197067871,0.240744591729321,0.243379309757001,0.245956633782877,0.248466192539853,0.250898126241542,0.253243236588468,0.255493116916303,0.257640259072901,0.259678134807026,0.261601250682321,0.263405176710283,0.265086549953285,0.266643055228727,0.268073385714552,0.269377186701774,0.270554985966857,0.271608114266394,0.272538619319404,0.27334917637542,0.274042998107846,0.274623746158374,0.275095446222124,0.2754624081314,0.275729151989138,0.275900341035607,0.275980721612432,0.275975070320511,0.275888148252981,0.275724662018466,0.275489231148806,0.275186361403724,0.274820423436341,0.274395636262015,0.273916054972881,0.273385562156589,0.272807862505486,0.272186480138139,0.271524758195432,0.270825860316136,0.270092773639816,0.26932831302693,0.268535126225864,0.26771569975391,0.266872365293328,0.266007306434521,0.265122565625981,0.264220051215052,0.2633015444849,0.262368706611651,0.261423085481548,0.26046612232161,0.259499158108734,0.258523439731879,0.257540125889945,0.256550292714607,0.255554939112756,0.254554991827541,0.253551310220485,0.252544690779858,0.25153587136258,0.250525535178474,0.249514314526831,0.248502794295994,0.247491515237156,0.2464809770238,0.245471641108242,0.244463933386673,0.243458246683824,0.242454943068144,0.241454356007938,0.240456792378557,0.239462534330252,0.23847184102584,0.237484950256871,0.236502079946506,0.235523429546822,0.234549181337838,0.233579501635081,0.232614541912089,0.23165443984384,0.230699320276681,0.229749296130003,0.228804469234486,0.227864931111472,0.226930763697651,0.226002040019005,0.225078824817616,0.224161175134745,0.223249140853307,0.222342765202649,0.221442085228341,0.220547132229483,0.219657932165842,0.218774506036987,0.217896870235403,0.217025036875442,0.216159014099831,0.215298806365306,0.214444414708876,0.21359583699605,0.212753068152316,0.211916100379036,0.211084923354844,0.210259524423554,0.209439888769525,0.20862599958133,0.207817838204555,0.207015384284458,0.206218615899195,0.205427509684238,0.204642040948601,0.203862183783418,0.203087911163387,0.202319195041567,0.201556006437957,0.200798315522292,0.200046091691418,0.199299303641615,0.198557919436208,0.197821906568751,0.197091232022098,0.196365862323614,0.195645763596779,0.194930901609418,0.194221241818776,0.193516749413633,0.192817389353656,0.192123126406159,0.191433925180431,0.190749750159797,0.190070565731541,0.189396336214834,0.188727025886783,0.188062599006731,0.187403019838902,0.186748252673498,0.186098261846349,0.185453011757196,0.184812466886698,0,0.128111697522217,0.129161972852621,0.130252467383277,0.13137455454705,0.132523393359916,0.133695114552477,0.134886675428844,0.136095832732332,0.13732101650554,0.138561170199539,0.139815605558501,0.141083889412274,0.142365763417833,0.143661091739034,0.144969830224891,0.146292011063182,0.147627737923726,0.148977187751505,0.15034061641721,0.151718366305504,0.153110874602307,0.15451868154224,0.155942438219825,0.157382913781813,0.158841001931307,0.160317726712777,0.161814247531742,0.163331863310919,0.164872015609258,0.166436290441914,0.168026418445912,0.16964427294473,0.171291865380923,0.172971337514194,0.174684949727838,0.176435064754044,0.178224126122874,0.180054630666204,0.181929094471753,0.183850011789068,0.185819806544187,0.187840776327181,0.189915028979777,0.19204441222946,0.194230437188954,0.196474196958288,0.198776282018026,0.201136694567157,0.203554764411982,0.206029069420927,0.208557363887627,0.211136518351269,0.213762474469856,0.216430218394655,0.219133775727554,0.221866230546706,0.224619770167078,0.227385756289492,0.230154822033975,0.232916993119463,0.235661830225295,0.238378588440834,0.241056388766391,0.243684395948661,0.246251996573868,0.24874897133196,0.251165655705191,0.253493083993543,0.255723112510879,0.25784851889268,0.259863075661474,0.261761597410759,0.263539962111094,0.265195108045908,0.266725008701465,0.268128628537715,0.26940586294718,0.270557465877599,0.27158496857443,0.272490592724044,0.273277160984849,0.273948007519326,0.274506890720555,0.274957909892877,0.275305427222897,0.275553995982659,0.275708295554333,0.275773073562201,0.275753095146197,0.275653099210775,0.275477761330486,0.275231662884312,0.27491926591891,0.274544893200289,0.274112712898209,0.273626727352111,0.273090765386743,0.272508477675563,0.271883334686788,0.271218626787821,0.270517466126373,0.269782789949066,0.269017365059587,0.268223793157411,0.267404516834365,0.266561826039381,0.265697864851675,0.264814638429139,0.263914020022253,0.26299775796427,0.262067482566206,0.261124712860348,0.260170863149025,0.259207249326259,0.258235094949155,0.257255537043438,0.25626963163386,0.25527835899525,0.254282628624104,0.253283283933876,0.252281106679634,0.251276821119717,0.250271097923457,0.249264557835041,0.248257775104305,0.247251280695639,0.246245565286367,0.245241082066007,0.244238249347644,0.243237453002458,0.242239048728082,0.241243364161137,0.240250700843831,0.239261336054073,0.238275524508105,0.237293499944152,0.236315476595152,0.235341650558131,0.234372201067363,0.233407291678003,0.232447071366441,0.231491675553252,0.230541227054203,0.229595836964426,0.2286556054805,0.227720622664891,0.226790969156853,0.225866716833625,0.224947929425485,0.224034663087966,0.223126966934303,0.222224883530951,0.221328449358834,0.220437695242751,0.21955264675123,0.218673324568932,0.217799744843549,0.216931919509019,0.216069856586729,0.215213560466258,0.214363032167116,0.213518269582792,0.212679267708377,0.211846018852889,0.211018512837374,0.210196737179776,0.209380677267478,0.208570316518376,0.207765636531269,0.206966617226299,0.206173236976116,0.205385472728402,0.204603300120339,0.203826693585561,0.203055626454098,0.202290071045785,0.201529998757558,0.200775380145063,0.200026184998935,0.199282382416111,0.198543940866498,0.197810828255298,0.197083011981279,0.196360458991244,0.195643135830962,0.194931008692759,0.194224043460022,0.193522205748777,0.192825460946545,0.192133774248652,0.19144711069214,0.190765435187439,0.190088712547944,0.18941690751761,0.188749984796716,0.188087909065882,0.187430645008467,0.186778157331446,0.186130410784842,0.18548737017983,0,0.126800175667542,0.127806508515086,0.128854855976831,0.129937683678919,0.131050411590409,0.132189177458239,0.133350762915216,0.13453264837641,0.135732956364519,0.136950334155157,0.138183828847001,0.139432780090497,0.14069673791327,0.141975404792644,0.143268598014486,0.14457622766932,0.1458982859827,0.147234844402636,0.148586055669578,0.149952158836659,0.15133348583186,0.152730468642654,0.154143646562256,0.155573673180259,0.157021322948951,0.158487497229965,0.159973229742455,0.161479691309095,0.16300819374262,0.164560192643717,0.166137288798891,0.167741227781643,0.169373897277388,0.171037321577551,0.172733652625812,0.174465156954471,0.176234197826146,0.178043211900658,0.17989467978435,0.181791089894787,0.18373489519344,0.18572846250762,0.187774014384912,0.189873563700962,0.192028841574409,0.194241219526998,0.196511627253332,0.198840467818856,0.201227532565098,0.20367191844063,0.206171950860953,0.208725115493059,0.211328002521127,0.213976266941124,0.216664608222227,0.219386772241202,0.222135577736497,0.22490296865512,0.227680092711724,0.230457405300588,0.23322479667035,0.23597173907361,0.238687449528785,0.241361062964977,0.243981809933682,0.24653919281283,0.249023154520431,0.251424234187749,0.253733704977072,0.25594369020425,0.258047255061077,0.260038472439888,0.261912462555433,0.263665407160315,0.265294540098421,0.266798116693816,0.268175365009098,0.26942642232493,0.270552260305524,0.271554602249575,0.272435835616353,0.273198922699906,0.27384731193747,0.274384851915278,0.274815709704987,0.275144294749846,0.275375189138439,0.275513084766421,0.275562727598965,0.275528869010527,0.275416223992511,0.275229435879874,0.274973047149437,0.274651475779988,0.274268996630999,0.27382972728723,0.273337617825231,0.272796443980008,0.272209803221868,0.271581113291303,0.270913612780896,0.270210363395679,0.269474253565317,0.268708003121973,0.267914168795744,0.267095150314808,0.266253196929449,0.265390414208016,0.264508770978447,0.263610106311598,0.262696136462223,0.261768461700479,0.260828572981353,0.259877858411785,0.258917609485695,0.257949027065804,0.256973227098404,0.255991246053118,0.255004046084502,0.254012519916249,0.253017495451727,0.252019740117033,0.25101996494449,0.25001882840587,0.249016940005542,0.248014863644375,0.247013120765566,0.246012193293705,0.245012526378374,0.244014530953415,0.243018586122748,0.242025041383295,0.241034218695158,0.240046414408818,0.239061901058614,0.238080929031351,0.237103728118383,0.236130508959067,0.235161464383019,0.234196770658155,0.233236588651068,0.232281064905877,0.231330332647282,0.230384512713172,0.229443714421797,0.228508036378145,0.227577567223855,0.226652386334715,0.225732564469468,0.224818164373427,0.223909241340126,0.223005843734003,0.222108013476916,0.221215786501061,0.220329193170697,0.219448258674901,0.218573003393415,0.217703443237494,0.216839589967518,0.215981451489038,0.215129032128741,0.214282332891777,0.213441351701735,0.212606083624499,0.211776521077094,0.210952654022567,0.210134470151887,0.209321955053735,0.208515092373038,0.207713863959012,0.206918250003425,0.206128229169757,0.205343778713867,0.20456487459674,0.203791491589855,0.20302360337366,0.202261182629618,0.201504201126258,0.200752629799611,0.200006438828424,0.199265597704479,0.19853007529834,0.19779983992084,0.197074859380558,0.196355101037576,0.195640531853732,0.194931118439605,0.194226827098443,0.19352762386722,0.192833474555009,0.192144344778846,0.191460199997231,0.190781005541427,0.190106726644681,0.189437328469514,0.188772776133182,0.188113034731431,0.187458069360652,0.186807845138527,0.186162327223269,0,0.125515072092892,0.12648000893011,0.127486646677535,0.128529839263132,0.12960553250041,0.130710006754857,0.131839997156947,0.132992820859423,0.134166379783112,0.135359085837669,0.136569761067133,0.137797542187368,0.139041801676436,0.140302088240948,0.141578085192754,0.142869583654005,0.144176467200171,0.145498704837969,0.146836349736414,0.148189541700381,0.149558511905903,0.150943588863013,0.152345204921665,0.153763902891258,0.155200342514628,0.156655306637023,0.15812970695344,0.159624589217173,0.161141137759697,0.162680679116878,0.164244684486918,0.165834770668249,0.167452699046594,0.169100372124898,0.17077982702263,0.17249322531682,0.174242838560911,0.17603102880402,0.17786022344791,0.179732883827266,0.18165146698665,0.183618380260189,0.185635928442833,0.187706253578526,0.189831267682678,0.192012579062567,0.19425141329429,0.196548530348062,0.19890413980855,0.201317816590587,0.203788419973753,0.206314019137412,0.208891828632517,0.211518157339009,0.21418837439179,0.216896895285633,0.219637190873221,0.222401821250692,0.225182495600735,0.227970157974589,0.230755097801394,0.233527082692593,0.236275509947151,0.238989572148819,0.241658431460819,0.244271396731245,0.246818097365288,0.249288648110667,0.251673799422723,0.25396506888015,0.256154850143401,0.258236497103333,0.260204382070061,0.26205392801737,0.263781615953881,0.265384969382664,0.266862518500143,0.268213747257203,0.269439026662968,0.270539537772485,0.271517187692087,0.272374521695426,0.273114634206375,0.273741081008221,0.274257794614296,0.2746690043106,0.274979161977212,0.275192874427488,0.275314842681748,0.275349808320034,0.275302506837418,0.275177627753153,0.274979781097625,0.274713469813282,0.274383067551567,0.273992801321516,0.273546738441329,0.273048777256756,0.272502641115028,0.271911875116394,0.271279845203967,0.270609739193951,0.269904569390439,0.269167176470385,0.268400234364003,0.267606255892944,0.266787598962861,0.265946473138003,0.265084946453324,0.264204952344302,0.263308296596326,0.262396664234366,0.261471626289903,0.260534646395984,0.259587087173105,0.258630216378486,0.257665212799642,0.25669317187995,0.255715111069563,0.254731974899515,0.253744639780532,0.252753918530902,0.251760564639974,0.25076527627554,0.249768700044549,0.248771434517464,0.247774033527137,0.24677700925332,0.245780835104102,0.244785948405434,0.243792752909794,0.242801621134701,0.241812896541513,0.240826895564493,0.239843909499742,0.238864206263107,0.237888032025759,0.236915612735619,0.235947155532385,0.234982850063451,0.234022869707547,0.233067372712533,0.232116503253351,0.231170392415746,0.230229159111004,0.229292910926593,0.228361744917272,0.227435748340888,0.22651499934283,0.225599567592791,0.224689514877253,0.223784895650853,0.222885757549577,0.221992141868495,0.221104084006584,0.220221613880966,0.219344756312747,0.218473531386484,0.217607954785121,0.216748038102165,0.215893789132682,0.215045212144613,0.2142023081318,0.213365075049987,0.212533508037,0.211707599618194,0.210887339898203,0.210072716739926,0.209263715931642,0.208460321343056,0.207662515071049,0.206870277575821,0.206083587808084,0.205302423327913,0.204526760415819,0.203756574176561,0.202991838636181,0.202232526832729,0.201478610901077,0.200730062152227,0.199986851147469,0.199248947767729,0.198516321278423,0.197788940390105,0.197066773315187,0.196349787820983,0.195637951279307,0.194931230712855,0.194229592838578,0.19353300410822,0.192841430746223,0.192154838785149,0.191473194098785,0.190796462433063,0.190124609434952,0.189457600679428,0.188795401694651,0.188137977985455,0.187485295055269,0.186837318426536,0,0.124253465891776,0.12517954712486,0.126145426289135,0.12714920003215,0.12818750286564,0.129256860815553,0.130354077019651,0.131476415843882,0.132621650560182,0.133788027161059,0.134974191746191,0.136179111227344,0.137402002184901,0.138642273548962,0.139899483919873,0.14117331206179,0.142463538235763,0.143770033907645,0.145092757592699,0.146431754973576,0.147787161835504,0.149159208740304,0.150548226679011,0.151954653190925,0.153379038615523,0.154822052259564,0.156284488324524,0.157767271459195,0.15927146178835,0.160798259229505,0.162349006853195,0.163925192974492,0.165528451590247,0.16716056070294,0.168823438002809,0.17051913331973,0.172249817209801,0.174017765013528,0.175825335718105,0.177674944980882,0.179569031730515,0.181510017862229,0.183500260689689,0.185541998012903,0.187637285912707,0.189787929688567,0.191995408715328,0.194260796399228,0.196584676851841,0.198967060354262,0.201407300128144,0.203904013334413,0.206455009548952,0.209057230178887,0.211706702345151,0.214398510632868,0.217126789775473,0.219884740779445,0.222664672219231,0.225458067461481,0.228255677459955,0.231047637562057,0.233823605564368,0.236572917134928,0.239284753771034,0.241948317759697,0.24455300821189,0.247088592184357,0.249545365187889,0.251914295982933,0.254187151430297,0.256356598224446,0.258416279505687,0.260360865538857,0.262186078779288,0.263888694654182,0.265466520218975,0.266918353473913,0.26824392653528,0.269443836055812,0.270519464300551,0.271472894138198,0.272306820939591,0.273024464021088,0.273629479866387,0.274125878936594,0.274517947460416,0.274810175203728,0.275007189863765,0.27511369842599,0.275134435564823,0.275074118962828,0.274937411264057,0.27472888826148,0.274453012840502,0.274114114154448,0.273716371487846,0.273263802263784,0.272760253667594,0.272209397386292,0.271614726997954,0.270979557584446,0.270307027182401,0.2696000997291,0.268861569200708,0.268094064679119,0.267300056119845,0.266481860626644,0.26564164906862,0.264781452902421,0.263903171085958,0.263008576990853,0.26209932523897,0.261176958403887,0.260242913531479,0.259298528445041,0.258345047809808,0.257383628939593,0.256415347334773,0.25544120194615,0.254462120163472,0.253478962530859,0.252492527194017,0.251503554086217,0.250512728861538,0.249520686585028,0.248528015190147,0.247535258714405,0.246542920324294,0.245551465140712,0.24456132287598,0.243572890293329,0.2425865334995,0.24160259008068,0.240621371091645,0.23964316290754,0.238668228947251,0.237696811276902,0.236729132101516,0.235765395152432,0.234805786977646,0.233850478141745,0.23289962434177,0.23195336744486,0.231011836453186,0.230075148401322,0.229143409190823,0.228216714366477,0.227295149838393,0.226378792553759,0.225467711121894,0.224561966395898,0.22366161201402,0.222766694903602,0.221877255750286,0.220993329434934,0.220114945440588,0.219242128231574,0.218374897606737,0.21751326902864,0.216657253930416,0.215806860001858,0.2149620914562,0.214122949278939,0.213289431459966,0.212461533210156,0.211639247163504,0.210822563565804,0.210011470450809,0.209205953804716,0.208405997719795,0.207611584537891,0.206822694984498,0.206039308294026,0.205261402326889,0.204488953678924,0.203721937783689,0.202960329008095,0.20220410074183,0.201453225480967,0.200707674906165,0.199967419955796,0.199232430894342,0.198502677376371,0.197778128506371,0.19705875289472,0.196344518710032,0.195635393728119,0.19493134537778,0.194232340783624,0.193538346806107,0.192849330078973,0.192165257044245,0.191486093984935,0.190811807055607,0.190142362310929,0.189477725732338,0.188817863252934,0.188162740780721,0.187512324220277,0,0.123012989006531,0.123901998467633,0.12482845476262,0.125793563417935,0.126794655243551,0.127828569161749,0.128892274837595,0.12998308799896,0.131098745838171,0.132237402689788,0.133397584510971,0.134578128558256,0.135778123631711,0.136996858390451,0.138233780441959,0.139488466271994,0.140760600795242,0.14204996480946,0.143356428577618,0.144679949930782,0.146020575550842,0.14737844438071,0.148753792377043,0.150146958045147,0.15155838836918,0.152988644872894,0.15443840962155,0.155908491010638,0.157399829189036,0.158913500940007,0.160450723799629,0.162012859134594,0.163601413835149,0.165218040209108,0.166864533593969,0.168542827140565,0.17025498316791,0.17200318044952,0.173789696771449,0.175616886106756,0.177487149785753,0.179402901111979,0.181366522986227,0.183380318260564,0.185446452755504,0.187566891139138,0.189743326186953,0.191977102311885,0.194269134667317,0.196619825567526,0.199028980420374,0.201495725799448,0.204018432665336,0.206594648041833,0.209221038624278,0.211893349806992,0.214606383433299,0.217353997173437,0.220129127815479,0.222923839922997,0.225729400301531,0.228536377575084,0.231334764972765,0.234114123246028,0.23686373956582,0.239572797370277,0.242230551518993,0.244826502810473,0.24735056595992,0.24979322551033,0.252145674827899,0.254399934255042,0.256548945585439,0.258586641200754,0.260507987383104,0.262309002413943,0.263986751026298,0.265539317548901,0.26696576064344,0.268266052884581,0.26944100857778,0.270492203175827,0.271421887473543,0.272232899467139,0.272928576396617,0.27351266908021,0.273989260228294,0.274362688014162,0.274637475798136,0.274818268561519,0.27490977631468,0.274916724501575,0.274843811230498,0.274695671014536,0.274476844600537,0.274191754396631,0.273844684969733,0.273439768070283,0.272980971646239,0.272472092327487,0.27191675089101,0.271318390253075,0.270680275574456,0.270005496106129,0.269296968444237,0.268557440903265,0.267789498754274,0.266995570110363,0.266177932273744,0.265338718387922,0.264479924264435,0.263603415276472,0.262710933231748,0.261804103154309,0.260884439919867,0.259953354701953,0.259012161196882,0.258062081604552,0.257104252349542,0.256139729533129,0.255169494111895,0.254194456802572,0.253215462716044,0.252233295725902,0.251248682578873,0.250262296755889,0.249274762093572,0.2482866561766,0.247298513511869,0.246310828495507,0.245324058183887,0.244338624879609,0.243354918543253,0.242373299041357,0.241394098240746,0.240417621958902,0.239444151779666,0.238473946743072,0.237507244917691,0.236544264863384,0.235585206991909,0.234630254832404,0.233679576208314,0.232733324331927,0.231791638822292,0.230854646651906,0.22992246302719,0.228995192207459,0.228072928266738,0.227155755802499,0.226243750595092,0.225336980221389,0.224435504625905,0.223539376652425,0.222648642538959,0.221763342378625,0.220883510548901,0.220009176111473,0.219140363184785,0.218277091291214,0.217419375680659,0.216567227632217,0.215720654735487,0.214879661152921,0.214044247864556,0.213214412896364,0.212390151533341,0.211571456518405,0.210758318238091,0.209950724895935,0.209148662674402,0.208352115886151,0.207561067115339,0.206775497349671,0.205995386103799,0.205220711534659,0.2044514505493,0.203687578905687,0.202929071306965,0.202175901489605,0.201428042305839,0.200685465800774,0.199948143284507,0.199216045399598,0.198489142184177,0.197767403130988,0.197050797242619,0.196339293083172,0.19563285882659,0.194931462301874,0.194235071035363,0.193543652290283,0.192857173103725,0.192175600321223,0.191498900629072,0.190827040584537,0.190159986644076,0.189497705189705,0.188840162553617,0.188187325041167,0,0.121791517925329,0.12264406152257,0.123532743406745,0.124460420245641,0.125424969708009,0.126423579117253,0.127453468233195,0.128512099547808,0.129597263545927,0.130707098242529,0.131840068923893,0.132994928169448,0.13417067012705,0.135366487314492,0.136581734035479,0.137815897822946,0.139068578779028,0.140339475893729,0.141628379110841,0.14293516587608,0.144259801020258,0.145602339016405,0.146962927851757,0.148341813942795,0.149739347677742,0.15115598928955,0.152592314842806,0.154049022163045,0.155526936551058,0.157027016113233,0.158550356506841,0.160098194851581,0.161671912500327,0.163273036297279,0.164903237884935,0.16656433055661,0.168258263092779,0.169987109971834,0.171753057313296,0.173558383899387,0.175405436634217,0.177296599844681,0.179234257909116,0.181220750824869,0.183258322499237,0.185349061773854,0.187494836472505,0.18969722109562,0.191957419166437,0.194276181654207,0.196653723343212,0.199089639461066,0.201582825297742,0.204131401904773,0.206732651225159,0.209382964130715,0.212077804799399,0.214811694621848,0.217578218366259,0.220370054651629,0.223179031897703,0.22599620987213,0.228811985797628,0.231616222786803,0.23439839722308,0.237147760689193,0.239853511240518,0.242504968295085,0.245091745209094,0.247603913742672,0.250032155082663,0.252367892837122,0.254603404387022,0.256731908096062,0.258747625054669,0.260645815186491,0.262422788601914,0.26407589398628,0.265603486521718,0.267004878342383,0.268280274812574,0.269430700010747,0.270457914725855,0.27136433005883,0.272152919407667,0.272827131234797,0.273390804602927,0.273848089047723,0.274203369954476,0.274461200237228,0.274626238792998,0.274703195926358,0.274696785712116,0.274611685084858,0.274452499309882,0.274223733395804,0.273929768948972,0.273574845938263,0.273163048829957,0.272698296561235,0.272184335842702,0.271624737311379,0.27102289409245,0.270382022368198,0.269705163593843,0.268995188040892,0.26825479938804,0.267486540116736,0.266692797502897,0.265875810027522,0.265037674057119,0.264180350669895,0.263305672525702,0.26241535069697,0.261510981394463,0.260594052535989,0.259665950118275,0.258727964362487,0.257781295612409,0.256827059971405,0.255866294670119,0.254899963161603,0.253928959944382,0.252954115116972,0.251976198669726,0.250995924521658,0.250013954311235,0.249030900951041,0.248047331956852,0.247063772562017,0.246080708628196,0.245098589363487,0.244117829858848,0.243138813453464,0.242161893939402,0.241187397615519,0.240215625200194,0.23924685361198,0.238281337626878,0.23731931142042,0.236360990002348,0.23540657055118,0.234456233655554,0.233510144468786,0.232568453782704,0.231631299026389,0.230698805195123,0.229771085714455,0.22884824324399,0.227930370425166,0.227017550577017,0.226109858343603,0.225207360296564,0.224310115495989,0.223418176012573,0.222531587413808,0.221650389216778,0.220774615309925,0.219904294345988,0.219039450108162,0.218180101851358,0.217326264620338,0.216477949546343,0.215635164123722,0.214797912467972,0.21396619555648,0.213140011453174,0.212319355518207,0.211504220603694,0.210694597236482,0.209890473788836,0.20909183663787,0.208298670314489,0.20751095764256,0.206728679868981,0.20595181678524,0.205180346841066,0.20441424725068,0.203653494092149,0.202898062400304,0.20214792625364,0.201403058855606,0.200663432610645,0.19992901919533,0.199199789624923,0.198475714315636,0.1977567631429,0.197042905495871,0.19633411032843,0.195630346206906,0.194931581354708,0.194237783694093,0.193548920885222,0.192864960362696,0.19218586936972,0.19151161499004,0.190842164177804,0.190177483785463,0.189517540589839,0.188862301316476,0,0.120586068254834,0.121402265531045,0.122255131588394,0.123147030260373,0.124076138196703,0.125040007067456,0.126036178183175,0.127062346047751,0.128116437418165,0.129196646925881,0.130301439285163,0.131429529839482,0.132579854524542,0.133751537330217,0.134943860199913,0.136156237868882,0.137388198507062,0.138639370044955,0.139909471536819,0.141198308697855,0.14250577272389,0.143831841579956,0.145176583071363,0.146540159150155,0.147922831038754,0.14932496485889,0.150747037532201,0.152189642768387,0.153653496979115,0.155139444954238,0.156648465115,0.158181674120748,0.159740330555272,0.161325837360105,0.162939742618837,0.164583738232508,0.166259655965363,0.167969460286739,0.169715237392882,0.171499179766803,0.173323565629908,0.175190732661579,0.177103045417996,0.179062855975172,0.181072457459142,0.183134030313424,0.185249581393856,0.187420876274834,0.189649365496922,0.191936105877527,0.194281678432393,0.196686104898858,0.199148765288547,0.201668319298183,0.204242634738023,0.206868726360969,0.209542708554292,0.212259765256494,0.215014140158382,0.217799149726577,0.22060722085225,0.22342995399988,0.226258211652262,0.229082230679557,0.231891756077603,0.234676192408142,0.237424768316014,0.24012670877227,0.242771409257331,0.245348605990964,0.247848536544094,0.25026208571078,0.25258091233028,0.25479755376147,0.256905505844854,0.258899277356387,0.260774419082534,0.262527528658645,0.264156233161015,0.265659152094044,0.267035843854097,0.268286738985072,0.26941306358529,0.270416756109401,0.271300380566531,0.272067038782868,0.272720284007967,0.273264037730281,0.273702511154706,0.274040132403388,0.27428148014498,0.274431224045903,0.274494072174331,0.274474725274232,0.27437783766076,0.274207984365615,0.27396963407651,0.273667127362944,0.27330465965532,0.272886268440572,0.272415824149961,0.271897024239023,0.271333389992287,0.270728265623021,0.270084819278651,0.269406045603547,0.268694769551279,0.267953651177118,0.267185191177785,0.266391736978889,0.265575489200834,0.264738508361191,0.263882721695722,0.263009930001415,0.262121814423416,0.26121994312363,0.260305777782476,0.259380679896778,0.25844591684662,0.25750266771207,0.256552028827444,0.255595019066333,0.254632584855039,0.253665604915729,0.252694894743377,0.25172121082282,0.250745254593884,0.249767676173752,0.248789077846614,0.247810017331186,0.246831010836981,0.245852535920341,0.244875034151184,0.243898913601275,0.242924551164534,0.241952294719619,0.240982465144579,0.240015358193016,0.23905124624072,0.238090379911303,0.237132989588907,0.236179286825605,0.235229465650677,0.234283703788497,0.233342163791372,0.232404994093246,0.231472329989814,0.230544294550229,0.229620999465208,0.228702545836071,0.227789024908865,0.226880518757501,0.22597710091952,0.225078836987853,0.224185785161718,0.22329799675955,0.222415516696672,0.221538383930206,0.22066663187356,0.219800288782626,0.218939378115711,0.21808391886905,0.217233925889608,0.216389410166792,0.215550379104525,0.214716836775079,0.213888784155921,0.213066219350768,0.21224913779593,0.211437532452973,0.210631393988637,0.209830710942876,0.209035469885853,0.208245655564621,0.207461251040205,0.206682237815728,0.205908595956184,0.205140304200432,0.204377340065904,0.203619679946548,0.202867299204421,0.202120172255381,0.201378272649241,0.200641573144772,0.199910045779875,0.19918366193724,0.198462392405791,0.197746207438182,0.1970350768046,0.196328969843117,0.195627855506797,0.194931702407784,0.194240478858547,0.193554152910462,0.192872692389911,0.192196064932039,0.191524238012321,0.19085717897608,0.190194855066067,0.18953723344825,0,0.11939242885596,0.120173000950982,0.120992363620326,0.121850496104997,0.12274562862402,0.123675691667563,0.124638611093202,0.125632387671682,0.126655158364798,0.127705241820342,0.128781159992667,0.129881638491497,0.131005592961589,0.13215210864799,0.133320418436844,0.134509882671046,0.135719972458628,0.136950257097694,0.138200395560809,0.139470131608161,0.140759291936101,0.142067786739106,0.143395612111357,0.144742853798812,0.146109691906606,0.147496406253235,0.148903382132768,0.150331116294926,0.151780222979376,0.1532514398459,0.154745633628538,0.15626380531206,0.157807094586453,0.159376783282615,0.160974297433677,0.162601207544483,0.16425922659052,0.165950205210537,0.167676123508294,0.169439078842603,0.1712412689659,0.173084969875103,0.174972507770197,0.176906224581622,0.178888436633173,0.180921386158197,0.183007185588021,0.185147754785779,0.187344751706386,0.189599497321333,0.191912896047504,0.194285353349454,0.196716692625502,0.199206073914507,0.201751917341562,0.20435183452196,0.207002571326383,0.209699965439969,0.212438921992284,0.215213410171779,0.218016483158146,0.220840322917205,0.223676310432999,0.226515120847924,0.229346841808855,0.23216111215354,0.234947277001553,0.237694554420544,0.240392208193489,0.243029720869303,0.245596961266082,0.248084340913329,0.250482954538884,0.252784700575207,0.254982378706795,0.257069762624452,0.25904164730935,0.260893871263608,0.262623315070412,0.264227878459123,0.2657064386418,0.267058793068886,0.26828558993119,0.269388249734045,0.270368881117424,0.27123019382742,0.271975411395598,0.272608185686839,0.273132515062986,0.27355266750318,0.273873109640586,0.274098442332087,0.274233343080031,0.274282515376553,0.274250644841303,0.274142361869776,0.27396221039774,0.273714622312052,0.273403896993801,0.273034185460572,0.272609478575336,0.272133598805228,0.271610195040081,0.271042740014521,0.270434529915775,0.269788685799808,0.269108156479186,0.268395722585927,0.26765400155048,0.26688545327338,0.266092386298622,0.265276964327231,0.264441212935806,0.263587026388158,0.26271617444855,0.261830309122826,0.260930971268968,0.260019597031703,0.259097524066835,0.258165997530285,0.257226175814567,0.256279136021829,0.255325879167846,0.254367335115554,0.253404367240123,0.252437776830223,0.251468307232166,0.250496647745194,0.24952343727724,0.248549267771335,0.247574687413253,0.246600203631296,0.245626285899151,0.244653368352728,0.243681852231632,0.242712108155725,0.241744478246822,0.240779278105234,0.23981679865041,0.238857307834533,0.237901052237424,0.236948258550719,0.235999134958776,0.235053872423381,0.234112645878852,0.23317561534377,0.232242926955124,0.231314713930325,0.230391097462148,0.229472187551336,0.22855808378128,0.22764887603888,0.226744645185399,0.225845463680878,0.224951396165398,0.224062500000269,0.223178825771982,0.222300417761586,0.221427314381926,0.220559548585026,0.219697148241735,0.218840136495592,0.217988532092723,0.217142349689461,0.216301600139254,0.215466290760305,0.214636425585297,0.213812005594445,0.21299302893303,0.212179491114494,0.211371385210101,0.210568702026055,0.209771430268982,0.208979556700524,0.208193066281823,0.207411942308553,0.206636166537156,0.205865719302867,0.205100579630079,0.204340725335558,0.20358613312499,0.20283677868329,0.202092636759101,0.201353681243851,0.200619885245725,0.199891221158902,0.199167660728334,0.198449175110384,0.197735734929573,0.197027310331694,0.196323871033517,0.195625386369312,0.194931825334386,0.194243156625822,0.1935593486806,0.192880369711261,0.19220618773927,0.191536770626215,0.19087208610299,0.190212101797067,0,0.118205342059531,0.118952595648418,0.119741166748296,0.120567833209833,0.12143074599429,0.122328246469402,0.123258702701857,0.124220484224594,0.125212000851904,0.126231754381185,0.127278376870349,0.128350649452116,0.129447505032401,0.130568020662824,0.131711404822162,0.132876983414031,0.134064186874752,0.135272539670391,0.136501652681925,0.137751218483003,0.139021009236635,0.140310876810121,0.141620754678038,0.142950661210243,0.14430070399616,0.145671084918083,0.147062105742143,0.148474174038644,0.149907809270225,0.151363648895614,0.152842454329315,0.154345116574929,0.15587266131421,0.157426253187785,0.159007198949688,0.160616949119218,0.162257097693333,0.163929379424195,0.165635664113071,0.167377947327663,0.169158336919358,0.170979034704746,0.172842312687383,0.174750483236857,0.176705862718686,0.178710728186383,0.180767266911386,0.18287751874174,0.185043311548699,0.187266190341236,0.189547340997439,0.191887509969987,0.194286921755559,0.196745196354661,0.19926126936224,0.201833317688694,0.204458694179725,0.207133874544953,0.209854419984133,0.21261495868725,0.215409188961788,0.218229906102889,0.221069054283179,0.223917803731779,0.226766652348463,0.22960554972783,0.232424040429746,0.23521142231035,0.23795691490269,0.24064983227435,0.243279754537948,0.245836692269512,0.248311238491809,0.250694703569698,0.252979229284376,0.255157879428802,0.257224705415171,0.259174786525619,0.261004245495814,0.262710241038803,0.264290939652206,0.265745469583625,0.267073860153155,0.268276969760019,0.269356405856119,0.270314439984034,0.271153920685759,0.271878186726103,0.272490982673939,0.272996378473179,0.27339869423627,0.273702431122728,0.273912208835257,0.274032709982536,0.274068631323176,0.274024641718829,0.273905346482753,0.273715257708815,0.273458770099415,0.273140141773621,0.27276347952319,0.272332727989066,0.271851662249693,0.27132388334106,0.270752816263526,0.270141710069292,0.269493639664896,0.268811509003545,0.268098055381341,0.267355854588581,0.26658732670186,0.265794742334294,0.264980229189695,0.264145778791995,0.263293253283685,0.262424392206677,0.261540819196083,0.26064404853201,0.259735491507003,0.25881646257732,0.257888185275081,0.256951797865756,0.256008358741462,0.255058851545585,0.254104190028163,0.253145222634723,0.252182736833709,0.251217463189571,0.250250079190025,0.249281212837,0.248311446011505,0.247341317623061,0.246371326554564,0.245401934413484,0.244433568100181,0.243466622203941,0.242501461237018,0.241538421716639,0.240577814104516,0.239619924613,0.23866501688658,0.237713333566953,0.236765097749473,0.235820514338335,0.234879771307404,0.233943040873194,0.233010480586073,0.232082234345421,0.231158433344039,0.230239196946798,0.229324633508172,0.228414841132963,0.227509908384249,0.226609914942306,0.225714932217971,0.224825023923693,0.223940246605272,0.223060650137079,0.222186278183347,0.221317168627938,0.220453353974825,0.219594861721335,0.21874171470611,0.217893931433534,0.2170515263763,0.216214510257634,0.215382890314613,0.214556670543881,0.213735851930996,0.212920432664538,0.212110408336034,0.211305772126669,0.210506514981703,0.209712625773421,0.20892409145341,0.208140897194877,0.207363026525687,0.206590461452753,0.205823182578347,0.205061169208876,0.204304399456634,0.203552850334986,0.202806497847423,0.20206531707089,0.201329282233764,0.200598366788834,0.199872543481602,0.199151784414216,0.198436061105311,0.197725344546022,0.197019605252422,0.196318813314599,0.195622938442599,0.194931950009428,0.194245817091294,0.193564508505275,0.192887992844556,0.192216238511403,0.191549213748011,0.190886886665346,0,0.117019385727127,0.117737442171582,0.118498328691734,0.119296032718009,0.120128687895076,0.12099510966882,0.121894161809534,0.122824632204174,0.123785252938287,0.124774757531217,0.125791933749112,0.126835659164083,0.12790491936355,0.128998813124033,0.13011654944901,0.131257440524568,0.132420893472744,0.13360640271804,0.134813543959362,0.136041970163215,0.137291409624817,0.138561665931989,0.139852619565582,0.141164230840928,0.142496543907611,0.143849691557732,0.145223900631005,0.146619497838659,0.148036915851614,0.149476699508883,0.150939511998641,0.152426140847359,0.153937503522889,0.155474652417312,0.157038778926709,0.158631216290348,0.160253440793584,0.161907070880164,0.163593863663613,0.165315708277674,0.167074615466271,0.168872702788646,0.170712174810125,0.17259529766888,0.174524367459792,0.176501671964111,0.178529445383817,0.180609815917365,0.182744746242743,0.184935967255832,0.187184905745515,0.189492607066224,0.191859654283022,0.194286085697803,0.196771313095323,0.199314043446712,0.201912207142658,0.204562896062691,0.207262314884234,0.210005748961963,0.212787551838021,0.215601154962078,0.218439101507262,0.221293105282615,0.224154134702816,0.22701252063847,0.229858085806966,0.232680292256279,0.235468402525322,0.23821164931107,0.240899407996235,0.243521366231203,0.246067684932946,0.248529145546361,0.250897279168489,0.253164474100431,0.255324059488921,0.257370363867089,0.259298748522366,0.261105616639406,0.262788400033129,0.264345525965712,0.265776367014848,0.267081177229386,0.268261017887877,0.269317676091344,0.270253579206233,0.271071707861969,0.27177550983428,0.272368816741577,0.272855765073905,0.273240722682976,0.273528221503051,0.273722896955627,0.273829434221311,0.273852521341362,0.273796808937502,0.27366687620839,0.273467202769629,0.273202145845934,0.272875922293489,0.272492594922098,0.272056062595455,0.271570053609332,0.271038121877806,0.270463645493761,0.269849827269115,0.269199696900665,0.26851611444746,0.26780177484423,0.267059213211757,0.266290810758744,0.265498801100444,0.264685276846949,0.263852196338643,0.263001390427979,0.262134569225698,0.261253328745924,0.260359157398675,0.259453442290236,0.258537475301973,0.257612458926604,0.256679511847965,0.255739674256079,0.254793912894057,0.25384312583709,0.252888147006844,0.251929750426882,0.250968654226514,0.250005524401817,0.249040978343497,0.248075588141896,0.247109883679821,0.246144355524026,0.245179457626191,0.244215609844112,0.243253200293582,0.242292587541144,0.241334102647528,0.24037805107121,0.239424714441063,0.238474352206685,0.237527203174482,0.236583486937201,0.23564340520411,0.234707143038641,0.23377487000986,0.232846741263752,0.231922898519896,0.231003470998784,0.230088576284629,0.229178321128237,0.228272802194168,0.227372106756132,0.22647631334429,0.225585492347879,0.224699706576315,0.223819011781745,0.222943457145759,0.222073085732816,0.221207934912735,0.220348036754441,0.219493418392993,0.218644102371775,0.217800106961603,0.216961446458356,0.216128131460642,0.215300169128896,0.214477563427191,0.213660315348967,0.212848423127796,0.212041882434208,0.211240686559538,0.210444826587686,0.209654291555614,0.208869068603339,0.208089143114152,0.207314498845705,0.206545118052586,0.205780981600962,0.205022069075806,0.204268358881212,0.203519828334247,0.202776453752775,0.202038210537649,0.201305073249628,0.200577015681381,0.199854010924882,0.199136031434506,0.198423049086089,0.197715035232231,0.197011960754064,0.196313796109713,0.195620511379679,0.194932076309304,0.194248460348538,0.193569632689152,0.192895562299565,0.192226217957435,0.191561568280152,0,0.115829681392088,0.116524160170364,0.117260769709181,0.118032114207091,0.118836592003672,0.119673589020027,0.120542512109129,0.121442602388656,0.12237294868159,0.123332552409525,0.124320393514121,0.125335480798323,0.126376884240834,0.127443752310183,0.128535318698308,0.129650902558091,0.130789905421785,0.131951807015792,0.133136161371115,0.134342594009854,0.13557080055572,0.136820546837848,0.138091670394511,0.139384083202419,0.14069777542948,0.1420328200121,0.143389377876028,0.14476770364114,0.146168151668008,0.147591182313114,0.149037368257979,0.1505074007643,0.152002095682823,0.153522399009006,0.155069391735043,0.156644293697421,0.158248466063991,0.1598834120471,0.161550775372384,0.163252335979562,0.164990002385527,0.166765800105273,0.16858185550724,0.170440374481641,0.172343615328699,0.17429385533447,0.176293350600857,0.178344288839238,0.1804487350285,0.182608570081397,0.184825422958709,0.187100597016151,0.18943499175735,0.191829021585516,0.194282533578782,0.196794726735809,0.199364075519716,0.201988260835907,0.204664111776653,0.207387561516549,0.210153620616584,0.212956370667223,0.21578898066175,0.218643747745448,0.221512163058084,0.22438500231967,0.227252439663781,0.230104182073242,0.232929620701982,0.235717994455847,0.238458560526841,0.241140766185248,0.243754416064559,0.246289829430129,0.248737982481365,0.251090631551434,0.253340414071189,0.255480925276685,0.257506769780641,0.259413588220525,0.261198060174289,0.262857885350142,0.264391745678547,0.265799251350997,0.26708087406586,0.268237870774948,0.269272201103199,0.270186441371268,0.270983697821649,0.271667521266891,0.272241824973355,0.27271080719074,0.273078879355667,0.273350600650578,0.273530619295704,0.273623620695958,0.27363428235692,0.273567235322511,0.273427031767563,0.273218118296299,0.272944814447266,0.272611295880779,0.272221581721308,0.271779525539471,0.271288809482178,0.270752941091364,0.270175252388676,0.269558900842974,0.268906871877779,0.268221982615395,0.267506886592366,0.266764079216523,0.265995903768663,0.265204557781767,0.264392099657415,0.263560455402833,0.262711425392922,0.261846691079795,0.260967821588109,0.2600762801479,0.259173430328122,0.258260542043687,0.257338797316893,0.256409295780808,0.255473059917619,0.254531040029462,0.253584118942767,0.252633116449996,0.251678793494852,0.250721856108668,0.249762959106939,0.248802709555793,0.247841670018782,0.246880361594668,0.245919266757019,0.244958832006393,0.243999470345732,0.243041563589356,0.242085464515596,0.241131498872788,0.240179967247899,0.239231146806643,0.238285292913527,0.237342640639792,0.236403406166784,0.235467788091858,0.23453596864349,0.23360811481185,0.23268437940072,0.231764902006228,0.230849809927533,0.229939219014247,0.229033234455051,0.228131951511663,0.227235456202026,0.226343825936309,0.225457130109077,0.224575430650727,0.223698782541084,0.222827234287839,0.221960828372315,0.221099601664872,0.220243585812096,0.219392807597765,0.218547289279427,0.217707048902309,0.216872100592151,0.216042454828421,0.215218118699295,0.214399096139662,0.213585388153325,0.212776993020501,0.211973906491625,0.2111761219684,0.210383630672962,0.209596421805977,0.208814482694418,0.208037798929718,0.207266354496953,0.206500131895652,0.205739112252801,0.20498327542856,0.204232600115164,0.203487063929486,0.202746643499651,0.202011314546108,0.201281051957521,0.200555829861811,0.199835621692665,0.19912040025181,0.19841013776732,0.197704805948206,0.197004376035535,0.196308818850298,0.195618104838222,0.194932204111733,0.194251086489237,0.193574721531898,0.19290307857806,0.192236126775463,0,0.114632309150065,0.115309762813505,0.116025600821438,0.116773164821199,0.117551573659328,0.118360900424056,0.11920113077112,0.120071976694267,0.120972901774656,0.121903197794155,0.122862062817168,0.12384866414932,0.124862182846528,0.125901841924676,0.126966922185904,0.128056769613012,0.129170797629301,0.130308486694858,0.131469382942921,0.132653096935898,0.133859303154173,0.135087740505671,0.136338213933296,0.137610597072366,0.138904835845419,0.140220952856093,0.141559052440752,0.142919326243944,0.144302059193052,0.145707635753073,0.147136546340758,0.148589393766627,0.150066899552895,0.151569909945411,0.153099401399083,0.154656485270258,0.15624241139788,0.157858570199932,0.159506492855117,0.161187849084611,0.162904441998267,0.164658199427357,0.166451161136054,0.168285461290939,0.170163305577161,0.172086942387042,0.174058627577886,0.176080582406292,0.178154944401936,0.180283711148718,0.182468677198093,0.184711364648033,0.187012948277776,0.189374176524947,0.191795290014291,0.194275939776644,0.196815107707605,0.199411032177115,0.202061141979163,0.204762001969118,0.20750927373979,0.21029769450696,0.213121076990571,0.215972332482577,0.218843518496875,0.221725911429901,0.224610103570601,0.22748612265013,0.23034357099189,0.233171780293369,0.235959977222206,0.238697454408259,0.241373741110459,0.243978767856942,0.246503019696603,0.24893767333045,0.25127471425869,0.253507031114348,0.255628485476511,0.257633956585591,0.259519361445255,0.261281651730061,0.262918789680275,0.264429705730536,0.26581424097982,0.267073077774966,0.268207661670146,0.269220117869168,0.270113164990394,0.270890028649779,0.271554356968674,0.272110139708219,0.272561632334664,0.272913285947615,0.273169683668248,0.273335483794265,0.273415369785889,0.273414006952388,0.273336005558747,0.273185889963163,0.272968073322603,0.272686837360434,0.272346316671439,0.27195048704028,0.271503157264882,0.271007964002311,0.270468369187949,0.269887659616357,0.269268948311916,0.268615177357359,0.267929121887426,0.267213394992114,0.266470453308803,0.265702603114492,0.264912006758365,0.264100689300817,0.263270545248083,0.262423345291713,0.261560742979686,0.260684281261054,0.259795398858904,0.258895436437379,0.257985642537714,0.257067179265931,0.256141127721174,0.255208493158875,0.254270209887167,0.253327145898294,0.252380107239469,0.251429842129621,0.250477044830083,0.249522359278335,0.248566382494756,0.247609667772789,0.246652727663214,0.245696036763319,0.244740034321661,0.243785126668975,0.242831689485492,0.241880069914626,0.240930588532574,0.239983541183025,0.239039200685676,0.23809781842687,0.237159625840188,0.236224835784422,0.235293643825887,0.234366229431643,0.233442757079772,0.232523377292467,0.231608227597333,0.230697433421906,0.229791108926113,0.22888935777703,0.227992273870021,0.227099942000048,0.226212438486686,0.225329831756117,0.224452182883156,0.223579546096139,0.222711969247298,0.221849494251071,0.220992157492607,0.220139990208572,0.2192930188422,0.218451265374408,0.217614747632642,0.216783479579026,0.215957471579242,0.215136730653497,0.214321260710809,0.21351106276777,0.212706135152862,0.211906473697306,0.211112071913385,0.210322921161075,0.209539010803802,0.208760328354044,0.207986859609475,0.207218588780285,0.206455498608263,0.205697570478205,0.204944784522139,0.204197119716869,0.203454553975251,0.202717064231637,0.201984626521852,0.201257216058075,0.20053480729894,0.199817374015186,0.199104889351115,0.198397325882165,0.197694655668804,0.196996850307017,0.196303880975579,0.195615718480324,0.194932333295601,0.194253695603091,0.193579775328153,0.192910542173847,0,0.113424734720209,0.114091784065035,0.114790157976873,0.115516361767722,0.116270752189967,0.117054199273682,0.117867282888928,0.118710183370125,0.119582739481267,0.12048454132694,0.12141501968687,0.122373519176788,0.123359352608284,0.124371838347237,0.125410324143887,0.126474201137278,0.127562911293846,0.128675950862498,0.12981287174188,0.130973282059973,0.132156846794057,0.133363288909404,0.134592391251339,0.135843999266246,0.137118024531195,0.138414449020144,0.139733330011389,0.141074805533799,0.142439100249349,0.143826531669925,0.145237516603128,0.146672577712043,0.148132350056309,0.149617587455758,0.15112916848369,0.152668101855176,0.154235530927952,0.155832736980967,0.157461140880483,0.159122302688142,0.160817918712241,0.162549815455879,0.16431993987727,0.166130345352636,0.167983172725434,0.16988062584264,0.171824941025031,0.173818349999897,0.175863035947029,0.177961082477426,0.180114415582749,0.182324738863959,0.184593462668862,0.186921628135326,0.189309827540285,0.191758122779019,0.194265964223707,0.196832112608131,0.199454566925024,0.202130501568912,0.204856216074467,0.207627100755087,0.210437621311397,0.21328132503823,0.216150870609211,0.219038082575592,0.221934030714831,0.224829133257139,0.227713281873056,0.230575985200549,0.233406526707867,0.236194131905038,0.238928139395926,0.241598170047036,0.244194288656198,0.246707152924095,0.249128145228008,0.251449483612423,0.253664309471989,0.255766750528716,0.257751958818106,0.259616124427709,0.261356466619897,0.262971204679564,0.264459511336727,0.265821451920699,0.267057912518926,0.268170520362974,0.269161559477357,0.270033884337876,0.270790833929017,0.271436148196279,0.271973888486106,0.272408363175319,0.272744059329788,0.272985580909312,0.273137593758626,0.273204777395082,0.273191783421182,0.273103200251606,0.272943523745203,0.272717133267378,0.272428272671824,0.272081035677217,0.271679355119264,0.271226995576859,0.2707275488991,0.270184432194379,0.269600887880845,0.268979985437351,0.268324624533708,0.267637539257679,0.266921303192672,0.266178335134126,0.265410905263693,0.264621141628446,0.263811036797488,0.262982454590484,0.262137136792096,0.261276709783167,0.260402691033947,0.259516495417098,0.258619441308639,0.257712756453819,0.256797583582212,0.255874985762388,0.254945951491426,0.254011399518558,0.253072183405358,0.252129095827441,0.251182872624509,0.250234196607029,0.249283701128888,0.248331973436025,0.247379557801541,0.246426958457955,0.245474642337358,0.244523041630104,0.243572556172495,0.242623555673623,0.241676381791213,0.240731350065891,0.239788751722943,0.238848855350142,0.237911908459815,0.236978138942886,0.23604775642216,0.235120953511728,0.23419790698892,0.233278778884856,0.232363717499248,0.231452858344742,0.23054632502574,0.229644230056304,0.228746675621444,0.227853754285777,0.22696554965329,0.226082136981665,0.225203583754371,0.224329950213534,0.223461289856347,0.2225976498976,0.221739071700728,0.220885591179597,0.220037239173087,0.219194041794392,0.218356020756798,0.217523193677607,0.216695574361708,0.215873173066238,0.215055996747631,0.214244049292279,0.213437331731942,0.21263584244495,0.211839577344178,0.211048530052697,0.210262692067939,0.209482052915164,0.208706600290939,0.20793632019732,0.207171197067348,0.20641121388245,0.205656352282278,0.204906592667492,0.204161914295951,0.203422295372757,0.202687713134536,0.201958143928354,0.2012335632856,0.200513945991179,0.199799266148305,0.199089497239177,0.198384612181815,0.197684583383292,0.196989382789585,0.196298981932273,0.195613351972273,0.1949324637408,0.194256287777725,0.1935847943675,0,0.112206376495132,0.112868321407579,0.113552002708292,0.114258976169025,0.114991265559692,0.115750604312062,0.116538151398483,0.117354529967803,0.118199936191873,0.119074251821871,0.119977143344112,0.120908142571742,0.121866708133497,0.122852269820573,0.123864258920077,0.124902127909081,0.125965362594159,0.127053489252473,0.128166078747115,0.129302749050528,0.130463167158705,0.131647051026297,0.132854171892618,0.134084357186942,0.135337494081922,0.136613533690542,0.137912495860627,0.139234474499844,0.140579643354374,0.141948262158911,0.143340683069674,0.144757357282171,0.146198841719609,0.147665805654847,0.149159037098474,0.150679448748,0.152228083249251,0.153806117471782,0.155414865447195,0.157055779564439,0.15873044956189,0.160440598804935,0.162188077293215,0.163974850807392,0.165802985585583,0.167674627919512,0.169591978085224,0.171557258078829,0.173572672719988,0.175640363820378,0.177762357296032,0.179940503334579,0.182176410012107,0.184471371087625,0.186826289079671,0.18924159513854,0.191717167652069,0.194252251940574,0.196845383779267,0.199494319801686,0.202195978050156,0.204946392013672,0.20774068139807,0.210573042583523,0.213436761227489,0.216324248769601,0.219227103709034,0.222136197493756,0.225041783741732,0.227933628377647,0.230801157194778,0.233633616420742,0.236420241151547,0.239150426078585,0.241813892804308,0.244400848234349,0.246902129029772,0.249309327860732,0.251614898159868,0.253812235154837,0.255895732084526,0.257860811595507,0.259703933307537,0.261422579377506,0.263015220546331,0.264481265607479,0.265820997490314,0.267035499221744,0.268126572941156,0.269096654928132,0.269948729294056,0.270686242620951,0.271313021434032,0.271833193994246,0.272251117513817,0.272571311546172,0.272798397991344,0.272937047893777,0.272991934993023,0.272967695817419,0.272868895983108,0.272700002270964,0.272465359996782,0.272169175159984,0.27181550084769,0.271408227379544,0.27095107569964,0.270447593551685,0.269901154008951,0.269314955969142,0.268692026264043,0.268035223073242,0.267347240369232,0.266630613157051,0.265887723304829,0.265120805791908,0.264331955228533,0.263523132525396,0.262696171612773,0.261852786127718,0.260994576003997,0.260123033913364,0.259239551518655,0.258345425509187,0.257441863397363,0.256529989062365,0.255610848032545,0.254685412502837,0.25375458608726,0.25281920830959,0.25188005883761,0.250937861468157,0.249993287871493,0.249046961104483,0.248099458902723,0.247151316762101,0.246203030820496,0.2452550605503,0.244307831272344,0.243361736501595,0.242417140134683,0.241474378488982,0.240533762202569,0.239595578003975,0.238660090360205,0.237727543011065,0.236798160397404,0.235872148990428,0.234949698528843,0.234030983170146,0.233116162562014,0.232205382839325,0.231298777552032,0.230396468528713,0.229498566680333,0.228605172748429,0.22771637800164,0.226832264884231,0.225952907620019,0.225078372774838,0.224208719780493,0.223344001422919,0.222484264297074,0.221629549230916,0.220779891680646,0.21993532209923,0.219095866280091,0.218261545677698,0.217432377706674,0.216608376020927,0.215789550774179,0.214975908863203,0.214167454154944,0.21336418769866,0.212566107924088,0.211773210826605,0.210985490140284,0.210202937499638,0.209425542590858,0.208653293293216,0.207886175811332,0.207124174798887,0.206367273474379,0.205615453729429,0.20486869623015,0.204126980512027,0.203390285068741,0.202658587435323,0.201931864266023,0.20121009140723,0.200493243965761,0.199781296372822,0.199074222443918,0.198371995434974,0.1976745880949,0.196981972714838,0.196294121174289,0.195611004984325,0.194932595328064,0.194258863098582,0,0.110978427583189,0.111637963471282,0.112308883655096,0.11299835805981,0.113710274001091,0.114447214504707,0.115210862618531,0.116002233910157,0.116821846193399,0.117669852118434,0.118546145634134,0.119450446769179,0.120382367201963,0.121341459118115,0.122327250224562,0.123339267904868,0.124377055307946,0.125440181773424,0.126528249531125,0.127640898152611,0.128777807825748,0.129938702188302,0.131123351196414,0.132331574311915,0.13356324415784,0.134818290701977,0.136096705972007,0.137398549272412,0.138723952854191,0.140073127976679,0.141446371291322,0.142844071466294,0.144266715955844,0.145714897797652,0.147189322294369,0.148690813401763,0.150220319605791,0.151778919025174,0.153367823425857,0.154988380780538,0.156642075952276,0.158330529028196,0.160055490780537,0.161818834690834,0.163622544942993,0.165468699776748,0.167359449599589,0.169296989288307,0.171283524176491,0.17332122932765,0.175412201840429,0.177558406127191,0.179761612352784,0.182023328516937,0.184344727008335,0.186726566843494,0.189169113216707,0.191672056410214,0.194234432522544,0.196854548838349,0.19952991695166,0.202257196931068,0.205032155845214,0.207849643820418,0.210703590457551,0.213587023883718,0.216492113962891,0.219410240263708,0.222332084326163,0.225247744642674,0.228146871646721,0.231018818963892,0.233852806304963,0.236638088738034,0.239364126719255,0.242020751218737,0.244598318552658,0.247087850100414,0.249481152899179,0.25177091810135,0.253950795376053,0.256015442454728,0.257960550088167,0.259782843635381,0.261480063296292,0.263050925601586,0.264495069173219,0.265812987973357,0.267005955286128,0.268075941552818,0.269025528939575,0.269857825191329,0.270576378949236,0.271185098310479,0.271688174013204,0.272090008254279,0.272395149806918,0.272608235807271,0.272733940327819,0.272776929651422,0.272741824001071,0.272633165363009,0.272455390959938,0.272212811881266,0.271909596353109,0.271549757127052,0.271137142478542,0.270675430329203,0.270168125038662,0.26961855644776,0.269029880793917,0.268405083159068,0.267746981149652,0.26705822954552,0.266341325689816,0.265598615424264,0.264832299403826,0.26404443965116,0.263236966234891,0.26241168397636,0.261570279107631,0.260714325819091,0.259845292648378,0.258964548673737,0.258073369484487,0.257172942909326,0.256264374489836,0.255348692692016,0.254426853853129,0.253499746864709,0.252568197595375,0.251632973059339,0.250694785338131,0.249754295264303,0.24881211587676,0.247868815657911,0.246924921563188,0.245980921853598,0.245037268741966,0.244094380863369,0.243152645580047,0.242212421130742,0.241274038634079,0.2403378039552,0.239403999444433,0.238472885556357,0.237544702357194,0.236619670927985,0.235697994670622,0.234779860523368,0.233865440092072,0.232954890702933,0.232048356382256,0.231145968768305,0.230247847960019,0.229354103307021,0.228464834145066,0.227580130480767,0.226700073629202,0.225824736807712,0.224954185689002,0.224088478916421,0.223227668584087,0.222371800684346,0.221520915524867,0.220675048117507,0.219834228540934,0.218998482278857,0.218167830535548,0.217342290530273,0.216521875772076,0.215706596316296,0.214896459004071,0.214091467686026,0.2132916234312,0.212496924722268,0.211707367637953,0.210922946023536,0.210143651650257,0.209369474364355,0.208600402226461,0.20783642164198,0.207077517483074,0.206323673202797,0.205574870941916,0.204831091628891,0.20409231507347,0.203358520054324,0.202629684401099,0.201905785071261,0.201186798222066,0.200472699277974,0.199763462993792,0.199059063513832,0.198359474427331,0.197664668820372,0.196974619324525,0.196289298162425,0.195608677190466,0.194932727938804,0,0.109742769244624,0.110399603404988,0.111058659739273,0.111731904755478,0.1124249545356,0.113141120182388,0.113882508078391,0.114650450860739,0.115445735520246,0.1162687521309,0.117119603607182,0.117998190893822,0.11890427930945,0.11983754922499,0.120797633714097,0.12178414571317,0.12279669708896,0.123834911751793,0.124898434612309,0.125986937816252,0.127100125348326,0.128237736796925,0.129399550826869,0.130585388717255,0.131795118181064,0.133028657583804,0.134285980611526,0.135567121395187,0.136872180071012,0.138201328738845,0.13955481776726,0.140932982381695,0.142336249457061,0.143765144417306,0.145220298120071,0.146702453574175,0.148212472301271,0.149751340110827,0.151320172010514,0.1529202159232,0.154552854828567,0.156219606893919,0.157922123107294,0.159662181879577,0.161441680044211,0.1632626196575,0.165127089993897,0.167037244144326,0.168995269667056,0.171003352815816,0.173063635984447,0.17517816816663,0.177348848437188,0.17957736272027,0.181865114418856,0.184213149835208,0.186622079704484,0.18909199857959,0.191622404224987,0.194212119575018,0.196859220158214,0.199560970148888,0.202313770346052,0.205113121363732,0.207953605118355,0.210828887299639,0.213731742906647,0.216654106132026,0.21958714491536,0.222521359409336,0.225446702474573,0.228352719216022,0.231228701576031,0.234063853183276,0.236847459088265,0.239569054741436,0.242218588611631,0.244786573196454,0.247264219811469,0.249643553409277,0.251917504703069,0.254079977974232,0.256125894051448,0.258051208987878,0.259852909874541,0.261528989969721,0.263078405872085,0.264501019812683,0.265797530297067,0.266969394314141,0.268018744171954,0.268948301755545,0.269761292661854,0.270461362283511,0.271052495514754,0.271538941361748,0.271925143373304,0.272215676478581,0.27241519053278,0.272528360633207,0.272559844076241,0.272514243678083,0.272396077074636,0.272209751543351,0.271959543847052,0.271649584581063,0.271283846505511,0.270866136359684,0.270400089680894,0.269889168182963,0.269336659286456,0.268745677431896,0.268119166846717,0.267459905475293,0.266770509818242,0.266053440461592,0.265311008108053,0.264545379951323,0.263758586260101,0.262952527061208,0.262128978831297,0.261289601123951,0.260435943074066,0.259569449734181,0.258691468208378,0.25780325355852,0.256905974465263,0.256000718632628,0.255088497930112,0.254170253270517,0.253246859225077,0.252319128380082,0.251387815441307,0.250453621094068,0.249517195627889,0.248579142335545,0.247640020696766,0.246700349357165,0.24576060891303,0.2448212445126,0.243882668284255,0.242945261601805,0.242009377196747,0.241075341126971,0.240143454611027,0.239213995736616,0.238287221051537,0.237363367044906,0.236442651526002,0.235525274907676,0.234611421400865,0.233701260126307,0.232794946149208,0.231892621442214,0.230994415781705,0.230100447582083,0.229210824672412,0.228325645019485,0.227444997401073,0.226568962032902,0.225697611152612,0.224831009563741,0.223969215142562,0.223112279310393,0.222260247473819,0.221413159435078,0.220571049774725,0.219733948208504,0.218901879920254,0.218074865872501,0.217252923096324,0.216436064961905,0.215624301431129,0.214817639293459,0.214016082386258,0.213219631800601,0.212428286073606,0.211642041368174,0.210860891641012,0.210084828799739,0.209313842849791,0.208547922031843,0.207787052950352,0.207031220693847,0.206280408947487,0.20553460009842,0.204793775334411,0.204057914736184,0.203326997363887,0.202601001338069,0.201879903915523,0.201163681560327,0.200452310010401,0.199745764339849,0.199044019017381,0.198347047961048,0.197654824589526,0.196967321870175,0.196284512364065,0.195606368268176,0,0.108500895474814,0.109152166939098,0.109799193535342,0.110457017553257,0.111132489530717,0.111829410416433,0.11255016376491,0.113296301431352,0.114068813003295,0.114868281925971,0.115694992903259,0.116549013199959,0.11743025628885,0.118338531566033,0.119273582482102,0.120235115111642,0.121222819077169,0.122236382604111,0.123275503272703,0.124339895777018,0.125429297736078,0.126543474353705,0.12768222250815,0.128845374676011,0.130032802957424,0.13124442336714,0.13248020048303,0.133740152493273,0.135024356649743,0.136332955112216,0.137666161151363,0.139024265664052,0.140407643939493,0.141816762596876,0.143252186593045,0.144714586171321,0.146204743589634,0.147723559427485,0.149272058227523,0.150851393179357,0.15246284950191,0.154107846127668,0.15578793523958,0.157504799161628,0.159260244060153,0.161056189878497,0.162894655906543,0.164777741384091,0.166707600557931,0.168686411662748,0.170716339381331,0.172799490465712,0.174937862372638,0.177133284987898,0.179387355785863,0.181701369091704,0.184076240478816,0.186512427732808,0.189009850230699,0.191567808998386,0.194184910094488,0.196858994292847,0.199587076265094,0.202365296563699,0.205188889642971,0.208052170904718,0.210948545302118,0.213870539378938,0.216809857778353,0.21975746426118,0.222703686180159,0.225638340232574,0.228550876235034,0.231430534711398,0.234266513331673,0.237048136747109,0.239765024175005,0.242407249211378,0.244965486779514,0.247431142820777,0.249796463243498,0.252054619694276,0.254199770825105,0.256227098822427,0.258132821971902,0.259914184900894,0.261569428831873,0.263097744674871,0.264499212083419,0.265774727708325,0.2669259258303,0.267955094365916,0.268865088955123,0.269659247485864,0.27034130702304,0.270915324711753,0.271385603839681,0.271756625886576,0.272032989070792,0.272219353629538,0.272320393843279,0.27234075663462,0.272285026435099,0.272157695915155,0.27196314210802,0.271705607421955,0.271389185021801,0.271017808065223,0.270595242296974,0.270125081531975,0.269610745591875,0.26905548029739,0.268462359157933,0.267834286439361,0.267174001328805,0.266484082951769,0.265766956030355,0.265024897002361,0.264260040448893,0.263474385703106,0.262669803534706,0.261848042824203,0.261010737157657,0.260159411287102,0.259295487414194,0.258420291265028,0.257535057932919,0.256640937473184,0.255739000240075,0.254830241960898,0.253915588546383,0.252995900639533,0.252071977907715,0.251144563084644,0.250214345770401,0.249281965998651,0.248348017580946,0.247413051238468,0.246477577531777,0.245542069599207,0.244606965714456,0.24367267167374,0.242739563022608,0.241807987132177,0.240878265134173,0.239950693723768,0.23902554683876,0.238103077223216,0.237183517883279,0.236267083442372,0.235353971402648,0.234444363319089,0.233538425892277,0.232636311985484,0.231738161571332,0.230844102612963,0.229954251884305,0.229068715733722,0.228187590795027,0.227310964649585,0.226438916442949,0.22557151745924,0.224708831656269,0.223850916164154,0.222997821750023,0.222149593251189,0.221306269979014,0.220467886095521,0.219634470964673,0.218806049480085,0.217982642370824,0.21716426648681,0.21635093506525,0.215542657979419,0.21473944197099,0.213941290867075,0.213148205783001,0.212360185311817,0.211577225701426,0.210799321020185,0.210026463311763,0.209258642739969,0.20849584772424,0.207738065066399,0.206985280069276,0.206237476647739,0.205494637432617,0.204756743868007,0.20402377630239,0.203295714073953,0.202572535590514,0.201854218404386,0.201140739282508,0.200432074272161,0.19972819876253,0.199029087542402,0.198334714854233,0.197645054444805,0.196960079612717,0.196279763252872,0,0.107253287146656,0.107894300956041,0.108528230801302,0.109171054279766,0.109830053517286,0.110509179156446,0.111210908285434,0.11193689703166,0.112688260838696,0.113465724817734,0.114269721710244,0.115100464641393,0.115958004576465,0.116842276326688,0.117753135010649,0.118690384395124,0.119653798473823,0.12064313762093,0.121658160576159,0.122698633376773,0.123764336175073,0.124855068694026,0.125970654898498,0.127110947306437,0.128275831238253,0.12946522920368,0.130679105551129,0.131917471450647,0.133180390243585,0.134467983165256,0.135780435427178,0.137118002629324,0.138481017457303,0.139869896602296,0.141285147821203,0.142727377029693,0.144197295290999,0.14569572552813,0.147223608746812,0.148782009511392,0.150372120367001,0.151995264849703,0.153652898673794,0.155346608633825,0.157078108711055,0.158849232832763,0.160661923702098,0.162518217100033,0.164420221064537,0.166370089380618,0.168369988874183,0.170422060098481,0.172528371139751,0.174690864453133,0.176911296874087,0.179191173235101,0.181531674350085,0.183933580502815,0.186397191979775,0.188922248604819,0.191507850640577,0.194152383791641,0.196853451345058,0.199607816679971,0.20241135943609,0.205259048519506,0.208144934821234,0.211062166017406,0.214003025114085,0.216958993515475,0.219920838371635,0.222878722857424,0.225822336918607,0.228741044971974,0.231624046142527,0.234460541933405,0.237239905808841,0.239951849061346,0.24258657753983,0.2451349343177,0.247588524136643,0.249939816411329,0.252182224648374,0.254310161241342,0.256319067677037,0.258205421161816,0.25996671950002,0.26160144669701,0.263109022202083,0.26448973695327,0.265744679451981,0.266875655005815,0.267885101063676,0.268776001262227,0.269551800439412,0.270216322479002,0.270773692455162,0.271228264167741,0.271584553811839,0.271847180218657,0.272020811843618,0.272110120463582,0.272119741376278,0.272054239768448,0.271918082829975,0.271715617134319,0.271451050775347,0.271128439742042,0.270751678020625,0.270324490934167,0.269850431258999,0.269332877692151,0.268775035282142,0.268179937474723,0.267550449464249,0.266889272578958,0.266198949464063,0.265481869859488,0.26474027679922,0.263976273086355,0.263191827922172,0.262388783588848,0.261568862104146,0.260733671782538,0.259884713651138,0.259023387680677,0.258150998801731,0.257268762684875,0.256377811270348,0.255479198038654,0.25457390301815,0.253662837529492,0.25274684866983,0.251826723541968,0.250903193235543,0.2499769365686,0.249048583598921,0.248118718915101,0.247187884717783,0.246256583701623,0.245325281748602,0.244394410443186,0.243464369419632,0.24253552855143,0.241608229992568,0.240682790079883,0.239759501105375,0.23883863296693,0.237920434705449,0.237005135935974,0.236092948179942,0.235184066105292,0.234278668680746,0.233376920250178,0.232478971532617,0.231584960553063,0.230695013508961,0.229809245576836,0.228927761663312,0.228050657104414,0.227178018316826,0.226309923404465,0.225446442723558,0.224587639409124,0.223733569865607,0.222884284224168,0.222039826769001,0.221200236334846,0.22036554667771,0.219535786820696,0.21871098137666,0.21789115084933,0.21707631191437,0.216266477681796,0.215461657941024,0.214661859389759,0.21386708584783,0.213077338456997,0.212292615867714,0.211512914413707,0.210738228275213,0.209968549631643,0.209203868804381,0.208444174390384,0.207689453387193,0.206939691309932,0.206194872300835,0.205454979231774,0.204719993800273,0.203989896619418,0.203264667302075,0.202544284539775,0.201828726176623,0.20111796927854,0.200411990198154,0.1997107646356,0.19901426769551,0.198322473940422,0.197635357440829,0.196952891822106,0,0.105999158340671,0.106624078346639,0.10724328749725,0.107871287021952,0.108514803202472,0.109177533011687,0.109861841666015,0.11056936583488,0.111301265139388,0.112058350585881,0.112841165156588,0.113650043273567,0.11448515873162,0.115346564429928,0.116234225137702,0.117148044022568,0.11808788367982,0.119053582501134,0.120044967271325,0.121061862856882,0.122104099766942,0.12317152025155,0.124263983475649,0.125381370185683,0.126523587178189,0.127690571790284,0.128882296561076,0.130098774159074,0.131340062630716,0.132606270995942,0.133897565194862,0.135214174371956,0.136556397468283,0.137924610075586,0.139319271487274,0.14074093185877,0.14219023936276,0.143667947192925,0.145174920232801,0.146712141164548,0.148280715746278,0.149881876937079,0.151516987497213,0.153187540638903,0.154895158252777,0.156641586189082,0.158428686034463,0.160258422798234,0.162132847911135,0.16405407694956,0.166024261534671,0.168045554924424,0.170120070923069,0.172249835882414,0.174436733766293,0.176682444496772,0.178988376097594,0.181355591493774,0.183784731208272,0.186275933604533,0.188828754738961,0.191442090286179,0.194114102353109,0.19684215427267,0.199622756629578,0.202451527785887,0.205323172013797,0.208231477987644,0.211169339828412,0.214128802140676,0.217101129559684,0.220076900279533,0.223046121922576,0.225998367007888,0.228922924261526,0.231808961160438,0.234645692482659,0.237422549299392,0.240129342817168,0.242756417762384,0.245294790571412,0.247736268459819,0.250073546428504,0.252300280347297,0.2544111353597,0.256401809903163,0.258269036576139,0.260010561860433,0.261625107296974,0.263112315104752,0.26447268143152,0.265707480449116,0.266818682382672,0.267808868323562,0.26868114435417,0.269439057140431,0.270086512754385,0.270627700097379,0.271067019923713,0.271409020127466,0.271658337660233,0.271819647198556,0.271897616477485,0.271896868048971,0.271821947107042,0.271677294940997,0.271467227528012,0.271195918752071,0.270867387732039,0.270485489753064,0.270053910318457,0.26957616186996,0.269055582760175,0.268495338099368,0.267898422138141,0.267267661886217,0.266605721704692,0.265915108644068,0.265198178332599,0.264457141248859,0.263694069238836,0.262910902161305,0.262109454565917,0.261291422326455,0.260458389167275,0.25961183303437,0.258753132273806,0.257883571589937,0.257004347763826,0.256116575118953,0.255221290726811,0.254319459349423,0.253411978119426,0.252499680961188,0.251583342758656,0.250663683277326,0.24974137084895,0.248817025828509,0.247891223833551,0.246964498776331,0.24603734569936,0.245110223424923,0.244183557029035,0.243257740150043,0.242333137141791,0.241410085080926,0.240488895637509,0.239569856817699,0.238653234586841,0.237739274380857,0.236828202513405,0.235920227485839,0.235015541206602,0.234114320126246,0.233216726293931,0.23232290834083,0.231433002395547,0.230547132936309,0.229665413584359,0.228787947842687,0.22791482978396,0.227046144691221,0.226181969654689,0.225322374127776,0.224467420445173,0.223617164305707,0.222771655222424,0.221930936942232,0.221095047837218,0.220264021269648,0.219437885932478,0.218616666167089,0.217800382259845,0.216989050718934,0.216182684532857,0.215381293411856,0.214584884013426,0.213793460153033,0.21300702300103,0.212225571266733,0.211449101370513,0.210677607604727,0.209911082284241,0.209149515887247,0.208392897187016,0.207641213375206,0.206894450177278,0.206152591960546,0.20541562183535,0.204683521749798,0.203956272578509,0.203233854205736,0.202516245603245,0.201803424903282,0.201095369466955,0.200392055948307,0.199693460354379,0.198999558101501,0.198310324068057,0.197625732643943,0,0.104735983258587,0.105338778576794,0.105941567445072,0.106554874993797,0.107183875795825,0.107831603620975,0.108500106549095,0.109190879886734,0.109905046995222,0.110643448988854,0.111406700060346,0.112195229238952,0.113009315851629,0.113849120749602,0.114714713594179,0.115606096137533,0.116523221570364,0.117466010240012,0.118434362220714,0.119428167307224,0.120447313014648,0.121491691125095,0.122561203249279,0.123655765787114,0.12477531458811,0.125919809537476,0.127089239230661,0.12828362584831,0.129503030304258,0.130747557709206,0.132017363169757,0.133312657923961,0.134633715798276,0.135980879954687,0.137354569879095,0.138755288541588,0.14018362963481,0.141640284767843,0.143126050459268,0.144641834734609,0.146188663090223,0.147767683538773,0.149380170401403,0.151027526460189,0.152711283033046,0.154433097484211,0.156194747639679,0.157998122541668,0.159845208953536,0.161738073021021,0.163678836512369,0.165669647104578,0.167712642261121,0.169809906364032,0.171963420924961,0.174175007909658,0.17644626647021,0.178778503688314,0.181172660286417,0.183629232652626,0.18614819293571,0.188728909378453,0.191370069445772,0.194069608638364,0.196824648129678,0.199631444489391,0.202485354727707,0.2053808196851,0.208311368384355,0.211269645352297,0.214247462120108,0.217235873154314,0.220225275403952,0.223205529536841,0.226166099853927,0.229096208893869,0.231985001945499,0.23482171613693,0.237595848511795,0.240297317556372,0.242916613001179,0.245444929356306,0.247874279498779,0.250197585644347,0.252408746128432,0.254502677514648,0.256475332573954,0.258323695575645,0.260045757061707,0.261640470815122,0.263107696074251,0.264448128198342,0.26566322097385,0.266755103596198,0.267726495099199,0.26858061866796,0.269321117891945,0.269951976620423,0.270477443695362,0.270901963473903,0.27123011272588,0.271466544208405,0.271615936982467,0.271682953345595,0.271672202107575,0.271588207828825,0.271435385568429,0.271218020645709,0.270940252900116,0.270606064934281,0.270219273839574,0.269783525928578,0.269302294031124,0.268778876947085,0.268216400687922,0.267617821178151,0.266985928126273,0.266323349811336,0.265632558565576,0.264915876765073,0.264175483169047,0.263413419474008,0.262631596971787,0.261831803220442,0.261015708654453,0.26018487307563,0.259340751979048,0.258484702679216,0.257617990210924,0.256741792986892,0.255857208200707,0.254965256968771,0.254066889209227,0.253162988259209,0.252254375234471,0.251341813137521,0.250426010721948,0.249507626121819,0.248587270255806,0.247665510016227,0.246742871253499,0.245819841566592,0.244896872910022,0.243974384027793,0.243052762724425,0.242132367982897,0.241213531938988,0.240296561721075,0.239381741164051,0.238469332405592,0.23755957737255,0.236652699164844,0.235748903343784,0.234848379131329,0.233951300526423,0.233057827344118,0.232168106182866,0.231282271324976,0.230400445574924,0.22952274103988,0.228649259856497,0.227780094867781,0.226915330253524,0.226055042117605,0.225199299035188,0.224348162562645,0.223501687712842,0.222659923398212,0.221822912843895,0.220990693973037,0.220163299766202,0.219340758596714,0.218523094543597,0.21771032768369,0.216902474364361,0.216099547458192,0.215301556600849,0.214508508413326,0.213720406709611,0.212937252690783,0.21215904512647,0.21138578052451,0.210617453289633,0.209854055871899,0.209095578905567,0.208342011339058,0.207593340556594,0.206849552492062,0.206110631735633,0.205376561633599,0.204647324381882,0.203922901113623,0.203203271981248,0.202488416233354,0.201778312286763,0.201072937794046,0.20037226970682,0.199676284335068,0.198984957402754,0.198298264099962,0,0.103459078903654,0.104034797372128,0.104619931286229,0.105218861604247,0.105834400308176,0.106468567287103,0.107122913400937,0.107798684308687,0.108496894543209,0.109218363750643,0.109963739978658,0.11073352011274,0.111528070545878,0.112347648153729,0.113192420667749,0.114062485508208,0.114957886459847,0.115878627946326,0.11682468696141,0.117796022912649,0.118792585735927,0.11981432267007,0.120861184064054,0.121933128546018,0.123030127828262,0.124152171366032,0.125299271035941,0.126471465955326,0.127668827527381,0.128891464767904,0.130139529946511,0.131413224556508,0.13271280561132,0.134038592249786,0.135390972616087,0.1367704109614,0.138177454892326,0.139612742665161,0.141077010394571,0.142571099009955,0.144095960752983,0.145652664965591,0.147242402870085,0.148866490992704,0.150526372830655,0.152223618312003,0.153959920550288,0.155737089354229,0.157557040920959,0.159421783122876,0.161333395798376,0.163294005480397,0.165305754049832,0.167370760888848,0.169491078237796,0.171668639633249,0.173905201527244,0.176202278460176,0.178561072480314,0.180982397865839,0.183466602600419,0.186013488464939,0.188622232014973,0.19129130908931,0.194018425808378,0.1968004592389,0.199633410988536,0.202512376920306,0.205431535916883,0.20838416016539,0.211362648774532,0.214358585694904,0.217362821925425,0.220365580906729,0.223356584892706,0.226325199030333,0.229260588943546,0.232151886881797,0.2349883610171,0.237759582293986,0.240455583369224,0.243067004610755,0.245585222821615,0.248002459257617,0.25031186454645,0.252507579213196,0.254584769597503,0.256539639943372,0.258369422300164,0.260072346556223,0.261647593415452,0.26309523342002,0.264416155231158,0.265611986327329,0.266685009094788,0.267638075002345,0.268474519203108,0.269198077521317,0.269812807388545,0.270323013911482,0.270733181899126,0.271047914361054,0.271271877716513,0.271409753728645,0.27146619799848,0.271445804716397,0.271353077270425,0.271192404245847,0.270968040313705,0.270684091491841,0.270344504265971,0.269953058075672,0.269513360697194,0.269028846088452,0.268502774298804,0.267938233085189,0.267338140915245,0.266705251076016,0.266042156642956,0.2653512960975,0.264634959412336,0.263895294451404,0.26313431355655,0.2623539002149,0.261555815720309,0.260741705759096,0.259913106864733,0.259071452698545,0.258218080123977,0.257354235050808,0.25648107803303,0.255599689610245,0.254711075387336,0.253816170851281,0.25291584592711,0.252010909277624,0.251102112353371,0.250190153200912,0.249275680038417,0.248359294608427,0.247441555318035,0.24652298017701,0.245604049544459,0.244685208694532,0.243766870211518,0.242849416224396,0.241933200490594,0.241018550338326,0.24010576847649,0.239195134680658,0.23828690736331,0.237381325035961,0.23647860767047,0.235578957966341,0.23468256253045,0.23378959297522,0.232900206940884,0.232014549047111,0.231132751778939,0.230254936311597,0.229381213278519,0.228511683486543,0.227646438582012,0.226785561671244,0.22592912789858,0.225077204985014,0.224229853730174,0.223387128480243,0.222549077564207,0.221715743700668,0.220887164377283,0.22006337220474,0.219244395247059,0.21843025732987,0.217620978328186,0.216816574435117,0.216017058412821,0.215222439826933,0.214432725265599,0.213647918544181,0.212868020896599,0.212093031154234,0.21132294591322,0.210557759690932,0.209797465072378,0.209042052847184,0.208291512137795,0.207545830519487,0.206804994132722,0.206068987788359,0.20533779506619,0.204611398407243,0.203889779200247,0.203172917862655,0.202460793916571,0.201753386059898,0.20105067223304,0.200352629681415,0.199659235014071,0.19897046425863,0,0.102161572931178,0.102707717862617,0.103274930720183,0.103860202376797,0.104463525365685,0.105085673941671,0.105727570982835,0.106390129339139,0.107074196435876,0.107780527145523,0.108509770482539,0.109262466384956,0.110039050138742,0.110839861976541,0.111665159550622,0.112515131426186,0.113389910296298,0.114289585141427,0.115214211973949,0.1161638231036,0.117138435045638,0.118138055292836,0.119162688210245,0.120212340309728,0.121287025136559,0.122386767964979,0.123511610461614,0.124661615439716,0.125836871795688,0.127037499692899,0.128263656036038,0.129515540261123,0.130793400450436,0.132097539766775,0.133428323185977,0.134786184489627,0.136171633460008,0.137585263196012,0.139027757441213,0.140499897783297,0.142002570547447,0.143536773165224,0.145103619755485,0.146704345605548,0.148340310190459,0.150012998317138,0.1517240189305,0.153475101072785,0.155268086448318,0.157104918017453,0.158987624029803,0.160918296912874,0.162899066463251,0.164932066849255,0.167019397032122,0.169163074352676,0.171364981216533,0.17362680504599,0.175949971951425,0.17833557490655,0.180784297583411,0.183296335403077,0.185871315769393,0.188508219853492,0.191205308658259,0.193960056382756,0.196769094292799,0.199628168351827,0.202532113746245,0.205474849129465,0.208449392898467,0.211447903110255,0.214461741764865,0.217481563166283,0.220497424979247,0.223498919497789,0.22647532160768,0.229415749036712,0.23230932981377,0.23514537145418,0.237913526288046,0.240603947558046,0.243207431415382,0.245715540695282,0.248120707295717,0.250416311041794,0.252596734016296,0.254657390399961,0.256594732829319,0.258406237095599,0.26009036764318,0.261646526765527,0.263074990642121,0.26437683542646,0.265553856507477,0.26660848385541,0.267543696061348,0.268362935319719,0.269070025214389,0.269669092776794,0.270164495908411,0.270560756914354,0.270862502589373,0.271074411037062,0.271201165189072,0.271247412822209,0.271217732744266,0.271116606729649,0.270948396728218,0.270717326839931,0.270427469538531,0.270082735635077,0.269686867492027,0.26924343502746,0.268755834083502,0.268227286770876,0.267660843440549,0.267059385972328,0.266425632107833,0.265762140590794,0.265071316910552,0.264355419474785,0.263616566064653,0.262856740449805,0.262077799062087,0.261281477645539,0.260469397816473,0.259643073481425,0.258803917072657,0.257953245570977,0.257092286294112,0.256222182435901,0.255343998347385,0.254458724555615,0.253567282519814,0.252670529127601,0.251769260936343,0.250864218166546,0.249956088455581,0.249045510380998,0.248133076763367,0.247219337759003,0.246304803753099,0.245389948063876,0.244475209468202,0.243560994558987,0.242647679944335,0.241735614298121,0.240825120271276,0.239916496272663,0.239010018127969,0.238105940624664,0.237204498950587,0.236305910033322,0.235410373787104,0.234518074273577,0.233629180782334,0.232743848836809,0.231862221130693,0.230984428399752,0.230110590233543,0.229240815831284,0.228375204705771,0.227513847339028,0.226656825793078,0.225804214279004,0.224956079687247,0.224112482081854,0.223273475161238,0.222439106687788,0.221609418888525,0.220784448828829,0.219964228761131,0.219148786450306,0.218338145477395,0.217532325523174,0.216731342632947,0.215935209463873,0.21514393551603,0.214357527348333,0.213575988780339,0.212799321080909,0.212027523144613,0.211260591656721,0.210498521247538,0.209741304636807,0.208988932768851,0.208241394939057,0.207498678912294,0.206760771033798,0.206027656333005,0.205299318620822,0.204575740580739,0.203856903854207,0.20314278912064,0.202433376172392,0.201728643985037,0.201028570783251,0.200333134102573,0.199642310847316,0,0.100835005226898,0.101352546405034,0.101902912249271,0.102475826699477,0.103068465386463,0.103680286588581,0.104311522799037,0.104962705627926,0.105634476898665,0.10632749519173,0.10704238452143,0.107779706826423,0.108539949759387,0.109323524513707,0.110130769925094,0.110961960096755,0.111817313613332,0.112697003076305,0.113601164212885,0.114529904189124,0.115483309015007,0.116461450089104,0.117464390018176,0.118492187884789,0.119544904141561,0.120622605297456,0.121725368539065,0.122853286404295,0.124006471600972,0.125185062040364,0.126389226136167,0.127619168402655,0.128875135370829,0.130157421827406,0.131466377367257,0.13280241323439,0.13416600940878,0.135557721875424,0.136978189987358,0.138428143805451,0.139908411264462,0.141419924976993,0.142963728444898,0.144540981401867,0.146152963962184,0.147801079200177,0.149486853734313,0.151211935841238,0.152978090581011,0.154787191378432,0.156641207480641,0.158542186702338,0.160492232882203,0.162493477512687,0.164548045076062,0.166658011728107,0.168825357122146,0.171051909364494,0.173339283339935,0.175688812942499,0.178101478088763,0.180577827770244,0.183117900805283,0.185721146360667,0.188386346705276,0.191111545003469,0.193893981222235,0.196730039379278,0.199615209366411,0.202544066415838,0.205510270916755,0.208506590729217,0.211524947390097,0.214556486688396,0.217591673048221,0.220620406057333,0.223632156389143,0.226616117363775,0.229561367555323,0.232457039243867,0.235292487181631,0.238057452119935,0.240742213828503,0.243337728907195,0.245835749495037,0.24822891995828,0.250510849713289,0.25267616143455,0.254720514940853,0.256640607983092,0.258434155929789,0.260099852933452,0.261637317551734,0.263047025997175,0.264330236215664,0.265488905873085,0.266525607093526,0.267443440473886,0.268245950530659,0.268937044343383,0.269520914769674,0.270001969237139,0.270384764781204,0.270673949703072,0.27087421197288,0.270990234300279,0.271026655636207,0.270988038752002,0.270878843460445,0.270703404992563,0.270465917018772,0.27017041879807,0.269820785949792,0.26942072436483,0.268973766803618,0.268483271763709,0.267952424238014,0.267384238023897,0.266781559282007,0.266147071080803,0.265483298697729,0.264792615480239,0.264077249099335,0.26333928805477,0.26258068831459,0.261803279992511,0.261008773984682,0.260198768503135,0.259374755456635,0.258538126641129,0.257690179711678,0.256832123915864,0.255965085575395,0.25509011330818,0.254208182987673,0.253320202439893,0.252427015881425,0.251529408103964,0.250628108412666,0.249723794326851,0.248817095052508,0.247908594736657,0.246998835513981,0.246088320356295,0.245177515735421,0.244266854109915,0.243356736245871,0.242447533381726,0.241539589246643,0.240633221941671,0.239728725692451,0.238826372481824,0.237926413570263,0.237029080911606,0.236134588471158,0.235243133452791,0.23435489744129,0.233470047465783,0.232588736989721,0.231711106832535,0.230837286027739,0.229967392621926,0.229101534418822,0.228239809672254,0.227382307731639,0.226529109643327,0.225680288710929,0.224835911017501,0.223996035912285,0.2231607164645,0.222329999886486,0.221503927928377,0.220682537246269,0.21986585974576,0.219053922902567,0.218246750061825,0.217444360717538,0.216646770773567,0.215853992787424,0.215066036198055,0.214282907538715,0.213504610635956,0.212731146795666,0.211962514977047,0.21119871195535,0.210439732474116,0.209685569387643,0.208936213794314,0.208191655161417,0.207451881442007,0.206716879184343,0.205986633634391,0.205261128831843,0.204540347700082,0.203824272130484,0.203112883061425,0.202406160552334,0.20170408385312,0.20100663146925,0.200313781222781,0,0.0994702618191735,0.0999640850372322,0.10050018360957,0.101062731983818,0.101646564873798,0.102249931225211,0.102872389547547,0.103514082772705,0.104175432300387,0.104856983301026,0.105559317644749,0.10628300343136,0.107028566947675,0.107796479120379,0.108587151332031,0.109400937045999,0.110238136758083,0.111099004589259,0.111983755434873,0.11289257202819,0.113825611588909,0.114783011936446,0.115764897078186,0.116771382356158,0.117802579269496,0.118858600098715,0.119939562451439,0.121045593835123,0.122176836345107,0.123333451538947,0.124515625551641,0.125723574491619,0.126957550143878,0.128217845993876,0.129504803572836,0.130818819111133,0.132160350470565,0.133529924307643,0.134928143398099,0.13635569402684,0.137813353317453,0.13930199634072,0.140822602802681,0.142376263069733,0.143964183241739,0.145587688935059,0.147248227386952,0.148947367442852,0.150686796940528,0.152468316963061,0.154293832399114,0.156165338228131,0.158084900944419,0.160054634552756,0.162076670614526,0.164153121903406,0.16628603934856,0.168477362106282,0.170728860811555,0.173042074320956,0.175418240566484,0.177858222491768,0.180362430428302,0.182930742675803,0.18556242645765,0.188256061804412,0.191009471246093,0.193819658433728,0.196682758929534,0.199594006370032,0.202547716992412,0.205537295104169,0.208555261466696,0.211593305767771,0.214642363406513,0.217692715755569,0.2207341119622,0.223755909276173,0.226747227925689,0.229697115776838,0.232594717469985,0.235429442472142,0.238191126538684,0.240870181435544,0.243457728404194,0.245945711704422,0.248326989576664,0.250595401050643,0.252745808114105,0.254774113774836,0.25667725744378,0.258453189795799,0.26010082980382,0.26162000698537,0.263011392056158,0.264276419173479,0.265417202800799,0.266436451966036,0.267337384352712,0.268123642286557,0.268799212287436,0.269368349470399,0.269835507717153,0.27020527621241,0.270482322655554,0.270671343220038,0.270777019140959,0.270803979662933,0.270756770971806,0.270639830659985,0.270457467230941,0.270213844128463,0.269912967775484,0.269558679121191,0.269154648219705,0.268704371395481,0.268211170586909,0.267678194498249,0.267108421229117,0.266504662089165,0.265869566342247,0.26520562665871,0.264515185086132,0.26380043937754,0.263063449541969,0.262306144505115,0.261530328787958,0.260737689128791,0.259929800989226,0.259108134897738,0.25827406259533,0.257428862957215,0.256573727672188,0.255709766667797,0.254838013274721,0.253959429128068,0.253074908806743,0.252185284214761,0.251291328710524,0.250393760991651,0.24949324874416,0.248590412065627,0.247685826672472,0.246780026901856,0.245873508518763,0.244966731338835,0.244060121677364,0.243154074634598,0.242248956227229,0.241345105375543,0.240442835755358,0.23954243752341,0.238644178924451,0.237748307787896,0.236855052921377,0.235964625408203,0.235077219815241,0.234193015317395,0.233312176744414,0.232434855555446,0.23156119074635,0.230691309694482,0.229825328945338,0.228963354945135,0.228105484723139,0.227251806527272,0.226402400416306,0.225557338811686,0.224716687011843,0.223880503671622,0.223048841249295,0.222221746423428,0.221399260481715,0.220581419683744,0.219768255599529,0.21895979542547,0.21815606227934,0.217357075475738,0.216562850783361,0.215773400665359,0.214988734503921,0.214208858810185,0.213433777420476,0.212663491679789,0.211898000613402,0.211137301087409,0.210381387958919,0.209630254216627,0.208883891112384,0.208142288284383,0.207405433872502,0.206673314626336,0.205945916006387,0.205223222278873,0.204505216604562,0.203791881122026,0.20308319702568,0.202379144638929,0.201679703482754,0.200984852340017,0,0.0980587002203379,0.0985373867365884,0.0990632258683341,0.0996181043695837,0.100195378339522,0.100792355970836,0.101408016825466,0.102042150594403,0.102694968844754,0.10336690202924,0.10405848272169,0.104770275553555,0.10550283536172,0.106256683467653,0.107032295854157,0.107830099061393,0.108650470905678,0.109493744017216,0.110360210847304,0.111250129278582,0.112163728321702,0.113101213626551,0.11406277269965,0.115048579821988,0.116058800720302,0.117093597073623,0.118153130946099,0.119237569234629,0.120347088211036,0.121481878226818,0.122642148636142,0.123828132980627,0.125040094467799,0.126278331763867,0.127543185109869,0.128835042757865,0.130154347709723,0.131501604724628,0.1328773875419,0.13428234624268,0.135717214646882,0.137182817610473,0.138680078052349,0.140210023500105,0.14177379190011,0.143372636390181,0.145007928683829,0.146681160664751,0.14839394374098,0.150148005461953,0.151945182861816,0.153787411961881,0.155676712848461,0.15761516974401,0.159604905514837,0.16164805011318,0.163746702540828,0.165902886051195,0.168118496481329,0.170395243828186,0.172734587455478,0.175137665636836,0.177605220502007,0.180137519845017,0.182734277661096,0.185394575681475,0.188116788545712,0.190898515559182,0.193736522195395,0.196626694585338,0.199564010158242,0.202542527336173,0.205555396725038,0.208594895587593,0.211652486546952,0.214718900487169,0.217784242542505,0.220838118965462,0.223869781610387,0.22686828584199,0.229822656948032,0.232722059661435,0.235555965217751,0.238314310504002,0.240987644282949,0.24356725616706,0.246045284912718,0.24841480363742,0.250669880654354,0.252805615694743,0.254818152281647,0.256704667876171,0.258463344101126,0.260093319839027,0.261594630298015,0.262968135252513,0.264215439617291,0.265338809333526,0.266341085265849,0.267225597463055,0.267996081752419,0.268656600244626,0.269211466944511,0.269665179307874,0.270022356267447,0.270287682977796,0.270465862301906,0.270561572880783,0.270579433488874,0.270523973278157,0.270399607447453,0.270210617835431,0.269961137920787,0.269655141716129,0.269296436058869,0.268888655828977,0.26843526165665,0.267939539719966,0.267404603271566,0.266833395572403,0.266228693948755,0.265593114724825,0.264929118817062,0.264239017807343,0.263524980340205,0.262789038714482,0.262033095561941,0.261258930525042,0.260468206862922,0.259662477929344,0.25884319347886,0.258011705768071,0.257169275427784,0.25631707708934,0.255456204754543,0.254587676903683,0.253712441340225,0.252831379774016,0.251945312147446,0.251055000710974,0.250161153855958,0.2492644297138,0.248365439531186,0.247464750831693,0.246562890374267,0.245660346919199,0.244757573812114,0.24385499139636,0.242952989263896,0.242051928354462,0.241152142912449,0.240253942310489,0.239357612748346,0.238463418835281,0.237571605063616,0.236682397180788,0.235796003466766,0.234912615923305,0.234032411381066,0.233155552530315,0.232282188880486,0.231412457653573,0.230546484615994,0.229684384853229,0.22882626349126,0.227972216368561,0.227122330662117,0.226276685470707,0.225435352358483,0.224598395861608,0.223765873960595,0.222937838520719,0.222114335702773,0.221295406346232,0.220481086326764,0.219671406889872,0.218866394962338,0.218066073443005,0.217270461474335,0.216479574696068,0.215693425482217,0.214912023162548,0.214135374229595,0.213363482532218,0.212596349456602,0.21183397409555,0.211076353406878,0.210323482361619,0.209575354082744,0.208831959975019,0.208093289846591,0.207359332022854,0.206630073453101,0.205905499810441,0.20518559558542,0.204470344173752,0.203759727958551,0.203053728387418,0.202352326044706,0.201655500719286,0,0.0965939713710285,0.0970682193094651,0.0975889268426633,0.0981394563363937,0.0987127612674237,0.0993055968760867,0.099916526550734,0.100545062135783,0.10119124065298,0.101855392350827,0.102538003657097,0.103239632763173,0.103960857118649,0.104702241482148,0.105464319629127,0.106247585173178,0.107052488364475,0.107879436667473,0.108728797592429,0.109600902751669,0.11049605247767,0.111414520604664,0.112356559200821,0.113322403162314,0.114312274659321,0.115326387469913,0.116364951261205,0.117428175885683,0.118516275760214,0.119629474389669,0.120768009089059,0.121932135949022,0.123122135080065,0.12433831616147,0.125581024310715,0.126850646278477,0.128147616961903,0.129472426214439,0.13082562591337,0.132207837225763,0.133619757989402,0.135062170097001,0.136535946739475,0.138042059327209,0.139581583867293,0.141155706530066,0.142765728090664,0.144413066881779,0.146099259843813,0.147825961210133,0.149594938320492,0.151408064018035,0.153267305058149,0.155174705945111,0.157132367619815,0.159142420454129,0.161206991070298,0.163328162602913,0.165507928161492,0.167748137438137,0.170050436639629,0.172416202207303,0.17484646911812,0.177341854929861,0.1799024811306,0.18252789376059,0.185216985671143,0.187967923142336,0.190778079868099,0.193643981499676,0.196561263983546,0.199524648808225,0.202527937964292,0.205564030913145,0.208624965156805,0.211701981125187,0.21478561108781,0.217865790709847,0.220931990776422,0.223973365580354,0.226978913583702,0.229937645291605,0.232838752872216,0.235671775952154,0.238426758221196,0.241094389975436,0.243666132473708,0.246134320917611,0.248492243918803,0.250734198411527,0.252855520029915,0.25485258993449,0.256722819890666,0.258464618041283,0.260077338260094,0.26156121622459,0.262917295419016,0.264147346196036,0.265253780818798,0.266239567106675,0.26710814295038,0.267863333574625,0.268509273034368,0.269050331053814,0.269491045970387,0.269836064238472,0.270090086685128,0.270257821493653,0.270343943719811,0.270353061016339,0.270289685149754,0.270158208834183,0.26996288737477,0.269707824602781,0.269396962591253,0.269034074659356,0.2686227612021,0.268166447916288,0.267668386031362,0.267131654192879,0.266559161685317,0.265953652718687,0.265317711539092,0.264653768156597,0.263964104514111,0.26325086094843,0.262516042819036,0.261761527201926,0.260989069564637,0.260200310355104,0.259396781451093,0.258579912429063,0.257751036621483,0.256911396940278,0.256062151451153,0.255204378689525,0.254339082713541,0.253467197893617,0.252589593440984,0.251707077680207,0.250820402072497,0.249930264998029,0.249037315306511,0.248142155645936,0.247245345579858,0.24634740450378,0.245448814371243,0.244550022240168,0.24365144264975,0.242753459837975,0.241856429809463,0.24096068226298,0.240066522387544,0.23917423253563,0.23828407378155,0.237396287372635,0.236511096080435,0.23562870545871,0.23474930501459,0.233873069298884,0.233000158921124,0.232130721494594,0.231264892516211,0.230402796185839,0.229544546169277,0.22869024630888,0.227839991285509,0.226993867235229,0.226151952323949,0.22531431728297,0.224481025908189,0.22365213552552,0.222827697424906,0.222007757265126,0.221192355451447,0.220381527488013,0.219575304306742,0.218773712574366,0.217976774979123,0.217184510498519,0.216396934649474,0.215614059722042,0.214835894997861,0.214062446954356,0.213293719455677,0.212529713931275,0.211770429542944,0.21101586334112,0.210266010411145,0.209520864010183,0.208780415695402,0.208044655444,0.207313571765631,0.206587151807709,0.205865381454084,0.205148245417493,0.204435727326227,0.203727809805357,0.20302447455289,0.202325702411175,0,0.0950726313110389,0.0955534604367208,0.0960748085010457,0.0966247690587659,0.0971969658307816,0.0977880467848116,0.0983963698360568,0.0990212768805861,0.0996626871783926,0.100320859658665,0.100996247454195,0.10168940585666,0.102400933241889,0.103131433459716,0.103881492689392,0.10465166617514,0.105442471672265,0.106254387354022,0.107087852578607,0.107943270395893,0.10882101103378,0.10972141587201,0.110644801606123,0.111591464441417,0.112561684249378,0.113555728678332,0.114573857245242,0.115616325454033,0.116683388993222,0.117775308066156,0.118892351903576,0.120034803502505,0.121202964628517,0.12239716111082,0.123617748451275,0.124865117759221,0.126139702013377,0.127441982639584,0.128772496378211,0.130131842397152,0.131520689584946,0.132939783933343,0.134389955889266,0.135872127522511,0.137387319317636,0.138936656356671,0.140521373613904,0.142142820035974,0.143802461030862,0.145501878939785,0.147242771018394,0.14902694441072,0.150856307564099,0.152732857509628,0.154658662424999,0.156635838909735,0.158666523442325,0.160752837560203,0.162896846412498,0.165100510487025,0.167365630511186,0.169693785773443,0.172086266407574,0.174544000522292,0.177067477436036,0.179656668677977,0.182310948823208,0.185029018619083,0.187808833202091,0.190647538468425,0.193541418812755,0.196485859456088,0.199475326417378,0.202503366825287,0.20556263170938,0.208644922662396,0.21174126285292,0.214841991834286,0.217936882500053,0.221015277450016,0.224066241030373,0.227078722472617,0.230041724944309,0.232944474990424,0.235776586814092,0.238528216122309,0.241190198822183,0.243754170650423,0.246212664789418,0.248559185593508,0.250788257642178,0.25289545038108,0.254877379546036,0.25673168734363,0.258457003956143,0.260052893337258,0.261519786472497,0.262858905311791,0.264072180466992,0.265162165535594,0.266131950596621,0.266985077057155,0.267725455637068,0.268357288889034,0.26888499927962,0.269313163518548,0.269646453525734,0.269889584173613,0.270047267736544,0.270124174817921,0.27012490140554,0.270053941622041,0.269915665684725,0.269714302562299,0.269453926810148,0.269138449075665,0.268771609787056,0.268356975569038,0.267897937964273,0.267397714077578,0.266859348799222,0.266285718302443,0.265679534547702,0.265043350561407,0.264379566289421,0.26369043485543,0.262978069080995,0.262244448147983,0.261491424305083,0.260720729538483,0.25993398214271,0.259132693141266,0.25831827251837,0.257492035232926,0.256655206994115,0.255808929784837,0.254954267124898,0.254092209070427,0.253223676949711,0.252349527838594,0.251470558780876,0.250587510760905,0.249701072436882,0.248811883644302,0.24792053867961,0.247027589374503,0.246133547971496,0.245238889811374,0.244344055843017,0.243449454965917,0.242555466215338,0.241662440799811,0.240770704000183,0.23988055693909,0.23899227822927,0.238106125508686,0.237222336870017,0.236341132191635,0.235462714376759,0.234587270507078,0.233714972916739,0.232845980192223,0.231980438103257,0.231118480469596,0.230260229968154,0.229405798884681,0.228555289813885,0.22770879631163,0.226866403502583,0.226028188646458,0.225194221665765,0.224364565637782,0.223539277253262,0.222718407244214,0.221902000782935,0.221090097854292,0.22028273360314,0.219479938658594,0.218681739436784,0.217888158423571,0.217099214438614,0.216314922882087,0.21553529596522,0.214760342925791,0.21399007022959,0.21322448175881,0.212463578988253,0.211707361150183,0.210955825388579,0.210208966903509,0.209466779086285,0.208729253646006,0.207996380728072,0.207268149025193,0.206544545881389,0.205825557389439,0.205111168482211,0.204401363018265,0.203696123862115,0.202995432959469,0,0.0934942476720789,0.0939913679850507,0.0945192227896201,0.0950726264141236,0.0956467340048253,0.0962385227980442,0.0968463784661454,0.0974696022799228,0.0981080686064462,0.0987620054910065,0.099431853839656,0.100118175363465,0.100821591633104,0.101542743812646,0.10228226661006,0.103040772177528,0.103818840983297,0.104617017504562,0.105435809172242,0.106275687432281,0.107137090120417,0.108020424601843,0.108926071319008,0.109854387531586,0.110805711132529,0.11178036449219,0.112778658326514,0.113800895611811,0.114847375582908,0.115918397857577,0.117014266730924,0.118135295681098,0.119281812123283,0.120454162443421,0.121652717336491,0.122877877466604,0.12413007945721,0.125409802209063,0.126717573530708,0.128053977050707,0.129419659362059,0.130815337326933,0.132241805443578,0.133699943146803,0.135190721878791,0.13671521172814,0.138274587392358,0.139870133173053,0.141503246664638,0.143175440747793,0.144888343449733,0.146643695186877,0.148443342864257,0.15028923027349,0.152183384211119,0.154127895736239,0.156124896005584,0.158176526171201,0.160284900906074,0.162452065242109,0.164679944567579,0.166970287841128,0.169324604338371,0.171744094553982,0.174229576232247,0.176781406883265,0.179399404546207,0.182082768965599,0.184830005726707,0.187638856222108,0.190506236560738,0.193428188649525,0.19639984664431,0.199415421755325,0.202468207986204,0.205550610780995,0.208654199763354,0.211769785806042,0.214887521614593,0.217997023908954,0.221087514214021,0.224147974301554,0.227167311535743,0.23013452882545,0.233038893622685,0.235870100450715,0.238618421792385,0.241274842790676,0.243831176058403,0.2462801538956,0.248615496296266,0.250831954214603,0.252925328584839,0.254892466490489,0.256731236616571,0.258440486667405,0.260019985785888,0.261470355175171,0.262792990119865,0.26398997645893,0.265064004308115,0.26601828149917,0.266856448827313,0.267582498805204,0.268200699233662,0.268715522534233,0.269131581458518,0.269453571501604,0.269686220105287,0.269834242541352,0.269902304213659,0.269894989006421,0.269816773229875,0.269672004668435,0.269464886214855,0.269199463572039,0.268879616517247,0.268509053247472,0.268091307356389,0.267629737029537,0.267127526083101,0.26658768651098,0.266013062243502,0.265406333858106,0.264770024017071,0.264106503439336,0.263417997242594,0.262706591517987,0.261974240022963,0.261222770898262,0.260453893332875,0.259669204116167,0.258870194029574,0.258058254041549,0.257234681278846,0.256400684755206,0.255557390845073,0.25470584849534,0.253847034172571,0.252981856546618,0.252111160914368,0.251235733369537,0.250356304726059,0.249473554203832,0.248588112886477,0.247700566961275,0.246811460751827,0.245921299554066,0.245030552286261,0.244139653963492,0.24324900800683,0.242358988397188,0.241469941683384,0.240582188853637,0.239696027079232,0.238811731338706,0.237929555930445,0.237049735881151,0.236172488257218,0.235298013385626,0.234426495990561,0.233558106251587,0.232693000788797,0.231831323580051,0.230973206815035,0.230118771690581,0.229268129151365,0.228421380579839,0.227578618438961,0.226739926871057,0.225905382255908,0.225075053730926,0.224249003676098,0.223427288166169,0.222609957392373,0.221797056055843,0.220988623734678,0.220184695226519,0.219385300868332,0.218590466834992,0.217800215418121,0.217014565286572,0.216233531729797,0.2154571268853,0.214685359951247,0.213918237385258,0.213155763090317,0.212397938588679,0.211644763184573,0.210896234116474,0.210152346699628,0.209413094459486,0.20867846925666,0.207948461403951,0.207223059775982,0.206502251911917,0.205786024111724,0.205074361526397,0.204367248242539,0.203664667361657,0,0.0918612404460834,0.0923816954305643,0.0929214962198351,0.0934823282725811,0.0940613803911992,0.0946563274479875,0.0952658117536032,0.0958892313831303,0.0965264976787328,0.0971778558325264,0.0978437615584711,0.0985247968216862,0.0992216119428421,0.0999348858858651,0.100665299436276,0.101413517684487,0.102180179251026,0.102965890351912,0.103771222271939,0.104596711172028,0.105442859440248,0.106310138021416,0.107198989336834,0.108109830540964,0.109043056962176,0.109999045646679,0.110978158974183,0.111980748346225,0.113007157967857,0.114057728754288,0.115132802398894,0.116232725639837,0.11735785476079,0.11850856035775,0.11968523239916,0.120888285600549,0.122118165127619,0.123375352632785,0.12466037261921,0.125973799113066,0.12731626260839,0.128688457229374,0.130091148031554,0.131525178336106,0.132991476959946,0.134491065168678,0.136025063139662,0.137594695678997,0.139201296889703,0.140846313439623,0.142531306028126,0.144257948602056,0.146028024826097,0.147843421273431,0.149706116772862,0.151618167332417,0.153581686061633,0.155598817540294,0.157671706136029,0.15980245786245,0.161993095498778,0.164245506865846,0.166561386375158,0.168942170238397,0.171388966042603,0.173902477755491,0.176482927615749,0.179129976769304,0.181842646913518,0.184619245580962,0.187457298002491,0.19035348870248,0.193303616063951,0.196302563027241,0.199344286828683,0.202421830231765,0.205527356052423,0.208652205949048,0.211786983470822,0.214921660286276,0.218045703413072,0.221148220214399,0.224218116994225,0.227244266284837,0.230215677434724,0.233121664912591,0.235952008859906,0.238697102839786,0.241348084409726,0.243896945034516,0.246336616884306,0.248661035154967,0.250865175628357,0.252945068191341,0.254897787900102,0.256721425872494,0.258415042795499,0.259978608143671,0.261412928328398,0.26271956695861,0.263900760220052,0.264959330105012,0.265898597880109,0.266722299797052,0.267434506656769,0.268039548452611,0.268541944959658,0.268946342815778,0.269257459362381,0.269480033281472,0.269618781880192,0.26967836473189,0.269663353279714,0.269578205939825,0.269427248201175,0.26921465720223,0.268944450266905,0.268620476897988,0.268246413752449,0.267825762155999,0.267361847751373,0.266857821913861,0.266316664607003,0.265741188389776,0.265134043323208,0.264497722558572,0.263834568420711,0.263146778828578,0.262436413920593,0.261705402775033,0.260955550135575,0.260188543069366,0.259405957499913,0.258609264569868,0.257799836799594,0.25697895401653,0.256147809037991,0.255307513096347,0.254459101000691,0.253603536033277,0.25274171458241,0.251874470516061,0.251002579302562,0.250126761886279,0.24924768832728,0.248365981214812,0.247482218864904,0.246596938312676,0.245710638110062,0.244823780939549,0.243936796054409,0.243050081555623,0.242164006515391,0.241278912956715,0.240395117698202,0.239512914072739,0.238632573528312,0.237754347118782,0.236878466891984,0.236005147182117,0.235134585812938,0.234266965217911,0.233402453483038,0.232541205317748,0.231683362958864,0.230829057012334,0.229978407237086,0.229131523275085,0.228288505331366,0.227449444807585,0.22661442489235,0.225783521111386,0.224956801840362,0.224134328783005,0.22331615741695,0.222502337409588,0.221692913006012,0.220887923391018,0.220087403026976,0.219291381969239,0.218499886160672,0.217712937706732,0.21693055513244,0.216152753622514,0.2153795452458,0.214610939165082,0.213846941833272,0.213087557176905,0.212332786767798,0.21158262998367,0.210837084158474,0.210096144723122,0.209359805337245,0.208628058012596,0.20790089322863,0.207178300040794,0.206460266182002,0.205746778157732,0.205037821335172,0.204333380026801,0,0.0901780208370742,0.0907256574752854,0.0912820120191164,0.0918539728242775,0.0924408575224418,0.093041298686341,0.093654395431232,0.0942797742387855,0.0949174662642919,0.0955677847454592,0.0962312303799976,0.096908422050986,0.0976000466889673,0.0983068232674608,0.0990294773623779,0.0997687236965316,0.100525254724189,0.10129973373825,0.102092791301359,0.102905024059969,0.103736995216984,0.104589236120846,0.105462248579651,0.106356507629992,0.107272464584505,0.108210550253025,0.109171178283587,0.110154748605269,0.111161650978462,0.112192268672809,0.113246982301291,0.114326173842634,0.115430230884872,0.116559551121456,0.11771454712823,0.118895651445224,0.120103321981477,0.121338047753839,0.122600354961561,0.123890813387165,0.125210043100091,0.126558721422566,0.127937590096651,0.12934746256714,0.130789231266677,0.132263874756947,0.133772464543174,0.135316171338494,0.136896270510611,0.138514146396038,0.14017129511835,0.141869325497523,0.143609957589551,0.145395018351545,0.147226433890307,0.149106217725709,0.151036454488101,0.153019278476415,0.155056846535804,0.157151304776178,0.159304748751477,0.16151917685923,0.163796436905164,0.166138166011195,0.168545724327427,0.171020123337236,0.173561949912283,0.176171287670071,0.178847637593633,0.181589840268996,0.184396002454,0.187263430980547,0.190188577178057,0.193166995055555,0.196193316364168,0.199261245358662,0.202363575575285,0.205492230247303,0.208638327109851,0.211792267340573,0.214943847296781,0.218082390611745,0.221196897178001,0.224276204650849,0.227309157420185,0.230284777578546,0.233192432292244,0.236021992170601,0.23876397570955,0.241409675620584,0.243951263785071,0.24638187262563,0.248695651783889,0.250887800063356,0.252954573572389,0.254893271834522,0.256702204287745,0.258380640054223,0.259928744127385,0.261347503207686,0.262638644345453,0.263804549349109,0.264848167622533,0.26577292973899,0.266582663670649,0.267281515197922,0.267873873642022,0.268364303712468,0.268757483948674,0.269058151967006,0.269271056503415,0.269400916066113,0.269452383879645,0.269430018706652,0.269338261071644,0.26918141437667,0.268963630386827,0.268688898569043,0.268361038786263,0.267983696877173,0.267560342685848,0.2670942701435,0.266588599043903,0.266046278193411,0.265470089654669,0.264862653839336,0.264226435238794,0.263563748612698,0.262876765483112,0.262167520806906,0.261437919721139,0.260689744275465,0.259924660082375,0.259144222830527,0.258349884618761,0.257543000078826,0.256724832263679,0.255896558285474,0.255059274693461,0.254214002586935,0.253361692462364,0.252503228797037,0.251639434374061,0.250771074355474,0.24989886011169,0.249023452816536,0.248145466817861,0.247265472794146,0.246384000707776,0.245501542565687,0.244618554998015,0.243735461665194,0.242852655503658,0.241970500819988,0.241089335242935,0.24020947154238,0.239331199323823,0.238454786606578,0.237580481293424,0.23670851253898,0.235839092023702,0.234972415139944,0.234108662096138,0.233247998944769,0.232390578539436,0.231536541425967,0.230686016672184,0.229839122640656,0.22899596770842,0.22815665093743,0.227321262699189,0.226489885256807,0.225662593307479,0.224839454488173,0.224020529847117,0.223205874283496,0.222395536957583,0.221589561673385,0.220787987235712,0.219990847783474,0.21919817310085,0.218409988907866,0.217626317131807,0.216847176160801,0.216072581080781,0.215302543896982,0.214537073741029,0.213776177064593,0.213019857820527,0.212268117632344,0.211520955952805,0.210778370212357,0.210040355958109,0.20930690698396,0.208578015452482,0.207853672009095,0.207133865889043,0.206418585017656,0.205707816104309,0.205001544730521,0,0.0884499075641288,0.0890257844807994,0.089602227572553,0.0901885007850781,0.090785797567947,0.0913938442376235,0.0920123494048151,0.0926412807819747,0.0932808650053572,0.0939315320754851,0.0945938578445471,0.0952685156448221,0.0959562379733559,0.0966577870278239,0.097373932650377,0.0981054363584588,0.0988530402963117,0.0996174600841707,0.100399380680334,0.101199454509293,0.102018301244905,0.102856508765991,0.103714634917494,0.104593209810107,0.105492738473571,0.106413703744138,0.107356569316445,0.108321782926569,0.109309779658695,0.110320985385024,0.111355820359388,0.112414702991137,0.11349805382872,0.114606299782732,0.115739878616856,0.116899243732232,0.118084869266574,0.119297255523615,0.120536934741018,0.121804477195464,0.12310049763173,0.124425661987947,0.125780694371347,0.127166384217446,0.12858359354034,0.130033264152497,0.131516424698949,0.133034197313196,0.13458780366067,0.136178570090722,0.137807931570591,0.139477434025759,0.141188734662008,0.14294359979746,0.144743899690265,0.14659159981272,0.148488747999062,0.150437456886393,0.152439881081098,0.154498188522098,0.156614525582918,0.158790975562437,0.161029510364458,0.163331935362779,0.165699827693734,0.168134468511845,0.17063677008286,0.173207198964179,0.175845696922906,0.178551601648566,0.181323569707335,0.184159504529385,0.187056492488446,0.190010750289497,0.193017586893846,0.196071383052876,0.19916559117247,0.202292757681989,0.205444569342043,0.208611924019038,0.211785025423969,0.214953500216519,0.218106534783741,0.221233027992182,0.224321755358951,0.227361539458062,0.230341421024209,0.23325082516618,0.236079717360292,0.238818744438854,0.241459356575086,0.243993907231448,0.246415729109326,0.248719185237659,0.250899695393607,0.252953738997655,0.254878836421299,0.256673511257655,0.258337236521391,0.259870367967525,0.261274067765008,0.262550221656169,0.263701352508121,0.264730532850095,0.265641298623663,0.266437565979939,0.267123552563558,0.26770370434693,0.26818262873379,0.268565034347543,0.268855677661826,0.269059316419454,0.269180669619711,0.269224383729535,0.269195004686788,0.26909695520839,0.268934516887093,0.268711816553086,0.268432816385496,0.268101307280007,0.26772090500862,0.267295048742913,0.266827001550639,0.266319852515078,0.265776520165906,0.265199756948233,0.26459215449224,0.263956149479041,0.263294029928658,0.262607941763323,0.261899895523668,0.261171773136831,0.260425334654306,0.25966222489362,0.258883979931931,0.258092033411558,0.257287722627526,0.256472294375718,0.255646910547198,0.254812653460135,0.253970530925436,0.253121481046029,0.252266376752793,0.25140603008245,0.250541196204606,0.249672577206454,0.248800825644624,0.247926547874311,0.247050307166248,0.246172626622199,0.245293991899764,0.244414853757087,0.243535630427904,0.242656709837049,0.241778451666204,0.240901189279256,0.240025231516263,0.239150864364534,0.238278352514947,0.237407940811137,0.236539855598797,0.235674305981862,0.234811484991979,0.233951570677234,0.233094727115725,0.232241105359244,0.231390844311917,0.2305440715484,0.229700904075848,0.228861449043636,0.228025804404494,0.227194059530511,0.226366295787149,0.225542587068273,0.22472300029491,0.223907595880301,0.223096428163628,0.22228954581459,0.221486992210899,0.220688805790566,0.219895020380752,0.219105665504804,0.218320766669003,0.217540345630419,0.216764420647176,0.215993006712348,0.215226115772598,0.214463756932613,0.213705936646294,0.212952658895601,0.212203925357903,0.211459735562584,0.210720087037647,0.209984975446971,0.20925439471886,0.208528337166439,0.20780679360046,0.207089753435004,0.206377204786543,0.205669134566807,0,0.0866823001031603,0.0872857205124688,0.0878846322536536,0.0884876978246445,0.0890975260700068,0.0897149567288973,0.0903404016388233,0.0909742531642259,0.0916169944977638,0.0922692140549928,0.0929315898305623,0.0936048659423564,0.0942898291811797,0.0949872883547665,0.0956980573089468,0.0964229417073746,0.0971627292832478,0.0979181831083663,0.0986900373662043,0.099478995122974,0.100285727637306,0.101110874816422,0.101955046501147,0.102818824334862,0.103702764036967,0.104607397957106,0.105533237831356,0.106480777696435,0.107450496943879,0.10844286351459,0.109458337246679,0.110497373397514,0.111560426365445,0.112647953638716,0.113760419999225,0.11489830200728,0.11606209279073,0.11725230715748,0.11846948704458,0.119714207309332,0.120987081857932,0.122288770094763,0.123619983660029,0.124981493404787,0.126374136530117,0.127798823790982,0.129256546635026,0.130748384112154,0.132275509352214,0.133839195365853,0.135440819878099,0.137081868856334,0.138763938345169,0.14048873417206,0.142258069041307,0.144073856493111,0.145938101171832,0.147852884827463,0.149820347470988,0.151842663122948,0.153922009640465,0.156060532186999,0.158260300026567,0.160523256485071,0.162851162129348,0.165245531471417,0.167707563810256,0.170238069171796,0.172837390690848,0.175505325182603,0.178241044056726,0.181043017109528,0.18390894205973,0.186835682938533,0.189819220571229,0.192854618363685,0.195936006406021,0.199056586510496,0.202208660206294,0.205383680932111,0.208572330726836,0.211764620665643,0.214950013185054,0.21811756335855,0.221256075201377,0.224354268273937,0.227400949281607,0.23038518308148,0.233296457527123,0.23612483690902,0.238861099353767,0.241496854379881,0.244024637806465,0.246437982297705,0.248731462924554,0.250900718164075,0.252942447677437,0.254854388965917,0.256635275574279,0.258284779883779,0.259803443719064,0.261192600003221,0.262454288560125,0.263591168915097,0.264606432616732,0.265503717226468,0.266287023726105,0.266960638700568,0.267529062281882,0.267996942503355,0.268369016418456,0.268650058090535,0.268844833357937,0.268958061122089,0.268994380790086,0.268958325423347,0.268854300094691,0.268686564932396,0.268459222326287,0.268176207782925,0.267841283940469,0.267458037285157,0.267029877147766,0.26656003659736,0.26605157488952,0.265507381165375,0.264930179135458,0.264322532517721,0.263686851031707,0.263025396780629,0.262340290879817,0.261633520213784,0.260906944225088,0.260162301656434,0.259401217183254,0.258625207887563,0.257835689535413,0.257033982630018,0.256221318220759,0.255398843455057,0.254567626865653,0.253728663390366,0.252882879125039,0.252031135813257,0.251174235078669,0.25031292240747,0.249447890889834,0.248579784730013,0.24770920253538,0.246836700395074,0.245962794759,0.245087965127981,0.244212656565671,0.243337282042622,0.242462224622611,0.24158783950093,0.240714455903975,0.239842378859037,0.238971890842759,0.238103253316279,0.237236708154647,0.236372478977653,0.235510772388792,0.234651779128671,0.233795675148777,0.232942622611118,0.232092770818933,0.231246257083276,0.230403207529979,0.229563737851193,0.228727954005404,0.227895952869557,0.227067822846673,0.226243644432091,0.22542349074125,0.224607428001738,0.223795516012103,0.222987808569773,0.222184353870256,0.221385194879627,0.220590369682168,0.219799911804901,0.219013850520616,0.218232211130892,0.217455015230485,0.216682280954384,0.215914023208714,0.215150253886601,0.214390982070021,0.213636214218591,0.212885954346195,0.212140204186244,0.211398963346369,0.210662229453227,0.209929998288098,0.209202263913874,0.20847901879403,0.207760253904079,0.207045958836035,0.206336121896314,0,0.0848802778934326,0.0855100164308162,0.0861326552285016,0.0867541549818006,0.0873780454042042,0.0880062072055863,0.0886397861486456,0.0892796459032974,0.0899265667276993,0.0905813257964044,0.0912447241398501,0.0919175898276747,0.092600771117208,0.0932951261123859,0.0940015121088826,0.094720776126704,0.0954537472516437,0.0962012309293501,0.09696400509999,0.0977428179369049,0.0985383869079981,0.0993513988817549,0.10018251102952,0.101032352317722,0.101901525428952,0.102790608993656,0.103700160051682,0.104630716693913,0.105582800858636,0.106556921275677,0.107553576564678,0.108573258503001,0.109616455484698,0.110683656195327,0.111775353528826,0.112892048772488,0.114034256084465,0.115202507285272,0.116397356980303,0.11761938802421,0.11886921732989,0.120147502014406,0.121454945861069,0.1227923060608,0.124160400176373,0.125560113249956,0.126992404947201,0.128458316599905,0.129958977973901,0.131495613549443,0.13306954805835,0.134682210976083,0.136335139618656,0.138029980445205,0.139768488118772,0.141552521832685,0.143384038370678,0.145265081338939,0.147197765991636,0.149184259072889,0.151226753122623,0.153327434746975,0.155488446441402,0.157711841681912,0.159999533171466,0.162353234347992,0.164774394528832,0.167264128382137,0.169823140773418,0.172451648425129,0.175149300233772,0.17791509849209,0.180747323637539,0.183643465462381,0.186600163942108,0.189613162934069,0.192677279935952,0.195786394849363,0.198933460252415,0.202110535045656,0.205308842513205,0.208518852868367,0.211730389280422,0.214932755271449,0.21811488030313,0.221265479421159,0.224373222062104,0.227426904615207,0.230415621111531,0.233328926503289,0.236156987389385,0.238890715706608,0.241521881785865,0.244043204200467,0.246448414932547,0.248732299477815,0.250890712529227,0.252920570770376,0.254819825029692,0.256587414574536,0.258223206654636,0.259727924546624,0.261103067326448,0.262350824432817,0.263473987815161,0.264475864116926,0.26536018896065,0.266131045002463,0.266792785032763,0.267349961033915,0.267807259776552,0.268169445250608,0.268441307988413,0.268627621145088,0.268733103053412,0.26876238586235,0.268719989795521,0.268610302522626,0.268437563117933,0.268205850080288,0.267919072904069,0.267580966716175,0.267195089526989,0.266764821680588,0.266293367128926,0.265783756194682,0.265238849526559,0.264661342988138,0.264053773256303,0.263418523937433,0.262757832038701,0.262073794658038,0.261368375779487,0.260643413081126,0.259900624680469,0.259141615757596,0.258367885009417,0.257580830899596,0.256781757678096,0.255971881152139,0.25515233419688,0.254324171999437,0.253488377034252,0.2526458637712,0.251797483120648,0.250944026621735,0.2500862303818,0.24922477877603,0.248360307917231,0.247493408906164,0.246624630873181,0.245754483821989,0.244883441286335,0.244011942810245,0.243140396262185,0.242269179993191,0.241398644848642,0.240529116042955,0.239660894906015,0.238794260509771,0.237929471182918,0.237066765921192,0.23620636570035,0.235348474698477,0.234493281433857,0.233640959824272,0.232791670173163,0.231945560087788,0.231102765334128,0.230263410632985,0.22942761040142,0.228595469443367,0.227767083593031,0.22694254031438,0.22612191925984,0.225305292791072,0.2244927264645,0.223684279484069,0.222880005123542,0.222079951120475,0.221284160043842,0.22049266963717,0.219705513138879,0.218922719581414,0.218144314070642,0.217370318046888,0.216600749528853,0.215835623341619,0.215074951329811,0.214318742556935,0.213567003491843,0.212819738183175,0.212076948422619,0.211338633897714,0.210604792334923,0.209875419633599,0.209150509991477,0.208430056022229,0.207714048865626,0.207002478290778,0,0.0830487272070428,0.0837039503926621,0.0843505341052055,0.0849911898127558,0.0856299878731528,0.0862697160701873,0.0869122239723922,0.087558852804682,0.0882106958639973,0.088868734925368,0.0895339064812514,0.0902071308407342,0.0908893221414724,0.0915813889410299,0.092284230588623,0.0929987321814217,0.0937257595845165,0.0944661552388638,0.0952207350457465,0.0959902863690154,0.0967755670649449,0.0975773053901889,0.0983962006229605,0.0992329242425513,0.10008812153526,0.100962413522724,0.101856399136626,0.102770657589099,0.103705750909525,0.104662226635657,0.105640620660115,0.106641460243017,0.107665267208218,0.108712561345032,0.109783864039787,0.110879702162466,0.112000612233203,0.113147144891613,0.114319869688747,0.115519380216756,0.116746299584821,0.118001286241384,0.119285040131656,0.120598309165696,0.121941895955409,0.123316664758501,0.124723548543307,0.126163556060346,0.127637778774254,0.129147397473486,0.130693688334945,0.132278028176961,0.133901898587418,0.135566888565297,0.137274695264879,0.139027122384152,0.140826075694897,0.142673555174577,0.144571643172863,0.146522488032778,0.148528282592674,0.150591237025875,0.15271354553546,0.154897346517848,0.157144675946044,0.159457413905833,0.161837224449057,0.164285489207808,0.166803235539692,0.169391060340809,0.172049051058739,0.174776705846301,0.177572855196388,0.180435587761909,0.18336218336166,0.186349056369292,0.189391712745155,0.19248472386946,0.195621720047012,0.198795406066675,0.201997600514818,0.205219299680538,0.20845076588818,0.211681639003457,0.214901068750619,0.218097864425576,0.221260657670908,0.224378073264669,0.227438902422927,0.230432272963454,0.233347810837224,0.236175787992313,0.238907252253432,0.241534135822131,0.244049340056207,0.246446795294905,0.248721495583697,0.250869509151834,0.252887966354609,0.254775027473941,0.256529833257077,0.258152441362063,0.259643751982368,0.261005425864767,0.262239797744055,0.263349787928519,0.264338814414301,0.265210707515558,0.265969628596878,0.266619994106255,0.267166405746722,0.267613587303424,0.267966328366389,0.268229434959974,0.268407686907015,0.268505801616352,0.268528403882126,0.268480001217104,0.268364964204668,0.268187511339856,0.267951697833757,0.267661407873387,0.267320349856756,0.266932054157088,0.26649987300832,0.266026982143858,0.265516383860649,0.264970911219563,0.264393233130072,0.263785860101725,0.263151150476537,0.262491316985093,0.261808433494742,0.261104441840992,0.260381158653054,0.259640282101808,0.258883398513326,0.258111988803833,0.257327434702769,0.256531024739705,0.255723959978415,0.254907359487678,0.254082265543496,0.253249648561547,0.252410411762014,0.251565395571523,0.250715381768926,0.249861097383191,0.249003218352732,0.248142372956285,0.247279145025906,0.246414076952899,0.245547672497592,0.244680399413735,0.243812691898183,0.242944952876193,0.242077556132343,0.241210848296717,0.240345150695558,0.239480761075157,0.238617955207325,0.237756988384323,0.236898096810683,0.236041498898939,0.235187396475836,0.234335975905195,0.233487409133207,0.232641854661572,0.231799458453509,0.230960354777369,0.230124666992218,0.229292508279493,0.228463982324526,0.227639183951475,0.226818199714961,0.22600110845145,0.225187981793236,0.224378884647654,0.223573875643967,0.222773007550218,0.221976327662124,0.221183878165999,0.220395696477512,0.219611815557952,0.218832264209583,0.218057067351531,0.217286246277542,0.216519818896876,0.215757799959479,0.215000201266529,0.214247031867328,0.213498298243498,0.212754004481321,0.212014152433026,0.211278741867778,0.210547770613045,0.209821234686991,0.209099128422499,0.208381444583357,0.207668174473154,0,0.0811928834018539,0.0818733800931176,0.0825431541140303,0.0832027333906418,0.0838565405091926,0.0845081020083237,0.0851598870186811,0.0858136802934549,0.0864708779755655,0.0871326659351932,0.0878001184748771,0.0884742502675124,0.0891560420109228,0.0898464516340394,0.090546417803991,0.0912568595977663,0.0919786745487776,0.0927127363078859,0.0934598925764235,0.0942209636180715,0.0949967414492987,0.0957879896922061,0.096595444016016,0.097419813072187,0.0982617798284782,0.0991220032192957,0.10000112004687,0.100899747086196,0.101818483363896,0.10275791259611,0.103718605782701,0.104701123964633,0.10570602115844,0.106733847486771,0.10778515252721,0.108860488903424,0.109960416143092,0.111085504826353,0.112236341046417,0.11341353120058,0.114617707124799,0.115849531578104,0.117109704074043,0.118398967044762,0.119718112308871,0.121067987796597,0.122449504464517,0.123863643307191,0.125311462343987,0.126794103426301,0.128312798673207,0.12986887630251,0.1314637655798,0.133099000560931,0.13477622225465,0.13649717878322,0.138263723071787,0.140077807554477,0.141941475349757,0.143856847333269,0.145826104527311,0.147851465237483,0.149935156403937,0.152079378702886,0.154286265039182,0.156557832217907,0.15889592577636,0.161302158199958,0.163777841036557,0.166323911760247,0.168940856610538,0.171628631033739,0.174386579762777,0.177213358966679,0.180106863253459,0.183064160588374,0.186081438359618,0.18915396385247,0.19227606225178,0.195441114960488,0.198641580489314,0.201869039445624,0.205114264250709,0.20836731318524,0.211617647259506,0.214854267298418,0.21806586759796,0.221241001626907,0.224368254584213,0.227436417232009,0.230434655339053,0.233352669296534,0.236180838988628,0.238910349771389,0.241533296373902,0.244042762611753,0.246432875916822,0.248698836765078,0.250836924060695,0.252844478360907,0.254719865468832,0.256462423366256,0.258072395706608,0.259550855154926,0.260899619771521,0.262121165420183,0.26321853687368,0.264195259921686,0.265055256389222,0.265802763572493,0.266442259214016,0.266978392784877,0.267415923528544,0.267759665453152,0.268014439239124,0.268185030855042,0.268276156543654,0.268292433747119,0.268238357480855,0.268118281633149,0.267936404657801,0.267696759134432,0.267403204691458,0.267059423816231,0.266668920112289,0.266235018602603,0.265760867717931,0.26524944264949,0.264703549783947,0.264125831975399,0.263518774443061,0.262884711114554,0.262225831262772,0.261544186309425,0.26084169669049,0.260120158698219,0.259381251231148,0.258626542398024,0.257857495933907,0.257075477397157,0.256281760124753,0.255477530930727,0.254663895538475,0.253841883742632,0.253012454300159,0.252176499553455,0.251334849790736,0.250488277350874,0.249637500481264,0.248783186958317,0.247925957480853,0.247066388847125,0.246205016926354,0.24534233943573,0.244478818533714,0.243614883240258,0.242750931694271,0.241887333258317,0.241024430480111,0.240162540919989,0.239301958853048,0.238442956854244,0.237585787274248,0.236730683613439,0.235877861800988,0.235027521385512,0.234179846643443,0.233335007610806,0.232493161043754,0.231654451312852,0.230819011235763,0.229986962852665,0.229158418148449,0.228333479725437,0.227512241430138,0.226694788937263,0.225881200294035,0.225071546427594,0.22426589161809,0.223464293939886,0.22266680567312,0.221873473687692,0.221084339801619,0.220299441115541,0.219518810325045,0.218742476012354,0.217970462918793,0.217202792199388,0.216439481660802,0.215680545983774,0.214925996931105,0.214175843542189,0.213430092315001,0.212688747376383,0.211951810641427,0.211219281962688,0.210491159269902,0.20976743870084,0.209048114723904,0.208333180252986,0,0.0793190039129364,0.0800246059320802,0.0807158652892987,0.0813931900460564,0.0820613456119464,0.0827244109598919,0.0833853457470706,0.084046307540743,0.0847089597746159,0.0853746752303905,0.086044657587774,0.0867200110989605,0.0874017793100381,0.0880909656714441,0.0887885436983007,0.0894954612563825,0.0902126417230117,0.090940983670039,0.0916813600355664,0.0924346173250224,0.093201575116103,0.0939830259797382,0.0947797358351133,0.0955924447072572,0.0964218678346637,0.0972686970706796,0.0981336025283973,0.0990172344295006,0.0999202251297482,0.100843191305671,0.101786736297622,0.102751452613116,0.103737924601423,0.104746731315644,0.105778449582317,0.106833657301022,0.107912936997717,0.109016879655615,0.110146088846344,0.111301185181841,0.112482811103622,0.113691636020705,0.114928361800079,0.116193728604024,0.117488521056347,0.11881357470448,0.120169782725897,0.121558102805315,0.12297956408324,0.124435274046498,0.125926425197403,0.127454301300135,0.129020282961126,0.130625852255138,0.132272596061187,0.133962207723551,0.135696486604456,0.137477335048715,0.139306752239105,0.141186824388018,0.143119710689531,0.14510762445117,0.147152808841141,0.149257506730284,0.151423924184,0.153654187273594,0.155950292033796,0.158314047597593,0.160747012793001,0.163250426788415,0.165825134719714,0.168471509614934,0.171189372337836,0.173977911681154,0.176835607129669,0.179760157153407,0.182748416149664,0.18579634329525,0.188898966564693,0.192050364988628,0.195243671850184,0.198471100939741,0.201723997219113,0.204992912312035,0.208267704183425,0.211537659255735,0.214791634109173,0.218018212901458,0.221205875798419,0.22434317309561,0.227418899383035,0.23042226208706,0.233343039017253,0.236171720126796,0.238899629515987,0.241519024704161,0.244023171290859,0.24640639224413,0.248664092119578,0.250792757466049,0.252789935466378,0.25465419346544,0.256385062441622,0.257982967686432,0.259449149987727,0.260785580491652,0.261994872178734,0.263080190564401,0.264045165856059,0.264893808396902,0.26563042882544,0.266259563998404,0.266785909376945,0.267214258270706,0.267549448075704,0.267796313430949,0.267959646053554,0.268044160889092,0.268054468128342,0.267995050587972,0.267870245925655,0.267684233154332,0.267441022930939,0.267144451117711,0.266798175145372,0.266405672744159,0.265970242648196,0.265495006919287,0.26498291457633,0.26443674625514,0.263859119659788,0.263252495600233,0.262619184441641,0.261961352818414,0.261281030490509,0.260580117241293,0.25986038973508,0.259123508268877,0.258371023366897,0.257604382178397,0.256824934649475,0.256033939447941,0.255232569627418,0.254421918022604,0.253603002372323,0.252776770170828,0.25194410325076,0.251105822103572,0.250262689944972,0.249415416534295,0.248564661757627,0.24771103898515,0.246855118213535,0.245997429004383,0.24513846322969,0.244278677635203,0.243418496232272,0.242558312528527,0.2416984916073,0.240839372065355,0.239981267818006,0.239124469780303,0.238269247432476,0.237415850277416,0.236564509197466,0.235715437717435,0.234868833180262,0.23402487784138,0.233183739887446,0.232345574384713,0.231510524161981,0.230678720632729,0.22985028456071,0.229025326772997,0.228203948824205,0.227386243615317,0.226572295970349,0.225762183173804,0.224955975471712,0.224153736538801,0.223355523914194,0.222561389407853,0.221771379479804,0.220985535594063,0.220203894549036,0.219426488786011,0.218653346677284,0.217884492795329,0.21711994816431,0.216359730495159,0.215603854405354,0.21485233162443,0.214105171186209,0.213362379608639,0.212623961062096,0.211889917526913,0.211160248940859,0.210434953337261,0.209714026974363,0.208997464456526,0,0.0774346796944125,0.0781642118828147,0.0788742834802445,0.0795672780164879,0.0802483826472037,0.0809220285229547,0.0815915026439395,0.0822592345140154,0.0829270970396409,0.0835966172436734,0.0842691092313324,0.0849457549988503,0.0856276525546201,0.0863158439566474,0.0870113311091059,0.0877150841889127,0.0884280457504345,0.0891511324224717,0.0898852353902243,0.0906312203879549,0.0913899276242438,0.0921621718661138,0.0929487427858134,0.0937504056011331,0.0945679020003628,0.0954019513247883,0.0962532519767928,0.0971224830245255,0.0980103059809346,0.098917366743301,0.0998442976877898,0.100791719921157,0.101760245698233,0.102750481019054,0.10376302842353,0.104798490004444,0.105857470661384,0.106940581619039,0.108048444233027,0.109181694105088,0.110340985526832,0.111526996267153,0.112740432712598,0.113982035362152,0.115252584667738,0.116552907198869,0.117883882094018,0.119246447742062,0.120641608614251,0.122070442140417,0.123534105492299,0.125033842101976,0.126570987704486,0.128146975651161,0.12976334119449,0.13142172439739,0.133123871270749,0.134871632694787,0.136666960634226,0.138511901117305,0.140408583417608,0.142359204859505,0.144366010667327,0.146431268300364,0.148557235765891,0.150746123486441,0.153000049420899,0.155320987306593,0.157710708104936,0.160170714997919,0.162702172595655,0.165305831371295,0.167981948729619,0.170730208524945,0.173549641252659,0.176438547521343,0.179394427739079,0.182413921184997,0.185492757751239,0.188625725599485,0.191806657753652,0.195028440229871,0.198283043682945,0.201561579738316,0.204854382210752,0.208151112334059,0.211440886003688,0.214712419940522,0.217954192697897,0.221154615630217,0.224302208384268,0.227385773209018,0.230394562428502,0.233318433781089,0.236147988967622,0.238874691618617,0.241490961918967,0.24399024624043,0.246367061249677,0.248617013011278,0.250736792531561,0.252724149947492,0.254577850129584,0.256297612831435,0.25788404068851,0.259338538365141,0.260663225999447,0.261860849833963,0.26293469257884,0.263888485666936,0.264726325154209,0.265452592618228,0.266071882030408,0.266588933236345,0.267008572381367,0.267335659368534,0.267575042234193,0.267731518169495,0.267809800801034,0.267814493265068,0.267750066562012,0.267620842655779,0.267430981780598,0.267184473431674,0.266885130541027,0.26653658637271,0.266142293709273,0.265705525941504,0.265229379714337,0.264716778821871,0.264170479082896,0.263593073964261,0.262987000752672,0.262354547105648,0.261697857839477,0.261018941836098,0.260319678971968,0.25960182699045,0.258867028255187,0.258116816335559,0.257352622386977,0.256575781298502,0.255787537588498,0.254989051035789,0.254181402039362,0.253365596704175,0.252542571654261,0.251713198577161,0.250878288505985,0.250038595847038,0.24919482216222,0.24834761971626,0.247497594799435,0.246645310836692,0.245791291294281,0.244936022394909,0.2440799556523,0.243223510235777,0.24236707517516,0.241511011415882,0.240655653733833,0.239801312518975,0.238948275436345,0.23809680897258,0.237247159875682,0.236399556495248,0.235554210029991,0.234711315688946,0.233871053772337,0.233033590677719,0.232199079836611,0.231367662586514,0.230539468982851,0.229714618555076,0.228893221010891,0.228075376892243,0.227261178186504,0.226450708896016,0.225644045568927,0.224841257794068,0.224042408662395,0.223247555197368,0.222456748756423,0.221670035405603,0.220887456269193,0.220109047856127,0.219334842364784,0.21856486796766,0.21779914907733,0.217037706594975,0.216280558142694,0.215527718280686,0.214779198710373,0.214035008464385,0.213295154084325,0.212559639787135,0.21182846762082,0.211101637610262,0.210379147893767,0.209660994850987,0,0.0755484489665037,0.0762988562392724,0.0770240810903541,0.0777298600723056,0.0784218382840261,0.0791045802323432,0.0797815143227233,0.0804552197644092,0.0811277039063505,0.0818006024290674,0.0824753115814399,0.083153072685887,0.0838350252696276,0.08452223998257,0.0852157385811881,0.085916505700877,0.0866254954989654,0.0873436351888231,0.0880718267847948,0.0888109479075253,0.0895618521815858,0.0903253695438161,0.0911023066399127,0.0918934473967986,0.0926995538037107,0.09352136690446,0.0943596079887816,0.0952149799661943,0.0960881689072263,0.0969798457414294,0.0978906681074808,0.0988212823567477,0.0997723257173306,0.100744428630495,0.101738217275421,0.102754316301321,0.103793351788215,0.10485595445899,0.105942763165838,0.107054428673596,0.10819161776088,0.109355017656959,0.110545340827871,0.111763330119027,0.113009764253243,0.114285463672391,0.115591296697352,0.11692818596437,0.118297115075894,0.119699135380269,0.12113537276701,0.122607034332688,0.124115414736656,0.12566190202615,0.127247982666978,0.128875245469746,0.130545384053245,0.132260197437639,0.134021588312048,0.135831558476586,0.137692200920435,0.139605687968909,0.141574254917562,0.143600178575157,0.145685750164836,0.147833242089826,0.150044868162159,0.152322737025583,0.154668798681797,0.157084784255549,0.159572139410068,0.16213195214789,0.164764876097477,0.167471050782863,0.170250020785983,0.173100656118364,0.176021076493777,0.179008582505475,0.18205959692698,0.185169619440011,0.188333198015891,0.191543919912857,0.19479442478709,0.198076441749706,0.201380851352064,0.204697772482249,0.208016673058523,0.211326502277468,0.214615841091676,0.217873066632951,0.221086525535996,0.224244710615375,0.227336435146411,0.230350999115585,0.233278342228322,0.236109179157156,0.238835113425104,0.241448727376767,0.243943646815023,0.246314579996586,0.248557331715352,0.250668794101929,0.252646916491252,0.254490657236157,0.256199920668791,0.257775482544368,0.259218907264925,0.260532460004189,0.261719016571749,0.262781973499427,0.26372516043675,0.26455275653345,0.265269212087505,0.265879176364398,0.266387432158821,0.266798837380772,0.267118273706783,0.267350602143546,0.267500625202705,0.267573055277851,0.267572488742613,0.267503385246629,0.26737005166862,0.267176630187665,0.26692708995023,0.266625221837749,0.266274635873782,0.265878760848491,0.265440845778858,0.264963962864126,0.264451011636025,0.263904724041501,0.263327670231346,0.262722264860886,0.262090773738609,0.261435320685205,0.260757894489104,0.260060355865255,0.259344444341915,0.258611785015738,0.257863895128699,0.2571021904317,0.256327991309144,0.255542528646676,0.254746949430869,0.25394232207492,0.253129641468825,0.252309833755922,0.251483760840446,0.250652224632836,0.249815971041132,0.248975693717943,0.24813203757328,0.247285602064058,0.246436944271314,0.245586581776314,0.244734995346618,0.243882631442994,0.243029904557813,0.242177199395177,0.241324872902686,0.240473256164284,0.239622656163201,0.238773357423537,0.237925623538601,0.237079698593619,0.236235808490021,0.235394162178054,0.234554952804055,0.233718358778321,0.232884544769114,0.232053662627986,0.231225852251245,0.230401242382075,0.229579951357489,0.228762087804022,0.227947751285794,0.227137032908304,0.226330015881094,0.225526776042198,0.22472738234706,0.223931897324442,0.223140377501645,0.222352873801196,0.221569431911014,0.220790092629899,0.220014892190084,0.219243862558434,0.218477031717785,0.217714423929792,0.216956059980575,0.216201957410327,0.215452130728009,0.214706591612128,0.213965349098565,0.213228409756321,0.212495777851997,0.211767455503783,0.21104344282563,0.210323738062298,0,0.0736690978300817,0.0744350031832393,0.0751707755071905,0.0758857737446614,0.0765859719752739,0.0772758248476595,0.0779587057313762,0.0786372103327796,0.0793133946900154,0.0799889483247836,0.0806653140032285,0.081343768400133,0.0820254755625801,0.0827115218402705,0.0834029383155733,0.0841007148833929,0.0848058088339896,0.0855191498996626,0.0862416431058113,0.0869741703311716,0.0877175911750166,0.0884727435140591,0.0892404439834487,0.0900214885164843,0.0908166530129684,0.0916266941663696,0.0924523504574498,0.093294343311057,0.0941533784092116,0.0950301471544669,0.0959253282807796,0.0968395896134461,0.0977735899842174,0.098727981312008,0.0997034108634115,0.100700523710394,0.10171996540501,0.102762384892714,0.10382843768685,0.104918789326975,0.106034119142905,0.107175124344388,0.10834252445306,0.109537066088502,0.110759528113555,0.112010727135197,0.113291523345959,0.11460282667672,0.115945603214381,0.117320881817129,0.118729760835455,0.120173414818578,0.121653101053344,0.123170165746025,0.124726049616905,0.126322292633557,0.127960537561861,0.129642531965225,0.131370128233453,0.133145281175179,0.134970042664155,0.136846552792968,0.138777026961555,0.140763738316518,0.142808994965483,0.144915111424078,0.14708437381711,0.149318998455935,0.151621083556218,0.153992554048638,0.156435099672559,0.158950106829708,0.161538585008966,0.164201088967601,0.166937638257373,0.169747636098837,0.172629790011598,0.175582036974544,0.178601476186375,0.181684312688963,0.184825815170281,0.188020291149404,0.191261082440585,0.194540583284801,0.197850282828645,0.201180832742226,0.204522139738396,0.207863481640759,0.211193644516762,0.214501077322609,0.217774059577503,0.221000876868207,0.224169998538822,0.2272702517819,0.230290986527207,0.233222226008771,0.236054798639573,0.238780447776494,0.241391917042431,0.243883010008636,0.246248624151394,0.248484760015126,0.250588507385374,0.252558010963562,0.254392418522783,0.256091814809079,0.257657144548989,0.25909012785553,0.260393171122238,0.2615692761924,0.262621950222039,0.263555118251845,0.264373040091848,0.265080232724931,0.26568139906718,0.266181363595378,0.266585015070702,0.266897256354981,0.267122961130804,0.267266937196234,0.267333895904381,0.26732842725224,0.267254980086441,0.267117846880431,0.266921152542949,0.266668846736865,0.266364699216612,0.266012297728136,0.265615048054834,0.265176175834156,0.264698729810789,0.264185586232345,0.263639454131429,0.263062881273297,0.262458260580654,0.261827836876403,0.26117371381129,0.260497860866512,0.25980212034157,0.259088214255248,0.258357751102685,0.257612232424461,0.256853059154501,0.256081537722839,0.255298885896867,0.254506238351072,0.253704651960348,0.252895110816194,0.252078530968376,0.251255764897265,0.250427605724037,0.249594791167435,0.24875800725686,0.24791789181229,0.247075037701989,0.246229995889183,0.245383278278924,0.244535360376285,0.243686683766776,0.242837658429623,0.241988664894146,0.241140056249119,0.240292160014497,0.239445279884511,0.238599697350609,0.237755673212306,0.236913448983513,0.23607324820149,0.235235277645117,0.234399728468773,0.233566777257691,0.232736587010283,0.231909308052571,0.2310850788895,0.230264026997582,0.229446269563031,0.228631914169241,0.227821059437188,0.227013795622105,0.226210205169512,0.225410363233484,0.224614338159824,0.223822191936626,0.223033980614515,0.222249754698701,0.221469559514836,0.220693435550493,0.219921418773985,0.219153540932088,0.218389829828151,0.217630309581937,0.216875000872465,0.216123921165016,0.215377084923401,0.214634503808484,0.213896186863907,0.213162140689876,0.212432369605829,0.211706875802717,0.210985659485612,0,0.0718049209384578,0.0725786106656654,0.0733195265386416,0.074039670913509,0.0747449845477321,0.0754395460639951,0.0761264803407269,0.0768082665654663,0.0774869202838397,0.0781641252159767,0.0788413302522507,0.0795198193717625,0.0802007609264231,0.0808852416662373,0.0815742897439989,0.0822688899170578,0.0829699933349948,0.0836785236590914,0.0843953807707809,0.0851214429588933,0.0858575682021412,0.0866045949625784,0.0873633427610419,0.0881346127037164,0.0889191880594303,0.0897178349417231,0.0905313031214715,0.091360326979774,0.0922056266029326,0.0930679090188399,0.0939478695747847,0.0948461934591897,0.0957635573731231,0.096700631360973,0.0976580808130681,0.0986365686560621,0.0996367577494463,0.100659313508548,0.101704906775738,0.102774216962235,0.103867935482747,0.104986769504088,0.106131446026673,0.107302716314188,0.108501360681525,0.109728193643931,0.110984069420967,0.11226988777696,0.113586600164802,0.114935216121914,0.116316809845614,0.117732526849722,0.11918359057491,0.120671308791805,0.122197079598384,0.123762396771876,0.125368854190702,0.127018148994638,0.128712083102535,0.130452562657961,0.132241594926153,0.134081282123103,0.135973811622656,0.137921441963944,0.139926484073648,0.141991277130601,0.144118158539413,0.146309427551037,0.148567302177019,0.150893869195957,0.15329102724959,0.155760423274388,0.158303382812587,0.160920835090889,0.163613234137814,0.166380477619522,0.169221825490622,0.172135820957458,0.17512021660804,0.178171908842351,0.181286883904857,0.184460178843955,0.187685860571337,0.190957025846874,0.194265824462323,0.197603507146465,0.200960498789111,0.204326496524165,0.207690591081412,0.211041408685081,0.214367269723287,0.217656359515053,0.220896905831113,0.224077357435549,0.227186557839773,0.23021390870501,0.233149517873961,0.235984327812449,0.23871022123383,0.241320101787143,0.243807948834429,0.246168846447273,0.248398987751381,0.250495656590486,0.252457189133979,0.254282918501827,0.25597310572761,0.257528860441618,0.25895205455693,0.260245232014184,0.261411517319981,0.262454525233086,0.263378273542747,0.264187100470333,0.264885587829897,0.265478490720162,0.265970674199579,0.266367057122806,0.266672563092564,0.266892078303996,0.267030415925773,0.26709228656866,0.267082274332425,0.267004817890365,0.26686419606175,0.266664517331162,0.266409712795455,0.266103532050103,0.265749541563671,0.265351125129512,0.264911486025473,0.264433650553735,0.263920472672898,0.263374639472112,0.262798677272069,0.262194958169584,0.261565706871333,0.260913007687978,0.260238811582565,0.25954494318688,0.258833107716612,0.258104897730895,0.257361799694381,0.256605200310585,0.255836392604169,0.255056581737212,0.2542668905506,0.253468364826634,0.252661978272959,0.251848637231054,0.251029185115054,0.250204406588504,0.24937503148811,0.248541738504506,0.247705158630764,0.246865878389743,0.24602444285157,0.245181358452571,0.244337095626791,0.243492091261071,0.24264675098428,0.241801451300958,0.240956541579195,0.240112345902137,0.239269164792042,0.238427276815345,0.237586940076727,0.236748393609722,0.235911858670951,0.23507753994462,0.234245626663521,0.233416293652362,0.232589702298867,0.231766001457725,0.230945328292128,0.230127809057306,0.229313559830168,0.228502687188861,0.227695288845805,0.226891454237492,0.226091265074129,0.225294795851946,0.224502114330827,0.223713281979709,0.22292835439202,0.222147381673258,0.221370408802687,0.22059747597094,0.21982861889523,0.219063869113716,0.218303254260489,0.217546798322501,0.216794521879697,0.216046442329506,0.215302574096754,0.214562928830005,0.213827515585247,0.21309634099779,0.212369409443158,0.211646723187737,0,0.069962797778569,0.0707348144628842,0.071474957373634,0.0721958760412554,0.0729028967474914,0.0735994479092671,0.0742882302903116,0.0749714848526973,0.0756511014384595,0.0763286981863691,0.0770056878640001,0.0776833314260116,0.0783627791974091,0.0790451012943865,0.0797313093693491,0.0804223717066935,0.0811192234095724,0.0818227730776195,0.0825339070564648,0.083253492067861,0.0839823768090231,0.0847213929376097,0.0854713557280339,0.0862330645883196,0.0870073035576818,0.0877948418573506,0.0885964345356637,0.0894128232288428,0.0902447370477086,0.091092893595211,0.0919580001180648,0.0928407547965253,0.0937418481784008,0.0946619647660888,0.0956017847682916,0.096561986030839,0.0975432461635416,0.0985462448821085,0.099571666585795,0.100620203192515,0.101692557253553,0.102789445369608,0.103911601928534,0.105059783182613,0.106234771679242,0.107437381053306,0.10866846118193,0.109928903692385,0.111219647801449,0.112541686448996,0.113896072669865,0.115283926125636,0.116706439691781,0.118164885965411,0.119660623524512,0.121195102731273,0.122769870829955,0.124386576044482,0.126046970333057,0.127752910408054,0.129506356580606,0.131309368942888,0.133164100359715,0.135072785708005,0.137037726781825,0.139061272276634,0.1411457922842,0.143293646774904,0.145507147622692,0.147788513845341,0.150139819894184,0.152562937036862,0.155059468136185,0.15763067643713,0.160277409328282,0.163000018435012,0.165798277815664,0.168671302449882,0.171617469604959,0.174634346012178,0.177718624047044,0.180866070250389,0.184071489518102,0.187328708097536,0.19063057813918,0.193969005956585,0.197335005355475,0.2007187764323,0.204109809159055,0.207497009927448,0.210868848095495,0.214213518543747,0.217519115384627,0.220773811345225,0.223966037012301,0.227084654115764,0.230119117334869,0.233059619714437,0.235897217627535,0.238623932249275,0.241232825635857,0.243718050653471,0.246074875097903,0.248299681324025,0.250389943517195,0.252344185356336,0.254161921229949,0.255843584376443,0.257390445347355,0.258804524063767,0.260088498485774,0.261245612576857,0.262279585853205,0.263194526392392,0.263994848761662,0.264685197932903,0.265270379893477,0.265755299348094,0.266144904641459,0.266444139815182,0.266657903543551,0.266791014567369,0.26684818315812,0.266833988090768,0.26675285857671,0.266609060603423,0.266406687139186,0.266149651685386,0.265841684691722,0.26548633238779,0.265086957625675,0.264646742370223,0.264168691515177,0.263655637743227,0.26311024718551,0.262535025670741,0.261932325385724,0.261304351797336,0.260653170711348,0.259980715365636,0.259288793474721,0.258579094159346,0.257853194709141,0.257112567138678,0.25635858450752,0.255592526983487,0.254815587635525,0.254028877948446,0.253233433056569,0.252430216697123,0.251620125887341,0.250803995331476,0.249982601565811,0.249156666851028,0.248326862822235,0.247493813907566,0.246658100526618,0.245820262080103,0.244980799742124,0.244140179066261,0.243298832416432,0.242457161233166,0.241615538145507,0.240774308938362,0.239933794384657,0.23909429195117,0.23825607738648,0.237419406198966,0.236584515032344,0.235751622945788,0.23492093260522,0.234092631391957,0.233266892434503,0.232443875568857,0.231623728232406,0.23080658629607,0.229992574839074,0.229181808870422,0.228374394000847,0.227570427068742,0.22676999672336,0.225973183968284,0.225180062668011,0.224390700020233,0.223605156996267,0.222823488751849,0.222045745010415,0.221271970420763,0.22050220489093,0.219736483899909,0.218974838788783,0.218217297032681,0.217463882494902,0.216714615664429,0.215969513877975,0.215228591527634,0.214491860255099,0.213759329133384,0.213031004836883,0.212306891800556,0,0.0681474719465309,0.0689076637757703,0.0696410149399386,0.0703582710568979,0.0710634436112931,0.0717590585415844,0.0724472502872338,0.0731299213268632,0.0738087613515719,0.0744852675122234,0.0751607753183058,0.0758364920283044,0.0765135267529903,0.0771929150256922,0.0778756376471205,0.0785626345089393,0.079254814371686,0.0799530615562963,0.0806582403794694,0.0813711980041447,0.0820927662236906,0.0828237625661913,0.0835649909973117,0.084317242415895,0.0850812950729395,0.0858579149985013,0.0866478564889226,0.0874518626854125,0.0882706662616955,0.0891049902309262,0.0899555488785811,0.0908230488272175,0.0917081902398358,0.0926116681703865,0.0935341740722311,0.0944763974777834,0.0954390278648893,0.096422756727625,0.0974282798709747,0.098456299950209,0.0995075292766063,0.10058269291133,0.101682532068628,0.102807807847902,0.103959305311339,0.105137837919532,0.106344252331472,0.10757943356725,0.108844310521379,0.110139861801516,0.111467121851256,0.112827187296107,0.11422122342866,0.1156504707219,0.117116251228555,0.118619974689172,0.120163144132506,0.121747360708922,0.123374327451541,0.125045851611629,0.126763845165416,0.128530323040913,0.130347398567534,0.132217275611166,0.13414223682625,0.136124627438428,0.138166833971074,0.140271257351851,0.142440279886869,0.144676225676048,0.146981314169364,0.149357606734933,0.151806946329917,0.154330890635731,0.15693063933878,0.159606956602029,0.162360090171443,0.165189688980113,0.168094721531126,0.171073397732025,0.174123097188372,0.177240307207291,0.180420573879078,0.183658469562983,0.186947579875116,0.190280512844896,0.193648932267896,0.197043616450504,0.200454542546917,0.203870995581378,0.207281700093455,0.210674971218286,0.214038880997755,0.217361434890346,0.220630752872811,0.22383524925313,0.226963805364424,0.230005929679712,0.23295190054709,0.235792887640935,0.238521049286612,0.241129603964577,0.243612875454101,0.24596631216301,0.248186482146644,0.250271046101929,0.252218711204938,0.254029169034655,0.255703020999631,0.257241694678567,0.258647354329725,0.259922808551468,0.261071417722245,0.262097003446342,0.263003761811116,0.263796181846641,0.264478970188393,0.265056982590927,0.265535162633409,0.265918487700129,0.266211922110843,0.266420377114606,0.266548677342538,0.266601533234445,0.266583518905784,0.266499054899342,0.266352395264813,0.266147618424251,0.265888621307812,0.265579116278623,0.265222630404914,0.26482250667942,0.264381906828444,0.263903815394601,0.263391044817026,0.262846241270102,0.26227189105605,0.261670327377935,0.261043737347552,0.260394169107499,0.259723538968511,0.259033638482127,0.258326141385109,0.257602610366076,0.256864503616703,0.256113181139855,0.255349910795405,0.25457587407139,0.253792171573857,0.252999828233336,0.25219979822954,0.251392969638841,0.250580168811258,0.249762164485431,0.248939671651269,0.248113355170832,0.247283833168545,0.246451680202162,0.245617430225979,0.244781579357736,0.243944588460494,0.243106885550432,0.242268868041234,0.241430904835257,0.240593338271293,0.239756485938241,0.238920642363541,0.238086080584764,0.237253053612238,0.236421795790179,0.235592524063294,0.234765439155434,0.233940726666406,0.233118558092694,0.232299091777444,0.231482473794692,0.230668838772503,0.229858310659334,0.229051003437666,0.228247021788634,0.227446461711148,0.226649411098731,0.225855950277069,0.225066152505072,0.22428008444202,0.223497806583195,0.22271937366622,0.221944835050178,0.221174235069406,0.220407613363764,0.219645005186994,0.218886441694726,0.218131950213518,0.21738155449227,0.216635274937202,0.215893128831553,0.215155130541031,0.214421291705991,0.213691621421249,0.212966126404369,0,0.0663611294688101,0.0670999629518265,0.0678208837067981,0.0685302126892024,0.069229988985551,0.0699216462751374,0.0706066586203563,0.071286519392905,0.0719626599801612,0.0726364094131434,0.0733089886635415,0.0739815221873326,0.0746550551522096,0.0753305705436895,0.0760090037934686,0.076691254319425,0.0773781941500491,0.0780706741005548,0.0787695280305115,0.0794755756738193,0.0801896244549541,0.0809124706209269,0.0816448999400836,0.0823876881522046,0.0831416013007466,0.0839073960368696,0.0846858199545502,0.0854776119947277,0.0862835029421727,0.0871042160299234,0.0879404676612376,0.0887929682569061,0.0896624232355322,0.0905495341353391,0.0914549998877139,0.0923795182546918,0.0933237874446839,0.0942885079227844,0.0952743844338375,0.0962821282579827,0.097312459719538,0.0983661109706917,0.0994438290714329,0.100546379386274,0.101674549316432,0.102829152382993,0.104011032671944,0.105221069645512,0.10646018331573,0.107729339765174,0.109029556986106,0.110361910992426,0.111727542138606,0.113127661555862,0.114563557587943,0.116036602077006,0.117548256314042,0.119100076428321,0.120693717946778,0.122330939207641,0.124013603263943,0.125743677863154,0.127523233040711,0.129354435820232,0.131239541474311,0.133180880770791,0.135180842614346,0.137241851496909,0.139366339198434,0.14155671023723,0.143815300662704,0.146144329918275,0.148545845683313,0.151021661833651,0.153573289941691,0.156201865067531,0.158908066966145,0.161692038241878,0.164553301404503,0.167490677199126,0.170502206968339,0.173585082127397,0.176735584057217,0.179949037810531,0.183219782951205,0.186541164579785,0.189905547124756,0.193304352797934,0.196728125740477,0.200166621858397,0.203608923216227,0.207043574693314,0.210458739487226,0.213842369054891,0.217182382290717,0.220466848215887,0.223684166237478,0.226823238148462,0.229873626470789,0.232825694458391,0.235670724017495,0.238401008894965,0.241009921650423,0.243491954084101,0.245842731867083,0.248059005054871,0.250138616917442,0.252080454066395,0.253884381197568,0.255551163906323,0.257082382995382,0.258480343512229,0.259747981459605,0.260888770753674,0.261906632593079,0.262805848977243,0.263590981697318,0.264266797735943,0.264838201664665,0.265310175327668,0.265687724850242,0.265975834809923,0.266179429254523,0.266303339139937,0.266352275686291,0.266330809107818,0.266243352154206,0.266094147903571,0.265887261264809,0.265626573675706,0.265315780519099,0.264958390819817,0.264557728827572,0.264116937133754,0.263638981011754,0.263126653710132,0.262582582464966,0.262009235031709,0.261408926567693,0.260783826723936,0.260135966829361,0.259467247071852,0.258779443599224,0.258074215479146,0.257353111470765,0.256617576572357,0.255868958319069,0.255108512812965,0.254337410474253,0.253556741508076,0.252767521085676,0.251970694242263,0.251167140496707,0.250357678200303,0.249543068623452,0.248724019790275,0.247901190071959,0.247075191550122,0.246246593161776,0.245415923637462,0.244583674244104,0.24375030134389,0.242916228780163,0.242081850100991,0.241247530630618,0.240413609398568,0.239580400935721,0.238748196946157,0.237917267863139,0.23708786429708,0.23626021838291,0.235434545033781,0.234611043107624,0.233789896492656,0.232971275117513,0.232155335891344,0.231342223578794,0.230532071614512,0.229725002861459,0.22892113031701,0.228120557770582,0.227323380416201,0.226529685423241,0.22573955246829,0.224953054230907,0.224170256855821,0.223391220383965,0.222615999154518,0.221844642180024,0.221077193496466,0.220313692490052,0.219554174202351,0.218798669615272,0.218047205917308,0.217299806752317,0.216556492452077,0.215817280253702,0.215082184502977,0.214351216844562,0.213624386399968,0,0.064603357164761,0.0653132585630903,0.0660169615036802,0.0667144849805192,0.0674054626330381,0.0680901505446792,0.0687693280221226,0.0694440436339074,0.0701154323388055,0.0707846191307826,0.0714526793026826,0.0721206286845346,0.0727894274894333,0.0734599890809081,0.0741331894854294,0.0748098758666737,0.0754908733717836,0.0761769903197698,0.0768690219391806,0.077567752939003,0.0782739591972049,0.0789884088182837,0.0797118627666271,0.0804450752374257,0.0811887938865522,0.0819437600072927,0.0827107087154618,0.0834903691847253,0.0842834649599582,0.0850907143671067,0.0859128310322843,0.0867505245197781,0.0876045010975149,0.0884754646387366,0.0893641176696769,0.0902711625745884,0.0911973029712797,0.0921432452722062,0.0931097004479785,0.094097386011788,0.0951070282446083,0.0961393646819801,0.0971951468836211,0.0982751435068558,0.0993801437037626,0.100510960859784,0.101668436688096,0.102853445689036,0.104066899977017,0.105309754468381,0.106583012412084,0.107887731230823,0.109225028622701,0.110596088852556,0.112002169137398,0.113444606001676,0.114924821445387,0.116444328731151,0.118004737555602,0.119607758326185,0.121255205217201,0.12294899762994,0.124691159632167,0.126483816904125,0.128329190673895,0.130229588087534,0.132187388432504,0.134205024620883,0.136284959346651,0.13842965536447,0.14064153940161,0.142922959315961,0.145276134256899,0.147703097776812,0.150205634082458,0.152785207907702,0.155442888830185,0.158179271237359,0.160994391560685,0.163887644823531,0.166857702965565,0.169902437786153,0.173018851658621,0.176203019371145,0.17945004451322,0.182754033717456,0.186108091760485,0.189504340011167,0.192933959991289,0.196387262903473,0.19985378492195,0.203322406890938,0.206781495903733,0.210219065123709,0.213622947238142,0.216980976182748,0.220281171299911,0.22351191793636,0.226662138659914,0.229721449765786,0.23268029851058,0.235530077495215,0.238263213740436,0.2408732311782,0.243354786438526,0.245703678873366,0.247916836670008,0.249992281628158,0.251929075687491,0.253727252594418,0.255387738201455,0.256912262824726,0.258303268876745,0.259563816678311,0.260697490970418,0.261708310227183,0.262600640442208,0.263379114646078,0.264048559028731,0.264613926198553,0.265080235816601,0.265452522601563,0.265735791508105,0.265934979734744,0.266054925112738,0.266100340359047,0.26607579263832,0.265985687865478,0.265834259186265,0.265625559093462,0.265363454667089,0.265051625464325,0.264693563626269,0.26429257581176,0.263851786611532,0.263374143137734,0.262862420523438,0.262319228103537,0.261747016082141,0.261148082521995,0.260524580518614,0.259878525445844,0.259211802180531,0.25852617223222,0.257823280719445,0.25710466314755,0.256371751954248,0.255625882798642,0.254868300577281,0.254100165157327,0.253322556822218,0.252536481429457,0.251742875283563,0.250942609729877,0.250136495476934,0.249325286656638,0.248509684632546,0.247690341567311,0.246867863760768,0.246042814770347,0.245215718325549,0.244387061048052,0.243557294988827,0.242726839993288,0.241896085905128,0.241065394619054,0.240235101992187,0.239405519623409,0.238576936509441,0.237749620585974,0.236923820161684,0.236099765252485,0.235277668822934,0.23445772794127,0.233640124854113,0.232825027986503,0.232012592872541,0.231202963021539,0.230396270724273,0.229592637803579,0.228792176313268,0.227994989189025,0.227201170854713,0.226410807787267,0.225623979043101,0.224840756748781,0.224061206558485,0.223285388080607,0.222513355275685,0.221745156827674,0.220980836490439,0.2202204334112,0.219463982432558,0.218711514374572,0.217963056298297,0.217218631752053,0.216478261001618,0.215741961245462,0.215009746816036,0.214281629368078,0,0.062871633821509,0.0635479832606388,0.06423089742312,0.0649132860847972,0.0655923203517631,0.0662671292917578,0.0669378283557095,0.0676050221801361,0.0682695327844841,0.068932258165705,0.0695941045797414,0.0702559580834161,0.0709186757473714,0.0715830859748625,0.0722499924636637,0.0729201791112994,0.0735944146218419,0.074273456326058,0.0749580531047432,0.075648947483631,0.0763468770411987,0.0770525752886052,0.0777667721716203,0.0784901943230768,0.0792235651695588,0.0799676049722274,0.0807230308610475,0.0814905569050137,0.0822708942483049,0.0830647513332289,0.0838728342247809,0.0846958470480206,0.0855344925476952,0.086389472779103,0.0872614899396996,0.0881512473520727,0.0890594506104131,0.0899868089043004,0.0909340365353538,0.0919018546439675,0.0928909931648338,0.0939021930311568,0.0949362086482609,0.0959938106575552,0.0970757890113773,0.098182956377919,0.0993161518930202,0.100476245271857,0.101664141288184,0.102880784621512,0.104127165063113,0.105404323059672,0.106713355558487,0.10805542209994,0.109431751081253,0.110843646090095,0.112292492177052,0.113779761902426,0.115307020955124,0.116875933099812,0.118488264163545,0.120145884725269,0.121850771122225,0.123605004337618,0.125410766286142,0.127270332970452,0.129186063945683,0.131160387504433,0.133195780985743,0.13529474562356,0.13745977538861,0.139693319348424,0.141997737179338,0.144375247617111,0.146827869833848,0.149357357980975,0.151965129441279,0.15465218768443,0.157419041012431,0.160265618901576,0.163191188077504,0.166194270875949,0.169272568814346,0.172422894595197,0.175641115945101,0.17892211472865,0.182259764632839,0.185646930372478,0.18907549080966,0.192536387615925,0.196019700157703,0.199514746196483,0.203010206825065,0.206494272884074,0.209954809000711,0.213379530446647,0.216756187298277,0.220072749958486,0.223317589999954,0.226479650524688,0.229548600783626,0.232514970619124,0.23537026131663,0.238107030601359,0.240718950708051,0.243200839606781,0.245548666515846,0.247759533719895,0.249831637402415,0.251764210679923,0.253557452292166,0.25521244447403,0.25673106343762,0.258115885660185,0.259370092841475,0.260497377998063,0.261501854734493,0.262387971299279,0.263160430619636,0.263824117128279,0.264384030859212,0.264845229002575,0.265212774873139,0.265491694061317,0.265686937396075,0.265803350250854,0.265845647660844,0.265818394686727,0.265725991450643,0.265572662279206,0.265362448411293,0.265099203760858,0.264786593263824,0.264428093380459,0.264026994368273,0.263586403983832,0.263109252313714,0.262598297474301,0.262056131956672,0.261485189426261,0.260887751817021,0.260265956586646,0.259621804023004,0.258957164512572,0.258273785699534,0.257573299479521,0.256857228784997,0.256126994130369,0.255383919894061,0.254629240322486,0.253864105247132,0.253089585511092,0.252306678105483,0.251516311019462,0.25071934781008,0.249916591900149,0.249108790613715,0.248296638959758,0.247480783175394,0.246661824040249,0.24584031997383,0.24501678992773,0.244191716084324,0.243365546373367,0.242538696817556,0.241711553717724,0.240884475687882,0.240057795549854,0.239231822096779,0.238406841734241,0.237583120007315,0.23676090302132,0.235940418763627,0.235121878333367,0.234305477085501,0.233491395695247,0.232679801148494,0.231870847663434,0.231064677548291,0.230261421999695,0.229461201845926,0.228664128238945,0.227870303298879,0.227079820714333,0.226292766301686,0.225509218526282,0.224729248988229,0.223952922875322,0.223180299385403,0.22241143212034,0.221646369453614,0.220885154873371,0.220127827302671,0.21937442139851,0.218624967831125,0.217879493544923,0.217138022002326,0.216400573411711,0.215667164940531,0.214937810914639,0,0.0611619357725798,0.0618037347549516,0.0624636819917685,0.0631282447797634,0.0637925256196123,0.0644547230552701,0.0651143823057901,0.0657716990958121,0.0664271869374424,0.0670815072781945,0.0677353826673045,0.0683895538933018,0.0690447603964137,0.0697017327403534,0.0703611910545853,0.0710238461682242,0.0716904017066676,0.0723615562801354,0.0730380053673964,0.0737204427560395,0.0744095615356442,0.0751060547047066,0.0758106154767057,0.0765239373733433,0.0772467141846393,0.0779796398626404,0.0787234084017649,0.079478713746237,0.0802462497546046,0.0810267102432464,0.0818207891249682,0.082629180654974,0.0834525797943207,0.0842916827000672,0.0851471873513813,0.0860197943216066,0.0869102077074791,0.0878191362281586,0.0887472945083483,0.0896954045614127,0.0906641974899493,0.0916544154226399,0.0926668137072786,0.0937021633805279,0.0947612539350545,0.0958448964040681,0.0969539267817392,0.0980892097952896,0.0992516430404735,0.100442161486432,0.1016617423482,0.102911410315155,0.104192243111096,0.105505377346095,0.10685201460139,0.108233427666201,0.109650966819055,0.111106066015904,0.112600248812882,0.114135133813038,0.115712439384041,0.117333987348126,0.119001705297252,0.120717627136656,0.12248389141036,0.12430273691469,0.126176495063268,0.128107578432457,0.130098464893824,0.132151676734506,0.134269754182573,0.136455222798356,0.138710554270149,0.141038120269694,0.143440139184753,0.14591861575717,0.148475273917562,0.151111483421943,0.153828181257243,0.156625789183645,0.159504129208252,0.162462339217527,0.165498791410078,0.168611016536335,0.171795637232995,0.175048313901783,0.178363706588802,0.181735456142603,0.185156187544548,0.188617537706053,0.192110209221993,0.195624050584855,0.199148162246342,0.202671026725337,0.20618065978008,0.209664778571469,0.213110981825857,0.216506936332335,0.219840563736555,0.22310022155195,0.226274872603762,0.229354237727408,0.232328927411192,0.235190549135334,0.237931788333944,0.240546462109738,0.243029545983402,0.245377174992734,0.247586621319665,0.249656251283506,0.251585464983205,0.253374622104026,0.255024957443369,0.256538489584778,0.257917925893165,0.259166566654341,0.260288210773615,0.261287065013388,0.262167658315034,0.262934762337069,0.263593318964574,0.264148375213835,0.264605025675846,0.264968362413896,0.265243432051798,0.265435199656557,0.265548518927189,0.265588108144008,0.265558531304174,0.265464183863753,0.265309282518763,0.265097858482968,0.264833753754566,0.264520619904035,0.264161918958627,0.26376092600318,0.263320733160555,0.26284425465686,0.26233423271602,0.261793244064605,0.261223706860924,0.260627887892179,0.260007909909865,0.259365758996925,0.258703291880388,0.258022243120774,0.257324232124554,0.256610769938692,0.255883265797061,0.255143033397504,0.254391296895748,0.25362919660847,0.252857794422787,0.252078078913381,0.251290970171624,0.250497324353469,0.249697937954735,0.248893551823737,0.248084854922175,0.247272487845776,0.246457046116553,0.245639083258656,0.244819113669726,0.24399761529952,0.243175032147242,0.242351776588699,0.241528231543946,0.240704752495658,0.239881669367952,0.239059288274937,0.238237893147706,0.23741774724807,0.236599094576759,0.235782161183435,0.234967156385313,0.234154273900829,0.233343692904308,0.232535579007236,0.231730085171333,0.230927352558263,0.230127511320519,0.22933068133765,0.228536972901748,0.227746487355806,0.226959317688317,0.226175549087226,0.225395259456142,0.224618519895475,0.223845395151023,0.223075944032273,0.222310219802603,0.221548270543336,0.220790139493501,0.220035865367006,0.219285482648802,0.218539021871508,0.217796509873846,0.217057970042166,0.216323422536205,0.21559288450019,0,0.0594696756187379,0.0600796369951423,0.0607157708068389,0.0613604590432541,0.0620075497162221,0.0626546350018544,0.0633008344843181,0.0639459977739431,0.06459035247988,0.0652343265696369,0.0658784530547757,0.0665233181252431,0.0671695333969139,0.0678177217279713,0.0684685105962155,0.0691225295549791,0.0697804097492388,0.070442784340874,0.0711102892111185,0.0717835636184343,0.0724632506724493,0.0731499975880406,0.073844455738345,0.0745472805505652,0.0752591312961951,0.0759806708255474,0.0767125652901945,0.0774554838891205,0.0782100986667581,0.0789770843845314,0.0797571184823941,0.0805508811431927,0.0813590554703561,0.082182327788221,0.0830213880740155,0.083876930530926,0.0847496543125788,0.08564026441052,0.0865494727177348,0.087477999282814,0.0884265737709302,0.0893959371492534,0.0903868436157028,0.0914000627908858,0.0924363821936049,0.0934966100202485,0.0945815782475665,0.0956921460765583,0.096829203732247,0.0979936766297182,0.0991865299106911,0.100408773346758,0.101661466594945,0.102945724778096,0.104262724346396,0.10561370915685,0.106999996684356,0.108422984250977,0.109884155128872,0.111385084337102,0.112927443913176,0.11451300739709,0.116143653219206,0.117821366634456,0.119548239795276,0.12132646950599,0.123158352154281,0.125046275273675,0.126992705158045,0.12900016992906,0.131071237455112,0.133208487540774,0.135414477855224,0.137691703152275,0.140042547459571,0.142469229085631,0.14497373851453,0.147557769531548,0.150222644247985,0.152969233065276,0.155797871028162,0.158708272449465,0.161699446124458,0.164769613864669,0.16791613543772,0.1711354432663,0.174422990379011,0.177773215083736,0.181179525620974,0.184634307630769,0.188128956626452,0.191653936822858,0.195198866646313,0.198752630108176,0.202303512019706,0.205839353842561,0.209347725890913,0.212816110710307,0.216232091826013,0.219583541732016,0.222858803008143,0.22604685680632,0.229137473608672,0.232121342076428,0.234990172907213,0.237736775816332,0.240355108970152,0.24284030134788,0.245188649525693,0.247397591215702,0.24946565852205,0.251392414287567,0.25317837510364,0.254824924564084,0.256334220190859,0.257709097181146,0.258952971758472,0.260069746490706,0.261063719496267,0.261939499022904,0.262701924471099,0.263355994560724,0.263906803013904,0.264359481853124,0.264719152192009,0.264990882224402,0.265179651991058,0.265290324417095,0.265327622061175,0.265296108993285,0.26520017721615,0.265044037060485,0.264831711011921,0.264567030463553,0.264253634929426,0.263894973298359,0.263494306752181,0.263054713016368,0.262579091652955,0.262070170144921,0.261530510557361,0.260962516593648,0.260368440894177,0.259750392451427,0.259110344037966,0.258450139564005,0.257771501298262,0.257076036900629,0.256365246227615,0.255640527882014,0.254903185487007,0.254154433672157,0.253395403764634,0.252627149183835,0.251850650541378,0.251066820451431,0.250276508058696,0.249480503293085,0.248679540861404,0.247874303987227,0.247065427910707,0.24625350316035,0.245439078608862,0.244622664325116,0.243804734234046,0.24298572859599,0.242166056316622,0.24134609709816,0.240526203442091,0.239706702513156,0.238887897873816,0.238070071097966,0.237253483272097,0.236438376391679,0.235624974660022,0.234813485696435,0.234004101660047,0.233197000295248,0.232392345904295,0.23159029025227,0.230790973409197,0.229994524533798,0.229201062603076,0.228410697091565,0.227623528603875,0.226839649463839,0.226059144263392,0.225282090374022,0.224508558423482,0.223738612740221,0.222972311767829,0.222209708451616,0.221450850599303,0.220695781217629,0.219944538826591,0.219197157752863,0.218453668403859,0.217714097523788,0.216978468432937,0.216246801251361,0,0.0577909912975745,0.0583747074659225,0.0589872170626235,0.0596105471744344,0.0602383862677558,0.0608681253400215,0.0614986336937665,0.0621294957812236,0.062760689641524,0.0633924236290956,0.0640250436869974,0.0646589782921729,0.0652947056247232,0.0659327343398856,0.0665735926818684,0.0672178226208729,0.067865976911467,0.0685186177575801,0.0691763162825631,0.069839652335576,0.0705092143781785,0.0711855993273339,0.0718694123101605,0.0725612663301606,0.0732617818669727,0.073971586440548,0.0746913141717838,0.0754216053688174,0.0761631061637502,0.0769164682199206,0.0776823485257362,0.0784614092878577,0.0792543179342819,0.0800617472365504,0.0808843755598024,0.0817228872495343,0.0825779731645878,0.0834503313669333,0.0843406679801125,0.0852496982296726,0.0861781476804513,0.0871267536870782,0.0880962670754543,0.0890874540741497,0.0901010985155123,0.0911380043266768,0.0921989983304448,0.0932849333749992,0.0943966918094157,0.0955351893187004,0.0967013791273687,0.0978962565740897,0.0991208640513522,0.100376296293135,0.101663705979847,0.102984309613017,0.104339393592009,0.105730320401147,0.10715853478782,0.108625569780171,0.110133052356887,0.111682708541488,0.113276367649564,0.114915965370367,0.116603545314759,0.118341258611136,0.120131361081232,0.121976207481086,0.123878242251636,0.125839986192087,0.127864018451549,0.129952953235321,0.132109410647153,0.134335981143765,0.136635183168886,0.139009413667116,0.141460891358139,0.143991592883164,0.146603182219625,0.149296934095878,0.1520736525196,0.154933585951794,0.157876341096992,0.160900797717905,0.164005027291893,0.167186218674752,0.170440614188474,0.173763459666836,0.177148971941352,0.180590327001777,0.184079671602143,0.187608160401929,0.191166019846666,0.194742638937129,0.19832668586432,0.201906248268463,0.205468993695641,0.209002345761274,0.212493670667307,0.215930468129163,0.21930056049824,0.222592273939127,0.225794605932199,0.228897374088091,0.231891342223028,0.234768320777479,0.237521239880401,0.240144194581851,0.24263246291998,0.244982498490036,0.247191899996966,0.249259360872899,0.251184602419287,0.252968294100171,0.254611964590979,0.256117907008109,0.257489081444829,0.258729017556168,0.259841719504716,0.260831575131656,0.261703270778263,0.26246171277199,0.263111956221439,0.263659141444048,0.264108438082675,0.264464996752243,0.264733907892358,0.264920167381802,0.265028648390233,0.265064078895271,0.265031024273292,0.264933874373932,0.264776834506334,0.264563919794982,0.264298952400771,0.263985561145514,0.263627183122967,0.263227066924647,0.262788277152853,0.262313699935249,0.261806049194603,0.261267873463218,0.26070156306418,0.260109357510722,0.259493353000722,0.258855509906039,0.258197660175943,0.257521514590821,0.256828669816762,0.256120615223826,0.25539873944106,0.254664336629849,0.253918612464244,0.253162689812629,0.252397614119745,0.251624358491775,0.250843828490063,0.250056866641292,0.249264256673585,0.24846672748917,0.247664956885101,0.246859575033978,0.246051167736892,0.245240279460835,0.244427416172736,0.243613047982006,0.242797611603175,0.241981512649805,0.241165127770373,0.240348806636406,0.239532873792576,0.238717630378015,0.237903355727554,0.23709030886111,0.23627872986896,0.235468841200123,0.23466084886066,0.233854943528231,0.233051301588819,0.232250086101173,0.231451447694092,0.230655525401357,0.229862447438758,0.229072331927369,0.228285287566899,0.227501414262713,0.226720803709823,0.225943539936932,0.225169699813371,0.224399353521599,0.223632564997684,0.222869392342072,0.222109888202722,0.221354100132581,0.220602070923196,0.219853838916144,0.219109438293835,0.218368899351133,0.217632248749124,0.216899509752268,0,0.0561239978724634,0.0566881487129717,0.0572777875416565,0.0578787017163916,0.0584855758382137,0.059096018087037,0.0597088275648509,0.0603234110998888,0.0609395417533898,0.0615572303775481,0.0621766455207454,0.0627980606826807,0.063421819566048,0.0640483136385502,0.0646779680311901,0.0653112329318936,0.0659485784798899,0.0665904918002272,0.0672374752801198,0.0678900455159841,0.0685487325848134,0.0692140794433314,0.0698866413547247,0.0705669853020605,0.0712556893818248,0.0719533421890679,0.072660542213557,0.073377897268292,0.0741060239705577,0.074845547293114,0.0755971002002682,0.0763613233810158,0.0771388650894612,0.0779303811014455,0.0787365347956875,0.0795579973677135,0.0803954481853179,0.0812495752951526,0.0821210760911891,0.0830106581571551,0.0839190402965113,0.0848469537650478,0.085795143722644,0.086764370922067,0.0877554136537853,0.0887690699665246,0.0898061601835597,0.0908675297343623,0.0919540523200199,0.0930666334286115,0.0942062142132086,0.0953737757401323,0.0965703436082221,0.0977969929308685,0.0990548536610857,0.100345116225632,0.10166903741677,0.103027946469388,0.104423251226566,0.105856444268086,0.10732910884359,0.10884292441522,0.11039967157356,0.112001236046069,0.113649611469422,0.115346900547272,0.117095314164245,0.118897167977326,0.120754875959532,0.122670940330985,0.124647937282757,0.126688497883667,0.128795283564441,0.13097095560309,0.133218138095879,0.135539373996175,0.137937073944552,0.140413457803046,0.142970489047941,0.145609802470337,0.148332625980165,0.151139697701321,0.154031179972102,0.157006572309599,0.1600646258362,0.163203262072455,0.166419499339652,0.169709390250841,0.173067973863526,0.176489245986353,0.179966150848531,0.183490596838285,0.187053498294513,0.190644844411448,0.194253795227036,0.197868803468323,0.201477759794419,0.205068157793012,0.208627274036788,0.212142357673105,0.215600823471283,0.218990442032803,0.222299520999512,0.225517071563354,0.228632955349771,0.231638007753987,0.234524134976244,0.23728438324216,0.239912979921742,0.242405347398095,0.244758091522094,0.246968967278686,0.24903682486058,0.250961539691541,0.252743930076647,0.254385666105575,0.25588917323056,0.257257533620523,0.258494387994672,0.259603840197876,0.26059036632678,0.261458729774714,0.262213903153595,0.262860997684766,0.263405200335372,0.263851718715229,0.264205733540512,0.264472358311685,0.264656605739039,0.264763360374081,0.264797356862637,0.264763163219742,0.264665168531436,0.264507574509332,0.264294390355764,0.264029430436681,0.263716314303202,0.263358468648364,0.262959130831293,0.262521353645369,0.262048011049022,0.261541804616865,0.261005270504736,0.26044078675451,0.259850580793439,0.259236737008254,0.258601204296566,0.257945803517423,0.257272234779484,0.256582084519429,0.255876832335171,0.255157857548479,0.254426445479919,0.253683793425908,0.252931016333205,0.252169152170707,0.251399167001936,0.250621959764405,0.249838366764157,0.249049165895369,0.248255080595996,0.247456783551219,0.246654900156863,0.245850011755205,0.245042658655532,0.244233342951736,0.243422531148908,0.242610656610577,0.241798121837809,0.24098530059092,0.240172539864055,0.239360161722395,0.238548465011213,0.237737726945497,0.236928204588342,0.236120136225834,0.235313742645631,0.234509228326024,0.233706782541798,0.232906580392783,0.232108783760606,0.23131354219877,0.23052099376081,0.229731265770979,0.228944475541569,0.228160731040694,0.227380131514096,0.226602768064246,0.225828724189818,0.225058076288359,0.224290894124777,0.223527241268096,0.222767175498719,0.222010749188299,0.22125800965416,0.220508999490051,0.219763756874911,0.219022315861179,0.218284706644085,0.217550955813237,0,0.054469297328124,0.0550194982723189,0.0555870412907453,0.0561647379778018,0.0567492365672874,0.0573387180106014,0.0579320684253183,0.0585285992974739,0.0591279258532739,0.0597298888913685,0.0603344949692715,0.060941870491109,0.0615522279253279,0.0621658420189958,0.0627830336642472,0.0634041592782072,0.0640296039641257,0.0646597771544939,0.0652951098142192,0.0659360525790608,0.0665830744243742,0.0672366616146203,0.0678973167897094,0.0685655581132099,0.0692419184504488,0.0699269445697689,0.0706211963737486,0.0713252461733728,0.0720396780199879,0.0727650871093778,0.0735020792707809,0.0742512705519082,0.0750132869094685,0.0757887640135844,0.0765783471738578,0.0773826913947237,0.0782024615680554,0.0790383328116893,0.0798909909635504,0.0807611332422931,0.0816494690867709,0.0825567211881293,0.0834836267298078,0.0844309388521691,0.0853994283597457,0.0863898856901203,0.0874031231641018,0.0884399775369994,0.0895013128702599,0.0905880237413343,0.0917010388071693,0.0928413247329254,0.0940098904921474,0.0952077920373592,0.096436137330606,0.0976960917114964,0.0989888835654619,0.10031581023692,0.101678244110471,0.1030776387579,0.104515535019361,0.105993566853562,0.107513466754014,0.109077070486632,0.110686320858545,0.112343270179549,0.114050081027198,0.115809024875566,0.117622478098045,0.119492914808753,0.121422895968325,0.123415054151751,0.125472073363194,0.127596663290385,0.129791527425094,0.132059324542372,0.134402623136087,0.136823848557534,0.139325222802664,0.14190869714516,0.144575878118169,0.147327947704606,0.150165578997828,0.153088849029318,0.15609715090993,0.159189107872484,0.162362492206223,0.165614152403411,0.168939952057724,0.172334724125492,0.175792244050303,0.17930522493259,0.182865337384252,0.186463255945895,0.190088732981423,0.193730699842382,0.197377393872632,0.201016508578328,0.204635363104582,0.208221086126199,0.211760808456618,0.215241858172182,0.218651951880699,0.221979375948763,0.225213152026505,0.228343182028585,0.23136036878039,0.234256709737193,0.237025362443165,0.239660681630427,0.242158228989488,0.244514757611073,0.246728173864429,0.248797480018117,0.250722701224633,0.252504800594563,0.254145586006538,0.255647612070449,0.257014080321623,0.258248740310903,0.259355793804728,0.260339803850695,0.261205610021444,0.261958250741215,0.262602893236606,0.263144771342728,0.26358913114008,0.263941184194983,0.264206068023589,0.264388813291158,0.264494317188355,0.264527322388537,0.264492400978072,0.264393942760035,0.264236147354938,0.264023019556158,0.263758367438573,0.263445802763811,0.263088743271853,0.262690416494909,0.262253864774075,0.261781951201368,0.26127736624882,0.26074263488192,0.26018012398686,0.259592049969614,0.258980486410102,0.258347371676722,0.257694516425544,0.257023610924809,0.256336232159284,0.25563385068073,0.254917837180544,0.254189468768793,0.253449934950493,0.252700343295441,0.251941724802233,0.25117503896057,0.250401178518583,0.249620973963985,0.248835197729313,0.248044568132592,0.24724975306544,0.246451373441025,0.245650006414446,0.244846188388064,0.244040417814179,0.243233157807085,0.242424838576241,0.2416158596918,0.240806592193286,0.239997380551712,0.239188544494874,0.238380380705079,0.237573164398008,0.236767150790906,0.235962576467805,0.235159660648987,0.234358606371436,0.233559601586577,0.232762820181195,0.231968422926992,0.231176558363909,0.230387363621941,0.22960096518586,0.228817479606951,0.228037014165555,0.227259667487958,0.226485530120895,0.225714685066716,0.224947208282012,0.224183169142338,0.223422630875421,0.222665650965122,0.221912281528213,0.221162569665901,0.220416557791875,0.219674283938545,0.218935782042978,0.218201082213979,0,0.0528295297689231,0.0533686055218534,0.0539143595617396,0.0544681320028036,0.0550290978192223,0.0555962357079243,0.0561686290573308,0.0567455608317765,0.0573265329772997,0.0579112461555369,0.0584995644088814,0.0590914791294641,0.0596870785700413,0.0602865244292826,0.0608900348977343,0.0614978728399741,0.0621103377483661,0.0627277603182359,0.0633504987662155,0.0639789362621863,0.0646134790452552,0.0652545549439669,0.0659026121276583,0.0665581179888,0.0672215581040033,0.0678934352513157,0.0685742684790766,0.0692645922311346,0.0699649555376408,0.0706759212820352,0.0713980655546308,0.0721319771022965,0.0728782568827021,0.0736375177307182,0.0744103841440401,0.0751974921949616,0.0759994895754694,0.0768170357834265,0.0776508024585015,0.0785014738776369,0.0793697476211606,0.0802563354220763,0.0811619642125608,0.0820873773831747,0.0830333362716857,0.0840006218996247,0.0849900369756371,0.0860024081852387,0.0870385887865894,0.0880994615312009,0.0891859419268923,0.0902989818575957,0.0914395735705376,0.0926087540356075,0.0938076096740875,0.0950372814440233,0.096298970257046,0.0975939426860586,0.0989235369045458,0.100289168776032,0.101692337986119,0.103134634079362,0.104617742228865,0.106143448527909,0.107713644550322,0.10933033088012,0.110995619261836,0.112711732972026,0.114481004961161,0.116305873265497,0.118188873143182,0.12013262535099,0.122139819951708,0.124213195031883,0.126355509720744,0.128569510939531,0.130857893382359,0.133223252341501,0.135668029147417,0.13819444920191,0.140804452844702,0.143499619609945,0.146281086797013,0.1491494636916,0.152104743216201,0.155146213244309,0.158272370255424,0.161480838407126,0.164768297420696,0.168130422879887,0.171561842590648,0.175056112509317,0.178605715392608,0.182202084742299,0.18583565581503,0.189495944466857,0.193171653447405,0.196850804512922,0.200520893470028,0.204169064079991,0.207782295735588,0.211347599049424,0.214852213027413,0.218283797383462,0.221630613791736,0.224881690451826,0.2280269652124,0.231057403590855,0.233965089255907,0.236743285817189,0.239386470004352,0.241890337442647,0.244251783183985,0.246468859893624,0.24854071710501,0.250467525240258,0.252250388168418,0.253891247966868,0.255392785299011,0.256758318462793,0.257991703737806,0.25909723919864,0.260079573698341,0.260943622281742,0.26169448888119,0.262337396787763,0.262877627085497,0.263320464985871,0.263671153803141,0.263934856164179,0.264116621943543,0.264221362349644,0.264253829554363,0.26421860125035,0.264120069531561,0.263962433518469,0.263749695185249,0.263485657888654,0.263173927144177,0.262817913242218,0.2624208353436,0.261985726738569,0.261515440995654,0.261012658765709,0.260479895042019,0.259919506709236,0.259333700242316,0.258724539441559,0.25809395311161,0.257443742611076,0.256775589215448,0.256091061249737,0.255391620958685,0.25467863109203,0.253953361190261,0.253216993562774,0.252470628955663,0.251715291910532,0.250951935819104,0.250181447680928,0.249404652573442,0.248622317845061,0.247835157042963,0.247043833587832,0.246248964208224,0.245451122147284,0.244650840154514,0.243848613275063,0.243044901448707,0.242240131930297,0.241434701542973,0.240628978774991,0.239823305730443,0.239017999943672,0.238213356066601,0.237409647437696,0.236607127540768,0.235806031361276,0.235006576647361,0.234208965082319,0.233413383374815,0.232620004272701,0.23182898750589,0.231040480663381,0.230254620009154,0.229471531241331,0.228691330198687,0.227914123518286,0.227140009247769,0.226369077415543,0.225601410561895,0.224837084233835,0.224076167446252,0.223318723111806,0.222564808441766,0.221814475319871,0.22106777065112,0.220324736687266,0.219585411330654,0.218849828417926,0,0.0512083509218469,0.0517354467975311,0.0522589276773176,0.0527880467974304,0.0533245351379185,0.0538682191286076,0.0544184269380326,0.0549744574677541,0.0555357374824807,0.05610185740021,0.0566725606407662,0.0572477187916552,0.0578273060099742,0.0584113774254278,0.0590000525102796,0.0595935028988144,0.0601919437090112,0.0607956274277346,0.0614048395817091,0.0620198956053539,0.0626411384850395,0.0632689368935135,0.0639036836283171,0.0645457942392383,0.0651957057785191,0.0658538756394625,0.0665207804690719,0.0671969151521325,0.067882791870498,0.0685789392443081,0.0692859015628251,0.0700042381125086,0.0707345226094537,0.0714773427427838,0.072233299835221,0.0730030086269692,0.0737870971892624,0.0745862069744582,0.0754009930103587,0.07623212424748,0.0770802840692253,0.0779461709762854,0.0788304994580571,0.0797340010653632,0.0806574257002204,0.0816015431397577,0.0825671448125515,0.0835550458465016,0.0845660874078164,0.0856011393505406,0.0866611031951968,0.0877469154533056,0.0888595513115913,0.0900000286853173,0.0911694126441444,0.0923688202058787,0.0935994254831371,0.0948624651549889,0.096159244219672,0.0974911419652073,0.0988596180718209,0.100266218733256,0.101712582653107,0.103200446737115,0.104731651262969,0.106308144265747,0.107931984830176,0.109605344931109,0.111330509412179,0.113109873640997,0.114945938329713,0.116841300964809,0.118798643253187,0.120820713966837,0.122910306560585,0.125070230951932,0.127303278894926,0.12961218245763,0.131999565231445,0.134467886066162,0.137019375342041,0.139655964062227,0.142379206375845,0.145190196520476,0.148089481594304,0.151076972019278,0.154151852017297,0.157312492865447,0.160556372091925,0.16388000208475,0.167278871772172,0.170747405058628,0.174278939530036,0.177865728552934,0.181498969272857,0.1851688581753,0.188864674834401,0.192574893287849,0.19628731920797,0.199989249770105,0.20366765193968,0.207309353898101,0.210901243584531,0.21443046790706,0.217884626108958,0.221251951069994,0.224521472955329,0.227683160543633,0.230728036698536,0.23364826570648,0.236437211498258,0.239089467014573,0.241600856093526,0.24396841019354,0.24619032298284,0.248265886311238,0.250195411335415,0.251980138614728,0.25362214086144,0.255124221754468,0.256489813848967,0.257722878173874,0.258827807640453,0.259809335916221,0.260672452973064,0.261422328112316,0.262064240913408,0.262603520251638,0.263045491285669,0.263395430124346,0.263658525740974,0.263839848605601,0.263944325445632,0.263976719515883,0.263941615754513,0.26384341021568,0.263686303197909,0.263474295525032,0.263211187480293,0.262900579941204,0.262545877310536,0.262150291885921,0.261716849355598,0.261248395150133,0.260747601418898,0.260216974435492,0.259658862268042,0.259075462578469,0.25846883043953,0.257840886079949,0.257193422486484,0.256528112807626,0.255846517517061,0.255150091306307,0.254440189685371,0.253718075278012,0.25298492380457,0.252241829750437,0.251489811722358,0.250729817497925,0.249962728776161,0.249189365638879,0.248410490733901,0.247626813192101,0.246838992290844,0.246047640876671,0.245253328560165,0.244456584695835,0.24365790115962,0.242857734936261,0.242056510528403,0.241254622198788,0.240452436056408,0.239650291996957,0.238848505507376,0.238047369343739,0.237247155091212,0.236448114614264,0.235650481404824,0.234854471835566,0.234060286325064,0.233268110421071,0.232478115807785,0.23169046124255,0.230905293427051,0.230122747817726,0.22934294937976,0.228566013288741,0.227792045583731,0.22702114377526,0.226253397411496,0.22548888860557,0.224727692526876,0.223969877858903,0.223215507226003,0.222464637591307,0.221717320627843,0.220973603064763,0.220233527010427,0.219497130253986,0,0.049609138587082,0.050119830338433,0.0506196815492922,0.0511233496551912,0.0516346062064531,0.0521539902827895,0.0526810555908649,0.0532151366364696,0.0537556145202402,0.0543019974216094,0.0548539309474169,0.0554111840990552,0.0559736293857732,0.0565412241456902,0.0571139952439731,0.0576920273231664,0.0582754540718837,0.058864451820298,0.059459234828757,0.0600600517604018,0.0606671829576006,0.0612809382525507,0.0619016551290452,0.0625296971166363,0.0631654523440435,0.0638093322098365,0.0644617701488796,0.0651232204858372,0.0657941573745889,0.0664750738264876,0.067166480832313,0.0678689065834476,0.0685828957978484,0.0693090091562115,0.0700478228535776,0.0707999282716357,0.0715659317772323,0.0723464546530836,0.0731421331674371,0.0739536187903896,0.0747815785657273,0.0756266956484621,0.0764896700196575,0.0773712193916237,0.0782720803180532,0.0791930095251121,0.0801347854808174,0.0810982102211311,0.0820841114519761,0.0830933449467126,0.0841267972583422,0.0851853887646689,0.0862700770626381,0.0873818607248687,0.0885217834267376,0.0896909384459917,0.0908904735284429,0.0921215961025218,0.0933855788119933,0.0946837653196156,0.096017576314633,0.0973885156333952,0.0987981763748373,0.100248246860829,0.10174051625539,0.103276879616558,0.104859342110451,0.106490022069356,0.108171152525228,0.109905080797979,0.111694265666109,0.113541271597634,0.115448759474796,0.117419473210189,0.119456221628811,0.121561854985231,0.123739235502975,0.125991201370698,0.128320523713013,0.130729856179468,0.133221676969023,0.135798223334025,0.138461418889965,0.141212794394969,0.144053403051986,0.146983731818001,0.150003610663757,0.153112122193359,0.156307514478523,0.159587120354118,0.162947286722421,0.166383317583943,0.169889434514459,0.173458758108127,0.177083313482418,0.180754062283096,0.18446096274624,0.188193058299192,0.191938593964309,0.19568515853843,0.199419849241221,0.203129454348399,0.206800648341206,0.210420193390331,0.213975140610106,0.21745302450008,0.220842044338303,0.224131226975655,0.227310566447355,0.230371136989676,0.233305177337405,0.236106145488266,0.238768744367825,0.241288919939078,0.243663834220413,0.245891816370372,0.247972295455261,0.249905718742535,0.251693459380876,0.253337717169243,0.254841415820617,0.256208099731854,0.257441832817879,0.25854710149076,0.259528723390739,0.260391763029311,0.261141455099464,0.261783135855103,0.26232218266493,0.262763961606121,0.2631137827775,0.263376862875729,0.263558294485405,0.263663021478327,0.263695819891903,0.263661283655479,0.263563814550569,0.263407615821452,0.263196688892247,0.26293483269175,0.262625645135242,0.26227252636108,0.261878683367354,0.261447135739252,0.260980722200171,0.260482107758536,0.259953791257635,0.259398113167314,0.258817263484413,0.258213289633262,0.257588104278877,0.256943492983802,0.256281121655154,0.255602543741684,0.254909207151722,0.254202460872163,0.253483561276194,0.252753678113715,0.252013900183368,0.251265240689098,0.250508642287243,0.249744981832571,0.248975074833405,0.24819967962731,0.247419501289632,0.246635195287713,0.245847370893876,0.245056594370289,0.244263391938703,0.243468252547779,0.24267163045038,0.241873947602727,0.241075595896878,0.240276939237436,0.239478315472848,0.238680038191139,0.237882398389324,0.237085666025256,0.236290091460085,0.235495906799025,0.234703327137622,0.233912551720223,0.23312376501694,0.232337137724925,0.231552827699406,0.230770980819533,0.229991731793747,0.22921520490901,0.228441514727982,0.227670766737867,0.226903057954443,0.226138477484489,0.225377107049606,0.224619021474219,0.223864289140309,0.223112972411276,0.222365128027126,0.221620807473031,0.220880057323149,0.220142919561461,0,0.0480336069319424,0.0485210705126892,0.0489952408287306,0.0494726266499704,0.0499580886756673,0.0504525862842078,0.050955821757837,0.0514671624880047,0.0519859646188254,0.0525116790850134,0.053043876164167,0.0535822404374264,0.0541265567315531,0.0546766950928804,0.0552325976292259,0.0557942678927184,0.0563617626361827,0.0569351855096193,0.0575146822364386,0.058100436871078,0.0586926688246169,0.0592916304260355,0.0598976048544725,0.0605109043305444,0.0611318684938814,0.0617608629219041,0.0623982777640052,0.0630445264779284,0.0637000446630852,0.0643652889902761,0.0650407362298775,0.0657268823818388,0.0664242419113657,0.067133347094358,0.0678547474767563,0.0685890094521148,0.069336715962022,0.0700984663244999,0.0708748761962218,0.0716665776753002,0.0724742195524885,0.0732984677198861,0.0741400057476053,0.0749995356403131,0.075877778787056,0.076775477119267,0.077693394493264,0.0786323183148253,0.0795930614244559,0.0805764642626531,0.0815833973346888,0.082614763994023,0.0836715035622439,0.0847545948012173,0.0858650597496704,0.0870039679314928,0.08817244093631,0.0893716573640796,0.0906028581142365,0.0918673519859408,0.0931665215389036,0.0945018291437499,0.0958748231266125,0.0972871438843542,0.0987405298143111,0.100236822865636,0.101777973478263,0.103366044630472,0.10500321466754,0.106691778532803,0.108434146969987,0.110232843213435,0.112090496633321,0.11400983275888,0.115993659067737,0.118044845907984,0.120166301916698,0.122360943319967,0.124631656551353,0.126981253714754,0.129412420550164,0.131927656742795,0.134529208652026,0.137218994829084,0.13999852504071,0.142868813915692,0.145830290772354,0.148882707652274,0.152025048056719,0.155255439329056,0.158571072014589,0.161968129820472,0.165441733952525,0.168985905584501,0.172593549986232,0.176256465378247,0.179965378884961,0.183710011038561,0.187479169174019,0.191260868806841,0.195042480772044,0.198810900612501,0.202552735530252,0.206254503246216,0.209902836430109,0.21348468602047,0.216987516784184,0.220399488864034,0.223709619799079,0.226907922516066,0.229985516000347,0.232934706670135,0.235749039804588,0.238423321627613,0.240953613753314,0.243337202602862,0.245572547075174,0.247659208185277,0.249597764583566,0.25138971786017,0.253037391355485,0.254543825880236,0.25591267533726,0.257148104771401,0.258254692887785,0.259237340600653,0.260101186726345,0.260851531530063,0.261493768485728,0.262033324315525,0.262475607140587,0.262825962393634,0.263089636013245,0.263271744351545,0.263377250175787,0.263410944122814,0.263377430967522,0.263281120086292,0.263126219529148,0.262916733155739,0.262656460336803,0.26234899777168,0.261997743021734,0.261605899407516,0.261176481963094,0.260712324183522,0.260216085340355,0.259690258175362,0.259137176814065,0.258559024768501,0.257957842922953,0.257335537417451,0.25669388736196,0.256034552329604,0.255359079590302,0.25466891105712,0.253965389926692,0.253249767002532,0.252523206696111,0.251786792705449,0.251041533374845,0.25028836674236,0.249528165283978,0.248761740365067,0.247989846410951,0.247213184809226,0.246432407556921,0.24564812066581,0.24486088733917,0.244071230933158,0.24327963771563,0.242486559434879,0.241692415710311,0.24089759625654,0.24010246295189,0.239307351761709,0.23851257452635,0.237718420623104,0.236925158510855,0.236133037165632,0.235342287414777,0.234553123176902,0.233765742614367,0.232980329204524,0.232197052735576,0.231416070232481,0.230637526817928,0.229861556513108,0.229088282982601,0.228317820227442,0.227550273230106,0.226785738554885,0.22602430490688,0.225266053652588,0.224511059304857,0.223759389974761,0.223011107792762,0.222266269301377,0.221524925821354,0.220787123793263,0,0.046481037115678,0.0469377175307765,0.0473838549331823,0.0478342020464048,0.0482935213976252,0.0487628041585928,0.0492417871924986,0.0497298523626085,0.0502263442281427,0.0507306780552619,0.0512423700075992,0.0517610384055512,0.0522863950862995,0.0528182344297925,0.0533564229469701,0.0539008903666258,0.0544516223454178,0.0550086546170801,0.0555720683094236,0.0561419861632069,0.0567185694268231,0.0573020152486752,0.0578925544339331,0.0584904494700296,0.0590959927549699,0.0597095049849243,0.0603313336738015,0.0609618517888203,0.0616014564936922,0.062250567995892,0.0629096284974749,0.0635791012506095,0.0642594697199492,0.0649512368544843,0.065654924471866,0.0663710727585161,0.0671002398892457,0.0678430017706489,0.0685999519132453,0.0693717014382219,0.0701588792256669,0.0709621322123729,0.0717821258486055,0.0726195447246401,0.073475093379351,0.0743494973046333,0.0752435041609133,0.0761578852203866,0.0770934370558427,0.078050983493899,0.0790313778520652,0.0800355054791556,0.0810642866180149,0.0821186796081322,0.0831996844432928,0.0843083466957136,0.0854457618128685,0.086613079786155,0.0878115101813515,0.0890423275091555,0.0903068768996219,0.0916065800266829,0.0929429412078055,0.0943175535788957,0.0957321052155381,0.0971883850383768,0.0986882883028161,0.100233821431331,0.101827105900815,0.103470380848104,0.105166004004989,0.10691645052096,0.108724309179423,0.110592275463511,0.112523140883963,0.114519777947512,0.116585120124349,0.118722136172689,0.120933798203143,0.123223042921941,0.125592725586639,0.128045566347404,0.130584088837024,0.133210551118074,0.135926869398226,0.138734535283779,0.14163452775168,0.144627221471409,0.147712293583391,0.150888631517203,0.154154244881113,0.157506184839152,0.16094047467376,0.164452055370135,0.168034750014471,0.17168125054,0.17538312986169,0.179130881707341,0.182913989494441,0.186721024454385,0.190539771926183,0.194357383406812,0.198160550644416,0.201935696888458,0.205669179458874,0.209347497141472,0.212957495614612,0.216486564188794,0.219922817590733,0.223255257309885,0.226473908084343,0.22956992635086,0.232535678826333,0.235364790730492,0.238052164415141,0.240593970263041,0.242987612608453,0.245231674082688,0.247325842194379,0.249270822126913,0.251068239700536,0.252720538239713,0.254230872748272,0.255603004367254,0.256841197612339,0.257950122393349,0.258934762335532,0.259800330472118,0.260552192974416,0.261195801237954,0.261736632354159,0.2621801377664,0.262531699733315,0.262796595095952,0.26297996576184,0.263086795271929,0.263121890798504,0.263089869927387,0.262995151600293,0.262841950628077,0.262634275228708,0.262375927091633,0.262070503520139,0.261721401253302,0.261331821617526,0.260904776703641,0.260443096308122,0.259949435416059,0.259426282038631,0.258875965249264,0.258300663290254,0.257702411645814,0.257083110998411,0.256444535003152,0.255788337830246,0.255116061438444,0.254429142553062,0.253728919331158,0.253016637703704,0.25229345739054,0.25156045758867,0.250818642338189,0.250068945573064,0.24931223586622,0.248549320879956,0.247780951533921,0.247007825903576,0.246230592862518,0.245449855482204,0.244666174202578,0.243880069786897,0.243092026073754,0.242302492538862,0.241511886678709,0.240720596227657,0.23992898121951,0.239137375904017,0.238346090528201,0.23755541299183,0.236765610385803,0.235976930421673,0.235189602760009,0.234403840244791,0.233619840050561,0.232837784748597,0.232057843297929,0.231280171966638,0.230504915188475,0.229732206359471,0.228962168578913,0.228194915338687,0.227430551164751,0.226669172214195,0.225910866831101,0.225155716064173,0.224403794148908,0.223655168956844,0.222909902414253,0.222168050892477,0.221429665571916,0,0.0449481318919927,0.045367413795334,0.0457833864622181,0.0462061701017636,0.046639250623783,0.0470832489381938,0.0475378139386612,0.0480023174107304,0.0484761010258817,0.0489585626965107,0.049449183765465,0.0499475336395574,0.0504532658642641,0.0509661113279892,0.0514858709822626,0.0520124090484221,0.0525456470437338,0.0530855586712147,0.0536321654943547,0.0541855332754337,0.0547457688522702,0.0553130174416431,0.0558874602772728,0.0564693125105551,0.0570588213205598,0.057656264195087,0.0582619473566295,0.0588762043161734,0.0594993945443412,0.0601319022539457,0.0607741352910818,0.0614265241338641,0.0620895209991797,0.0627635990586463,0.0634492517655549,0.0641469922950857,0.0648573531006084,0.0655808855894875,0.0663181599225386,0.0670697649421454,0.0678363082350474,0.0686184163369471,0.0694167350873441,0.0702319301443654,0.0710646876708017,0.0719157152040473,0.0727857427241371,0.073675523935524,0.0745858377795887,0.0755174901960402,0.0764713161522523,0.0774481819600874,0.0784489878997347,0.0794746711693931,0.0805262091780614,0.0816046231960604,0.0827109823739635,0.0838464081350813,0.0850120789392552,0.0862092354061268,0.0874391857739604,0.0887033116551198,0.0900030740311221,0.0913400194084469,0.0927157860306625,0.0941321100126889,0.095590831228953,0.0970938987487551,0.098643375569443,0.100241442351297,0.101890399807945,0.103592669353602,0.105350791554758,0.10716742188112,0.109045323200888,0.110987354422156,0.112996454649078,0.115075622203051,0.117227887860975,0.119456281690606,0.121763792923669,0.124153322407596,0.126627627322936,0.129189258051694,0.131840487336235,0.134583232181174,0.137418969320352,0.140348645491918,0.143372584225477,0.146490391328861,0.149700861744162,0.153001890892661,0.15639039400973,0.15986223724347,0.163412184413367,0.167033863258896,0.170719754721175,0.174461208273797,0.17824848554882,0.182070833507408,0.185916587221148,0.189773301020147,0.193627905407172,0.197466885825342,0.201276478196887,0.205042875213731,0.208752436733953,0.212391897374465,0.215948564512835,0.219410500410705,0.222766683006636,0.226007141029766,0.229123060370335,0.232106860012594,0.234952237193693,0.237654182712273,0.240208968402546,0.242614109664489,0.244868306571817,0.246971367461712,0.248924119057492,0.250728307115423,0.252386491357064,0.253901938090716,0.255278513481967,0.256520579943275,0.257632897609982,0.258620532382609,0.259488771563254,0.260243047711191,0.260888870997203,0.261431770050638,0.26187724106657,0.262230704769016,0.262497470704196,0.262682708258698,0.2627914237541,0.262828442955256,0.262798398337674,0.262705720484489,0.262554633020472,0.262349150535295,0.262093078997391,0.261790018210686,0.261443365917132,0.26105632319694,0.260631900864628,0.260172926601816,0.259682052606784,0.25916176357598,0.25861438486393,0.258042090695582,0.257446912329082,0.256830746087757,0.256195361197812,0.255542407383366,0.254873422183109,0.254189837963512,0.253492988612238,0.252784115902636,0.25206437552595,0.251334842792593,0.250596518007435,0.249850331526918,0.249097148507935,0.248337773359963,0.247572953913025,0.246803385314739,0.246029713670108,0.245252539437814,0.244472420596717,0.243689875596024,0.242905386102264,0.242119399555752,0.241332331548744,0.240544568036946,0.239756467395455,0.238968362329668,0.238180561651074,0.237393351927299,0.236606999015191,0.235821749485194,0.235037831944721,0.23425545826775,0.233474824737342,0.232696113107384,0.231919491589365,0.231145115769615,0.230373129462061,0.229603665501165,0.228836846479391,0.228072785433241,0.227311586481573,0.22655334541968,0.225798150272328,0.225046081808718,0.224297214022134,0.223551614576806,0.222809345224358,0.222070462192022,0,0.043429391708608,0.0438069182264356,0.0441913491241155,0.044586444507859,0.044993482096009,0.0454123844508993,0.045842611986852,0.046283506120533,0.0467344127702192,0.047194728023513,0.0476639153564727,0.0481415111556977,0.0486271247590381,0.0491204357686475,0.0496211900817097,0.0501291954627171,0.0506443171245405,0.0511664735638432,0.051695632758713,0.0522318087547583,0.0527750586215115,0.053325479740419,0.0538832073795766,0.0544484125122998,0.0550212998424555,0.0556021060066518,0.0561910979304265,0.0567885713217545,0.0573948492902336,0.0580102810842007,0.0586352409409177,0.0592701270470419,0.0599153606080726,0.06057138502653,0.0612386651894366,0.06191768686636,0.0626089562199309,0.0633129994314383,0.0640303624448671,0.0647616108336057,0.0655073297950315,0.0662681242792705,0.067044619259642,0.0678374601535979,0.0686473134043671,0.0694748672349689,0.0703208325877486,0.0711859442640712,0.0720709622802323,0.0729766734569542,0.0739038932609384,0.0748534679177609,0.0758262768158033,0.0768232352207678,0.0778452973194811,0.078893459609948,0.0799687646517685,0.0810723051868366,0.0822052286344226,0.0833687419570152,0.084564116883337,0.0857926954624171,0.0870558959071454,0.088355218667009,0.0896922526473508,0.0910686814662237,0.0924862896094326,0.093946968309532,0.0954527209352903,0.0970056676345754,0.0986080489260848,0.100262227884456,0.101970690510029,0.103736043820292,0.105561011146778,0.107448424071407,0.109401210393229,0.111422377484162,0.113514990375437,0.115682143920435,0.117926928410789,0.120252388087519,0.122661472094586,0.125156977575196,0.127741484817281,0.130417284618203,0.133186298361504,0.136049991678923,0.139009283002494,0.14206444878248,0.145215027638877,0.148459726202092,0.151796329850353,0.155221621930029,0.158731315309037,0.162320000220927,0.165981112269074,0.169706924145519,0.173488564058775,0.177316063058076,0.181178432407509,0.185063770944432,0.188959401016306,0.192852030211212,0.196727934774325,0.200573159433989,0.204373727438754,0.208115854006863,0.211786156163254,0.215371852106397,0.218860943795051,0.222242377328346,0.225506176839811,0.228643548946979,0.231646956194295,0.234510159301036,0.237228229291093,0.239797531668682,0.242215685665793,0.24448150219909,0.24659490453339,0.248556835771575,0.250369157206807,0.252034541320937,0.253556362836019,0.254938590766693,0.256185683919298,0.257302491772898,0.258294162184961,0.259166056910356,0.259923675519823,0.260572587960358,0.261118375717478,0.261566581316515,0.261922665732735,0.262191973162319,0.262379702531074,0.262490885078192,0.262530367341288,0.262502798880069,0.262412624103501,0.262264077604297,0.262061182450941,0.261807750937887,0.261507387346473,0.26116349232047,0.260779268509673,0.260357727181484,0.259901695543473,0.259413824559059,0.258896597073652,0.258352336099834,0.257783213137593,0.25719125642955,0.256578359071695,0.255946286917788,0.255296686230521,0.254631091045079,0.253950930221225,0.253257534168647,0.252552141237391,0.251835903770883,0.251109893823593,0.250375108548992,0.249632475266141,0.248882856215373,0.24812705301498,0.247365810831845,0.24659982227961,0.245829731058308,0.245056135349442,0.244279590980444,0.243500614372119,0.242719685282385,0.241937249359093,0.241153720514249,0.240369483131372,0.239584894117163,0.23880028480805,0.238015962741607,0.237232213302232,0.236449301249911,0.235667472140359,0.23488695364424,0.234107956772734,0.233330677016147,0.232555295401875,0.231781979477545,0.231010884224766,0.230242152908529,0.229475917866949,0.228712301245675,0.227951415681006,0.227193364935438,0.226438244489106,0.225686142090313,0.224937138268118,0.224191306809727,0.223448715205226,0.222709425062008,0,0.0419178889439396,0.0422523035403695,0.0426050058304348,0.042972826988386,0.0433543388122676,0.043748585937801,0.0441547881932744,0.0445722495539538,0.0450003285035574,0.0454384325653981,0.0458860217097918,0.0463426132679146,0.0468077853512403,0.0472811780791032,0.0477624929077535,0.0482514906393523,0.0487479886617705,0.0492518578394669,0.0497630193367323,0.0502814415414443,0.0508071371768178,0.0513401606363658,0.0518806055464248,0.052428602544468,0.0529843172546821,0.0535479484410552,0.0541197263198943,0.054699911016604,0.0552887911547547,0.0558866825684293,0.0564939271313585,0.0571108916983859,0.0577379671564021,0.0583755675831419,0.0590241295132441,0.0596841113118394,0.0603559926567126,0.0610402741308682,0.061737476928137,0.062448142675342,0.0631728333754993,0.0639121314775945,0.0646666400796263,0.0654369832728647,0.06622380663661,0.0670277778941509,0.0678495877420782,0.0686899508665983,0.0695496071619483,0.0704293231674093,0.0713298937406764,0.0722521439863861,0.0731969314593394,0.0741651486622648,0.0751577258577023,0.0761756342125984,0.0772198892922831,0.0782915549174454,0.0793917473932866,0.0805216401139276,0.0816824685370987,0.0828755355137982,0.0841022169446528,0.0853639677187716,0.0866623278716172,0.0879989288754666,0.0893754999490951,0.0907938742421311,0.0922559947139242,0.0937639194867071,0.0953198264084298,0.0969260165122699,0.098584916008115,0.100299076387297,0.102071172166988,0.103903995746973,0.105800448801567,0.107763529586642,0.109796315510095,0.111901940298527,0.114083565099058,0.116344342889417,0.118687375638495,0.121115663770478,0.123632047645206,0.126239140981374,0.128939256421826,0.131734323773031,0.134625801841866,0.137614585235156,0.140700907968489,0.143884246231414,0.147163223150028,0.150535518842343,0.153997789438049,0.157545598990243,0.161173368299604,0.164874344562244,0.168640595410228,0.172463030320881,0.176331451528079,0.180234635497505,0.184160444773402,0.188095968633713,0.192027689589198,0.195941671427244,0.19982376333281,0.203659813709962,0.207435886752978,0.21113847462538,0.214754698315671,0.21827249083325,0.221680757338079,0.224969507987789,0.228129960642857,0.231154611993242,0.234037277060113,0.236773098297276,0.239358526600217,0.241791277380599,0.244070265458027,0.246195522858656,0.248168103709666,0.249989980311509,0.251663934196536,0.253193445586982,0.254582584190853,0.255835903760689,0.256958342321235,0.257955129474572,0.258831701734846,0.259593626442017,0.260246534461901,0.260796061599933,0.26124779843666,0.261607248129433,0.261879791610848,0.262070659543084,0.262184910351228,0.262227413650745,0.262202838398127,0.262115645123611,0.261970081645806,0.261770181716027,0.261519766091847,0.26122244559226,0.260881625738971,0.260500512638342,0.260082119805446,0.259629275674934,0.259144631582728,0.258630670037772,0.258089713134297,0.257523930982473,0.256935350059098,0.256325861400489,0.25569722857724,0.255051095405333,0.254388993360499,0.253712348673104,0.253022489089314,0.252320650291289,0.251607981974714,0.250885553586457,0.250154359728605,0.249415325237828,0.248669309950977,0.247917113169266,0.24715947783437,0.246397094430326,0.245630604625451,0.244860604668525,0.244087648553336,0.24331225096542,0.242534890024413,0.241756009834967,0.240976022858641,0.240195312118609,0.239414233248428,0.238633116395508,0.237852267989334,0.23707197238387,0.236292493383023,0.235514075657471,0.234736946060603,0.233961314850845,0.233187376827096,0.232415312383595,0.231645288490045,0.23087745960245,0.230111968509697,0.22934894712058,0.22858851719561,0.227830791027623,0.227075872074943,0.226323855550532,0.225574828970337,0.224828872663807,0.224086060249301,0.223346459076943,0,0.0404061630772803,0.0406992973067114,0.0410215194882259,0.0413630921153905,0.0417199228525276,0.0420901932803497,0.0424728953244784,0.0428673071473638,0.0432728109562299,0.0436888370129226,0.0441148533889743,0.0445503700830137,0.0449949455159923,0.0454481914018627,0.0459097751885376,0.0463794204030635,0.0468569055161144,0.047342061898237,0.0478347713037068,0.0483349631786161,0.0488426119777826,0.0493577345948081,0.0498803879565481,0.0504106668006316,0.0509487016362232,0.0514946568790094,0.0520487291478215,0.0526111457099334,0.0531821630633204,0.0537620656460712,0.0543511646651802,0.054949797038831,0.0555583244479285,0.0561771324940226,0.056806629961941,0.0574472481864592,0.0580994405232545,0.0587636819252554,0.0594404686263675,0.0601303179354549,0.0608337681444113,0.0615513785551847,0.0622837296317294,0.0630314232840575,0.0637950832928401,0.0645753558843683,0.0653729104670976,0.0661884405424609,0.0670226648041004,0.0678763284411096,0.0687502046622332,0.0696450964591839,0.0705618386282183,0.0715013000697699,0.0724643863861439,0.073452042796899,0.0744652573903996,0.0755050647279375,0.0765725498135574,0.0776688524380477,0.0787951718991781,0.0799527720918942,0.0811429869514719,0.082367226219261,0.0836269814842326,0.0849238324337461,0.0862594532234084,0.0876356188483054,0.0890542113659898,0.0905172257852397,0.0920267753937217,0.0935850962524543,0.0951945505357294,0.0968576283426121,0.0985769475513385,0.100355251232404,0.10219540208194,0.104100373286828,0.106073235190325,0.108117137095969,0.110235283533217,0.112430904316448,0.114707217766073,0.117067386533532,0.119514465588082,0.122051342089191,0.124680667090084,0.127404779299527,0.130225621471766,0.13314465039615,0.136162741911156,0.13928009285882,0.142496122405065,0.14580937565171,0.149217432923265,0.152716828486082,0.156302982706027,0.159970151730097,0.163711398647907,0.167518589720186,0.171382418636707,0.175292460887648,0.179237259224396,0.183204439896081,0.187180857946903,0.191152768434943,0.195106019085566,0.199026258723291,0.202899154928777,0.206710613816847,0.210446994674929,0.214095312453189,0.217643421737851,0.221080176814979,0.22439556366429,0.227580801115193,0.230628409846892,0.233532249321538,0.236287524017153,0.238890761407775,0.241339764977638,0.243633546133749,0.245772239198631,0.247757003742328,0.249589918383582,0.251273869896115,0.252812441042227,0.254209800066457,0.255470594256802,0.256599849453745,0.257602876884492,0.258485188240743,0.259252419515023,0.259910263769543,0.260464412733971,0.260920506912066,0.261284093717062,0.261560593045272,0.261755269629561,0.261873211481487,0.261919313726039,0.261898267149381,0.261814550812146,0.261672428123704,0.261475945822336,0.261228935359261,0.260935016238292,0.260597600915836,0.260219900916482,0.259804933866763,0.259355531193216,0.258874346270297,0.258363862839033,0.257826403548546,0.257264138499935,0.256679093695751,0.256073159318729,0.255448097780829,0.254805551498368,0.254147050361316,0.253474018875126,0.252787782961812,0.252089576413902,0.251380547000364,0.250661762227995,0.249934214765131,0.249198827537195,0.248456458505446,0.247707905141736,0.246953908612946,0.246195157689341,0.245432292391319,0.244665907389066,0.243896555169418,0.24312474898395,0.242350965591876,0.241575647810847,0.240799206888164,0.240022024704377,0.239244455820573,0.238466829380092,0.237689450874767,0.236912603785183,0.236136551103881,0.235361536749827,0.234587786881971,0.233815511119132,0.233044903673032,0.232276144400746,0.231509399782461,0.230744823829979,0.229982558931034,0.2292227366341,0.228465478378053,0.22771089617071,0.226959093219988,0.226210164521131,0.225464197403214,0.224721272037878,0.223981461913055,0,0.0388869318720494,0.0391437118949121,0.0394381369564496,0.0397550812125513,0.040088378338406,0.0404355632963165,0.0407954800838717,0.0411674120017808,0.0415507790624921,0.0419450435545228,0.0423496903880013,0.042764231552721,0.0431882156825844,0.0436212362347558,0.0440629366944458,0.0445130129932604,0.0449712138320903,0.0454373396152555,0.0459112405628674,0.0463928144061212,0.0468820039321228,0.0473787945415526,0.0478832119110607,0.0483953198058925,0.0489152180598854,0.049443040723863,0.0499789543752594,0.0505231565784355,0.0510758744845699,0.0516373635608659,0.0522079064403256,0.0527878118850294,0.0533774138574928,0.053977070696148,0.0545871643923036,0.0552080999670755,0.0558403049478172,0.056484228944527,0.0571403433276351,0.0578091410094972,0.0584911363328708,0.0591868650706569,0.0598968845422564,0.0606217738530314,0.0613621342645796,0.0621185897048283,0.0628917874283084,0.063682398838392,0.0644911204847187,0.0653186752504891,0.0661658137457136,0.0670333159238226,0.0679219929402092,0.0688326892721906,0.0697662851204548,0.0707236991121657,0.071705891325404,0.0727138666533372,0.0737486785242561,0.0748114329901584,0.0759032931916454,0.077025484200255,0.0781792982306621,0.0793661002041206,0.0805873336307275,0.0818445267612214,0.0831392989387001,0.0844733670565197,0.0858485520004037,0.0872667849201873,0.0887301131394916,0.0902407054699326,0.0918008566503814,0.0934129905816895,0.0950796619738994,0.0968035559673527,0.0985874852328753,0.100434384001481,0.102347298423592,0.104329372615153,0.106383829717518,0.10851394728481,0.110723026322456,0.11301435334049,0.115391154862072,0.117856543948709,0.120413458475895,0.123064591122134,0.125812311324631,0.128658579807647,0.131604856701751,0.134652004736218,0.137800189488605,0.141048779194137,0.144396247124774,0.147840080008629,0.151376696333864,0.155001378623363,0.158708223833001,0.16249011587764,0.166338723894578,0.170244529198564,0.174196882969211,0.178184095567277,0.182193557051393,0.186211887034566,0.190225110571713,0.19421885540782,0.198178564744713,0.202089718797039,0.2059380578792,0.209709799640414,0.213391843356768,0.216971954873253,0.220438926809149,0.223782709913986,0.22699451288952,0.230066869470074,0.232993672978561,0.235770179861175,0.238392984783333,0.240859970699876,0.243170237875134,0.245324016127007,0.247322564625656,0.249168063427098,0.250863500608134,0.252412558437612,0.253819501514764,0.255089069268403,0.256226374674982,0.257236810545047,0.258125964265388,0.258899541479928,0.259563298851909,0.260122985774181,0.260584294680572,0.260952819454288,0.26123402132217,0.261433201559006,0.261555480296396,0.261605780728579,0.261588818026661,0.26150909230705,0.261370885044577,0.261178258371949,0.260935056761364,0.260644910639037,0.260311241537045,0.259937268438077,0.259526015016437,0.25908031752245,0.25860283309713,0.258096048339356,0.257562287979111,0.257003723537724,0.25642238187976,0.255820153581552,0.255198801058723,0.25455996640966,0.253905178944134,0.253235862376429,0.252553341670634,0.25185884953256,0.25115353254812,0.250438456972351,0.249714614176552,0.248982925763551,0.248244248363001,0.247499378119878,0.246749054890261,0.245993966158947,0.245234750693678,0.244472001950716,0.24370627124633,0.24293807070837,0.242167876021702,0.241396128980726,0.240623239861644,0.239849589626516,0.239075531970552,0.238301395223426,0.237527484114789,0.236754081413553,0.235981449449892,0.235209831528361,0.234439453239959,0.23367052368045,0.232903236581736,0.232137771362629,0.231374294104896,0.23061295846004,0.229853906491904,0.229097269459784,0.22834316854642,0.2275917155349,0.226843013438223,0.226097157084971,0.225354233664307,0.224614323233261,0,0.0373538525066038,0.037581892490184,0.037852378132803,0.0381467952279894,0.038457951704163,0.038783119380894,0.0391211290129363,0.0394713146727321,0.0398331495777512,0.0402061348585119,0.0405897780530086,0.0409836000648307,0.0413871479832163,0.0418000061511959,0.0422218036321727,0.0426522182907122,0.0430909782886994,0.0435378618223845,0.043992695770333,0.0444553537385554,0.0449257538306496,0.0454038563504914,0.0458896615602462,0.0463832075600072,0.04688456831964,0.0473938518720633,0.0479111986653886,0.0484367800655773,0.0489707969991688,0.0495134787255877,0.0500650817295681,0.0506258887257095,0.051196207768773,0.0517763714648602,0.0523667362800126,0.0529676819440251,0.0535796109483889,0.054202948138313,0.0548381403997416,0.055485656443233,0.0561459866875154,0.0568196432465129,0.0575071600246625,0.0582090929264289,0.058926020187076,0.0596585428329843,0.0604072852810971,0.0611728960884369,0.0619560488640432,0.0627574433571101,0.0635778067365365,0.0644178950784757,0.0652784950797586,0.0661604260161692,0.067064541965413,0.0679917343151143,0.0689429345761936,0.069919117521364,0.0709213046670639,0.0719505681147255,0.0730080347636243,0.0740948909024212,0.0752123871795968,0.0763618439439873,0.077544656935221,0.0787623032896677,0.080016347810188,0.0813084494271363,0.0826403677533768,0.0840139696072074,0.0854312353437848,0.0868942647977612,0.088405282597344,0.0899666425630466,0.0915808308534236,0.093250467465808,0.0949783056436283,0.0967672286848884,0.0986202435910561,0.100540470944782,0.102531130362198,0.104595520835436,0.106736995268788,0.10895892852362,0.111264678329599,0.113657538500223,0.116140684016475,0.118717107720633,0.121389548598887,0.12416041193036,0.127031681942571,0.130004828036209,0.13308070611703,0.136259457085138,0.139540405060022,0.142921958434425,0.146401517315076,0.149975391281761,0.153638731632871,0.157385482340594,0.161208353772149,0.165098822814676,0.169047162355798,0.173042502124562,0.177072921717158,0.18112557527171,0.185186845792738,0.189242525653055,0.193278018423731,0.197278556006839,0.201229424166083,0.20511618904101,0.208924917135858,0.212642381603391,0.216256248370615,0.219755236717017,0.22312925023091,0.226369475533275,0.229468447663321,0.232420082463824,0.235219677599389,0.237863884920935,0.2403506577129,0.242679176909071,0.244849760644154,0.246863761545044,0.24872345599541,0.250431929274117,0.251992960019316,0.25341090695109,0.254690600236833,0.255837239338938,0.256856298669861,0.257753441913847,0.258534445468784,0.259205131121338,0.25977130779403,0.260238721991313,0.260613016417309,0.2608996961337,0.261104101564636,0.261231387628632,0.261286508278118,0.261274205748677,0.261199003856527,0.261065204729356,0.26087688840823,0.260637914813852,0.260351927626342,0.2600223596822,0.259652439543923,0.259245198945974,0.258803480864988,0.25832994800199,0.25782709149999,0.257297239751718,0.256742567179646,0.256165102894193,0.255566739156309,0.254949239587937,0.25431424708842,0.253663291427058,0.252997796492128,0.252319087184914,0.251628395953967,0.250926868970205,0.250215571947646,0.249495495617863,0.248767560868688,0.248032623559552,0.247291479027038,0.246544866295123,0.245793472004969,0.245037934079354,0.244278845136738,0.24351675566973,0.242752177002382,0.241985584040203,0.241217417826323,0.240448087916563,0.239677974585613,0.238907430875829,0.238136784499556,0.237366339605216,0.236596378416801,0.235827162755793,0.235058935453939,0.234291921664778,0.233526330081242,0.232762354066193,0.232000172702238,0.231239951766741,0.230481844637518,0.229725993134295,0.228972528300663,0.228221571130888,0.227473233245627,0.226727617520311,0.225984818669648,0.225244923791471,0,0.0358022168386726,0.0360111065480186,0.0362621990261042,0.0365364754179106,0.0368270452325861,0.0371313968070238,0.0374485112612961,0.0377778245716901,0.0381188768705442,0.0384712117224852,0.038834362126938,0.0392078625815233,0.0395912653382458,0.0399841538071877,0.0403861516341995,0.0407969279062435,0.0412161994377423,0.0416437310645058,0.0420793346850833,0.0425228675855124,0.0429742304111664,0.0434333650191052,0.043900252352114,0.0443749104135157,0.0448573923818835,0.045347784880296,0.0458462064007065,0.0463528058766607,0.046867761394435,0.0473912790319716,0.0479235918156448,0.0484649587861923,0.0490156641667003,0.0495760166270865,0.0501463486409972,0.0507270159323604,0.0513183970100438,0.0519208927901493,0.0525349263064894,0.0531609425107516,0.0537994081648018,0.0544508118285309,0.0551156639476332,0.0557944970467335,0.0564878660343696,0.0571963486274938,0.0579205459043779,0.0586610829961011,0.0594186099281481,0.0601938026250401,0.0609873640923345,0.0618000257917358,0.0626325492264081,0.0634857277548238,0.0643603886525421,0.0652573954421076,0.0661776505116824,0.0671220980429477,0.0680917272680868,0.0690875760741087,0.0701107349701948,0.0711623514299151,0.0722436346148031,0.0733558604786217,0.0745003772423646,0.0756786112182901,0.0768920729467185,0.0781423635915527,0.0794311815191581,0.0807603289599874,0.0821317186228479,0.0835473800977265,0.085009465844456,0.0865202565212009,0.0880821653589443,0.089697741236292,0.0913696700537407,0.0931007739492354,0.0948940078390486,0.096752452711996,0.0986793050537096,0.100677861734846,0.102751499667251,0.104903649520652,0.107137762805657,0.109457271673577,0.111865540867407,0.114365811388584,0.116961135628164,0.11965430395473,0.122447763058762,0.125343526725196,0.128343080139295,0.131447279316888,0.134656247773366,0.137969273083903,0.141384706510078,0.144899869338098,0.148510969948224,0.152213035867383,0.155999865101832,0.159864000863247,0.163796733359779,0.167788131609187,0.171827107250712,0.175901511116517,0.179998261928183,0.184103504988007,0.188202797236012,0.192281313649286,0.196324068777824,0.200316146336709,0.204242929281984,0.20809032273023,0.211844962446669,0.2154944023937,0.219027275937828,0.222433426668459,0.225704006281595,0.22883153851509,0.231809949586076,0.234634566887491,0.237302088783112,0.239810529158576,0.24215914092387,0.244348322928335,0.246379514767887,0.248255083774781,0.249978208128624,0.251552759561812,0.252983188598981,0.254274414709483,0.255431723198112,0.256460670138353,0.257366996182488,0.258156549675072,0.258835219155449,0.259408875061386,0.259883320235931,0.26026424868752,0.260557211951771,0.260767592344467,0.260900582371043,0.260961169561079,0.260954126019997,0.260884002028762,0.26075512307069,0.260571589718683,0.260337279872996,0.260055852896593,0.259730755250538,0.259365227284302,0.258962310884629,0.258524857731176,0.258055537947352,0.257556848970501,0.257031124497169,0.256480543386619,0.255907138429535,0.255312804909181,0.254699308899536,0.25406829525946,0.253421295294065,0.252759734064449,0.252084937335182,0.251398138155533,0.250700483075714,0.249993038003592,0.249276793710519,0.248552670997346,0.247821525533439,0.24708415238275,0.246341290231735,0.245593625334372,0.244841795189625,0.244086391966643,0.243327965692689,0.242567027218431,0.241804050974684,0.24103947753418,0.240273715991294,0.239507146172023,0.238740120685873,0.23797296683063,0.237205988360374,0.236439467126418,0.235673664600284,0.2349088232872,0.234145168038048,0.23338290726716,0.232622234082829,0.231863327336936,0.231106352599636,0.230351463064601,0.229598800389938,0.22884849547953,0.228100669209167,0.227355433101549,0.226612889953907,0.22587313442174,0,0.0342296301368822,0.0344298032090497,0.0346661007823309,0.0349226619317017,0.0351942603755582,0.0354790822907361,0.0357764173905829,0.036085848206067,0.0364069900499712,0.0367394284813703,0.0370827219718062,0.0374364213786158,0.0378000895597792,0.0381733163653167,0.0385557285350308,0.0389469953907815,0.0393468314598201,0.0397549970308489,0.0401712974132872,0.0405955814491676,0.041027739648645,0.0414677021876454,0.0419154369130283,0.0423709474378248,0.0428342713684147,0.0433054786802719,0.0437846702441248,0.0442719764964349,0.0447675562444727,0.0452715955952406,0.045784306997941,0.0463059283908885,0.0468367224452784,0.047376975899802,0.047926998981606,0.048487124910478,0.0490577094843886,0.0496391307456486,0.0502317887279716,0.0508361052857019,0.0514525240073959,0.0520815102168739,0.0527235510657913,0.053379155722757,0.0540488556650427,0.0547332050800106,0.0554327813845356,0.0561481858719114,0.0568800444970147,0.0576290088118376,0.0583957570648792,0.0591809954792822,0.0599854597259828,0.0608099166094605,0.0616551659848798,0.0625220429264287,0.0634114201673966,0.064324210832885,0.0652613714858808,0.0662239055065901,0.0672128668232552,0.0682293640099476,0.0692745647628195,0.0703497007607324,0.0714560729087793,0.072595056953655,0.0737681094477563,0.0749767740239547,0.0762226879247966,0.0775075887080788,0.0788333210249565,0.0802018433366498,0.0816152344011604,0.0830756993220402,0.0845855749071479,0.0861473340366758,0.0877635886869651,0.0894370912005356,0.0911707333345238,0.0929675425610697,0.0948306750364173,0.0967634046036333,0.0987691071506985,0.100851239615957,0.103013312922053,0.105258858133944,0.107591385183404,0.110014333589293,0.112531014737368,0.115144545472884,0.117857773009734,0.120673191475467,0.123592850792929,0.126618259043163,0.129750279951185,0.132989027670735,0.136333761592564,0.139782784432288,0.143333347329833,0.146981566068994,0.150722352755225,0.15454936732591,0.158454993068805,0.162430339860971,0.166465278098561,0.170548505275197,0.174667645915865,0.178809384142587,0.182959626619554,0.187103692099277,0.191226522377718,0.195312908274974,0.199347723386147,0.203316157868514,0.207203944488311,0.210997569548252,0.214684462122699,0.218253156174511,0.221693421523252,0.224996361170102,0.22815447404819,0.23116168375276,0.234013335124987,0.236706161650326,0.239238227447298,0.241608848151349,0.243818495250068,0.245868688428045,0.247761880272257,0.249501337319531,0.251091020945505,0.252535471046418,0.253839694892334,0.25500906296709,0.256049213082292,0.256965963578069,0.257765236012742,0.258452987401746,0.259035151792749,0.259517590755191,0.259906052212207,0.260206136943553,0.260423272031677,0.260562690501298,0.260629416408445,0.26062825466081,0.260563784891852,0.260440358761185,0.260262100109504,0.260032907454416,0.259756458371559,0.259436215361691,0.259075432857549,0.258677165073661,0.258244274447264,0.257779440459004,0.257285168658143,0.256763799748653,0.25621751862019,0.255648363231762,0.255058233276248,0.254448898571195,0.253822007135854,0.25317909292645,0.252521583211702,0.251850805578725,0.251167994566022,0.250474297925521,0.249770782519705,0.249058439863064,0.24833819131942,0.247610892968448,0.246877340155816,0.246138271742169,0.245394374066505,0.24464628463963,0.243894595583235,0.24313985682985,0.242382579098508,0.241623236660425,0.24086226990844,0.240100087743275,0.239337069789093,0.23857356845009,0.237809910819226,0.237046400449545,0.23628331899785,0.235520927749913,0.234759469035786,0.23399916754318,0.233240231536374,0.232482853987566,0.231727213627095,0.230973475918521,0.230221793964091,0.229472309345733,0.228725152906341,0.227980445475761,0.22723829854555,0.226498814896293,0,0.0326366853550649,0.032837687920053,0.0330631656414548,0.0333042238026405,0.0335584286829662,0.0338250469463372,0.0341037936029246,0.0343944236047774,0.0346966266738853,0.0350100253388691,0.0353342010914729,0.0356687225025184,0.0360131676116223,0.0363671395138329,0.0367302761642313,0.0371022558553271,0.0374827996880475,0.0378716720733091,0.0382686800196544,0.0386736717304781,0.0390865348588894,0.0395071946421576,0.0399356120504349,0.040371782026016,0.0408157318515728,0.0412675196622716,0.0417272331028216,0.04219498812299,0.0426709279016575,0.0431552218884974,0.0436480649527937,0.0441496766300941,0.0446603004589038,0.0451802034012066,0.0457096753421274,0.0462490286654577,0.0467985979030349,0.0473587394571088,0.0479298313958645,0.0485122733232314,0.0491064863250131,0.0497129129942643,0.0503320175397252,0.0509642859820395,0.0516102264434305,0.0522703695375152,0.0529452688670054,0.0536355016381769,0.0543416694021954,0.0550643989346563,0.0558043432660209,0.0565621828769955,0.0573386270742787,0.0581344155634598,0.058950320237143,0.0597871471975388,0.0606457390337385,0.0615269773745628,0.0624317857381658,0.0633611326993251,0.0643160353944217,0.0652975633823165,0.0663068428764624,0.0673450613594105,0.0684134725851143,0.0695134019668007,0.0706462523383536,0.0718135100647719,0.0730167514619754,0.0742576494676381,0.07553798048246,0.0768596312749762,0.0782246058123261,0.0796350318440894,0.0810931670262078,0.0826014043271041,0.0841622764086032,0.0857784586205867,0.0874527701912714,0.0891881731358243,0.0909877683464454,0.0928547882694434,0.09479258552228,0.0968046167599658,0.0988944210703246,0.101065592167169,0.103321743665885,0.105666466774544,0.108103279823255,0.110635569192831,0.113266521398429,0.115999046340833,0.118835692061466,0.121778551727941,0.12482916403109,0.127988408682627,0.131256399248429,0.134632376111787,0.13811460290195,0.141700270206324,0.145385410764611,0.149164830571505,0.153032060343705,0.156979331595186,0.160997581081429,0.165076486605387,0.169204536134279,0.173369130891038,0.177556721618204,0.181752975649821,0.185942970871793,0.190111411216073,0.194242857130817,0.198321963595867,0.202333717785159,0.206263668456142,0.210098139574479,0.213824421524684,0.21743093444429,0.220907359654454,0.224244736732196,0.227435525363688,0.230473632627333,0.233354407689964,0.23607460699365,0.238632333824898,0.241026956679765,0.243259011078121,0.245330089467109,0.24724272362968,0.249000263627664,0.25060675681051,0.252066829858193,0.253385576241658,0.254568450910889,0.2556211734851,0.256549640739579,0.257359848769843,0.258057824870221,0.258649568890259,0.259141003624319,0.259537933640845,0.259846011860356,0.260070713136788,0.26021731407739,0.260290878344036,0.260296246706949,0.260238031164248,0.260120612492637,0.259948140651777,0.259724537524304,0.25945350153263,0.259138513730862,0.258782845024072,0.258389564217159,0.257961546640984,0.257501483144399,0.257011889277079,0.256495114519986,0.255953351448024,0.255388644733386,0.254802899918474,0.254197891904626,0.253575273117348,0.252936581320855,0.252283247064667,0.251616600753104,0.250937879335076,0.250248232616747,0.24954872920373,0.248840362082564,0.248124053853553,0.24740066162873,0.246670981609815,0.24593575336174,0.245195663797677,0.244451350891541,0.243703407133795,0.242952382746094,0.24219878866979,0.241443099342854,0.24068575527909,0.239927165462933,0.239167709572384,0.238407740042002,0.237647583977159,0.236887544930097,0.236127904547671,0.235368924100023,0.234610845898829,0.233853894613157,0.233098278490451,0.232344190489598,0.23159180933257,0.230841300480645,0.230092817040786,0.229346500607347,0.228602482043901,0.227860882209602,0.227121812634212,0,0.0310272163134984,0.0312355871585064,0.0314530142119236,0.0316803588317649,0.0319186299822852,0.0321683724171309,0.0324297710329103,0.032702750388941,0.0329870623604145,0.0332823568610749,0.0335882341551599,0.0339042811404171,0.0342300952398929,0.0345652993293498,0.0349095504485197,0.035262544342163,0.0356240172922955,0.0359937462566137,0.036371548002013,0.0367572776900948,0.0371508272097797,0.0375521234412953,0.0379611265612312,0.0383778284492332,0.038802251225411,0.0392344459280693,0.0396744913299858,0.040122492885384,0.0405785817970663,0.0410429141925791,0.0415156703988984,0.0419970543063775,0.0424872928142281,0.0429866353513896,0.0434953534681658,0.0440137404954055,0.0445421112692678,0.0450808019207411,0.0456301697301049,0.0461905930474523,0.0467624712812674,0.0473462249578902,0.0479422958555357,0.0485511472173802,0.0491732640491078,0.0498091535072323,0.0504593453854981,0.0511243927077114,0.0518048724364737,0.0525013863084847,0.0532145618083371,0.0539450532940386,0.0546935432888487,0.0554607439553763,0.0562473987692243,0.0570542844107302,0.0578822128944917,0.0587320339572915,0.0596046377256691,0.0605009576846094,0.0614219739684952,0.0623687169944501,0.0633422714562928,0.0643437806943234,0.0653744514518299,0.0664355590232613,0.067528452791171,0.0686545621389545,0.0698154027137401,0.0710125829981635,0.072247811130781,0.073522901892169,0.074839783746941,0.0762005058006733,0.0776072444947768,0.079062309821549,0.0805681507959544,0.0821273598703154,0.0837426759235018,0.0854169853982035,0.0871533210996961,0.0889548581089459,0.090824906204369,0.0927668981332042,0.094784373029264,0.0968809542436753,0.0990603208448835,0.101326172060369,0.103682183982617,0.106131957953844,0.108678960185819,0.111326452370451,0.114077413299876,0.116934451845815,0.119899712047572,0.122974771522458,0.126160534931817,0.129457124793277,0.132863772500686,0.136378712964477,0.139999086776456,0.143720854187827,0.147538725418055,0.151446111836325,0.155435102334223,0.159496468707167,0.163619703069924,0.167793089258053,0.172003808848119,0.176238080927987,0.180481333151708,0.184718400027681,0.188933742929588,0.193111685101356,0.197236654050233,0.201293423261291,0.205267345163063,0.209144567729498,0.212912227980157,0.216558616865939,0.220073311502246,0.223447272320837,0.226672904338189,0.22974408327299,0.232656148597813,0.235405866713741,0.237991368253078,0.240412064032402,0.242668544408103,0.244762466759878,0.246696435587933,0.248473879306836,0.250098927304844,0.251576290260232,0.252911146108395,0.254109033469622,0.255175753803654,0.256117283071074,0.256939693263634,0.257649083819679,0.258251522666172,0.258752996420844,0.259159369140104,0.259476348902324,0.25970946146358,0.259864030205448,0.259945161604219,0.259957735480955,0.259906399336172,0.259795566126489,0.259629414899404,0.259411893763058,0.259146724728258,0.258837410018117,0.258487239495495,0.258099298908991,0.257676478704331,0.257221483189289,0.256736839876941,0.256224908864245,0.255687892130823,0.255127842666937,0.254546673360126,0.253946165587347,0.253327977474015,0.252693651793415,0.252044623489895,0.251382226817375,0.250707702091177,0.250022202056371,0.249326797879858,0.248622484776479,0.247910187281732,0.247190764185296,0.246465013140681,0.245733674966943,0.244997437658766,0.244256940121188,0.243512775645124,0.242765495139441,0.242015610134886,0.241263595574622,0.240509892405445,0.239754909983137,0.2389990283047,0.238242600079483,0.237485952650581,0.236729389777127,0.235973193287475,0.235217624612616,0.234462926208527,0.233709322875592,0.232957022982656,0.232206219602729,0.231457091566886,0.230709804442413,0.229964511440816,0.229221354260897,0.22848046387173,0.227741961239966,0,0.0294075437707685,0.0296251189656951,0.0298356937856839,0.0300505674451809,0.0302741994295478,0.0305083706400783,0.0307536899665039,0.0310102150381957,0.0312777356919912,0.0315559159454863,0.0318443698083862,0.0321427031929652,0.0324505372836108,0.0327675213228515,0.0330933391989515,0.0334277123628569,0.0337704005804576,0.0341212014380438,0.0344799491675897,0.034846513142339,0.0352207962571592,0.0356027333213778,0.0359922895362296,0.0363894590936453,0.036794263910979,0.0372067525029162,0.0376269989842452,0.038055102193404,0.0384911849253517,0.0389353932624356,0.0393878959929013,0.0398488841080936,0.0403185703709777,0.0407971889501845,0.0412849951152785,0.041782264990311,0.0422892953639398,0.0428064035554915,0.0433339273373132,0.0438722249146488,0.0444216749650963,0.0449826767404861,0.0455556502347915,0.0461410364224572,0.0467392975723353,0.0473509176432636,0.047976402768216,0.0486162818349218,0.0492711071718811,0.0499414553498138,0.0506279281097586,0.051331153430286,0.0520517867475931,0.0527905123435824,0.0535480449183792,0.0543251313650553,0.0551225527655786,0.0559411266281059,0.0567817093866375,0.057645199184635,0.0585325389643683,0.0594447198833705,0.0603827850782742,0.0613478337942938,0.0623410258955042,0.063363586766585,0.0644168126105941,0.065502076139292,0.066620832642228,0.0677746264078652,0.0689650974540799,0.0701939885060345,0.071463152136298,0.0727745579547986,0.0741302997044034,0.0755326020813541,0.0769838270582912,0.0784864794411376,0.0800432113398964,0.0816568251778995,0.0833302748050463,0.0850666642193681,0.086869243339639,0.088741400212203,0.0906866489808996,0.0927086129040078,0.0948110016714689,0.0969975822651949,0.0992721426218552,0.101638447408732,0.104100185317171,0.106660907423048,0.109323956367245,0.112092386377911,0.114968874494405,0.11795562376113,0.121054259633897,0.124265721372039,0.127590150758879,0.131026781075958,0.134573829818946,0.138228399143883,0.141986388423702,0.145842423526209,0.149789807445955,0.153820496690334,0.157925107303429,0.162092953596653,0.166312121553347,0.170569577522639,0.174851311280714,0.179142510905356,0.183427765291074,0.187691288646091,0.191917160075586,0.196089570470152,0.20019306846049,0.204212797209811,0.208134714294851,0.211945787834995,0.215634163291281,0.219189296870503,0.222602053116713,0.225864765932749,0.228971263837068,0.231916861634007,0.23469832179193,0.237313789644972,0.23976270704931,0.242045709347215,0.244164510453856,0.246121780627734,0.247921021067373,0.249566438947158,0.251062825913333,0.252415442450294,0.253629909932387,0.254712111623621,0.255668103394842,0.256504034505024,0.257226078444333,0.257840373560228,0.258352972979439,0.258769803191158,0.259096630561845,0.259339035001015,0.259502389981632,0.259591848130395,0.259612331635134,0.259568526762688,0.259464881835939,0.259305608078949,0.259094682801334,0.2588358544545,0.258532649151584,0.258188378298589,0.257806147035536,0.257388863233119,0.256939246832163,0.256459839350249,0.255953013412298,0.255420982190154,0.254865808660365,0.254289414610065,0.25369358933829,0.253079998014663,0.252450189669515,0.251805604799459,0.251147582580548,0.250477367687611,0.249796116723547,0.249104904266329,0.248404728544543,0.247696516754515,0.246981130033694,0.246259368106022,0.245531973615633,0.244799636165525,0.244062996077837,0.243322647892157,0.242579143617912,0.241832995756391,0.241084680107366,0.240334638374607,0.239583280583931,0.238830987326679,0.238078111840819,0.237324981941158,0.236571901809418,0.235819153654301,0.235066999250952,0.234315681368643,0.233565425094871,0.232816439063513,0.232068916594126,0.231323036748978,0.230578965313927,0.229836855708805,0.229096849832554,0.228359078847964,0,0.0277848575213645,0.0280082286521222,0.0282115216318168,0.0284146096625716,0.0286247267711587,0.0288445982385624,0.0290751190029937,0.0293164109597711,0.0295682678561398,0.0298303526552235,0.0301022886547139,0.0303837024476129,0.0306742440872878,0.0309735961187831,0.0312814770622395,0.0315976421118697,0.0319218824553309,0.0322540239448679,0.0325939255083768,0.0329414775084447,0.0332966001599196,0.0336592420621015,0.0340293788704308,0.0344070121144338,0.0347921681582749,0.0351848972945821,0.0355852729595045,0.0359933910561433,0.0364093693738652,0.0368333470920788,0.037265484358513,0.0377059619336477,0.038154980894583,0.0386127623931897,0.0390795474648198,0.0395555968851521,0.0400411910738946,0.0405366300450902,0.0410422334046741,0.0415583403967551,0.0420853100008449,0.0426235210829761,0.0431733726043464,0.0437352838918288,0.0443096949754085,0.0448970669983677,0.0454978827068536,0.0461126470263335,0.0467418877333883,0.0473861562323145,0.0480460284470994,0.0487221058405074,0.0494150165732541,0.0501254168175388,0.0508539922405355,0.0516014596747778,0.0523685689936809,0.053156105211665,0.053964890829432,0.0547957884458061,0.0556497036580973,0.0565275882730649,0.0574304438501035,0.0583593255970994,0.0593153466373069,0.0602996826623673,0.0613135769819899,0.0623583459745507,0.0634353849346477,0.0645461743031256,0.0656922862519034,0.0668753915797083,0.0680972668551459,0.0693598017200211,0.0706650062380891,0.0720150181421004,0.0734121097948578,0.074858694637822,0.0763573328535961,0.077910735916549,0.0795217696493961,0.0811934553435455,0.0829289684387392,0.084731634194796,0.0866049197275861,0.0885524217260202,0.0905778491209233,0.0926849999452735,0.0948777316144375,0.0971599238716881,0.0995354336962074,0.102008041566251,0.104581388617596,0.107258904444748,0.110043725566334,0.112938604920916,0.115945813176043,0.119067033117646,0.12230324892859,0.125654632746736,0.129120431488264,0.132698857496651,0.136386987089245,0.140180671472975,0.144074464736427,0.148061573646359,0.152133833738106,0.156281715659324,0.160494364891918,0.164759676848486,0.169064407955765,0.173394321764893,0.17773436745947,0.182068886479086,0.186381841459967,0.190657060435071,0.194878488337847,0.199030437394266,0.20309782800794,0.207066412242839,0.210922972945782,0.21465549284832,0.218253289539456,0.22170711388605,0.225009211173553,0.22815334583263,0.231134792013494,0.233950293401904,0.236597996500123,0.239077362112326,0.241389059991274,0.243534851555039,0.245517465315628,0.247340469228393,0.249008143626181,0.250525357795616,0.251897452628508,0.253130131174769,0.25422935836062,0.255201270635344,0.256052095881187,0.256788083568095,0.257415444856123,0.257940302138861,0.258368647373523,0.25870630844908,0.258958922793914,0.259131917410246,0.259230494535918,0.259259622167842,0.259224028729307,0.259128201220286,0.258976386251774,0.258772593428684,0.258520600608661,0.258223960624411,0.257886009113774,0.257509873153857,0.257098480442926,0.256654568816074,0.256180695918208,0.255679248890725,0.255152453956691,0.254602385813832,0.254030976765417,0.253440025536723,0.252831205739452,0.252206073958645,0.251566077446651,0.250912561416799,0.250246775935938,0.249569882420162,0.248882959741974,0.248187009960242,0.247482963686466,0.246771685102489,0.246053976645779,0.245330583379059,0.244602197061259,0.243869459936785,0.243132968259824,0.242393275570046,0.24165089573549,0.240906305777848,0.240159948494669,0.239412234892314,0.238663546442725,0.23791423717639,0.237164635623114,0.2364150466115,0.235665752937374,0.234917016910676,0.234169081789735,0.233422173111217,0.232676499923454,0.231932255930323,0.231189620552331,0.23044875991106,0.229709827742697,0.228972966245938,0,0.0261653212371674,0.0263866838360279,0.026580917270113,0.0267724577370529,0.0269700522173637,0.027176866800525,0.0273938692167972,0.0276211529831051,0.0278584765135139,0.0281054873908444,0.0283618159011864,0.028627112875202,0.0289010635669617,0.0291833913439589,0.0294738572348694,0.0297722579739033,0.0300784236632153,0.0303922155027962,0.0307135237458392,0.031042265916318,0.0313783852787665,0.0317218495349174,0.0320726497189698,0.0324307992648012,0.0327963332212281,0.0331693075943389,0.0335497987986582,0.0339379032014108,0.0343337367464702,0.0347374346467295,0.0351491511356315,0.0355690592704315,0.035997350781453,0.0364342359631035,0.0368799436037694,0.0373347209528998,0.0377988337246319,0.0382725661382351,0.0387562209964607,0.0392501198036199,0.0397546029258801,0.0402700297969064,0.0407967791725904,0.0413352494392274,0.0418858589801426,0.0424490466064408,0.0430252720582761,0.0436150165838236,0.0442187836039841,0.0448370994717838,0.0454705143364377,0.0461196031231357,0.0467849666407731,0.0474672328310852,0.0481670581739332,0.0488851292648136,0.0496221645819889,0.0503789164619389,0.0511561733030359,0.0519547620184149,0.0527755507598457,0.053619451934929,0.0544874255400096,0.0553804828307024,0.0562996903506778,0.057246174337184,0.0582211255184582,0.0592258043134626,0.0602615464379838,0.0613297689127539,0.0624319764585391,0.0635697682497373,0.0647448449815316,0.0659590161856692,0.0672142077060564,0.0685124692172047,0.0698559816357666,0.0712470642376802,0.0726881812506272,0.074181947643552,0.0757311337820973,0.0773386685614313,0.0790076405669101,0.0807412967496258,0.0825430380399869,0.0844164112605908,0.0863650966430851,0.0883928902066782,0.0905036802235946,0.0927014169852189,0.0949900750990472,0.0973736075987627,0.0998558912462796,0.102440662554073,0.105131444266686,0.107931462318828,0.110843553638507,0.113870065588024,0.117012748329457,0.120272641954131,0.123649960809399,0.127143978064612,0.13075291414595,0.134473833193579,0.138302552104323,0.142233566965592,0.146260001709254,0.150373583571834,0.154564649407031,0.1588221860442,0.163133906733378,0.167486364302632,0.171865100045607,0.176254825650635,0.180639633792622,0.185003231459532,0.189329188799444,0.193601195358448,0.197803315113529,0.201920231729729,0.205937475986754,0.209841628283794,0.213620490462024,0.217263222773802,0.220760443551984,0.224104290865806,0.227288447075594,0.230308128621505,0.233160044532883,0.235842327985732,0.238354445756165,0.24069709063271,0.242872061794763,0.244882137886183,0.246730947066325,0.248422837761049,0.249962753214854,0.251356112307073,0.252608698475897,0.253726558020922,0.254715908545672,0.255583057866316,0.256334333354985,0.256976021404114,0.257514316486859,0.25795527914024,0.258304802103569,0.258568583795573,0.258752108300637,0.258860631049433,0.258899169414542,0.258872497491254,0.258785144392339,0.258641395448984,0.258445295775082,0.258200655716134,0.257911057765462,0.257579864588011,0.257210227845049,0.256805097561095,0.256367231817417,0.255899206594443,0.255403425618651,0.254882130098342,0.254337408257387,0.253771204597078,0.253185328833946,0.252581464476216,0.251961177013844,0.25132592170711,0.250677050966926,0.2500158213265,0.249343400009179,0.248660871101239,0.247969241341447,0.247269445541387,0.246562351652136,0.24584876549385,0.245129435165407,0.244405055151487,0.243676270144418,0.242943678597826,0.242207836028749,0.241469258084278,0.240728423388194,0.239985776182342,0.239241728776784,0.238496663822003,0.237750936415691,0.237004876055893,0.236258788451578,0.235512957200966,0.234767645347277,0.234023096820914,0.23327953777647,0.232537177832354,0.231796211220278,0.231056817851334,0.23031916430489,0.229583404746063,0,0.0245524903101578,0.0247616383111177,0.0249442612841133,0.0251242579895789,0.025310263442114,0.0255052501989184,0.0257100032848997,0.0259244858797689,0.0261483834281125,0.0263813179665302,0.0266229282857252,0.0268728957133178,0.0271309486261171,0.0273968594444978,0.0276704396717877,0.0279515350651,0.0282400215797978,0.028535802165261,0.0288388042988956,0.0291489781054389,0.0294662949229176,0.0297907462050821,0.0301223426776728,0.0304611136880183,0.0308071067038759,0.0311603869291476,0.0315210370123762,0.0318891568298034,0.0322648633290613,0.0326482904227886,0.0330395889239885,0.0334389265169827,0.0338464877595108,0.0342624741129551,0.034687103998893,0.0351206128812315,0.0355632533740874,0.0360152953763666,0.0364770262346942,0.0369487509369705,0.0374307923393988,0.0379234914303726,0.0384272076351351,0.0389423191656575,0.0394692234207304,0.0400083374418529,0.0405600984311346,0.0411249643381194,0.0417034145232019,0.0422959505061408,0.0429030968090953,0.0435254019046097,0.0441634392800567,0.0448178086312148,0.0454891371988877,0.0461780812637635,0.0468853278160323,0.0476115964176076,0.0483576412760851,0.0491242535507735,0.0499122639121825,0.0507225453771704,0.0515560164424393,0.0524136445391102,0.0532964498305598,0.0542055093744074,0.0551419616672971,0.0561070115877199,0.0571019357473032,0.0581280882544842,0.0591869068859613,0.0602799196504398,0.0614087517155872,0.0625751326523845,0.0637809039308025,0.0650280265765307,0.0663185888699411,0.0676548139352204,0.0690390670293571,0.0704738622972347,0.0719618687104167,0.0735059148534979,0.0751089921635901,0.076774256166437,0.0785050251881189,0.0803047759561519,0.0821771354405934,0.0841258682278453,0.0861548586714907,0.0882680870309053,0.0904695987958214,0.0927634664107171,0.0951537426649339,0.0976444051114775,0.100239291028372,0.102942022649598,0.105755922675157,0.108683920426355,0.111728449444171,0.114891337831498,0.118173693203839,0.121575784719473,0.125096925282235,0.128735357612076,0.132488148416046,0.136351095314259,0.140318651427219,0.144383872558838,0.148538391666578,0.152772424762312,0.157074811520437,0.161433092694151,0.1658336249967,0.170261732461371,0.174701891549059,0.179137945542838,0.183553342182849,0.187931387177791,0.192255505290979,0.196509500220703,0.200677804519559,0.204745711324917,0.208699580658656,0.212527014416077,0.216216995790378,0.219759990643075,0.223148010102868,0.226374635337015,0.229435006892319,0.232325782177303,0.235045065513373,0.237592315710761,0.239968236340745,0.242174653814859,0.244214388093808,0.246091120389434,0.247809261648872,0.249373824973862,0.250790304475522,0.252064562432638,0.253202726036881,0.254211094489564,0.255096056771643,0.25586402004509,0.256521348357741,0.257074311109733,0.257529040589961,0.257891497796477,0.258167445706023,0.258362429145845,0.258481760437024,0.258530510015467,0.258513501287827,0.258435309039887,0.258300260779894,0.258112440465787,0.257875694130702,0.25759363698379,0.257269661622012,0.256906947042575,0.256508468194476,0.256077005851335,0.255615156626233,0.255125342983027,0.254609823127784,0.254070700688993,0.253509934116532,0.252929345747241,0.252330630499953,0.251715364175186,0.251085011344857,0.250440932825547,0.24978439273545,0.24911656514025,0.248438540297211,0.247751330509735,0.247055875606875,0.246353048063804,0.245643657780246,0.244928456534415,0.244208142130212,0.243483362255377,0.24275471806797,0.242022767528129,0.241288028491481,0.240550981579916,0.239812072844726,0.239071716236349,0.238330295894223,0.237588168269441,0.236845664092176,0.236103090195073,0.235360731203094,0.234618851099615,0.233877694677883,0.233137488886351,0.232398444075752,0.231660755155277,0.230924602664633,0.230190153768282,0,0.0229464072000144,0.0231333641003126,0.0233018141868734,0.0234703135005505,0.0236456972771428,0.0238300896268822,0.0240238393313824,0.0242266864606132,0.0244382154485247,0.0246580202706594,0.0248857550492936,0.02512114115745,0.0253639597768635,0.02561404130209,0.0258712556644957,0.0261355046789777,0.0264067163963976,0.026684841097407,0.0269698485200688,0.0272617259739834,0.0275604770757045,0.0278661209141993,0.0281786915129149,0.0284982374970589,0.0288248219040232,0.0291585220948204,0.029499429737778,0.0298476508446942,0.0302033058457004,0.0305665296932372,0.0309374719884924,0.0313162971258148,0.0317031844522607,0.0320983284407344,0.0325019388762332,0.0329142410555873,0.0333354760018212,0.0337659006949036,0.0342057883212024,0.0346554285444661,0.0351151278016056,0.0355852096269881,0.0360660150093837,0.0365579027861435,0.0370612500796477,0.0375764527815612,0.0381039260909769,0.0386441051131299,0.0391974455260371,0.0397644243231601,0.0403455406410194,0.0409413166815983,0.0415522987403761,0.0421790583519157,0.0428221935660966,0.0434823303693233,0.0441601242663264,0.0448562620395038,0.04557146370407,0.0463064846785724,0.0470621181915289,0.0478391979459811,0.0486386010645611,0.0494612513381405,0.0503081228011408,0.0511802436560075,0.0520787005680096,0.0530046433492304,0.0539592900471503,0.0549439324483246,0.0559599420010503,0.0570087761522773,0.0580919850830019,0.0592112188126069,0.0603682346256836,0.0615649047543689,0.062803224224738,0.0640853187468985,0.0654134524947708,0.066790035582797,0.0682176310028064,0.0696989607349164,0.0712369106918405,0.0728345340967523,0.0744950528317354,0.0762218562281325,0.0780184967036567,0.0798886815865095,0.0818362604073504,0.0838652068900727,0.0859795948372645,0.0881835670923204,0.090481296774776,0.0928769400368082,0.0953745796858516,0.0979781591700062,0.100691406637973,0.103517749071025,0.106460216845984,0.10952133952662,0.112703034192561,0.116006488189327,0.119432038802113,0.122979052992297,0.126645810952812,0.130429397791256,0.134325608085823,0.138328868322861,0.142432182260926,0.146627104025981,0.150903743190655,0.155250805211658,0.159655669404073,0.164104505159356,0.168582425436391,0.173073674770674,0.177561847275794,0.182030128484902,0.186461553526883,0.190839273165319,0.195146818732193,0.199368357007161,0.203488926627301,0.207494648616593,0.211372905014686,0.215112481246865,0.21870366968126,0.222138333632436,0.225409932770755,0.228513512383804,0.231445660137801,0.234204434862479,0.236789272422414,0.239200873957358,0.241441081710778,0.24351274737,0.245419597370403,0.247166099028065,0.248757330714132,0.250198858616762,0.25149662199025,0.25265682819386,0.25368585829342,0.254590183547128,0.255376292726653,0.256050629933598,0.256619542354051,0.257089237242212,0.257465747328682,0.257754903800247,0.257962315986512,0.258093356905944,0.258153153862101,0.258146583333519,0.258078269462547,0.257952585514965,0.257773657750184,0.257545371208659,0.25727137698709,0.256955100631775,0.256599751335453,0.256208331672702,0.25578364765339,0.255328318912874,0.254844788891917,0.254335334888912,0.253802077892402,0.253246992123441,0.252671914235521,0.25207855213491,0.251468493396772,0.250843213262692,0.250204082213484,0.249552373117779,0.248889267962103,0.248215864172141,0.247533180537906,0.246842162757757,0.246143688617689,0.245438572823339,0.244727571502656,0.244011386397385,0.243290668761408,0.242566022983666,0.24183800995295,0.241107150181206,0.240373926701353,0.239638787754881,0.238902149283688,0.238164397239886,0.237425889726465,0.236686958980961,0.235947913213492,0.235209038309806,0.234470599409267,0.233732842367019,0.232995995108958,0.232260268887475,0.231525859445437,0.230792948095246,0,0.0213437481227835,0.0215012164104789,0.0216537176747848,0.0218110948297622,0.0219769477597398,0.0221519962129898,0.0223359489429245,0.0225282587545683,0.0227283985071934,0.0229359423303576,0.0231505728819223,0.0233720646547297,0.0236002629921145,0.0238350656820467,0.0240764088122584,0.0243242566432419,0.0245785946909415,0.0248394251762497,0.0251067641391394,0.0253806396872986,0.025661091000542,0.0259481678298585,0.0262419303153969,0.0265424490072509,0.0268498050132753,0.0271640902249644,0.027485407589984,0.0278138714113492,0.0281496076606315,0.0284927542974,0.0288434615902905,0.029201892437259,0.0295682226840935,0.029942641441364,0.0303253514008301,0.0307165691529879,0.0311165255079815,0.0315254658225552,0.0319436503361252,0.0323713545193996,0.0328088694393094,0.0332565021443349,0.0337145760746361,0.0341834315017365,0.0346634260028787,0.0351549349755758,0.03565835219834,0.0361740904440825,0.036702582153262,0.0372442801745136,0.0377996585812294,0.0383692135733853,0.0389534644748216,0.0395529548371894,0.0401682536628651,0.040799956760308,0.0414486882465809,0.0421151022130515,0.0427998845716223,0.0435037551001685,0.0442274697071519,0.0449718229365754,0.0457376507354815,0.0465258335069911,0.0473372994723379,0.0481730283653485,0.0490340554822173,0.0499214761080488,0.0508364503393116,0.051780208317828,0.0527540558869634,0.0537593806739993,0.0547976585939351,0.0558704607588397,0.0569794607629548,0.0581264422966573,0.0593133070216785,0.0605420826152303,0.0618149308614908,0.0631341556348663,0.0645022105802553,0.0659217062509825,0.0673954164150801,0.0689262831853118,0.0705174205682187,0.0721721159632936,0.0738938290764755,0.0756861876443443,0.0775529792992738,0.0794981388447648,0.0815257301585635,0.083639921904345,0.0858449562171282,0.0881451095406801,0.0905446448453543,0.0930477545511739,0.0956584936327991,0.0983807025992479,0.10121792032949,0.104173287110604,0.107249438669667,0.11044839251038,0.113771428450343,0.117218965886575,0.120790440967831,0.124484187485568,0.128297325864967,0.132225665090122,0.136263622675894,0.140404167846404,0.144638792846298,0.148957516758921,0.153348925318605,0.157800248992036,0.162297480106121,0.166825528088628,0.171368410063612,0.175909472229071,0.180431635773634,0.184917659695088,0.189350411882741,0.193713139304983,0.197989728150058,0.202164945303021,0.206224653560107,0.210155994397541,0.213947533808806,0.217589368568914,0.221073192140243,0.22439232117651,0.227541685106148,0.230517782509493,0.233318608903565,0.235943561103261,0.238393323554864,0.240669741974685,0.242775689324142,0.244714928671375,0.246491976888176,0.248111972465032,0.249580550044299,0.250903723610616,0.252087779667057,0.253139181184293,0.254064482648564,0.254870256156042,0.255563028204179,0.256149226609013,0.256635136822957,0.257026866830652,0.25733031975122,0.257551173264044,0.257694864993195,0.257766583025078,0.257771260787977,0.257713575585532,0.257597950144351,0.257428556605425,0.257209322457318,0.256943937974425,0.256635864784562,0.256288345246262,0.255904412366801,0.255486900037254,0.2550384534008,0.254561539205357,0.25405845602174,0.253531344234374,0.252982195733488,0.252412863256129,0.251825069338733,0.25122041485665,0.250600387136396,0.249966367634787,0.249319639185786,0.248661392821142,0.24799273417493,0.247314689485173,0.246628211207869,0.245934183260338,0.24523342591172,0.244526700339001,0.243814712867105,0.243098118911464,0.242377526641169,0.241653500380287,0.240926563764332,0.240197202668157,0.239465867920812,0.238732977822086,0.23799892047466,0.237264055945008,0.236528718265364,0.2357932172883,0.235057840404724,0.234322854135373,0.23358850560517,0.232855023909204,0.232122621378412,0.231391494752517,0,0.019738905050477,0.0198638463153052,0.0200000842925614,0.020147279548694,0.0203048796311362,0.0204718500927416,0.0206471484968298,0.020829921760501,0.0210195444232616,0.0212155917720081,0.021417794960778,0.0216259979829058,0.0218401229927435,0.022060144710381,0.0222860725601312,0.0225179387286512,0.0227557904885843,0.0229996854752711,0.0232496889475964,0.023505872348891,0.0237683126997343,0.0240370925098219,0.0243123000039573,0.0245940295302872,0.024882382067377,0.0251774657783668,0.0254793965807983,0.0257882987136488,0.0261043052912522,0.0264275588388896,0.026758211808021,0.027096427071137,0.0274423783974921,0.0277962509118261,0.0281582415387565,0.0285285594359382,0.0289074264194071,0.0292950773847748,0.0296917607281658,0.0300977387709874,0.030513288192819,0.0309387004769088,0.0313742823729803,0.0318203563822938,0.0322772612701821,0.0327453526115959,0.0332250033755656,0.0337166045549118,0.0342205658480343,0.0347373164001793,0.0352673056122348,0.0358110040258402,0.036368904294427,0.0369415222507209,0.0375293980822531,0.0381330976275254,0.0387532138066573,0.0393903682016009,0.0400452128023138,0.0407184319366241,0.0414107444028574,0.0421229058255953,0.0428557112561324,0.04360999804024,0.0443866489766369,0.0451865957900228,0.0460108229425139,0.0468603718067032,0.0477363452221791,0.0486399124549742,0.0495723145758661,0.05053487026845,0.051528982071165,0.0525561430486558,0.0536179438766325,0.0547160803103766,0.0558523609898029,0.0570287155131177,0.0582472026861499,0.0595100188249796,0.0608195059551215,0.0621781597109317,0.0635886366938533,0.0650537609975178,0.0665765295517125,0.0681601158762212,0.0698078717703423,0.0715233263957448,0.0733101821411151,0.0751723065893226,0.0771137198450283,0.0791385764271194,0.0812511408914986,0.0834557563320962,0.0857568049190981,0.0881586596818461,0.0906656268389304,0.0932818781292159,0.0960113728141048,0.0988577693112158,0.101824326788487,0.104913797497409,0.108128311151416,0.111469253250368,0.114937139896275,0.118531492311371,0.122250714919988,0.126091981443621,0.130051133930002,0.134122599932989,0.138299333122466,0.142572782379872,0.146932893886895,0.151368149823692,0.155865646067324,0.160411209760392,0.16498955587617,0.169584480041995,0.174179083022224,0.178756020543567,0.183297770705307,0.187786910175485,0.192206389822211,0.196539800416674,0.200771619574046,0.204887432125589,0.208874117553067,0.212719999846392,0.216414957030657,0.219950489509275,0.223319748156974,0.226517524663008,0.229540207894196,0.232385710975438,0.235053374360306,0.237543850402934,0.239858974882687,0.242001630628283,0.24397560789805,0.245785465559172,0.247436396427993,0.248934099434926,0.250284660601054,0.251494444188365,0.252569994831357,0.253517950985234,0.254344969638652,0.255057661934935,0.255662539118907,0.256165968068444,0.256574135570785,0.256893020453368,0.25712837266762,0.257285698442684,0.257370250666503,0.25738702370716,0.257340751952214,0.257235911413492,0.257076723815902,0.256867162658613,0.256610960803684,0.256311619209552,0.255972416484015,0.255596418983074,0.255186491228186,0.254745306455149,0.254275357143416,0.253778965405284,0.253258293140731,0.252715351885927,0.252152012302233,0.251570013268088,0.250970970549092,0.250356385032122,0.249727650517796,0.249086061072401,0.248432817945685,0.247769036065017,0.247095750119475,0.246413920249642,0.245724437360424,0.245028128075154,0.24432575934978,0.243618042766065,0.2429056385226,0.242189159142105,0.241469172912932,0.240746207082093,0.240020750816394,0.239293257947476,0.23856414951576,0.237833816127475,0.237102620138101,0.236370897674784,0.235638960509432,0.234907097793494,0.234175577664632,0.233444648734838,0.232714541468846,0.231985469461071,0,0.0181254917351721,0.0182196243766872,0.0183411631931285,0.0184798142391245,0.0186306436332241,0.018790793840349,0.0189584827033166,0.0191325893228179,0.019312430468547,0.0194976168789063,0.0196879544090277,0.0198833754954805,0.0200838923548693,0.0202895657403618,0.0205004846233895,0.0207167533809263,0.0209384840319919,0.0211657918034324,0.0213987928466956,0.0216376033134912,0.0218823392668391,0.0221331170871761,0.0223900541559939,0.0226532696805834,0.0229228855762613,0.023199027356347,0.0234818250015965,0.0237714137941598,0.0240679351093089,0.0243715371631041,0.0246823757170711,0.0250006147426267,0.0253264270489296,0.025659994878344,0.0260015104739675,0.0263511766238153,0.0267092071863196,0.0270758276018462,0.0274512753949603,0.0278358006722153,0.0282296666202895,0.0286331500093744,0.029046541706822,0.0294701472061988,0.0299042871770774,0.0303492980411242,0.0308055325803279,0.0312733605835596,0.031753169538065,0.0322453653729837,0.0327503732625508,0.0332686384972943,0.0338006274322824,0.0343468285223106,0.0349077534548491,0.0354839383925938,0.0360759453385801,0.0366843636380139,0.0373098116322432,0.0379529384816166,0.0386144261753284,0.0392949917476981,0.0399953897216423,0.0407164148013044,0.041458904836853,0.0422237440852612,0.0430118667913308,0.0438242611132127,0.0446619734160548,0.04552611295601,0.0464178569744648,0.047338456218783,0.0482892409008349,0.0492716270978103,0.0502871235909754,0.0513373391267588,0.0524239900704629,0.0535489084055669,0.0547140500105867,0.0559215031203392,0.0571734968487848,0.0584724096159878,0.0598207772817964,0.061221300743345,0.0626768527023322,0.0641904832513317,0.065765423866544,0.0674050893281687,0.0691130770202129,0.0708931629908902,0.0727492940853782,0.0746855753979848,0.0767062522351185,0.0788156857393078,0.0810183213044405,0.0833186489210973,0.0857211546370213,0.0882302624108605,0.0908502657871329,0.0935852490363953,0.0964389976951585,0.099414898811214,0.102515831654045,0.105744050184029,0.109101059178452,0.112587486568933,0.116202955226035,0.119945958095058,0.123813741194901,0.127802199484207,0.131905790915735,0.136117474080737,0.140428674636172,0.144829285167727,0.149307702250687,0.153850903235412,0.158444563743236,0.163073215084097,0.167720438902192,0.172369094447895,0.177001572103912,0.181600065301716,0.186146851875556,0.190624575310646,0.195016516302891,0.199306845564818,0.203480849842639,0.207525124565018,0.211427728304722,0.215178296159897,0.218768111108618,0.222190134225522,0.225438996262165,0.228510954403088,0.231403818971259,0.23411685545647,0.236650667494508,0.239007066372275,0.241188932328359,0.243200072421679,0.245045079115317,0.246729193027239,0.248258172584996,0.249638172628623,0.250875633365187,0.251977180510018,0.252949536964793,0.253799445985101,0.254533605477889,0.255158612836214,0.255680919556273,0.256106794779756,0.256442296852716,0.256693251980275,0.256865239075267,0.256963579940192,0.25699333397852,0.256959296697688,0.256866001337439,0.25671772302984,0.256518484968711,0.256272066134394,0.255982010183535,0.255651635172038,0.255284043832186,0.254882134172133,0.254448610207491,0.253985992671057,0.253496629578008,0.252982706550748,0.252446256830298,0.251889170920241,0.251313205825157,0.250719993858602,0.250111051006395,0.249487784839635,0.248851501978747,0.248203415115243,0.247544649602046,0.246876249626308,0.24619918398092,0.245514351452425,0.244822585844056,0.244124660653061,0.243421293421705,0.242713149781106,0.242000847206759,0.241284958504049,0.240566015041371,0.23984450974779,0.239120899891319,0.238395609653095,0.237669032511891,0.236941533452533,0.236213451010979,0.235485099168018,0.234756769102713,0.234028730816035,0.233301234634338,0.232574512601709,0,0.0164976374747991,0.0165671971284174,0.0166775528641792,0.0168099860965658,0.0169556875618663,0.0171102174339019,0.0172711991878758,0.0174373418480487,0.0176079718960512,0.017782781693192,0.0179616827319008,0.0181447161165768,0.0183319970002648,0.0185236801244993,0.0187199387540648,0.0189209521660979,0.019126898586264,0.0193379515609323,0.0195542784631677,0.0197760402930786,0.0200033922357077,0.020236484637171,0.0204754641879796,0.0207204751851119,0.0209716607971192,0.0212291642897704,0.0214931301903515,0.0217637053812687,0.0220410401210328,0.0223252889949497,0.0226166118001439,0.0229151743706898,0.023221149349098,0.0235347169105148,0.0238560654459077,0.0241853922103456,0.024522903942292,0.0248688174596428,0.025223360238084,0.025586770977216,0.0259593001598018,0.026341210609448,0.0267327780520243,0.0271342916861646,0.0275460547682886,0.0279683852177257,0.0284016162477258,0.0288460970284145,0.0293021933880785,0.0297702885595842,0.0302507839792177,0.0307441001458079,0.0312506775486582,0.031770977673565,0.0323054840970498,0.0328547036798785,0.0334191678719803,0.0339994341420081,0.0345960875459977,0.0352097424508674,0.0358410444298381,0.0364906723482236,0.0371593406594048,0.0378478019321241,0.0385568496314562,0.0392873211768734,0.0400401013016283,0.0408161257381439,0.0416163852540945,0.0424419300632477,0.0432938746337435,0.0441734029141205,0.0450817739938316,0.0460203282099651,0.0469904937051122,0.0479937934324625,0.0490318525929193,0.050106406474894,0.0512193086500582,0.0523725394572495,0.0535682146814957,0.054808594305288,0.0560960911743879,0.0574332793802191,0.0588229021150172,0.0602678787042642,0.0617713104635967,0.063336484964731,0.0649668782277162,0.0666661542862455,0.068438161500621,0.0702869249218421,0.0722166339435417,0.0742316244205415,0.0763363543890754,0.0785353725008936,0.0808332782892704,0.0832346734282257,0.0857441032366938,0.0883659878269495,0.0911045425111668,0.0939636873702165,0.0969469462611694,0.100057335997261,0.103297246973893,0.106668317127278,0.110171301780891,0.113805942631411,0.11757083981266,0.121463331605289,0.125479386875535,0.129613515666749,0.133858703470738,0.138206374515901,0.142646388882464,0.147167077369176,0.15175531679534,0.156396646864404,0.161075427912041,0.165775036916659,0.170478097192921,0.175166735363283,0.179822857653446,0.184428436414595,0.188965797137963,0.193417896153158,0.197768579699132,0.20200281608354,0.206106894115007,0.210068582781405,0.213877249112576,0.2175239331606,0.2210013809171,0.224304037650561,0.227428005503272,0.23037097018827,0.233132102256789,0.235711938681326,0.238112250457734,0.240335901626284,0.242386704609798,0.244269276130894,0.245988897260727,0.247551380420468,0.248962945446777,0.250230106174951,0.251359568409533,0.252358139653564,0.253232650558533,0.253989887735432,0.254636537327019,0.255179138573625,0.255624046499273,0.255977402790815,0.256245113929932,0.256432835656517,0.25654596288381,0.256589624243399,0.256568680505892,0.256487726195931,0.256351093794529,0.256162859994767,0.255926853546651,0.255646664292131,0.255325653051135,0.254966962073556,0.254573525820356,0.254148081879497,0.25369318185949,0.253211202135377,0.252704354349394,0.252174695591764,0.251624138206637,0.251054459184401,0.250467309115028,0.249864220688035,0.249246616733462,0.248615817805275,0.24797304931414,0.247319448220664,0.246656069303421,0.245983891018337,0.245303820967551,0.244616700996872,0.243923311941461,0.24322437803948,0.242520571033306,0.241812513977551,0.241100784772522,0.240385919441145,0.23966841516656,0.238948733106827,0.238227301002278,0.237504515590235,0.236780744840925,0.236056330027568,0.235331587642813,0.234606811172855,0.233882272739847,0.233158224622438,0,0.0148510852350423,0.0149060740302799,0.0150104196752275,0.0151394866807233,0.0152817555292678,0.0154317316450386,0.0155867131053563,0.0157453898777695,0.0159071879388569,0.0160719358864347,0.0162396840231319,0.0164106018680012,0.016584918799848,0.016762889549059,0.0169447744257699,0.0171308284235525,0.0173212956937678,0.0175164072530433,0.0177163806060135,0.0179214204678068,0.0181317200830193,0.0183474628335592,0.018568823950664,0.0187959722234505,0.0190290716443459,0.0192682829612634,0.0195137651242134,0.0197656766245041,0.0200241767305743,0.0202894266275849,0.0205615904693078,0.0208408363512914,0.0211273372141981,0.021421271685854,0.02172282487009,0.0220321890899712,0.0223495645925493,0.0226751602218681,0.0230091940665973,0.0233518940883791,0.0237034987367463,0.0240642575562952,0.0244344317916907,0.0248142949960216,0.0252041336480355,0.0256042477838442,0.0260149516488216,0.0264365743756102,0.0268694606944171,0.0273139716821173,0.0277704855571007,0.0282393985272946,0.028721125699383,0.0292161020579174,0.0297247835237847,0.0302476481023659,0.0307851971326798,0.031337956649867,0.0319064788745162,0.0324913438435706,0.0330931611988532,0.0337125721506081,0.0343502516348431,0.0350069106846394,0.0356832990369339,0.0363802079975185,0.0370984735880753,0.0378389799998928,0.0386026633793861,0.039390515970562,0.0402035906389641,0.0410430058002666,0.0419099507743312,0.0428056915819954,0.0437315771968535,0.0446890462575309,0.0456796342371128,0.0467049810551037,0.0477668391031656,0.0488670816384878,0.0500077114775287,0.0511908698975725,0.0524188456236152,0.053694083743087,0.0550191943504632,0.0563969606776209,0.0578303464137165,0.0593225018604499,0.0608767685051817,0.0624966815261807,0.0641859696724886,0.0659485518872803,0.0677885299706637,0.0697101765090018,0.0717179172373938,0.0738163069554201,0.0760099980902924,0.0783037010039992,0.0807021351808609,0.083209970518917,0.0858317580930608,0.0885718499699329,0.0914343079434024,0.0944228014319036,0.0975404952383185,0.100789928417629,0.104172886118469,0.107690266944661,0.111341949094677,0.115126659242928,0.119041848778708,0.123083582559603,0.127246445703383,0.131523474072061,0.135906113935462,0.140384215793226,0.144946066458524,0.149578462266032,0.154266824696378,0.158995357879983,0.163747245459123,0.168504882279218,0.173250134496065,0.177964620074,0.182630000445418,0.187228273409798,0.191742057232693,0.196154856374291,0.200451300293342,0.204617348248639,0.208640454833291,0.21250969298109,0.216215833227657,0.219751379949802,0.22311056702505,0.226289316761646,0.229285166995063,0.232097171912912,0.234725782470468,0.237172712232447,0.23944079417888,0.241533833508388,0.243456460826982,0.24521398938699,0.246812279292937,0.248257610863212,0.249556568660949,0.25071593710674,0.251742608072078,0.252643500430284,0.253425491209255,0.254095357741611,0.254659730033666,0.255125052464601,0.25549755387032,0.255783225052017,0.255987802767749,0.256116759307432,0.256175296810347,0.25616834555325,0.256100565511544,0.255976350571992,0.255799834850154,0.255574900637159,0.255305187567199,0.254994102658403,0.254644830935188,0.254260346389543,0.253843423082338,0.253396646223666,0.252922423104121,0.252422993776903,0.251900441414498,0.251356702283642,0.250793575298922,0.250212731129085,0.249615720841318,0.249003984077765,0.248378856765755,0.247741578368794,0.247093298689727,0.246435084240658,0.245767924196576,0.245092735951216,0.24441037029467,0.243721616232788,0.243027205468542,0.242327816565358,0.241624078812041,0.240916575808329,0.240205848789443,0.239492399707202,0.238776694084462,0.238059163658717,0.237340208829878,0.236620200926305,0.235899484302349,0.235178378279767,0.234457178944597,0.233736160810257,0,0.0131840986188016,0.0132371370311655,0.0133416762235365,0.013470448678496,0.0136108676659444,0.0137571270611124,0.0139065612324394,0.0140580299698661,0.014211162156662,0.0143659804201778,0.0145227059693439,0.0146816538959529,0.0148431761677942,0.0150076307079225,0.015175365111994,0.0153467087044529,0.0155219693656334,0.0157014330654353,0.0158853648922796,0.0160740108618486,0.0162676000836985,0.0164663470399709,0.0166704538368847,0.0168801123541044,0.0170955062558166,0.0173168128502895,0.0175442047979108,0.0177778516749534,0.0180179214039565,0.018264581563103,0.0185180005872356,0.018778348872749,0.019045799797865,0.0193205306689479,0.0196027236026571,0.0198925663529301,0.0201902530910658,0.0204959851465505,0.0208099717157308,0.0211324305449937,0.0214635885947516,0.0218036826902427,0.0221529601649506,0.0225116795023014,0.0228801109812257,0.0232585373311642,0.0236472544021559,0.024046571855778,0.0244568138829042,0.0248783199545214,0.0253114456121946,0.0257565633052003,0.0262140632818634,0.0266843545432349,0.0271678658679446,0.0276650469178522,0.0281763694350055,0.0287023285414014,0.0292434441541195,0.0298002625295745,0.0303733579518802,0.030963334581648,0.031570828482916,0.0321965098473137,0.0328410854359694,0.0335053012610261,0.0341899455298914,0.0348958518764407,0.0356239029042432,0.0363750340673827,0.0371502379144823,0.0379505687209735,0.0387771475333041,0.0396311676464664,0.0405139005327149,0.0414267022343748,0.0423710202269274,0.0433484007497614,0.0443604965907382,0.0454090752966317,0.0464960277641406,0.047623377145073,0.0487932879740031,0.0500080753967304,0.051270214342774,0.052582348444528,0.0539472984592595,0.0553680698976964,0.0568478595045317,0.0583900601720886,0.0599982637992896,0.0616762615351153,0.0634280407706407,0.0652577781689805,0.0671698279513825,0.0691687045946337,0.0712590590453488,0.0734456475272771,0.0757332920163984,0.0781268314943304,0.0806310631734355,0.0832506730275149,0.0859901551705859,0.0888537199124585,0.0918451906911149,0.094967890542158,0.0982245193136464,0.101617023462346,0.105146460958094,0.108812864549863,0.112615107372581,0.116550775549597,0.120616053014066,0.124805624169666,0.129112600171111,0.133528474467118,0.138043112763889,0.142644781707516,0.147320219348269,0.15205474887144,0.156832435227539,0.161636282272985,0.166448465973516,0.17125059727651,0.176024006578646,0.180750040442017,0.185410360455784,0.189987233969823,0.19446380685852,0.198824349470215,0.203054468395335,0.207141278519606,0.211073531869669,0.214841701851237,0.218438023477713,0.221856491965285,0.225092823536169,0.228144383368368,0.231010086338213,0.233690276533414,0.236186591507842,0.238501816960897,0.240639737019772,0.242604984650321,0.244402895985487,0.246039371595789,0.247520746979651,0.248853673856978,0.250045013230282,0.25110174064735,0.252030863662732,0.252839351150773,0.253534073864406,0.254121755452259,0.254608933031216,0.255001926351026,0.255306814571036,0.255529419686441,0.255675295683623,0.255749722563525,0.255757704442207,0.255703971013605,0.255592981737206,0.255428932189785,0.255215762093521,0.254957164601218,0.254656596482184,0.254317288909173,0.253942258597438,0.253534319091682,0.253096092035647,0.252630018292782,0.252138368815192,0.251623255182538,0.25108663975303,0.250530345385743,0.249956064707576,0.249365368909613,0.248759716066944,0.248140458983321,0.247508852567824,0.246866060755115,0.246213162984156,0.245551160252675,0.24488098076628,0.244203485202148,0.243519471607733,0.242829679955095,0.242134796371274,0.241435457064714,0.24073225196721,0.240025728110079,0.239316392752524,0.238604716279248,0.237891134883515,0.237176053050954,0.236459845858463,0.235742861101732,0.235025421264004,0.234307825337851,0,0.0114981887404527,0.011562976596787,0.0116740767455284,0.0118054382880289,0.0119452737489383,0.012088316921903,0.0122323457327829,0.0123765938998188,0.0125209984181112,0.0126658303164981,0.0128115088971801,0.0129585071243265,0.0131073036430237,0.0132583591839611,0.0134121059051194,0.0135689436318532,0.0137292397457863,0.0138933309465982,0.0140615259066918,0.0142341082770614,0.0144113397481261,0.0145934630084739,0.0147807045239444,0.0149732771048123,0.0151713822543556,0.0153752123060149,0.0155849523634439,0.0158007820608724,0.0160228771620304,0.0162514110154526,0.0164865558829121,0.016728484156375,0.0169773694774538,0.0172333877719694,0.0174967182109778,0.0177675441085022,0.018046053765239,0.0183324412666707,0.0186269072433146,0.0189296596002477,0.0192409142225634,0.0195608956630301,0.0198898378179193,0.0202279845967521,0.0205755905915672,0.0209329217512417,0.0213002560663983,0.0216778842704979,0.0220661105628619,0.0224652533595818,0.0228756460785643,0.0232976379653265,0.0237315949666106,0.0241779006594182,0.0246369572436926,0.0251091866075932,0.025595031475118,0.0260949566467391,0.0266094503447219,0.0271390256759001,0.0276842222258687,0.0282456077998345,0.0288237803267064,0.0294193699444093,0.0300330412858305,0.0306654959862353,0.031317475434367,0.0319897637907308,0.0326831912976796,0.0333986379067991,0.0341370372496175,0.0348993809777419,0.0356867234979858,0.0365001871267572,0.0373409676857038,0.0382103405571617,0.039109667213043,0.0400404022241552,0.0410041007482171,0.0420024264836787,0.043037160062442,0.0441102078372956,0.045223610998847,0.0463795549314909,0.047580378688002,0.0488285844272311,0.0501268466186909,0.0514780207712151,0.0528851513901556,0.0543514788087453,0.0558804444745523,0.0574756942020141,0.0591410788279499,0.0608806516303981,0.0626986617945137,0.0645995431358809,0.0665878972257502,0.0686684700098279,0.0708461209790261,0.0731257839449411,0.0755124185039285,0.0780109513516065,0.0806262067452282,0.0833628256153862,0.0862251731109328,0.0892172347297687,0.0923425016478804,0.0956038464091868,0.0990033907720584,0.102542368208804,0.106220984295837,0.110038278977415,0.113991995386415,0.118078460503454,0.122292483365577,0.126627276730283,0.131074407996401,0.135623784728332,0.140263679292725,0.144980795892543,0.149760381702753,0.154586381941483,0.159441636653663,0.164308114874115,0.169167179826767,0.173999877063767,0.178787236098862,0.183510575260596,0.188151799257379,0.192693679330694,0.197120106842209,0.201416312611769,0.205569046171749,0.209566711178483,0.213399455363788,0.217059215466825,0.22053971942859,0.22383644965994,0.226946572348245,0.229868838524105,0.232603462978403,0.235151987138806,0.237517131740134,0.239702644621746,0.241713148326846,0.243553991429831,0.245231106736517,0.24675087873623,0.248120021970134,0.249345471341499,0.250434284845044,0.251393558739688,0.252230354830837,0.252951639258634,0.253564231998325,0.254074766157006,0.254489656086059,0.254815073309323,0.255056929282949,0.255220864044772,0.255312239870904,0.255336139128493,0.255297365590947,0.255200448561266,0.255049649227358,0.254848968748172,0.254602157639624,0.254312726093799,0.253983954923218,0.253618906874069,0.25322043809817,0.25279120961355,0.252333698618129,0.251850209550561,0.251342884817482,0.250813715127417,0.250264549389239,0.24969710414748,0.249112972538662,0.248513632762283,0.247900456067708,0.247274714264117,0.24663758676524,0.245990167183977,0.245333469494509,0.244668433781134,0.243995931594159,0.243316770933719,0.242631700882508,0.241941415908295,0.241246559856654,0.240547729653744,0.239845478738286,0.23914032024103,0.238432729929159,0.237723148932143,0.237011986264658,0.236299621161239,0.235586405236435,0.234872664483351,0,0.00979858391483494,0.00988798360937439,0.0100111978696496,0.0101473908910947,0.0102873769188504,0.0104272635319235,0.0105656687821302,0.0107023928369575,0.0108377742285928,0.010972376136012,0.0111068342911407,0.0112417847833014,0.0113778315368469,0.0115155334626656,0.0116554012638611,0.0117978988491534,0.0119434468074297,0.0120924266631322,0.0122451852777669,0.0124020390935792,0.0125632780851987,0.0127291693718253,0.0128999604861787,0.0130758823175506,0.0132571517555799,0.0134439740644756,0.0136365450173318,0.0138350528185373,0.0140396798399525,0.0142506041939837,0.0144680011641819,0.0146920445116531,0.014922907673461,0.0151607648673318,0.0154057921153445,0.0156581681978877,0.0159180755479669,0.0161857010949283,0.0164612370658137,0.0167448817518471,0.0170368402469662,0.0173373251648379,0.0176465573404161,0.0179647665218164,0.0182921920580745,0.0186290835882314,0.0189757017371329,0.0193323188233559,0.0196992195847593,0.0200767019273298,0.0204650777032231,0.0208646735242212,0.0212758316172157,0.0216989107288021,0.0221342870866319,0.0225823554258142,0.0230435300894032,0.0235182462128403,0.0240069610031538,0.0245101551247435,0.0250283342047063,0.0255620304718677,0.0261118045449833,0.0266782473869406,0.0272619824432133,0.0278636679842691,0.0284839996730815,0.0291237133803006,0.029783588270947,0.0304644501876426,0.0311671753562998,0.0318926944407593,0.032641996972981,0.0334161361849064,0.0342162342668656,0.035043488075201,0.0358991753083922,0.0367846611661506,0.0377014054993914,0.0386509704503786,0.0396350285712855,0.0406553713955298,0.0417139184190807,0.0428127264280296,0.0439539990835836,0.0451400966457831,0.0463735456821911,0.0476570485671111,0.048993492530209,0.0503859579605079,0.0518377256125532,0.053352282296321,0.0549333245617386,0.0565847598135387,0.0583107042141908,0.0601154766542001,0.0620035879933499,0.0639797247077263,0.0660487260210167,0.0682155535612496,0.070485252573813,0.0728629037474535,0.0753535647822856,0.0779622009586212,0.0806936041637808,0.0835523001113649,0.0865424438523105,0.0896677041347163,0.0929311377202128,0.096335055402119,0.0998808821796461,0.103569014797622,0.107398680625932,0.111367802578928,0.115472875403987,0.119708859133924,0.124069095731025,0.128545254884804,0.133127314506294,0.137803580652984,0.142560750412498,0.147384019696066,0.152257236009002,0.157163094176502,0.162083370842785,0.16699919148505,0.171891321853136,0.176740474312938,0.181527618660845,0.186234286669603,0.190842859952008,0.195336831660336,0.199701033995887,0.203921825360412,0.2079872330873,0.211887049881401,0.2156128842151,0.219158166838292,0.222518117157317,0.225689674456193,0.228671399745282,0.231463354435318,0.234066962084842,0.236484859212879,0.238720740674267,0.240779204433694,0.242665599814777,0.244385882502902,0.245946478794902,0.247354160852907,0.248615934059931,0.24973893700641,0.250730354166325,0.251597340948029,0.252346960522615,0.252986131632384,0.253521586452532,0.253959837508926,0.254307152632041,0.254569536941152,0.254752720894036,0.254862153497522,0.254902999846404,0.254880142236953,0.25479818418225,0.254661456736662,0.254474026613535,0.254239705652228,0.253962061256792,0.253644427488597,0.253289916548731,0.252901430433279,0.252481672585801,0.252033159407012,0.251558231512144,0.25105906465235,0.25053768023826,0.249995955421891,0.249435632708056,0.248858329078565,0.248265544622383,0.247658670672676,0.247038997457834,0.246407721278249,0.245765951224157,0.245114715452385,0.244454967041592,0.243787589446715,0.243113401573868,0.242433162497141,0.241747575838556,0.24105729383206,0.240362921091795,0.239665018104201,0.238964104462624,0.238260661862256,0.237555136872266,0.236847943501066,0.236139465569691,0.235430058907363,0,0.0080942421634133,0.00821816238763666,0.00835728992772309,0.00849948535616071,0.00863962743196245,0.00877589003050168,0.00890806038271325,0.00903665881612767,0.00916249350494341,0.00928644598996046,0.00940937434129463,0.00953207413404372,0.00965526676249865,0.00977960001932051,0.00990565368209314,0.0100339467231199,0.0101649446391387,0.0102990662905286,0.0104366900505586,0.0105781592451668,0.0107237869354207,0.0108738601174307,0.0110286434161173,0.0111883823428267,0.0113533061780717,0.0115236305320234,0.0116995596276364,0.0118812883446496,0.0120690040571121,0.0122628882923998,0.0124631182357682,0.0126698681011949,0.0128833103865098,0.0131036170284791,0.013330960471556,0.0135655146623595,0.0138074559805553,0.0140569641156466,0.0143142228982091,0.0145794210932883,0.0148527531630111,0.0151344200049135,0.0154246296720483,0.0157235980805972,0.0160315497104584,0.0163487183041101,0.0166753475689578,0.0170116918883517,0.0173580170465121,0.0177146009727249,0.0180817345103609,0.0184597222165417,0.0188488831986153,0.0192495519940277,0.0196620795006727,0.0200868339653935,0.0205242020389787,0.0209745899067625,0.0214384245047992,0.0219161548325311,0.0224082533739282,0.0229152176402147,0.0234375718485397,0.0239758687522614,0.0245306916399101,0.0251026565213306,0.0256924145209844,0.0263006544998599,0.0269281059288729,0.0275755420379752,0.0282437832663743,0.0289337010402063,0.0296462219046208,0.0303823320373943,0.0311430821707661,0.0319295929470062,0.0327430607311049,0.0335847639006791,0.0344560696284731,0.0353584411663954,0.036293445631554,0.0372627622838471,0.0382681912709475,0.0393116627995277,0.0403952466708464,0.0415211620938595,0.0426917876593216,0.0439096713234274,0.0451775402089343,0.0464983099850452,0.0478750935343285,0.0493112085555522,0.0508101836856559,0.0523757626527146,0.0540119058956179,0.0557227890068533,0.057512797274508,0.0593865155215368,0.0613487123686441,0.063404317987133,0.0655583943663905,0.0678160971052548,0.0701826277565837,0.0726631758203137,0.075262849603331,0.0779865953560268,0.0808391043663081,0.0838247080512567,0.0869472615405919,0.090210016795814,0.0936154869489126,0.0971653042607108,0.100860074866891,0.104699234263575,0.10868090823626,0.112801784597271,0.117057001600695,0.121440059179064,0.125942759124251,0.130555179957529,0.13526569146088,0.140061012660951,0.14492631549063,0.149845374461832,0.15480076056629,0.159774075412273,0.164746219461388,0.169697686317142,0.174608873493809,0.17946039909205,0.184233413416593,0.188909894827532,0.193472919999259,0.197906900193071,0.20219777700849,0.206333173210578,0.21030249646886,0.214096996024792,0.217709774286772,0.221135757023365,0.224371627114835,0.227415727697529,0.230267940999665,0.232929549254848,0.235403083847429,0.237692168360317,0.239801360534318,0.241735997379074,0.243502046862252,0.245105968797951,0.246554586797439,0.247854972463083,0.249014342416541,0.250039968262201,0.25093909919631,0.25171889667581,0.25238638034912,0.252948384313026,0.25341152268314,0.25378216343839,0.25406640951144,0.254270086136957,0.254398733529653,0.254457604036906,0.254451662990777,0.254385592566859,0.25426379803932,0.254090415900205,0.253869323385008,0.253604149014566,0.253298283825043,0.252954893012909,0.252576927770518,0.252167137130398,0.251728079673169,0.251262134985449,0.250771514780865,0.250258273619696,0.24972431918143,0.24917142205992,0.248601225063412,0.248015252011919,0.247414916032476,0.246801527359168,0.2461763006497,0.245540361833943,0.244894754512525,0.244240445925366,0.243578332511211,0.242909245079816,0.242233953618651,0.2415531717558,0.240867560900368,0.240177734081071,0.239484259502958,0.238787663841368,0.2380884352913,0.237387026389453,0.236683856625205,0.23597931485584,0,0.00639722756152233,0.00656067244463329,0.00671700410841428,0.00686496142950141,0.00700439076453533,0.00713598151134444,0.00726090285200448,0.00738048643580885,0.00749604121475631,0.00760877006626304,0.00771974414235991,0.00782990472255732,0.00794007594795899,0.00805098039387402,0.00816325404006243,0.00827745943543587,0.00839409684765303,0.00851361357543094,0.00863641171349757,0.00876285465849973,0.00889327260338277,0.00902796721974885,0.00916721568455832,0.00931127417257879,0.00946038090900077,0.00961475885627569,0.00977461809397979,0.00994015793904941,0.0101115688450454,0.010289034112428,0.0104727314366113,0.0106628343164341,0.0108595133423585,0.0110629373810042,0.011273274670397,0.0114906938384711,0.01171536485583,0.0119474599324958,0.0121871543673093,0.0124346273577636,0.0126900627773191,0.0129536499266533,0.0132255842648162,0.0135060681258832,0.0137953114264124,0.01409353236881,0.0144009581455834,0.0147178256494109,0.015044382193978,0.015380886250619,0.0157276082059603,0.0160848311459913,0.0164528516722866,0.0168319807564752,0.0172225446395027,0.0176248857827603,0.0180393638787644,0.0184663569297725,0.0189062624035072,0.0193594984760422,0.0198265053728833,0.0203077468203473,0.020803711620508,0.0213149153642375,0.0218419022982065,0.0223852473631186,0.022945558421921,0.0235234786982247,0.0241196894466706,0.0247349128784311,0.0253699153664108,0.0260255109559198,0.0267025652075866,0.0274019993999274,0.0281247951192154,0.0288719992639265,0.0296447294899409,0.0304441801206463,0.0312716285429032,0.032128442105243,0.0330160855283758,0.0339361288297693,0.034890255753341,0.0358802726817905,0.0369081179923271,0.0379758717960556,0.039085765976565,0.0402401944138013,0.0414417232446041,0.0426931009708566,0.0439972681796441,0.0453573665868363,0.046776747055976,0.0482589761783995,0.0498078409285792,0.0514273508316698,0.0531217369996279,0.0548954473102362,0.0567531369229547,0.0586996532508069,0.0607400144437442,0.0628793803926519,0.0651230152422814,0.0674762404151664,0.0699443772074813,0.0725326781331936,0.0752462463764753,0.0780899429754823,0.0810682817130396,0.084185312138313,0.0874444916903759,0.0908485485352936,0.0943993374500426,0.0980976918659763,0.101943275986707,0.105934441673068,0.110068095482682,0.11433958179597,0.118742588281677,0.123269079982003,0.127909267968092,0.132651617786831,0.137482901772409,0.142388297747982,0.14735153475072,0.152355084273987,0.157380393265855,0.162408152911989,0.167418595233342,0.172391807909102,0.177308056632793,0.182148103822693,0.186893512682056,0.191526926425938,0.196032313888132,0.200395174573598,0.204602698374482,0.208643877450606,0.212509570019993,0.216192517862106,0.219687321088179,0.222990375100348,0.226099775606239,0.229015198078444,0.23173775818093,0.234269859482183,0.236615034307145,0.238777782921685,0.240763415467133,0.242577900234114,0.244227721039114,0.245719745686383,0.247061106791772,0.248259095632138,0.249321069172563,0.250254370014339,0.251066258694251,0.251763857541074,0.252354105146944,0.252843720427184,0.253239175209956,0.2535466743053,0.253772142041512,0.253921214316341,0.253999235283863,0.254011257879051,0.253962047466268,0.253856087981664,0.253697590020179,0.253490500393752,0.253238512757373,0.252945078963145,0.252613420859358,0.252246542301859,0.251847241188871,0.251418121368454,0.250961604300303,0.250479940381281,0.249975219867257,0.249449383343265,0.248904231709947,0.248341435667317,0.247762544687441,0.247168995476028,0.246562119929516,0.245943152599331,0.245313237678807,0.244673435531011,0.244024728777646,0.24336802797042,0.24270417686692,0.242033957333261,0.241358093895627,0.240677257962436,0.239992071738257,0.239303111849833,0.238610912703746,0.237915969594287,0.23721874157918,0.23651965413978,0,0.00472134026147617,0.00492314999172823,0.00509502058913882,0.00524689378034254,0.00538379869868407,0.00550908157295348,0.00562535648349172,0.00573477818574156,0.00583914249269568,0.00593994970115344,0.00603845814495547,0.00613573044045123,0.00623267186412544,0.00633006109532522,0.00642857432951494,0.00652880403305667,0.00663127354782144,0.00673644855612133,0.0068447461947734,0.00695654241030838,0.00707217798998957,0.00719196358450849,0.00731618395151054,0.00744510158706479,0.00757895986826232,0.00771798579912144,0.00786239243002606,0.00801238100524744,0.00816814288175651,0.0083298612541848,0.00849771271452561,0.00867186867036666,0.00885249664169377,0.00903976145332053,0.00923382633758913,0.00943485396001753,0.00964300737894542,0.0098584509488866,0.0100813511761807,0.0103118775346114,0.0105502032478946,0.0107965060453157,0.0110509688962896,0.0113137807292167,0.0115851371397035,0.0118652410929968,0.0121543036253339,0.0124525445488446,0.0127601931646383,0.0130774889887717,0.0134046824959294,0.0137420358858402,0.0140898238777184,0.0144483345383519,0.0148178701498586,0.0151987481236146,0.0155913019674074,0.0159958823135109,0.0164128580160943,0.0168426173271948,0.0172855691613831,0.0177421444602503,0.0182127976689376,0.0186980083381137,0.0191982828660844,0.0197141563970733,0.0202461948931457,0.0207949973987336,0.0213611985182369,0.021945471128699,0.0225485293510436,0.023171131804757,0.0238140851721571,0.0244782480994186,0.0251645354622358,0.0258739230242848,0.0266074525163623,0.0273662371630647,0.0281514676819457,0.0289644187770298,0.0298064561441134,0.0306790439991614,0.0315837531329839,0.0325222694848797,0.0334964032146584,0.0345080982359551,0.0355594421535455,0.0366526765229527,0.0377902073214867,0.038974615485448,0.0402086673280714,0.0414953246064436,0.0428377539527751,0.0442393353258708,0.0457036690724978,0.047234581115975,0.0488361257115441,0.0505125851262924,0.0522684655176816,0.0541084882020238,0.0560375754265106,0.0580608296907744,0.0601835056129008,0.0624109733081596,0.0647486722557229,0.0672020546798153,0.0697765175786128,0.0724773227087861,0.0753095040876005,0.0782777629183342,0.0813863502860838,0.0846389385129908,0.088038482701341,0.091587074718252,0.0952857926648321,0.0991345496920267,0.10313194682863,0.107275135215931,0.111559693730139,0.115979528344263,0.120526799661791,0.125191884779641,0.129963378958714,0.134828141474293,0.139771388497284,0.144776833972299,0.149826877302733,0.154902834356771,0.159985206030808,0.165053976521652,0.170088931736334,0.175069987056282,0.179977513078998,0.184792648039905,0.18949758636407,0.194075834146825,0.198512424197013,0.20279408544243,0.206909363820528,0.210848694084864,0.214604424092692,0.21817079497587,0.221543882049586,0.224721502336735,0.227703095175549,0.230489582563206,0.233083215722603,0.235487413933027,0.237706601014237,0.239746044072818,0.241611698277694,0.243310060586009,0.244848034536185,0.246232807493832,0.247471741098495,0.248572275124627,0.24954184454022,0.250387809216377,0.251117395501891,0.251737648717116,0.252255395528659,0.252677215128027,0.253009418141559,0.253258032235078,0.253428793435372,0.253527142264224,0.253558223862798,0.253526891369962,0.253437711903677,0.253294974577369,0.253102700061135,0.252864651269743,0.25258434482485,0.252265062997557,0.251909865889298,0.251521603654512,0.251102928607841,0.25065630709233,0.250184031013749,0.249688228970284,0.249170876926936,0.248633808400604,0.248078724135396,0.247507201258686,0.246920701917213,0.246320581399378,0.245708095755218,0.245084408929515,0.244450599426427,0.243807666526024,0.243156536074437,0.242498065870015,0.241833050668165,0.241162226827427,0.240486276618932,0.239805832220842,0.23912147941853,0.238433761030491,0.237743180078943,0.237050202723162,0,0.00308021146893771,0.00331289750980122,0.00349561912567863,0.00364794390797456,0.00377959560924397,0.00389639203528222,0.00400229159061308,0.00410019706156057,0.00419232887915198,0.0042804329580748,0.00436591234667292,0.00444991654394158,0.00453340407540032,0.00461718706085475,0.00470196333899306,0.00478833991455427,0.00487685032903495,0.00496796775814239,0.00506211508422979,0.00515967280623138,0.00526098538311564,0.00536636642391778,0.00547610301242794,0.00559045936947087,0.00570967999772273,0.00583399241439971,0.00596360954992376,0.00609873187176278,0.00623954927932479,0.00638624280623989,0.00653898615937372,0.00669794711868563,0.00686328881803696,0.00703517092392073,0.00721375072658482,0.00739918415600072,0.00759162673347494,0.00779123446833826,0.00799816470802049,0.00821257694888588,0.00843463361443575,0.00866450080685573,0.00890234903737708,0.00914835394051803,0.00940269697696221,0.009665566129605,0.00993715659714858,0.0102176714895481,0.0105073225295957,0.0108063307649823,0.011114927295285,0.0114333540185036,0.0117618644020043,0.0121007242830243,0.0124502127042596,0.0128106227904853,0.0131822626726676,0.0135654564666032,0.013960545313784,0.0143678884929296,0.0147878646114609,0.0152208728871133,0.0156673345309027,0.0161276942437684,0.0166024218404216,0.0170920140152213,0.0175969962662756,0.0181179249954167,0.0186553898032035,0.0192100159996459,0.019782467352895,0.020373449099654,0.0209837112425049,0.0216140521606336,0.0222653225615182,0.0229384298019111,0.0236343426067944,0.0243540962147882,0.025098797977574,0.0258696334390901,0.0266678729173352,0.0274948786073326,0.0283521122178788,0.0292411431467976,0.0301636571891737,0.0311214657600534,0.0321165155969137,0.0331508988873436,0.0342268637433299,0.0353468249147718,0.036513374600823,0.0377292931778689,0.0389975596169262,0.0403213613106431,0.0417041029706639,0.0431494141899228,0.0446611551917595,0.04624342020936,0.0479005378561933,0.0496370677628237,0.0514577926705457,0.0533677050915519,0.0553719875738193,0.0574759855529182,0.0596851717402648,0.0620051009971491,0.0644413546867164,0.0669994735936076,0.0696848786654204,0.0725027790737098,0.0754580674258813,0.0785552023915386,0.0817980795418631,0.0851898918365313,0.088732981919328,0.0924286891805784,0.0962771953794785,0.100277373447288,0.104426644855605,0.108720851564407,0.113154148987254,0.117718926549952,0.122405762204775,0.127203416641458,0.132098871880313,0.137077417447478,0.142122785463297,0.147217333810174,0.152342274213739,0.157477939729876,0.162604083956392,0.167700202458103,0.172745865564135,0.177721050984349,0.182606464663222,0.187383838948322,0.19203619843899,0.196548085686821,0.200905741089756,0.205097233680478,0.209112541878208,0.212943585487505,0.216584212154194,0.220030143032672,0.223278883528775,0.22632960564773,0.2291830087227,0.231841165178079,0.234307357562637,0.236585912448319,0.238682036008494,0.240601655235628,0.242351267893392,0.24393780346976,0.245368496640318,0.24665077408689,0.247792154956986,0.248800164796916,0.249682262441639,0.250445779088823,0.251097868611701,0.25164546806252,0.252095267272715,0.252453686455223,0.252726860747531,0.252920630691377,0.253040537718505,0.253091823794718,0.253079434461669,0.253008024603191,0.252881966347783,0.252705358598961,0.252482037759451,0.252215589282679,0.251909359745696,0.251566469191325,0.251189823534357,0.250782126867397,0.250345893536934,0.249883459889976,0.249396995616639,0.248888514635035,0.248359885482066,0.247812841187925,0.24724898862354,0.246669817319354,0.246076707761039,0.245470939173302,0.244853696807155,0.244226078749068,0.243589102272587,0.242943709754384,0.242290774177499,0.241631104244805,0.240965449125701,0.240294502858604,0.23961890843128,0.238939261560237,0.238256114189581,0.237569977728745,0,0.00148538889489811,0.00173605319206502,0.0019222437391809,0.00207011607577811,0.00219299446672496,0.00229868450237811,0.0023922324272295,0.0024771300979346,0.00255591416908368,0.0026304984723254,0.00270237350186482,0.00277273258572894,0.0028425545419384,0.00291265923765338,0.00298374574824479,0.00305641911075582,0.00313120948525599,0.00320858619458379,0.00328896826253575,0.00337273252266936,0.00346022001311878,0.00355174113889967,0.00364757992904845,0.00374799761394938,0.0038532356803992,0.0039635185166123,0.00407905572879623,0.00420004419008664,0.00432666986821463,0.00445910946812861,0.00459753191848727,0.00474209972555942,0.00489297021400154,0.00505029667084377,0.00521422940653449,0.00538491674490165,0.00556250595226848,0.00574714411463014,0.00593897897070034,0.0061381597077318,0.00634483772626822,0.00655916737937829,0.00678130669142982,0.00701141806107574,0.00724966895282323,0.00749623258134239,0.00775128859252404,0.00801502374521943,0.00828763259757799,0.00856931820194346,0.00886029281236765,0.0091607786089593,0.00947100844349827,0.00979122661101611,0.0101216896523767,0.0104626671932826,0.0108144428255935,0.0111773150373727,0.0115515981986791,0.0119376236108069,0.0123357406274344,0.0127463178569991,0.0131697444565521,0.0136064315283809,0.0140568136318142,0.0145213504238436,0.0150005284435046,0.0154948630563547,0.01600490057685,0.0165312205879512,0.0170744384788463,0.0176352082232552,0.0182142254223204,0.0188122306375602,0.0194300130406919,0.0200684144082646,0.0207283334898648,0.0214107307790853,0.0221166337163327,0.0228471423517434,0.0236034354948004,0.0243867773744754,0.0251985248296244,0.0260401350436442,0.0269131738297474,0.0278193244632505,0.0287603970446051,0.0297383383610801,0.0307552421955431,0.0318133600071687,0.0329151118805899,0.0340630976064523,0.0352601077169991,0.0365091342547304,0.0378133809999321,0.0391762728237173,0.0406014637671098,0.0420928433738837,0.0436545407260119,0.045290925546854,0.0470066056504821,0.0488064199285033,0.050695425982072,0.0526788814313627,0.0547622178737953,0.0569510064233868,0.0592509137558725,0.0616676476182213,0.0642068908485758,0.0668742231059694,0.0696750297409406,0.0726143975599789,0.0756969976579205,0.0789269560183168,0.0823077132118697,0.0858418752486572,0.0895310584423272,0.0933757319930653,0.0973750628473118,0.101526768189331,0.105826981594856,0.11027013935431,0.114848893674399,0.119554059319279,0.124374599697566,0.129297657404757,0.134308632791067,0.139391312281379,0.144528046009337,0.149699971965735,0.154887281460035,0.160069518431835,0.165225903207855,0.170335669844502,0.175378405354816,0.180334378968339,0.185184850128176,0.189912345142576,0.194500894172375,0.198936222399925,0.203205891612296,0.207299390857946,0.211208177130648,0.214925669054807,0.218447198188717,0.221769923767062,0.224892717453917,0.227816024993293,0.230541711575275,0.233072897351143,0.235413788908962,0.237569511741559,0.239545947875614,0.241349581947163,0.242987358156317,0.244466549749406,0.245794641984745,0.24697922895163,0.248027924134854,0.248948284245572,0.24974774556544,0.250433571863306,0.251012812829378,0.251492271917631,0.25187848248063,0.252177691110395,0.252395847154362,0.252538597448417,0.252611285392395,0.252618953581812,0.252566349298787,0.252457932251934,0.252297884037338,0.25209011886917,0.251838295198216,0.251545827899272,0.251215900763951,0.2508514790842,0.250455322154182,0.25002999555449,0.249577883113654,0.249101198467996,0.248601996162703,0.24808218225505,0.247543524395497,0.246987661374388,0.246416112131532,0.245830284233557,0.245231481829754,0.244620913101558,0.243999697224097,0.243368870860497,0.242729394211142,0.242082156640965,0.241427981908187,0.240767633017896,0.240101816723503,0.239431187698529,0.238756352400437,0.238077872647326,0,-5.51905494357158e-05,0.000196856479659453,0.000377115552396844,0.000514544939030512,0.000624557684985871,0.000716232496232341,0.000795318241536006,0.000865666108526328,0.000929981998816151,0.000990248982780315,0.00104797632893737,0.00110435195358124,0.00116033867864885,0.00121673666367912,0.001274224917031,0.00133338957845058,0.00139474367694161,0.00145874129962483,0.00152578803394592,0.00159624888096535,0.00167045441946879,0.0017487057345658,0.00183127845344063,0.0019184261201234,0.00201038306881603,0.00210736690770287,0.00220958069354891,0.00231721485612569,0.00243044891699307,0.00254945303707517,0.00267438942029796,0.00280541359532817,0.00294267559354659,0.00308632103839076,0.00323649215885062,0.00339332873802091,0.00355696900608837,0.00372755048588515,0.0039052107981114,0.00409008843248577,0.00428232349038878,0.00448205840399983,0.00468943863647577,0.00490461336736269,0.0051277361671613,0.00535896566476971,0.0055984662114004,0.00584640854450088,0.00610297045519791,0.00636833746283188,0.00664270350024212,0.00692627161361273,0.00721925468088797,0.00752187615301477,0.00783437082257643,0.00815698562474084,0.00848998047586778,0.00883362915560292,0.00918822023883715,0.00955405808453311,0.00993146388912008,0.0103207768129391,0.0107223551890861,0.0111365778249558,0.0115638454078363,0.0120045820270437,0.0124592368263203,0.0129282858015409,0.0134122337601822,0.0139116164604896,0.0144270029498202,0.014958998123222,0.0155082455249051,0.0160754304168333,0.0166612831401667,0.0172665827966645,0.017892161278334,0.0185389076745072,0.0192077730860252,0.0198997758761962,0.0206160073874988,0.021357638151469,0.0221259246166064,0.0229222164152375,0.0237479641847922,0.0246047279515662,0.0254941860754019,0.0264181447414104,0.027378547969447,0.0283774880930374,0.0294172166363334,0.0305001554898869,0.0316289082530311,0.0328062715718873,0.0340352462569684,0.035319047912603,0.0366611167516378,0.0380651262030121,0.039534989846998,0.0410748661337408,0.0426891602562874,0.0443825224612932,0.0461598419915904,0.0480262357683154,0.0499870308410427,0.0520477395683594,0.0542140264460419,0.0564916654844401,0.0588864870613286,0.0614043132530869,0.0640508807882949,0.0668317509865508,0.0697522063537225,0.0728171339130785,0.0760308958662956,0.079397188800064,0.0829188933759789,0.0865979172467347,0.0904350348015629,0.0944297282164796,0.0985800351149231,0.102882408864373,0.107331598068185,0.111920552079147,0.116640359285866,0.121480224441601,0.126427490376783,0.131467708053017,0.136584757109357,0.141761016897111,0.146977585616442,0.152214542712376,0.157451247339386,0.162666663649088,0.16783970206785,0.172949564749972,0.177976083106556,0.182900035747345,0.187703436294583,0.192369782235383,0.196884258125107,0.201233888861003,0.205407641224877,0.209396474267688,0.213193341226003,0.216793147407085,0.220192669787093,0.223390444910749,0.226386632075897,0.22918285877873,0.231782055052982,0.234188282738098,0.236406564939046,0.238442720070623,0.240303203978971,0.241994962756491,0.243525298053928,0.244901745971952,0.24613196999918,0.247223667959496,0.248184492536239,0.249021984646672,0.249743518735757,0.250356258930838,0.250867124934776,0.251282766521481,0.251609545522666,0.251853524247524,0.252020459348922,0.252115800233324,0.252144691201131,0.252111976594934,0.252022208322093,0.251879655202582,0.251688313671834,0.251451919440281,0.251173959776142,0.250857686135663,0.250506126915591,0.250122100146703,0.249708225985031,0.249266938889696,0.248800499403514,0.248311005475319,0.247800403281845,0.247270497522513,0.246722961173027,0.24615934469378,0.245581084697044,0.244989512083058,0.244385859659888,0.24377126926534,0.243146798411699,0.242513426475671,0.241872060456878,0.241223540328686,0.240568644005141,0.239908091947494,0.239242551433215,0.238572640509665,0,-0.0015381344543721,-0.0013028900478518,-0.00113905769230931,-0.00101865962526858,-0.00092588327146036,-0.000851228041280787,-0.000788714063308639,-0.000734409743002411,-0.000685613256653967,-0.000640384487697428,-0.000597270685489752,-0.000555141604243357,-0.000513087884475396,-0.000470356793949316,-0.000426310528930536,-0.000380398427868404,-0.000332137936733961,-0.000281101185829096,-0.000226905233633999,-0.000169204754594143,-0.000107686390273157,-4.20642586919165e-05,2.79237098482678e-05,0.000102518831727747,0.000181944274043753,0.000266407307939366,0.000356101285222855,0.000451207392189209,0.000551896220991182,0.000658329189568927,0.000770659834563136,0.000889034996874127,0.00101359591598774,0.00114447924648261,0.00128181800801683,0.00142574247840358,0.00157638103801615,0.00173386097264595,0.00189830924101949,0.00206985321242674,0.00224862137929926,0.00243474404907842,0.00262835401931913,0.00282958723966595,0.00303858346410866,0.00325548689676151,0.00348044683431034,0.00371361830822611,0.00395516272984927,0.00420524854150257,0.00446405187689145,0.00473175723419337,0.00500855816543033,0.00529465798595124,0.0055902705081371,0.00589562080377246,0.0062109459999149,0.00653649611353587,0.00687253493071049,0.00721934093670298,0.00757720830393363,0.00794644794552782,0.00832738864294142,0.00872037825703563,0.00912578503294122,0.00954399901011029,0.00997543355010428,0.0104205269959115,0.0108797444779212,0.0113535798831024,0.0118425580054295,0.0123472368971562,0.01286821044214,0.0134061111740378,0.0139616133637918,0.0145354364023641,0.0151283485060969,0.0157411707733084,0.0163747816216929,0.0170301216366773,0.0177081988609693,0.0184100945549647,0.0191369694562939,0.0198900705643668,0.020670738472091,0.0214804152617071,0.0223206529746042,0.0231931226556748,0.0240996239608621,0.0250420953015827,0.0260226244812026,0.0270434597561712,0.0281070212272349,0.0292159124337854,0.0303729319862836,0.0315810850273111,0.0328435942606676,0.034163910229712,0.0355457204606806,0.0369929570141055,0.0385098019081878,0.0401006897930024,0.0417703071653347,0.0435235873231579,0.0453657001696178,0.0473020358934069,0.0493381814814198,0.0514798889678847,0.0537330343005962,0.056103565719823,0.0585974406106718,0.0612205499179443,0.0639786294170189,0.0668771574277475,0.069921238951736,0.0731154767143041,0.0764638302032002,0.0799694645116246,0.0836345915984022,0.0874603074465976,0.0914464294935817,0.0955913395668704,0.0998918383245039,0.104343017789818,0.108938158906648,0.113668661042853,0.118524009969136,0.123491789989345,0.128557744581645,0.133705888150874,0.13891866935914,0.144177184107579,0.149461433739565,0.154750621604607,0.160023478953541,0.165258609410505,0.170434840136466,0.17553156736481,0.180529084292276,0.185408880322073,0.190153902290628,0.194748770423077,0.19917994417812,0.203435835668924,0.207506870797982,0.211385500459487,0.215066166019317,0.218545224701248,0.221820841455325,0.224892854368649,0.227762620742216,0.230432850665806,0.232907434355453,0.23519126875827,0.237290088056849,0.23921030179049,0.240958843410867,0.242543031248883,0.243970443117445,0.245248805128861,0.246385894772616,0.247389457877992,0.248267138769358,0.249026422698978,0.249674589499779,0.250218677325157,0.250665455321007,0.251021404094509,0.251292702893726,0.251485222482425,0.251604522777957,0.251655854410343,0.251644163453072,0.25157409866699,0.251450020685534,0.251276012650625,0.25105589188297,0.250793222237608,0.250491326855359,0.250153301073408,0.249782025304075,0.249380177730267,0.248950246699786,0.248494542729139,0.248015210051384,0.247514237662316,0.246993469835589,0.246454616090585,0.245899260607488,0.245328871092391,0.244744807101866,0.244148327841368,0.24354059945559,0.242922701831502,0.24229563493659,0.241660324715876,0.241017628571819,0.240368340451266,0.239713195563345,0.239052874751646,0,-0.00296486834453237,-0.00276409463746775,-0.00262723915306751,-0.0025304904317196,-0.00245925853371554,-0.00240450393289484,-0.00236052248239681,-0.0023236028696117,-0.00229123142574334,-0.00226162740021502,-0.00223347072545179,-0.00220574043727327,-0.00217761688001502,-0.00214842111688308,-0.00211757640478043,-0.00208458300197814,-0.00204900119172895,-0.00201043947087942,-0.00196854605279679,-0.00192300254329127,-0.00187351907442563,-0.0018198304410856,-0.0017616929459234,-0.00169888175887852,-0.00163118866114166,-0.00155842008418082,-0.00148039538084978,-0.00139694528296081,-0.0013079105113147,-0.00121314051212263,-0.00111249229931828,-0.00100582938627547,-0.000893020793427266,-0.00077394012056313,-0.000648464674365721,-0.000516474643175542,-0.000377852312128895,-0.000232481312757663,-8.02459019137863e-05,7.89697344873927e-05,0.000245282156898717,0.000418809330331215,0.000599671268566061,0.000787990667406086,0.0009838935298093,0.0011875097856292,0.00139897390862246,0.00161842553336991,0.00184601007478355,0.00208187935294353,0.00232619222611691,0.00257911523495803,0.00284082326107708,0.0031115002033881,0.00339133967591589,0.00368054573105127,0.00397933361260023,0.00428793054338136,0.00460657655258553,0.0049355253486327,0.00527504524384422,0.00562542013790021,0.00598695056777893,0.00635995483267892,0.00674477020331233,0.00714175422593472,0.00755128613254277,0.0079737683698301,0.00840962826074496,0.00885931981383617,0.0093233256970042,0.00980215939378056,0.0102963675618315,0.0108065326150003,0.0113332755518396,0.0118772590552146,0.0124391908891266,0.013019827620372,0.0136199786939342,0.0142405108920366,0.0148823532074509,0.0155465021618419,0.0162340275994942,0.0169460789855306,0.0176838922355065,0.0184487970998016,0.0192422251212758,0.0200657181778851,0.020920937613028,0.0218096739449081,0.0227338571317183,0.0236955673514964,0.0246970462335404,0.0257407084517542,0.0268291535586487,0.0279651779013594,0.0291517864174186,0.0303922040576337,0.0316898865258911,0.0330485299608006,0.0344720791118695,0.0359647334836996,0.0375309508364144,0.0391754473405804,0.0409031935925249,0.0427194056043477,0.0446295297963769,0.0466392209439497,0.0487543119722985,0.0509807744616339,0.0533246687294831,0.0557920824106675,0.0583890565698278,0.0611214985705963,0.0639950812025744,0.0670151279439476,0.0701864847225994,0.0735133791357648,0.0769992687942657,0.0806466812594508,0.0844570489147756,0.0884305430218933,0.0925659121015064,0.0968603305869133,0.101309264346994,0.105906360082644,0.110643365684072,0.115510088322804,0.120494396287899,0.125582269336728,0.130757900631529,0.136003851233434,0.141301255731833,0.14663007504653,0.151969389932409,0.15729772643503,0.162593402679602,0.167834885087012,0.173001141514807,0.178071978973325,0.183028354454808,0.187852648957383,0.192528896851047,0.197042965144249,0.201382679773431,0.205537898562081,0.209500532810429,0.213264521447425,0.216825763213468,0.220182013402446,0.223332752275719,0.22627903240544,0.229023311973288,0.231569280522199,0.233921682917889,0.236086146406151,0.238069014725025,0.239877192309232,0.241518000755087,0.242999048930359,0.244328117435262,0.245513057556828,0.246561704409361,0.247481803612338,0.248280950613322,0.248966541604288,0.249545734891325,0.250025421546152,0.250412204180583,0.250712382730374,0.25093194620305,0.251076569427093,0.251151613930724,0.251162132172205,0.251112874436446,0.25100829780175,0.250852576664114,0.250649614383324,0.25040305568461,0.250116299511714,0.249792512081925,0.249434639941367,0.249045422859989,0.248627406440961,0.24818295434894,0.247714260086749,0.247223358270782,0.246712135372576,0.246182339907949,0.245635592066302,0.245073392781616,0.244497132253628,0.243908097932978,0.243307481988121,0.242696388274635,0.242075838829487,0.241446779914046,0.240810087630219,0.240166573134238,0.239516987472397,0,-0.00434133568902056,-0.00419036005238851,-0.00409006786592811,-0.00402303149846297,-0.00397723404107081,-0.00394491229698998,-0.00392112620123287,-0.00390267718934567,-0.00388741731439624,-0.00387383563645987,-0.00386081564074487,-0.0038474927733185,-0.00383316965008304,-0.00381726453950958,-0.00379927924899962,-0.00377877850505868,-0.00375537626849726,-0.00372872631951542,-0.00369851552969687,-0.0036644588651463,-0.00362629553402057,-0.00358378591203947,-0.00353670901296952,-0.00348486035291443,-0.00342805010808927,-0.00336610149775557,-0.00329884934442373,-0.00322613877669457,-0.00314782404890709,-0.00306376745773751,-0.00297383834008066,-0.00287791213957153,-0.00277586953136578,-0.00266759559653949,-0.00255297903884222,-0.00243191143764303,-0.0023042865318076,-0.00216999952997988,-0.00202894644333984,-0.00188102343739698,-0.00172612619976499,-0.00156414932117025,-0.00139498568717635,-0.00121852587827528,-0.00103465757610795,-0.000843264973638447,-0.000644228187125626,-0.000437422667714456,-0.00022271861041189,1.96418779314228e-08,0.000230934201709256,0.000470174250444199,0.000717896664389227,0.00097426665672944,0.0012394584385279,0.00151365590234905,0.00179705333239679,0.00208985614543404,0.00239228166717363,0.00270455994930518,0.00302693463285561,0.00335966386417431,0.00370302127049646,0.00405729700277103,0.004422798854253,0.00479985346425393,0.00518880761742652,0.00559002965003164,0.0060039109758013,0.00643086774526994,0.00687134265379542,0.00732580691492971,0.00779476241731543,0.00827874408486754,0.00877832246163407,0.00929410654438603,0.00982674688764126,0.0103769390074288,0.0109454271116072,0.0115330081858892,0.0121405364658207,0.0127689283257189,0.0134191676158645,0.0140923114789439,0.0147894966756642,0.0155119464474325,0.0162609779407745,0.0170380102134871,0.0178445728360949,0.0186823150936412,0.0195530157818198,0.0204585935774963,0.0214011179463037,0.0223828205287029,0.0234061069201127,0.0244735687298609,0.0255879957671949,0.0267523881598331,0.0279699681610338,0.0292441913444516,0.0305787568218875,0.0319776160473679,0.0334449796920909,0.0349853219893983,0.0366033818583625,0.038304160020896,0.0400929112334551,0.0419751306645171,0.0439565333684344,0.0460430257418605,0.0482406678091182,0.0505556251777099,0.0529941095462246,0.0555623067470705,0.0582662914793813,0.0611119281467741,0.0641047575728315,0.0672498698340964,0.0705517640312558,0.0740141965126332,0.0776400198595809,0.0814310158190286,0.0853877262892274,0.0895092873812934,0.0937932724281124,0.0982355505181133,0.102830167611005,0.107569257461065,0.112442989353304,0.117439558988553,0.122545227702839,0.127744413579828,0.133019835962698,0.138352712491206,0.143723005222802,0.149109709820069,0.154491179396595,0.159845472605001,0.165150714097145,0.170385454717407,0.175529018775909,0.180561826491871,0.185465681131786,0.190224012366003,0.194822069759647,0.199247062904144,0.203488247286551,0.20753695740584,0.211386590732851,0.215032547772362,0.218472134667888,0.221704435484255,0.224730161540121,0.227551485002012,0.23017186347103,0.232595861578867,0.234828974746274,0.236877459321754,0.238748172376504,0.240448423534426,0.241985840399928,0.243368248434146,0.244603565533252,0.245699711082443,0.246664528890797,0.247505723145331,0.24823080634457,0.248847058068628,0.249361493400135,0.249780839815073,0.25011152140272,0.250359649339112,0.250531017620017,0.250631103150427,0.250665069382449,0.250637772788063,0.25055377154458,0.250417335896623,0.250232459737816,0.250002873027435,0.249732054721723,0.249423245956532,0.249079463267755,0.248703511679011,0.248297997522959,0.247865340893843,0.247407787655196,0.246927420948499,0.246426172166661,0.245905831370903,0.245368057141545,0.244814385862604,0.244246240447597,0.243664938519568,0.243071700062692,0.242467654565871,0.241853847680873,0.241231247418929,0.240600749910408,0.239963184752428,0,-0.00567727773803287,-0.00558769274815451,-0.00553170988264811,-0.0054993542477509,-0.0054821277927345,-0.00547421018223507,-0.0054718461161078,-0.00547260486390803,-0.00547485820587129,-0.00547745946940957,-0.00547955528861933,-0.0054804765229282,-0.00547967467746282,-0.00547668421477306,-0.00547109964783298,-0.00546256116402955,-0.00545074525105459,-0.00543535831323532,-0.00541613211720364,-0.00539282038673167,-0.00536519614171681,-0.0053330495357108,-0.00529618603992847,-0.00525442487727472,-0.00520759764342688,-0.00515554707249519,-0.00509812591753372,-0.00503519592428971,-0.00496662688189,-0.00489229573776291,-0.00481208576662944,-0.00472588578526039,-0.0046335894061187,-0.00453509432412717,-0.0044303016317055,-0.00431911515796032,-0.00420144082851889,-0.00407718604299352,-0.00394625906746692,-0.00380856843970867,-0.00366402238508099,-0.0035125282412786,-0.00335399189017442,-0.00318831719512632,-0.00301540544213615,-0.002835154783253,-0.00264745968057971,-0.00245221034917758,-0.00224929219707407,-0.00203858526046014,-0.00181996363202379,-0.00159329488019867,-0.00135843945691517,-0.00111525009122373,-0.000863571165912885,-0.000603238073967709,-0.000334076551403988,-5.5901982664289e-05,0.000231481325626349,0.000528280907182148,0.000834716939978143,0.00115102309723446,0.00147744745172789,0.00181425344036188,0.00216172089666726,0.00252014715972027,0.00288984826886595,0.00327116025461748,0.00366444053717982,0.00407006944521349,0.0044884518687166,0.00492001906125741,0.00536523060823211,0.0058245765793473,0.00629857988511865,0.00678779885882392,0.00729283008702475,0.00781431151344716,0.00835292584264591,0.008909404271425,0.0094845305773795,0.0100791455950888,0.010694152111333,0.0113305202111081,0.0119892931060485,0.0126715934759626,0.0133786303523617,0.0141117065698886,0.0148722268071764,0.0156617062325868,0.016481779762158,0.0173342119265472,0.0182209073303513,0.0191439216704599,0.0201054732595115,0.0211079549755356,0.0221539465288749,0.0232462269019003,0.0243877867752581,0.0255818407058768,0.026831838766233,0.0281414772911175,0.0295147083072173,0.0309557471424512,0.0324690776267538,0.0340594542050775,0.0357319001886392,0.0374917012746587,0.0393443933718568,0.0412957436839362,0.0433517239327263,0.0455184745548002,0.0478022586900014,0.0502094048088698,0.0527462369112718,0.0554189913843868,0.0582337198485945,0.0611961776578896,0.0643116981681036,0.0675850534481637,0.071020302787347,0.0746206311367966,0.0783881804972581,0.0823238781947923,0.0864272669254587,0.0906963423374397,0.0951274046806375,0.0997149316059532,0.104451479452534,0.109327620239482,0.114331921012211,0.119450971142086,0.124669461636719,0.129970318527194,0.13533489004548,0.140743184724893,0.146174154921412,0.151606017760632,0.157016603365254,0.162383718594492,0.167685513573803,0.172900838097712,0.178009575568964,0.18299294344191,0.187833751051031,0.192516608061233,0.197028079380032,0.201356785020613,0.205493445910578,0.20943087884718,0.213163945592058,0.216689462411533,0.220006077184009,0.223114121537,0.226015445397657,0.228713240918291,0.231211862058741,0.233516645257538,0.235633735684616,0.237569922608998,0.239332486490716,0.240929059557453,0.242367500879193,0.243655786322272,0.244801913251347,0.245813819449851,0.246699315437282,0.247466029162522,0.24812136193225,0.248672454377981,0.249126161260672,0.249489033945619,0.249767309441791,0.249966904979496,0.250093417191002,0.250152125054436,0.250147995857561,0.250085693531511,0.249969588793057,0.249803770615929,0.249592058626366,0.24933801608507,0.24904496317705,0.248715990382824,0.248353971749471,0.247961577918663,0.247541288801662,0.247095405818908,0.246626063644933,0.246135241418385,0.245624773392555,0.245096359014421,0.244551572430282,0.243991871423996,0.243418605799926,0.24283302522733,0.2422362865663,0.241629460697679,0.241013538880939,0.240389438664835,0,-0.00698519838302417,-0.0069639879179667,-0.00695757130989212,-0.00696332782834886,-0.00697677203547858,-0.00699448932983429,-0.00701422211055619,-0.007034499975619,-0.0070543298675669,-0.00707299905346193,-0.00708996046106625,-0.00710476814516565,-0.00711704127423249,-0.00712644388155528,-0.00713267323190807,-0.00713545288889068,-0.00713452836006539,-0.00712966417210597,-0.00712064175472661,-0.00710725779579976,-0.00708932288287004,-0.00706666032865516,-0.00703910512260334,-0.00700650297462081,-0.00696870943013111,-0.00692558904276375,-0.00687701459495137,-0.00682286635902292,-0.00676303139281431,-0.00669740286479212,-0.00662587940442171,-0.00654836447411251,-0.00646476575959027,-0.00637499457600294,-0.00627896528746512,-0.00617659473809466,-0.00606780169288639,-0.00595250628701043,-0.00583062948231041,-0.00570209252991991,-0.00556681643800956,-0.00542472144373463,-0.00527572648846978,-0.00511974869540464,-0.00495670284853173,-0.00478650087198958,-0.00460905130863514,-0.00442425879660881,-0.00423202354252796,-0.00403224078979897,-0.00382480028037351,-0.00360958570809727,-0.00338647416159752,-0.00315533555443943,-0.00291603204003855,-0.00266841740855398,-0.00241233646269086,-0.00214762436902032,-0.00187410598106377,-0.0015915951299912,-0.00129989387834227,-0.00099879173168488,-0.000688064802583965,-0.00036747492064507,-3.67686817290703e-05,0.000304323571310565,0.000656088844831143,0.00101883267691117,0.0013928804165187,0.00177857861076576,0.00217629651284627,0.00258642772451739,0.00300939198834082,0.00344563714634686,0.00389564128331054,0.00435991507443247,0.00483900435887139,0.00533349296226823,0.00584400579309899,0.00637121223935798,0.00691582989366009,0.00747862863629607,0.00806043510700758,0.00866213759717786,0.00928469139464778,0.00992912461333821,0.0105965445391284,0.0112881445218227,0.0120052114403209,0.0127491337640351,0.0135214102278822,0.0143236591304921,0.0151576282552284,0.0160252054008061,0.0169284294922231,0.0178695022229055,0.0188508001548182,0.0198748871742482,0.0209445271663942,0.0220626967312054,0.0232325977155166,0.0244576692819178,0.0257415991726038,0.0270883337564732,0.0285020863700943,0.0299873433783094,0.0315488672892303,0.0331916961628808,0.0349211384553192,0.0367427623443253,0.0386623784935168,0.0406860151353373,0.0428198842976221,0.0450703379729314,0.0474438130457851,0.049946763863046,0.0525855814708228,0.0553664987616871,0.0582954810924832,0.0613781023573814,0.0646194070412694,0.068023759437433,0.0715946819849554,0.0753346855489127,0.0792450954010085,0.0833258776160911,0.0875754715224477,0.0919906346584746,0.0965663073122787,0.101295504065806,0.106169239745868,0.111176496728185,0.116304239598228,0.121537481729554,0.126859406425229,0.132251542958091,0.137693995266588,0.143165718381992,0.148644835075639,0.154108982926921,0.159535680216992,0.164902697907586,0.170188424572977,0.175372211552118,0.180434686742034,0.185358027259194,0.190126183495208,0.194725049693669,0.199142578870412,0.203368842493218,0.20739603766079,0.211218446447782,0.214832353534529,0.218235929187234,0.221429085111074,0.224413310713795,0.227191496964254,0.229767754394921,0.23214723096878,0.234335934593376,0.236340564091425,0.238168351487886,0.239826917592128,0.241324142070586,0.242668048536697,0.243866704636991,0.244928136682292,0.245860258052859,0.246670810383694,0.247367316397123,0.24795704317953,0.248446974683582,0.248843792263511,0.249153862107615,0.249383228509305,0.249537612007926,0.249622411526775,0.249642709733434,0.249603280943075,0.249508600976322,0.249362858467863,0.249169967199317,0.248933579099504,0.248657097617075,0.248343691224748,0.247996306861576,0.24761768316018,0.247210363340455,0.246776707680374,0.24631890549892,0.245838986606328,0.245338832193397,0.244820185145028,0.244284659773908,0.243733750978721,0.243168842837878,0.242591216654711,0.242002058473776,0.241402466090499,0.240793455578109,0,-0.00827909317093973,-0.00832836289685107,-0.00837390253052824,-0.00841935834487989,-0.00846433037366626,-0.00850804218505725,-0.00854991153060207,-0.00858953948769237,-0.00862663364660475,-0.00866095346626274,-0.0086922810251701,-0.00872040789817911,-0.00874513051884033,-0.00876624944341136,-0.00878357011103149,-0.00879690395881714,-0.00880606941415703,-0.00881089260873956,-0.00881120780178039,-0.00880685755416571,-0.0087976927084921,-0.00878357222617996,-0.00876436292336097,-0.00873993913713257,-0.00871018234499405,-0.00867498075334797,-0.00863422886579193,-0.00858782703824079,-0.00853568102538229,-0.00847770152127585,-0.00841380369581685,-0.00834390672811758,-0.00826793333746093,-0.00818580931226643,-0.00809746303739649,-0.00800282502007665,-0.00790182741467516,-0.00779440354656354,-0.0076804874352481,-0.00756001331691657,-0.00743291516648133,-0.00729912621912042,-0.00715857849121872,-0.00701120230050021,-0.00685692578501437,-0.00669567442050218,-0.00652737053551732,-0.00635193282352044,-0.00616927585099699,-0.00597930956047163,-0.0057819387671089,-0.0055770626473921,-0.00536457421816549,-0.00514435980410513,-0.00491629849144467,-0.00468026156552942,-0.00443611192949318,-0.00418370350105095,-0.00392288058406926,-0.00365347721121037,-0.00337531645354489,-0.00308820969258068,-0.0027919558496627,-0.00248634056715156,-0.00217113533518132,-0.00184609655712653,-0.00151096454616672,-0.00116546244451886,-0.000809295056009154,-0.000442147581670703,-6.36842469781788e-05,0.000326453191836207,0.000728647076204058,0.00114330562355362,0.00157086487217362,0.0020117908107598,0.00246658171240025,0.00293577069442116,0.00341992852721962,0.00391966671692614,0.00443564088843313,0.00496855449694814,0.00551916289772817,0.00608827780495028,0.00667677217168867,0.00728558552359284,0.00791572977897101,0.0085682955874236,0.00924445921776877,0.00994549002354152,0.0106727585105916,0.0114277450259644,0.0122120490800056,0.0130273993041096,0.0138756640343256,0.0147588624956687,0.0156791765429639,0.0166389628907979,0.0176407657371094,0.0186873296514646,0.0197816125595451,0.0209267986092104,0.022126310650144,0.0233838219981262,0.0247032670861411,0.0260888505278187,0.0275450540345193,0.0290766405365423,0.0306886547630001,0.0323864194361765,0.0341755261380239,0.0360618198134073,0.03805137579274,0.040150468153314,0.0423655282031627,0.0447030918746481,0.0471697348696961,0.0497719945185307,0.0525162775133753,0.0554087529721652,0.058455230687575,0.0616610249331402,0.0650308048351598,0.0685684330729959,0.0722767955277436,0.0761576254339846,0.0802113265610441,0.084436800903287,0.0888312872234222,0.0933902174865479,0.0981070986568574,0.102973427415109,0.107978645014789,0.113110138671092,0.118353294544384,0.123691605555787,0.129106835022307,0.134579234537881,0.14008781181475,0.145610641529735,0.151125209800447,0.156608780948619,0.162038773863397,0.167393134677449,0.172650692668639,0.17779148728189,0.182797055841627,0.187650673746916,0.192337541520148,0.196844915807981,0.201162184106288,0.205280885419536,0.209194681129168,0.212899281943135,0.216392337887589,0.219673298886058,0.222743253592939,0.225604753876191,0.228261631763546,0.230718814867986,0.232982145378682,0.235058206720638,0.236954161013879,0.238677599550078,0.240236407684632,0.241638644835467,0.242892439694674,0.244005900294776,0.24498703822082,0.245843706010895,0.246583546627361,0.24721395379398,0.247742041966034,0.248174624717705,0.248518200381584,0.248778943848955,0.248962703527899,0.249075002552495,0.249121043435227,0.24910571545217,0.249033604143811,0.248909002401632,0.248735922690642,0.24851811003042,0.24825905542164,0.247962009461836,0.247629995943557,0.247265825270635,0.246872107564681,0.246451265364655,0.246005545848143,0.245537032524357,0.245047656366473,0.24453920636522,0.244013339497108,0.243471590109807,0.242915378734267,0.242346020338578,0.241764732042609,0.241172640315316,0,-0.00957309653262012,-0.00969041924993081,-0.00978733161847572,-0.00987207830134184,-0.00994808301718469,-0.0100172078903055,-0.010080574903325,-0.0101388758326818,-0.0101925278795293,-0.0102417657649479,-0.0102867012039234,-0.0103273630155412,-0.0103637246960425,-0.0103957234949475,-0.0104232736132293,-0.010446275307118,-0.010464621138694,-0.0104782002423339,-0.0104869012147796,-0.0104906140520191,-0.0104892314260735,-0.0104826495036366,-0.0104707684450791,-0.0104534926784987,-0.0104307310134095,-0.0104023966381498,-0.0103684070311766,-0.0103286838070422,-0.0102831525115597,-0.0102317423764634,-0.0101743860410722,-0.0101110192465917,-0.0100415805074372,-0.0099660107630976,-0.00988425301345887,-0.00979625194006058,-0.00970195351541336,-0.00960130460221951,-0.00949425254408453,-0.00938074474907535,-0.00926072826725587,-0.00913414936311302,-0.00900095308357078,-0.00886108282207623,-0.00871447987902997,-0.00856108301862365,-0.00840082802193782,-0.00823364723594692,-0.00805946911787128,-0.00787821777410853,-0.00768981249276963,-0.0074941672686321,-0.00729119031910716,-0.00708078358959374,-0.00686284224635693,-0.00663725415482461,-0.00640389934092895,-0.00616264943284045,-0.00591336708013265,-0.00565590534708297,-0.00539010707644821,-0.00511580421964814,-0.00483281712884635,-0.00454095380592274,-0.00424000910278623,-0.00392976386687141,-0.00360998402499262,-0.00328041959799131,-0.00294080363779602,-0.00259085107761909,-0.00223025748503296,-0.00185869770659684,-0.00147582439154151,-0.00108126638075966,-0.000674626945998723,-0.000255481862705964,0.000176622701552874,0.000622172502789557,0.0010816877617624,0.00155572595369187,0.0020448848713309,0.00254980598791375,0.00307117814816809,0.00360974161711781,0.00416629251776955,0.00474168768987382,0.00533685000268573,0.00595277415489624,0.00659053299451999,0.00725128439033411,0.00793627868426673,0.00864686675069339,0.00938450868364047,0.0101507831261076,0.0109473972467349,0.0117761973574617,0.0126391801511841,0.0135385045202256,0.0144765038941284,0.0154556990082744,0.0164788109825252,0.0175487745508053,0.018668751237726,0.0198421422263741,0.0210726006018131,0.0223640425873264,0.0237206573148979,0.0251469145881353,0.0266475700055003,0.0282276667156586,0.0298925329771039,0.0316477745940164,0.0334992612038528,0.0354531053050517,0.0375156328426668,0.0396933441246094,0.0419928638321206,0.0444208789274262,0.046984063362977,0.049688988674848,0.0525420198124575,0.0555491959312743,0.0587160963654248,0.0620476926090978,0.0655481878683424,0.0692208465875823,0.0730678172852118,0.0770899530131215,0.0812866347337838,0.085655603818308,0.090192810629352,0.0948922866749521,0.099746048012419,0.104744037362051,0.109874111693404,0.115122080836894,0.120471800955461,0.125905324537674,0.131403106048505,0.136944259648079,0.142506862650329,0.14806829585183,0.153605609724566,0.159095903919478,0.164516706708719,0.169846340978311,0.175064264171583,0.180151371105853,0.185090250705032,0.189865390226517,0.194463323303848,0.198872720867291,0.203084426552488,0.207091440408942,0.210888856468756,0.214473760976015,0.217845098800938,0.221003515803818,0.223951184735773,0.226691621749442,0.229229499834052,0.231570464575673,0.233720956656386,0.235688044514219,0.237479269642512,0.239102506150891,0.24056583546392,0.241877436409183,0.243045490445382,0.244078101397345,0.244983228787695,0.24576863367084,0.246441835768933,0.247010080666729,0.247480315828857,0.247859174246384,0.248152964588829,0.248367666823986,0.248508932363627,0.248582087892793,0.248592142139486,0.248543794937174,0.248441448022412,0.24828921709273,0.248090944725123,0.247850213822646,0.247570361315962,0.247254491898493,0.246905491618565,0.246526041190305,0.246118628917471,0.245685563151749,0.245228984229703,0.244750875851335,0.244253075878442,0.243737286543273,0.243205084067782,0.242657927701425,0.242097168191344,0.241524055703169,0,-0.0108803088589945,-0.0110595082815122,-0.0112043686155883,-0.0113260117519505,-0.0114311963479143,-0.0115242088524061,-0.0116077560719447,-0.0116835461613868,-0.0117526572708083,-0.011815766798022,-0.0118732941137944,-0.0119254904833651,-0.011972496593155,-0.0120143799077057,-0.0120511592530578,-0.012082821181707,-0.0121093309780281,-0.0121306401287351,-0.012146691438644,-0.012157422563143,-0.0121627684654944,-0.0121626631357022,-0.0121570407952731,-0.0121458367380981,-0.0121289879086923,-0.0121064332865762,-0.0120781141240518,-0.0120439740703331,-0.0120039592054727,-0.0119580180011656,-0.0119061012212356,-0.0118481617716953,-0.0117841545082535,-0.0117140360077104,-0.0116377643086258,-0.0115552986258422,-0.0114665990427963,-0.0113716261850162,-0.0112703408777341,-0.011162703790128,-0.0110486750683228,-0.0109282139589308,-0.010801278424578,-0.0106678247525523,-0.0105278071574154,-0.010381177378138,-0.0102278842700548,-0.0100678733916781,-0.00990108658616759,-0.00972746155701466,-0.0095469314372714,-0.00935942435142847,-0.00916486296881791,-0.00896316404719487,-0.00875423796491591,-0.00853798823989693,-0.00831431103328025,-0.00808309463547701,-0.00784421893196769,-0.00759755484593537,-0.00734296375447442,-0.00708029687475068,-0.00680939461608792,-0.00653008589351081,-0.00624218739778492,-0.0059455028164489,-0.00563982199973545,-0.00532492006460891,-0.00500055642941487,-0.00466647377082554,-0.00432239689387417,-0.00396803150489547,-0.00360306287612408,-0.00322715438954319,-0.0028399459463235,-0.00244105222684489,-0.00203006078485162,-0.00160652995776464,-0.00116998657356647,-0.00071992343299959,-0.000255796544096902,0.000222977915685499,0.000717026936201463,0.0012270243383741,0.00175369479473056,0.00229781823788818,0.00286023468934718,0.00344184954178573,0.00404363932843473,0.00466665801289512,0.00531204383178331,0.00598102672065571,0.00667493635054219,0.00739521079784785,0.00814340586405184,0.00892120505319704,0.00973043020422319,0.0105730527613035,0.0114512056480084,0.0123671956897916,0.0133235165033918,0.0143228617406446,0.0153681385372703,0.0164624809738028,0.017609263305363,0.018812112658927,0.0200749208307267,0.0214018547422691,0.0227973650313224,0.0242661921646652,0.0258133693635642,0.027444221532731,0.0291643592817141,0.0309796670282416,0.0328962840812311,0.0349205775238375,0.037059105662505,0.0393185707868335,0.0417057600091418,0.0442274730355032,0.0468904358763394,0.049701199749404,0.0526660247753609,0.0557907485281181,0.0590806400863719,0.0625402409406941,0.0661731949342448,0.069982070335482,0.0739681781250013,0.0781313915774348,0.0824699731692203,0.0869804156659822,0.0916573048509198,0.0964932116555861,0.101478621359023,0.106601906957958,0.111849352734118,0.117205232447277,0.122651944503548,0.128170203978373,0.133739288652708,0.139337333430907,0.144941664857668,0.150529165152954,0.156076653434007,0.161561270747589,0.166960855288441,0.172254294754661,0.177421844134975,0.182445399216357,0.187308718569205,0.191997589505558,0.196499936299352,0.200805871606362,0.204907694358333,0.208799839309028,0.212478784809114,0.215942926261389,0.219192423081283,0.222229026917085,0.225055898449866,0.227677419385421,0.230099005361883,0.23232692451215,0.234368125413307,0.236230077184166,0.237920623599528,0.239447852303586,0.240819979539678,0.242045250273303,0.243131853165863,0.244087849548235,0.244921115332796,0.245639294675187,0.246249764137725,0.246759606100526,0.247175590201085,0.247504161646716,0.247751435327309,0.247923194750485,0.248024894921126,0.24806166838782,0.248038333776464,0.247959406223687,0.247829109208511,0.247651387358622,0.247429919877725,0.247168134302434,0.246869220351536,0.246536143677505,0.246171659370577,0.245778325100026,0.245358513806233,0.244914425881236,0.244448100795454,0.243961428144554,0.243456158103651,0.242933911286571,0.242396188016194,0.2418443770183,0,-0.0122119431111771,-0.0124440593276828,-0.0126309215542504,-0.0127852423230208,-0.0129164944334727,-0.013030989403401,-0.0131327644615244,-0.0132243835914667,-0.0133074840698781,-0.0133831206168898,-0.0134519777386649,-0.0135145011345308,-0.0135709800345347,-0.0136215996077476,-0.0136664748688627,-0.0137056729680065,-0.0137392280738536,-0.0137671514658781,-0.0137894384852901,-0.0138060733983639,-0.0138170328526719,-0.0138222883699232,-0.0138218081672663,-0.0138155585007753,-0.0138035046610162,-0.0137856117088892,-0.0137618450125672,-0.0137321706283064,-0.0136965555559286,-0.0136549678917732,-0.0136073768964912,-0.0135537529913213,-0.0134940676938539,-0.0134282935023777,-0.0133564037364595,-0.0132783723402854,-0.0131941736543711,-0.0131037821604843,-0.0130071722039481,-0.0129043176969135,-0.0127951918056488,-0.0126797666244228,-0.0125580128381092,-0.0124298993752404,-0.0122953930528649,-0.0121544582142134,-0.0120070563598657,-0.0118531457728053,-0.0116926811374733,-0.0115256131526719,-0.0113518881379129,-0.0111714476325746,-0.0109842279869912,-0.0107901599443741,-0.0105891682122369,-0.0103811710217618,-0.0101660796733084,-0.00994379806602029,-0.0097142222092178,-0.00947723971298843,-0.00923272925508199,-0.00898056002088696,-0.00872059111290385,-0.00845267092573294,-0.00817663648215418,-0.00789231272539051,-0.00759951176210775,-0.00729803205010756,-0.00698765752400946,-0.00666815665148932,-0.00633928141183758,-0.00600076618771644,-0.00565232656002556,-0.00529365799472883,-0.00492443440934257,-0.00454430660554083,-0.00415290055299227,-0.00374981550810935,-0.00333462194986704,-0.00290685931324286,-0.00246603349915604,-0.00201161413805502,-0.0015430315825444,-0.00105967360268491,-0.000560881755878245,-4.5947401618944e-05,0.000485892670089821,0.00103546102911705,0.00160364484778517,0.0021914016295688,0.00279976545778241,0.00342985379736175,0.0040828748811683,0.00476013570944662,0.00546305068687797,0.00619315091580951,0.00695209415635448,0.00774167545376844,0.00856383842037471,0.00942068714285372,0.0103144986653879,0.0112477359743901,0.0122230613807158,0.0132433501597333,0.0143117042677412,0.0154314659043755,0.0166062306342622,0.0178398597168273,0.0191364912206119,0.0205005494177088,0.0219367518654552,0.0234501134872564,0.02504594686404,0.0267298578448745,0.0285077354833684,0.0303857352104903,0.032370254070852,0.0344678967863383,0.0366854313781368,0.0390297330873676,0.0415077153989449,0.0441262471075796,0.0468920545841427,0.0498116087197257,0.0528909964566385,0.0561357773696322,0.0595508264403136,0.063140164968186,0.0669067824671904,0.0708524533778468,0.0749775534377632,0.0792808815371821,0.0837594937662716,0.0884085570501165,0.0932212301726811,0.0981885800211286,0.103299540457718,0.108540920292775,0.113897465369049,0.119351977800424,0.124885493012683,0.13047751253883,0.136106287699142,0.141749146551471,0.147382854047227,0.152983993378918,0.158529355227389,0.163996321126133,0.169363227501436,0.174609698089484,0.179716934271774,0.184667955245998,0.189447782659914,0.194043567163864,0.198444657075067,0.202642611813617,0.206631164829079,0.210406142301528,0.213965344936916,0.217308400695655,0.220436596344434,0.2233526953799,0.226060749228642,0.228565907774486,0.230874234290187,0.232992528834141,0.234928163177061,0.236688929396434,0.238282903450102,0.239718324332821,0.241003488838136,0.242146661490096,0.243155998866965,0.244039487299584,0.244804892775728,0.245459721803535,0.246011191966847,0.24646621092964,0.246831362703444,0.247112900070563,0.247316742148606,0.247448476181535,0.247513362744025,0.247516343645519,0.247462051915299,0.247354823338373,0.247198709092937,0.246997489113122,0.246754685865605,0.246473578285657,0.24615721566774,0.245808431348385,0.245429856055451,0.245023930828529,0.244592919440963,0.244138920275228,0.243663877620893,0.243169592378564,0.242657732164593,0.242129840820288,0,-0.0135768190252143,-0.0138510100510356,-0.0140718610637494,-0.0142531105108795,-0.0144062499510009,-0.0145390679770352,-0.0146565670847755,-0.0147619356883742,-0.0148572247791889,-0.014943774248468,-0.0150224744523286,-0.015093926722127,-0.0151585429924382,-0.0152166086411921,-0.0152683228383188,-0.0153138249347081,-0.0153532120483634,-0.0153865510116595,-0.0154138866497753,-0.0154352476338072,-0.0154506507031278,-0.0154601037704367,-0.0154636082449299,-0.0154611607952552,-0.0154527547006754,-0.0154383808913974,-0.0154180287480732,-0.0153916867101522,-0.015359342729302,-0.0153209845950836,-0.0152766001539146,-0.0152261774380645,-0.0151697047183566,-0.0151071704919697,-0.0150385634149899,-0.0149638721879625,-0.0148830854015488,-0.0147961913484142,-0.0147031778066278,-0.0146040317991091,-0.0144987393329869,-0.0143872851221413,-0.0142696522956558,-0.0141458220944198,-0.014015773557675,-0.0138794832008986,-0.0137369246860445,-0.0135880684848324,-0.0134328815354597,-0.0132713268928323,-0.0131033633721419,-0.0129289451853654,-0.0127480215700323,-0.0125605364093686,-0.0123664278427086,-0.0121656278648394,-0.0119580619127189,-0.0117436484377761,-0.0115222984617602,-0.0112939151138491,-0.0110583931464516,-0.0108156184268438,-0.0105654674014507,-0.0103078065292335,-0.0100424916802471,-0.00976936749499902,-0.009488266699762,-0.00919900937245881,-0.00890140215314758,-0.00859523739248339,-0.00828029223080943,-0.0079563275997352,-0.0076230871371829,-0.00728029600592287,-0.00692765960457005,-0.00656486215887234,-0.00619156517988383,-0.00580740577428739,-0.00541199479070311,-0.00500491478430387,-0.00458571778046037,-0.00415392281646385,-0.00370901323864714,-0.00325043373045657,-0.00277758704525523,-0.00228983041589258,-0.00178647161140412,-0.00126676460967022,-0.000729904853527311,-0.000175024056787778,0.000398815474021239,0.000992627036503857,0.00160750628157186,0.00224463854727869,0.00290530680715367,0.00359090025907818,0.00430292357534556,0.00504300682721624,0.00581291608764529,0.00661456470349703,0.00745002521299447,0.00832154186485766,0.00923154367198689,0.0101826579040369,0.0111777238891551,0.0122198069548709,0.0133122122909811,0.014458498462684,0.0156624902396939,0.0169282903362882,0.0182602895781436,0.0196631749247015,0.0211419346814507,0.0227018601363738,0.0243485427511337,0.0260878659336841,0.027925990319406,0.0298693313986101,0.0319245282569272,0.0340984021511771,0.0363979036379884,0.0388300470187321,0.0414018309766193,0.0441201444753693,0.0469916572788907,0.0500226948518062,0.0532190979222028,0.0565860676363261,0.0601279980080107,0.0638482982511311,0.0677492085561022,0.0718316138914204,0.076094861422394,0.0805365880699751,0.0851525654982311,0.0899365703264474,0.0948802875172775,0.0999732546108414,0.105202853691813,0.110554356660216,0.116011027537779,0.121554283241525,0.127163911608647,0.132818342623784,0.138494965980614,0.144170485521937,0.149821298960299,0.155423889770445,0.160955217400963,0.16639309204314,0.171716521111966,0.17690601625412,0.181943851952775,0.18681426945552,0.191503622592971,0.196000464866457,0.200295579771338,0.204381958535602,0.208254731188526,0.211911058081067,0.215349989656877,0.218572302459855,0.221580319130384,0.224377719575192,0.226969349689235,0.229361033054054,0.231559390017844,0.233571667546691,0.235405582276891,0.237069178331978,0.238570700717457,0.239918484481568,0.241120859331813,0.242186069017823,0.243122204519747,0.243937149903455,0.24463853960414,0.245233725863169,0.245729755055211,0.246133351690891,0.246450908953905,0.246688484721329,0.246851802114739,0.246946253731857,0.246976908809719,0.246948522667549,0.246865547868767,0.246732146625445,0.246552204044485,0.246329341882576,0.246066932536786,0.245768113049747,0.245435798953416,0.24507269781386,0.244681322372099,0.244264003203396,0.243822900840122,0.243360017322043,0.24287720715314,0.242376187656333,0,-0.0149811634247655,-0.0152853592005622,-0.0155306643924703,-0.0157319637354446,-0.0159020102532583,-0.0160494131118636,-0.016179697151992,-0.0162963948964395,-0.0164017957619905,-0.0164974143278931,-0.0165842760083144,-0.0166630914882736,-0.0167343644994597,-0.016798459534114,-0.0168556452080813,-0.0169061226010234,-0.0169500441776116,-0.0169875267043035,-0.0170186602726209,-0.0170435147519718,-0.0170621445120165,-0.0170745919545329,-0.017080890206264,-0.0170810652047037,-0.0170751373323505,-0.0170631227057147,-0.017045034193394,-0.017020882216574,-0.0169906753714192,-0.0169544209034553,-0.0169121250576114,-0.0168637933230356,-0.01680943058848,-0.0167490412215417,-0.0166826290830708,-0.0166101974864574,-0.0165317491101679,-0.0164472858707529,-0.0163568087625432,-0.0162603176693743,-0.0161578111528848,-0.0160492862212419,-0.015934738081511,-0.015814159878331,-0.015687542421046,-0.0155548739009946,-0.0154161396002484,-0.0152713215927255,-0.0151203984382687,-0.0149633448699832,-0.014800131474842,-0.0146307243673217,-0.0144550848555842,-0.0142731690994997,-0.0140849277595825,-0.0138903056357054,-0.0136892412942371,-0.0134816666820401,-0.0132675067255367,-0.0130466789128227,-0.0128190928565581,-0.0125846498350955,-0.0123432423090213,-0.012094753409963,-0.0118390563981707,-0.0115760140849914,-0.0113054782159323,-0.0110272888095305,-0.0107412734467259,-0.0104472465048481,-0.0101450083296831,-0.00983434433837537,-0.00951502404512747,-0.00918680000079945,-0.00884940663655506,-0.00850255900066635,-0.00814595137645707,-0.00777925576813947,-0.00740212023998135,-0.00701416709282318,-0.00661499086046005,-0.00620415610681171,-0.00578119500313563,-0.00534560466281087,-0.00489684420944936,-0.0044343315523062,-0.00395743984119432,-0.00346549357140502,-0.00295776430754889,-0.00243346599383087,-0.001891749817139,-0.00133169858856124,-0.00075232060867008,-0.000152542982274073,0.000468795650499504,0.00111295299775076,0.00178129164152319,0.00247528822828981,0.00319654334003187,0.00394679205275436,0.00472791517769259,0.0055419511657984,0.00639110863784115,0.0072777794800538,0.00820455241808759,0.00917422694947381,0.0101898274761586,0.0112546174333292,0.0123721131580597,0.0135460971807496,0.0147806305535097,0.0160800637524186,0.0174490456050931,0.0188925296019063,0.0204157768496755,0.0220243548227336,0.0237241309609597,0.0255212600617557,0.0274221643186744,0.0294335047806121,0.0315621429511142,0.0338150912281852,0.0361994509136399,0.038722336611609,0.0413907860035726,0.0442116542477321,0.0471914926182764,0.0503364114872525,0.0536519283659119,0.0571428024642275,0.0608128580878621,0.0646648001501488,0.0687000260970502,0.0729184395741397,0.0773182721388522,0.0818959201567625,0.0866458046254673,0.0915602619482817,0.0966294735427032,0.101841441542636,0.107182016694888,0.112634982855895,0.11818220030951,0.123803807549381,0.129478478349493,0.135183728074516,0.140896260474014,0.146592343880933,0.152248203994139,0.157840419421537,0.16334630598551,0.168744276461876,0.174014163875972,0.179137498584396,0.184097731945106,0.188880402208067,0.193473241123655,0.197866222463354,0.202051556009573,0.206023632478711,0.209778926226956,0.21331586343548,0.216634663808945,0.219737163710142,0.222626628177856,0.225307558528519,0.227785501318858,0.230066863433082,0.23215873702789,0.234068737079901,0.235804853375277,0.237375317987251,0.238788488617886,0.240052747638766,0.241176416246646,0.242167682843931,0.243034544546543,0.24378476059797,0.244425816412723,0.244964896970355,0.245408868319366,0.245764266017301,0.246037289419275,0.246233800824397,0.246359328591691,0.246419073439609,0.246417917242527,0.246360433731481,0.246250900593208,0.24609331254056,0.245891394998146,0.245648618109774,0.245368210829079,0.245053174902272,0.244706298592652,0.244330170031174,0.243927190106493,0.243499584832219,0.2430494171492,0.242578598137075,0,-0.0164285933821599,-0.0167498497714958,-0.0170091627347935,-0.0172229778934207,-0.0174044711933309,-0.017562351571914,-0.0177021848296043,-0.0178275447589653,-0.0179407705181861,-0.0180434326686284,-0.018136615610794,-0.0182210895171653,-0.01829741641311,-0.0183660168150419,-0.0184272124609891,-0.0184812543302961,-0.0185283414605349,-0.0185686339058195,-0.0186022618955657,-0.0186293324789188,-0.0186499344678172,-0.018664142199887,-0.018672018460115,-0.0186736167853291,-0.0186689833024179,-0.0186581582043226,-0.0186411769374577,-0.0186180711543105,-0.018588869471721,-0.018553598066343,-0.018512281132514,-0.0184649412232426,-0.0184115994916449,-0.0183522758475487,-0.0182869890418723,-0.0182157566896433,-0.0181385952410347,-0.0180555199085086,-0.0179665445570293,-0.0178716815633123,-0.0177709416491881,-0.017664333693375,-0.0175518645252559,-0.0174335387036282,-0.0173093582828481,-0.0171793225682916,-0.0170434278626235,-0.0169016672039695,-0.0167540300967426,-0.0166005022355587,-0.0164410652223964,-0.0162756962768965,-0.0161043679394605,-0.0159270477665875,-0.0157436980176769,-0.0155542753323241,-0.0153587303969364,-0.0151570075992985,-0.0149490446695119,-0.0147347723055235,-0.0145141137812327,-0.0142869845349309,-0.0140532917355677,-0.0138129338240552,-0.0135658000265155,-0.013311769836032,-0.0130507124590893,-0.0127824862224639,-0.0125069379358663,-0.0122239022051126,-0.0119332006900317,-0.0116346413006791,-0.01132801732472,-0.0110131064780707,-0.0106896698700295,-0.0103574508731907,-0.0100161738874092,-0.00966554298596332,-0.00930524043085625,-0.00893492504288515,-0.00855423041070828,-0.00816276292164511,-0.00776009959536396,-0.00734578569995184,-0.00691933212813821,-0.00648021250967211,-0.00602786003405951,-0.00556166395608544,-0.00508096575480945,-0.00458505491509591,-0.00407316429927231,-0.00354446507528913,-0.00299806116687437,-0.00243298319074737,-0.00184818184612374,-0.00124252072266492,-0.00061476849489598,3.640952583585e-05,0.000712460506304691,0.00141495389146145,0.00214559189948529,0.00290622071089565,0.00369884233702726,0.00452562713596551,0.00538892692283772,0.00629128859556158,0.00723546816612261,0.00822444505053121,0.00926143642712086,0.0103499114221614,0.0114936048232926,0.0126965299545938,0.0139629902719422,0.0152975891537306,0.0167052372704682,0.0181911568182968,0.0197608817977692,0.0214202534129976,0.0231754095613011,0.0250327672848761,0.026998996970487,0.0290809870191549,0.0312857976755802,0.0336206027187071,0.0360926177842147,0.0387090142318996,0.041476817701571,0.0444027908353986,0.0474933000958941,0.0507541671862428,0.0541905062867372,0.0578065491520509,0.0616054610519912,0.0655891515522583,0.0697580851749712,0.0741110979883128,0.0786452270724088,0.0833555605044036,0.0882351159035997,0.0932747555840021,0.0984631458964854,0.103786767351179,0.109229980574815,0.114775151106927,0.120402833554948,0.126092012846089,0.131820397413801,0.13756475635035,0.143301290067371,0.149006022043051,0.154655197970266,0.160225678168382,0.16569530952347,0.171043264440374,0.17625033621482,0.181299182695068,0.186174512892404,0.190863214095954,0.195354419837751,0.199639521556874,0.203712128889903,0.207567985084081,0.211204845057305,0.214622324130229,0.217821725482776,0.22080585401859,0.22357882364854,0.226145864123938,0.228513132551625,0.230687533685314,0.232676552074275,0.234488098209272,0.236130369968505,0.237611729951261,0.238940598700246,0.24012536335282,0.241174300917534,0.242095515132705,0.24289688571318,0.243586028714471,0.244170266724948,0.244656607622983,0.245051730694705,0.245361978988898,0.245593356880197,0.245751531913251,0.245841840103747,0.245869293973322,0.245838592691677,0.24575413378891,0.245620025983097,0.24544010274209,0.245217936264121,0.24495685161959,0.244659940846474,0.244330076835043,0.243969926874274,0.243581965763493,0.24316848841874,0.242731621924922,0,-0.0179200999038695,-0.018244786737216,-0.0185074083791253,-0.0187260630064461,-0.0189134071116663,-0.0190775141384846,-0.0192235139208532,-0.0193547246015486,-0.0194733506104427,-0.0195809023000293,-0.0196784482866651,-0.0197667688683948,-0.0198464508581979,-0.0199179473902216,-0.0199816164993635,-0.0200377466341337,-0.0200865739865062,-0.0201282946005638,-0.0201630730805244,-0.0201910490324298,-0.0202123419559786,-0.020227055045777,-0.0202352782013364,-0.0202370904447572,-0.020232561881454,-0.0202217552986114,-0.0202047274697329,-0.0201815302163464,-0.0201522112663144,-0.0201168149402001,-0.0200753826914338,-0.0200279535218075,-0.0199745642905681,-0.0199152499327804,-0.019850043600472,-0.019778976738243,-0.0197020791034406,-0.0196193787396091,-0.0195309019107023,-0.0194366730024622,-0.0193367143964039,-0.0192310463209977,-0.0191196866838847,-0.0190026508882947,-0.018879951636249,-0.0187515987206113,-0.0186175988075927,-0.0184779552109148,-0.0183326676584752,-0.018181732052048,-0.0180251402202648,-0.0178628796648712,-0.0176949333000203,-0.0175212791841541,-0.0173418902438237,-0.0171567339886103,-0.0169657722161255,-0.0167689607058861,-0.0165662489006757,-0.0163575795738146,-0.0161428884805615,-0.0159221039916563,-0.0156951467067877,-0.0154619290455168,-0.0152223548129192,-0.0149763187369024,-0.0147237059738252,-0.0144643915786729,-0.0141982399356319,-0.0139251041444482,-0.0136448253574453,-0.0133572320615107,-0.0130621392987359,-0.0127593478186948,-0.0124486431545864,-0.0121297946146171,-0.0118025541790761,-0.0114666552925444,-0.0111218115395713,-0.010767715190961,-0.0104040356065144,-0.0100304174786899,-0.00964647890016414,-0.00925180923670686,-0.00884596678513606,-0.00842847619440283,-0.00799882562608746,-0.00755646362879096,-0.00710079569910971,-0.00663118050012487,-0.00614692570666631,-0.00564728344508935,-0.00513144529400107,-0.0045985368113811,-0.00404761155297287,-0.00347764454680107,-0.00288752518935735,-0.00227604953057452,-0.00164191191739171,-0.000983695969756782,-0.000299864868606496,0.000411249056952887,0.00115145544598582,0.0019227177154467,0.00272716553698,0.00356710793451069,0.00444504693192318,0.00536369165066151,0.00632597272190573,0.00733505683641128,0.00839436120648607,0.00950756765831161,0.0106786360083935,0.0119118163050255,0.0132116594342039,0.0145830254997512,0.0160310892903135,0.0175613420428811,0.0191795886058955,0.0208919389982609,0.0227047932583729,0.0246248183858185,0.0266589161055788,0.028814180140114,0.0310978416702454,0.0335172017146372,0.0360795492747816,0.0387920642933734,0.0416617047744687,0.0446950778280197,0.0478982949402634,0.0512768124405751,0.0548352589324045,0.0585772523677671,0.0625052104451753,0.0666201590582775,0.0709215445588086,0.0754070565488238,0.0800724686963243,0.0849115055797516,0.0899157437143875,0.0950745546110021,0.100375096899121,0.10580236318259,0.111339285396602,0.11696690006762,0.122664572159185,0.12841027328483,0.134180907188895,0.139952672759917,0.145701452667626,0.151403214191859,0.157034408076,0.162572351355375,0.167995581071094,0.173284167494475,0.178419977803556,0.18338688387245,0.18817091073511,0.192760325148394,0.197145666310305,0.201319723034157,0.20527746343511,0.2090159244023,0.212534068807856,0.215832618584512,0.218913871557745,0.22178150933549,0.224440402734434,0.226896420249766,0.229156244038446,0.231227196853862,0.233117082395552,0.234834040658661,0.236386419106597,0.237782659856989,0.23903120256573,0.240140402309652,0.241118461493305,0.241973374625063,0.242712884706644,0.243344449942831,0.243875219490359,0.244312017013732,0.244661330890205,0.244929309997071,0.245121764114505,0.245244168080597,0.245301668937776,0.245299095408319,0.245240969129113,0.245131517160853,0.244974685363937,0.244774152302035,0.244533343395033,0.244255445095934,0.243943418912053,0.243600015129883,0.243227786136207,0.24282909925581,0,-0.0194539053093991,-0.0197679968628391,-0.0200236703669107,-0.0202398584241843,-0.020427660458296,-0.0205938214322212,-0.0207426061866561,-0.0208768140081998,-0.0209983513183633,-0.0211085648736466,-0.0212084403259997,-0.0212987231486854,-0.0213799939119428,-0.0214527162544424,-0.0215172682536217,-0.0215739635298738,-0.0216230658841928,-0.0216647997774525,-0.0216993580714314,-0.0217269079169334,-0.0217475953490434,-0.0217615489497938,-0.0217688828147975,-0.021769698983088,-0.0217640894406426,-0.0217521377769255,-0.0217339205535858,-0.021709508431048,-0.021678967089587,-0.0216423579749933,-0.021599738894149,-0.0215511644821273,-0.0214966865594496,-0.0214363543956423,-0.0213702148931096,-0.0212983127034752,-0.0212206902869141,-0.0211373879235395,-0.0210484436846261,-0.0209538933703036,-0.0208537704193439,-0.0207481057957706,-0.020636927856229,-0.020520262201366,-0.0203981315138582,-0.0202705553851992,-0.0201375501328898,-0.0199991286092712,-0.0198553000028832,-0.0197060696329208,-0.019551438737082,-0.0193914042528593,-0.0192259585921035,-0.0190550894084894,-0.0188787793573279,-0.0186970058469934,-0.0185097407810688,-0.018316950290146,-0.0181185944520529,-0.0179146269991119,-0.0177049950108559,-0.0174896385904407,-0.0172684905227952,-0.0170414759123256,-0.0168085117977573,-0.0165695067414267,-0.0163243603900473,-0.0160729630036454,-0.015815194949,-0.0155509261535151,-0.0152800155150062,-0.0150023102623792,-0.0147176452616246,-0.0144258422609329,-0.0141267090680548,-0.0138200386522714,-0.0135056081625149,-0.0131831778522605,-0.0128524899008203,-0.012513267119576,-0.0121652115305101,-0.0118080028031203,-0.0114412965344343,-0.0110647223553739,-0.0106778818451727,-0.0102803462339112,-0.00987165387153147,-0.0094513074399298,-0.00901877088292818,-0.00857346602712379,-0.00811476886483565,-0.00764200546866625,-0.00715444750562104,-0.00665130731735302,-0.00613173253200802,-0.00559480017244044,-0.00503951022537345,-0.00446477863654005,-0.00386942969813369,-0.00325218779723177,-0.00261166849746317,-0.00194636893136403,-0.00125465748791398,-0.000534762789051012,0.000215238039065566,0.000997431779157212,0.00181408218062291,0.00266764359933616,0.00356077512885706,0.00449635509906709,0.00547749577862832,0.0065075580711932,0.00759016594131599,0.00872922024398682,0.00992891156123781,0.0111937315701797,0.0125284823792992,0.0139382831745033,0.0154285734145004,0.0170051117086963,0.0186739694029166,0.0204415177931953,0.0223144077913151,0.0242995407850784,0.0264040293806036,0.0286351466943104,0.0310002628915745,0.0335067677617795,0.0361619782912524,0.0389730304622216,0.0419467548824053,0.0450895363485042,0.0484071580754479,0.0519046320823406,0.0555860181065154,0.0594542343972671,0.0635108647842867,0.0677559674698391,0.0721878919892536,0.0768031116376932,0.0815960792784774,0.0865591147320658,0.09168233180372,0.0969536123678336,0.102358633743547,0.107880953866343,0.113502156530593,0.119202056349236,0.124958960201472,0.130749979012097,0.13655138094706,0.142338974742568,0.148088510111777,0.153776081150683,0.159378518485303,0.164873756581465,0.170241164113783,0.175461827429,0.18051877975442,0.185397171677601,0.190084381335298,0.194570065491997,0.1988461550911,0.202906800803395,0.206748275509573,0.210368841519947,0.213768590683217,0.216949265429715,0.219914068317463,0.222667466896707,0.225214999775451,0.227563088742707,0.229718860762253,0.231689982647062,0.233484510305854,0.235110753646298,0.236577157538161,0.237892198687838,0.239064297848219,0.24010174647451,0.241012646723566,0.241804863566248,0.242485987723521,0.243063308132936,0.243543792689035,0.243934076067706,0.244240453530516,0.244468879702725,0.244624971421596,0.244714013855118,0.244740969191636,0.244710487295939,0.244626917815365,0.244494323299618,0.244316492969941,0.244096956837018,0.243838999922793,0.243545676389809,0.243219823423195,0.242864074745781,0,-0.0210251549516153,-0.021314943736346,-0.0215545587350352,-0.0217618153954928,-0.0219451893193694,-0.0221095087795989,-0.0222578328801215,-0.022392237017646,-0.0225142021534349,-0.022624829679389,-0.0227249680793226,-0.0228152908200545,-0.0228963458165577,-0.0229685877956583,-0.0230324001409086,-0.023088110139535,-0.0231360000028242,-0.0231763151109542,-0.0232092703801398,-0.0232350553149203,-0.0232538381042715,-0.0232657689951772,-0.02327098310025,-0.0232696027481658,-0.0232617394556484,-0.0232474955805589,-0.0232269657030679,-0.0232002377733279,-0.0231673940579675,-0.023128511913132,-0.0230836644081574,-0.0230329208209343,-0.0229763470234172,-0.0229140057734382,-0.0228459569269407,-0.0227722575829113,-0.0226929621716378,-0.0226081224954467,-0.0225177877297465,-0.0224220043910366,-0.0223208162774985,-0.0222142643868721,-0.0221023868155213,-0.0219852186418883,-0.0218627917969312,-0.0217351349236075,-0.021602273227007,-0.0214642283163428,-0.021321018039661,-0.0211726563118301,-0.0210191529361105,-0.0208605134193714,-0.0206967387808184,-0.0205278253539103,-0.0203537645809732,-0.0201745427998647,-0.0199901410218892,-0.0198005347000188,-0.0196056934863299,-0.0194055809774172,-0.0192001544463891,-0.0189893645598898,-0.0187731550784128,-0.0185514625379828,-0.018324215911072,-0.0180913362443862,-0.0178527362708978,-0.0176083199932202,-0.0173579822350976,-0.0171016081574294,-0.0168390727348544,-0.0165702401884751,-0.0162949633698154,-0.0160130830905526,-0.0157244273919636,-0.0154288107473495,-0.0151260331899627,-0.0148158793581428,-0.0144981174484698,-0.0141724980667627,-0.0138387529656798,-0.0134965936565161,-0.0131457098815364,-0.0127857679318331,-0.012416408794255,-0.012037246109417,-0.0116478639211867,-0.0112478141963477,-0.0108366140913929,-0.010413742941602,-0.00997863894575553,-0.00953069551804071,-0.00906925727697836,-0.00859361563957735,-0.00810300398748266,-0.00759659237069791,-0.0070734817136302,-0.00653269748784584,-0.00597318281617106,-0.00539379097379765,-0.0047932772540449,-0.00417029016962508,-0.00352336196491847,-0.00285089842120089,-0.0021511679453315,-0.00142228994350934,-0.000662222495793893,0.000131250635328162,0.00096053360740463,0.00182823263027167,0.00273717051523805,0.00369040149071955,0.00469122608955566,0.00574320586162265,0.00685017760583015,0.00801626674768423,0.00924589941206572,0.0105438126557484,0.0119150622309225,0.0133650271506257,0.014899410221269,0.0165242335990759,0.0182458283200643,0.0200708166524017,0.0220060860323514,0.024058753279149,0.0262361177504628,0.028545602110907,0.0309946794554424,0.0335907856727618,0.0363412161668837,0.0392530063936556,0.0423327961262306,0.045586677949451,0.0490200312008472,0.0526373434201216,0.0564420223224524,0.0604362023424852,0.0646205508583301,0.0689940802345085,0.0735539727403516,0.0782954261144971,0.0832115279593442,0.0882931671665663,0.0935289901142821,0.0989054083819867,0.104406663182026,0.110014949634957,0.115710601502641,0.121472334172986,0.127277540745781,0.133102633214298,0.1389234181979,0.144715494670063,0.150454659819621,0.156117308697722,0.161680813682358,0.167123871000875,0.172426803478767,0.177571811160227,0.18254316426279,0.187327335860542,0.191913074522782,0.196291419682708,0.200455664633713,0.204401273661639,0.208125760885474,0.211628538909896,0.214910745442267,0.217975055672322,0.220825487547562,0.223467206197429,0.225906332756026,0.228149761786343,0.230204990483642,0.232079961880802,0.233782923426785,0.235322301580019,0.236706592458253,0.237944268113308,0.239043697644609,0.240013082116463,0.240860402086045,0.241593376466097,0.242219431423393,0.242745678037067,0.243178897497488,0.243525532706147,0.243791685231087,0.243983116674102,0.244105253609644,0.244163195357369,0.244161723947584,0.244105315729698,0.243998154157034,0.243844143356497,0.243646922158431,0.243409878320878,0.243136162733632,0.242828703431632,0,-0.0226257466485735,-0.0228790121310954,-0.0230952677315152,-0.0232883572176553,-0.0234631661247655,-0.0236221859669197,-0.0237670510383616,-0.0238989846343748,-0.0240189614616056,-0.0241277838727391,-0.0242261259299949,-0.024314562183868,-0.0243935877213985,-0.0244636327225257,-0.0245250734085168,-0.0245782405581864,-0.0246234263400745,-0.0246608899379505,-0.0246908622751208,-0.0247135500353577,-0.0247291391119333,-0.0247377975759335,-0.0247396782307478,-0.0247349208049436,-0.0247236538266721,-0.0247059962168592,-0.0246820586342885,-0.0246519446024521,-0.0246157514452887,-0.0245735710564123,-0.0245254905240606,-0.0244715926317271,-0.024411956252273,-0.024346656651271,-0.0242757657134125,-0.0241993521040358,-0.0241174813762077,-0.0240302160323187,-0.0239376155478313,-0.0238397363636465,-0.0237366318525149,-0.023628352264009,-0.0235149446517836,-0.0233964527861555,-0.0232729170544465,-0.0231443743510171,-0.0230108579584779,-0.0228723974211892,-0.022729018411832,-0.0225807425915552,-0.0224275874639607,-0.0222695662229766,-0.0221066875944833,-0.021938955671393,-0.0217663697417298,-0.0215889241091226,-0.0214066079049891,-0.0212194048915624,-0.0210272932547873,-0.020830245385981,-0.020628227651024,-0.0204212001457014,-0.0202091164356643,-0.0199919232793167,-0.0197695603317493,-0.0195419598276403,-0.0193090462408232,-0.0190707359179671,-0.0188269366835419,-0.018577547412926,-0.0183224575701704,-0.0180615467065397,-0.0177946839155252,-0.0175217272395339,-0.0172425230229286,-0.0169569052054932,-0.0166646945497398,-0.0163656977947466,-0.0160597067284096,-0.0157464971691139,-0.0154258278468625,-0.0150974391728496,-0.0147610518853242,-0.014416365558353,-0.0140630569587629,-0.013700778235121,-0.013329154921098,-0.0129477837339597,-0.0125562301472609,-0.0121540257150734,-0.0117406651232977,-0.0113156029417987,-0.0108782500493067,-0.0104279697012715,-0.00996407320920057,-0.00948581519850891,-0.00899238841064155,-0.00848291801427934,-0.0079564553899229,-0.00741197135219676,-0.0068483487749815,-0.00626437458615293,-0.00565873110149985,-0.00502998667156127,-0.00437658562096325,-0.00369683746768284,-0.00298890541991354,-0.00225079416128381,-0.00148033695158785,-0.000675182090461343,0.000167221183822945,0.00104963725842306,0.00197505903522563,0.0029467229656658,0.00396812400216015,0.00504303018029399,0.00617549648069455,0.00736987754571185,0.00863083874353728,0.00996336498152293,0.0113727665720214,0.0128646813495424,0.014445072129759,0.0161202184923228,0.0178967017652721,0.0197813819952864,0.0217813656130901,0.0239039624567507,0.0261566308091636,0.0285469091531649,0.0310823334634874,0.0337703390550467,0.0366181463076908,0.0396326300030109,0.0428201725503881,0.0461865020530333,0.0497365169683031,0.0534741000373214,0.0574019251708557,0.0615212620400168,0.0658317841736456,0.0703313873350296,0.0750160257510801,0.079879574300893,0.0849137249404591,0.0901079253581631,0.0954493670547132,0.100923028687763,0.106511778626531,0.112196538287947,0.117956505090349,0.123769430930326,0.129611949167995,0.135459940420316,0.141288925231835,0.147074470109699,0.152792592615353,0.158420151270123,0.163935206949096,0.169317344123067,0.17454794261141,0.179610393231541,0.184490253651,0.189175343645033,0.193655781637723,0.19792396670042,0.201974511990354,0.205804136881145,0.209411525762327,0.212797161705643,0.21596314298148,0.218912989848049,0.221651448224743,0.224184295893471,0.226518155832363,0.228660320245793,0.230618587868153,0.232401116224961,0.234016289757476,0.235472604067381,0.236778566017127,0.237942609022919,0.238973022589642,0.239877894945868,0.24066506752704,0.241342100010543,0.241916244613067,0.242394428405566,0.242783242472892,0.243088936834559,0.243317420142365,0.243474263274031,0.243564706044949,0.243593666359476,0.243565751216719,0.243485269071997,0.243356243133508,0.243182425243766,0.242967310057355,0.24271414928066,0,-0.0242444891709916,-0.0244519664636631,-0.0246399178355601,-0.0248151002626549,-0.0249781165185458,-0.0251289250386476,-0.025267660351793,-0.0253946531037665,-0.025510343548105,-0.0256152129426912,-0.0257097428306549,-0.025794393645778,-0.0258695946880566,-0.0259357404226941,-0.0259931902111767,-0.0260422698617127,-0.0260832740951129,-0.0261164694103253,-0.026142097050038,-0.0261603758912937,-0.0261715051607092,-0.0261756669203225,-0.0261730282997155,-0.0261637434691691,-0.0261479553608195,-0.0261257971523239,-0.0260973935318728,-0.0260628617654852,-0.0260223125880961,-0.0259758509394959,-0.0259235765650727,-0.0258655844998042,-0.0258019654522372,-0.0257328061034098,-0.0256581893339102,-0.0255781943905783,-0.0254928970027889,-0.0254023694568207,-0.0253066806355228,-0.0252058960293444,-0.0251000777237833,-0.0249892843674265,-0.0248735711239955,-0.024752989611148,-0.0246275878282293,-0.0244974100746795,-0.0243624968604006,-0.0242228848090323,-0.0240786065547947,-0.0239296906332994,-0.0237761613665183,-0.0236180387419111,-0.023455338285549,-0.0232880709289337,-0.0231162428690767,-0.0229398554212891,-0.02275890486402,-0.022573382274973,-0.0223832733576251,-0.0221885582571607,-0.0219892113647242,-0.0217852011087679,-0.0215764897321483,-0.0213630330534764,-0.0211447802110743,-0.0209216733877132,-0.0206936475141182,-0.0204606299490049,-0.0202225401331718,-0.0199792892149024,-0.0197307796436253,-0.0194769047284403,-0.0192175481577402,-0.0189525834757318,-0.0186818735111875,-0.0184052697532309,-0.0181226116683793,-0.0178337259524137,-0.0175384257099383,-0.017236509553698,-0.0169277606148642,-0.0166119454545465,-0.0162888128657609,-0.0159580925539623,-0.0156194936830322,-0.0152727032723128,-0.0149173844288734,-0.014553174397709,-0.0141796824109918,-0.0137964873158441,-0.0134031349583785,-0.012999135299976,-0.0125839592399752,-0.0121570351171357,-0.0117177448604759,-0.0112654197583897,-0.0107993358134009,-0.010318708648562,-0.00982268793045614,-0.00931035127309424,-0.00878069758686522,-0.00823263983721459,-0.00766499717909529,-0.00707648643564306,-0.00646571289322638,-0.00583116039028534,-0.00517118068452812,-0.00448398209246747,-0.00376761740737555,-0.00301997111698347,-0.00223874596118146,-0.0014214488931629,-0.000565376535526338,0.000332399743533739,0.00127504896897251,0.00226599570084651,0.00330893491343405,0.00440784628306741,0.00556700748527298,0.0067910060221646,0.0080847490128225,0.00945347028323492,0.0109027339895027,0.012438433900434,0.0140667873564076,0.0157943228146945,0.0176278597929823,0.0195744799399709,0.0216414879037493,0.0238363606462786,0.0261666838785921,0.028640074380846,0.0312640871397753,0.0340461064994843,0.0369932208949642,0.0401120812339845,0.0434087436201451,0.0468884978690405,0.0505556841520746,0.0544135010875043,0.0584638096500295,0.0627069383366382,0.0671414960388964,0.0717641999470745,0.0765697264553453,0.0815505933517197,0.0866970814686686,0.0919972033644805,0.0974367254542322,0.102999248306337,0.108666347609181,0.114417775689665,0.120231720581171,0.126085116685282,0.131953998269416,0.13781388461632,0.143640183796813,0.149408600935983,0.155095536583749,0.160678461405591,0.166136254822242,0.171449497320672,0.176600708750065,0.181574527789877,0.186357830708398,0.190939790310599,0.195311878429169,0.199467817315715,0.203403486766361,0.207116794746072,0.210607519682765,0.213877132545031,0.216928606378697,0.21976622025179,0.222395363640235,0.224822346266603,0.22705421735762,0.229098597274182,0.230963523534867,0.232657312429944,0.234188436723271,0.235565419369012,0.236796742724941,0.237890772414552,0.238855694762873,0.239699466590666,0.24042977608297,0.241054013435863,0.241579250016281,0.242012224831757,0.242359337190063,0.242626644524611,0.242819864463587,0.242944380324156,0.243005249314003,0.243007212818316,0.242954708239507,0.24285188193837,0.242702602898733,0.242510476802724,0,-0.0258676655461008,-0.026024566092075,-0.0261819658799666,-0.0263371136734639,-0.0264860842172594,-0.0266263673588621,-0.0267566751723582,-0.0268764945401672,-0.026985756141854,-0.0270846299871259,-0.0271734064316107,-0.0272524285756857,-0.0273220544514844,-0.0273826363574395,-0.0274345100988411,-0.0274779899756153,-0.0275133670971216,-0.0275409095919635,-0.0275608638528414,-0.0275734562952744,-0.0275788953143935,-0.0275773732510673,-0.0275690682584031,-0.0275541460101549,-0.0275327612244788,-0.0275050589963969,-0.0274711759444252,-0.0274312411837697,-0.0273853771420926,-0.0273337002352565,-0.0272763214204903,-0.0272133466436114,-0.0271448771956495,-0.0270710099927001,-0.0269918377912306,-0.0269074493494929,-0.0268179295442052,-0.0267233594502962,-0.026623816390275,-0.0265193739586952,-0.0264101020262282,-0.0262960667270285,-0.0261773304323669,-0.0260539517128956,-0.0259259852913975,-0.0257934819874345,-0.0256564886549448,-0.0255150481135321,-0.0253691990739275,-0.0252189760578921,-0.0250644093126419,-0.0249055247197188,-0.0247423436981001,-0.0245748831012191,-0.0244031551074625,-0.0242271671036184,-0.0240469215606541,-0.0238624159011166,-0.0236736423573628,-0.0234805878197333,-0.023283233673692,-0.023081555624851,-0.0228755235106924,-0.0226651010976737,-0.0224502458622754,-0.0222309087543935,-0.0220070339413173,-0.021778558530343,-0.0215454122678637,-0.0213075172125402,-0.0210647873798923,-0.0208171283553518,-0.0205644368724879,-0.0203066003527389,-0.0200434964025748,-0.0197749922635452,-0.0195009442101552,-0.019221196889939,-0.0189355825994669,-0.0186439204893203,-0.0183460156903006,-0.018041658352289,-0.0177306225862474,-0.0174126652988411,-0.0170875249080617,-0.0167549199270427,-0.0164145474019748,-0.0160660811886556,-0.0157091700507449,-0.0153434355612415,-0.0149684697870683,-0.0145838327349499,-0.0141890495350098,-0.0137836073367201,-0.0133669518900358,-0.0129384837827639,-0.0124975543035059,-0.0120434608979142,-0.0115754421845919,-0.0110926724958137,-0.0105942559074563,-0.0100792197222087,-0.00954650737043038,-0.00899497069409983,-0.00842336158134527,-0.00783032292229377,-0.00721437886169116,-0.00657392433022911,-0.00590721384512829,-0.00521234958166583,-0.0044872687314573,-0.00372973018091431,-0.00293730056496026,-0.0021073397774071,-0.0012369860510253,-0.000323140757957481,0.000637546874583481,0.00164869488676411,0.00271420324060143,0.00383826763236527,0.00502539201217273,0.00628039927472355,0.00760843949157505,0.00901499495455234,0.0105058811935536,0.0120872430227684,0.0137655445609633,0.0155475520691277,0.0174403083591357,0.019451097458637,0.0215873981804966,0.0238568252520287,0.0262670567239832,0.0288257465171145,0.0315404211911946,0.0344183603531765,0.0374664605716603,0.0406910832439204,0.0440978875734858,0.0476916506559339,0.0514760776220267,0.0554536058205231,0.0596252080920264,0.063990201227556,0.0685460666429838,0.0732882910423718,0.0782102352921358,0.0833030397880109,0.0885555741844372,0.0939544384120128,0.0994840204102405,0.105126613973751,0.110862597627324,0.116670672638847,0.122528155327624,0.128411315939858,0.134295753769051,0.140156796112114,0.145969907252705,0.151711093075981,0.157357287195395,0.162886705586021,0.168279158568543,0.173516311409814,0.178581887594481,0.183461811754035,0.188144292098316,0.192619844790725,0.196881264896465,0.200923550218796,0.204743785480419,0.208340994913002,0.211715971434257,0.214871090293599,0.217810114444938,0.220537998054504,0.22306069356456,0.225384966691852,0.227518222709821,0.229468346396887,0.231243557164784,0.232852280131801,0.234303033284623,0.2356043303786,0.236764598852031,0.237792111763499,0.238694932587702,0.239480871609239,0.240157452620225,0.240731888642192,0.241211065443094,0.241601531695375,0.241909494712214,0.242140820798908,0.24230103935936,0.242395349999591,0.242428631968112,0.242405455364802,0.242330093634444,0.24220653693759,0,-0.027480193572497,-0.0275872895824162,-0.0277146436661849,-0.0278491921187831,-0.0279828060054662,-0.0281108401502695,-0.0282308055354425,-0.0283414759867022,-0.0284423456167387,-0.0285333120364728,-0.0286144935564919,-0.0286861238446445,-0.0287484912300314,-0.0288019039243742,-0.0288466704400576,-0.0288830889942682,-0.0289114422442858,-0.0289319951685109,-0.0289449947689737,-0.0289506707859934,-0.028949236929447,-0.0289408923254113,-0.0289258229986458,-0.0289042032880798,-0.0288761971407783,-0.0288419592600168,-0.0288016361015694,-0.0287553667232146,-0.0287032834984892,-0.0286455127086271,-0.0285821750275622,-0.0285133859146306,-0.0284392559286702,-0.0283598909759253,-0.0282753925027258,-0.0281858576424559,-0.028091379324943,-0.0279920463551196,-0.0278879434666622,-0.027779151355304,-0.0276657466956374,-0.0275478021444709,-0.027425386333166,-0.0272985638508381,-0.0271673952198566,-0.0270319368646999,-0.0268922410749129,-0.026748355962653,-0.0266003254151002,-0.0264481890418288,-0.0262919821170909,-0.0261317355168426,-0.0259674756502338,-0.0257992243851972,-0.0256269989676893,-0.0254508119340635,-0.0252706710159863,-0.0250865790372412,-0.0248985338016923,-0.0247065279716151,-0.024510548935517,-0.0243105786644967,-0.0241065935560913,-0.0238985642644656,-0.0236864555156809,-0.023470225906653,-0.0232498276862674,-0.023025206516957,-0.0227963012148653,-0.0225630434665128,-0.0223253575196556,-0.0220831598457638,-0.0218363587712563,-0.0215848540743065,-0.0213285365436618,-0.0210672874955209,-0.0208009782440522,-0.0205294695206363,-0.0202526108363531,-0.0199702397816161,-0.0196821812561694,-0.0193882466219099,-0.01908823277017,-0.0187819210941863,-0.0184690763564938,-0.0181494454399058,-0.0178227559695792,-0.0174887147924044,-0.0171470062986158,-0.0167972905690776,-0.0164392013301787,-0.0160723436966595,-0.0156962916810177,-0.015310585446402,-0.0149147282781223,-0.0145081832471068,-0.0140903695368561,-0.0136606584037079,-0.0132183687385967,-0.0127627621970201,-0.0122930378626921,-0.0118083264094455,-0.0113076837254767,-0.0107900839641052,-0.0102544119860277,-0.00969945515975215,-0.00912389448971493,-0.00852629504577598,-0.00790509567362985,-0.00725859797351242,-0.00658495454479996,-0.00588215650712563,-0.00514802032496835,-0.00438017398283723,-0.00357604258277616,-0.0027328334655816,-0.00184752099253356,-0.00091683116626828,6.27736816517857e-05,0.001095109852268,0.00218428654075288,0.00333471897533121,0.00455113992877606,0.00583860900700301,0.00720251902094361,0.00864859864328018,0.0101829104430399,0.0118118432818052,0.0135420979500049,0.0153806648265074,0.0173347922673446,0.0194119443794991,0.0216197468248337,0.0239659193407959,0.0264581937733761,0.0291042166097866,0.031911435289356,0.0348869679758627,0.0380374570046206,0.041368906879611,0.0448865084886607,0.0485944521165886,0.0524957328428276,0.0565919529715537,0.0608831272026369,0.0653674972384177,0.0700413633480903,0.0748989409828596,0.0799322507536712,0.0851310498598744,0.0904828123219318,0.0959727640863532,0.101583977241437,0.107297525264162,0.113092698521649,0.118947276335428,0.124837848983291,0.130740180283952,0.136629599105529,0.142481406456419,0.148271283904118,0.153975689005027,0.159572224220346,0.165039967366892,0.170359753865991,0.175514403717644,0.180488889022408,0.185270440778816,0.189848596398225,0.194215191738227,0.198364303345299,0.202292147955574,0.205996947118364,0.209478765112449,0.212739328184762,0.215781832640258,0.218610748544975,0.221231624865463,0.223650900842762,0.225875727360725,0.227913801074175,0.22977321315335,0.231462313703771,0.232989592248455,0.23436357411505,0.235592732149079,0.236685412865608,0.237649775941582,0.238493745824728,0.239224974176863,0.239850811865218,0.240378289251705,0.240814103595478,0.241164612469033,0.241435832184465,0.2416334403283,0.241762781605624,0.241828876293763,0.241836430699972,0.241789849104945,0,-0.0290673359889828,-0.0291310890941302,-0.0292313801456746,-0.0293461152487359,-0.0294638810169177,-0.0295784727378674,-0.0296865409998016,-0.0297863428534756,-0.0298770472233199,-0.0299583414921432,-0.0300302056078176,-0.0300927809564959,-0.0301462937251608,-0.030191010081436,-0.0302272101814871,-0.0302551734292562,-0.0302751704905694,-0.030287459352809,-0.0302922837781744,-0.0302898731358179,-0.0302804429885582,-0.0302641960522308,-0.0302413232975378,-0.0302120050597715,-0.0301764120817831,-0.0301347064529698,-0.0300870424299561,-0.0300335671382605,-0.0299744211619015,-0.0299097390317939,-0.0298396496253409,-0.029764276489757,-0.0296837381009817,-0.0295981480689301,-0.0295076152985387,-0.0294122441147409,-0.0293121343582354,-0.0292073814577549,-0.0290980764834989,-0.0289843061854942,-0.028866153019873,-0.0287436951653964,-0.0286170065320087,-0.0284861567627492,-0.0283512112299736,-0.0282122310265343,-0.028069272952319,-0.0279223894963475,-0.0277716288144655,-0.0276170347025421,-0.0274586465649753,-0.0272964993782211,-0.02713062364899,-0.0269610453666958,-0.0267877859496848,-0.0266108621847257,-0.026430286159193,-0.0262460651853262,-0.0260582017159014,-0.0258666932505931,-0.0256715322322498,-0.0254727059322368,-0.0252701963239283,-0.0250639799433459,-0.0248540277358447,-0.0246403048876423,-0.0244227706408601,-0.0242013780906121,-0.0239760739625145,-0.0237467983688156,-0.0235134845411429,-0.0232760585376404,-0.0230344389220143,-0.0227885364117213,-0.0225382534922144,-0.0222834839938048,-0.0220241126272988,-0.021760014474128,-0.0214910544261937,-0.0212170865701019,-0.0209379535098586,-0.0206534856214258,-0.0203635002318022,-0.0200678007144837,-0.0197661754922725,-0.0194583969374375,-0.0191442201581769,-0.0188233816591967,-0.0184955978629879,-0.0181605634770687,-0.0178179496910488,-0.017467402185875,-0.0171085389360414,-0.0167409477838925,-0.0163641837634347,-0.0159777661493058,-0.0155811752047712,-0.0151738486008259,-0.0147551774767428,-0.0143245021107443,-0.0138811071679551,-0.0134242164914852,-0.0129529874014702,-0.0124665044662752,-0.011963772709959,-0.0114437102206438,-0.0109051401258263,-0.0103467819030765,-0.00976724199826744,-0.00916500372871241,-0.00853841645568794,-0.00788568402015451,-0.0072048524474602,-0.00649379694190143,-0.00575020821073156,-0.0049715781801316,-0.0041551851933999,-0.00329807881484403,-0.00239706440224188,-0.00144868765696579,-0.000449219414577763,0.000605358999526755,0.00171936945459399,0.0028974492653282,0.00414456144774773,0.00546600232323843,0.00686740571156034,0.008354742846234,0.00993431703637708,0.0116127519917781,0.0133969726282846,0.0152941770855785,0.0173117986280329,0.0194574560723957,0.0217388914062025,0.0241638933423985,0.0267402057141786,0.0294754198654933,0.0323768505522671,0.0354513953501289,0.0387053781750542,0.0421443782658399,0.0457730468445155,0.0495949146434067,0.0536121945319835,0.0578255845432025,0.0622340776217066,0.0668347853139253,0.0716227833004841,0.0765909870371204,0.081730065728172,0.0870284023282555,0.0924721062015657,0.0980450834515946,0.103729167802335,0.109504312353784,0.115348839690736,0.121239744879825,0.12715304306043,0.133064150844,0.138948288791695,0.144780891010735,0.150538007503939,0.156196685359976,0.161735316140924,0.167133938794141,0.1723744899146,0.177440996002439,0.182319705277009,0.186999159412357,0.191470208070397,0.195725971192196,0.199761755581994,0.203574933351921,0.207164790303199,0.210532352354402,0.213680197766716,0.216612262251543,0.219333643171868,0.221850408054824,0.224169411597125,0.226298124330981,0.228244475173464,0.230016709239356,0.23162326157459,0.233072646871604,0.234373364757163,0.23553381988922,0.236562255849733,0.237466701660407,0.238254929662891,0.238934423479005,0.239512354786551,0.239995567699847,0.24039056962103,0.240703527519803,0.240940268698738,0.241106285203233,0.241206741135707,0.241246482229893,0,-0.0306164697817538,-0.0306480752504663,-0.0307261622907496,-0.0308228696884179,-0.0309249201290131,-0.0310253037223049,-0.0311202316313098,-0.0312076829134615,-0.03128663765197,-0.0313566507228524,-0.031417607414533,-0.031469580599458,-0.0315127463516755,-0.0315473339263639,-0.0315735962506784,-0.0315917927798982,-0.03160217984104,-0.0316050055015833,-0.0316005071460002,-0.0315889106389699,-0.0315704303833783,-0.0315452698486103,-0.0315136223123491,-0.0314756716644982,-0.0314315931879034,-0.0313815542715868,-0.0313257150372512,-0.0312642288746677,-0.0311972428899345,-0.0311248982749048,-0.0310473306078869,-0.0309646700960279,-0.0308770417692508,-0.0307845656346368,-0.0306873567989804,-0.0305855255660554,-0.0304791775139962,-0.030368413557171,-0.0302533299960231,-0.03013401855758,-0.0300105664286792,-0.0298830562834197,-0.0297515663059072,-0.0296161702090019,-0.0294769372494973,-0.0293339322399308,-0.0291872155570509,-0.0290368431468326,-0.0288828665258251,-0.0287253327785358,-0.0285642845504964,-0.028399760036605,-0.028231792964303,-0.0280604125711155,-0.0278856435760522,-0.0277075061443449,-0.0275260158449675,-0.0273411836003569,-0.0271530156277218,-0.0269615133712873,-0.0267666734247812,-0.026568487443418,-0.0263669420445751,-0.026162018696291,-0.0259536935926344,-0.0257419375149018,-0.025526715677499,-0.025307987557242,-0.0250857067046787,-0.0248598205358765,-0.0246302701029521,-0.02439698984142,-0.0241599072922168,-0.0239189427960099,-0.0236740091571218,-0.023425011274087,-0.0231718457335116,-0.0229144003635154,-0.0226525537426035,-0.0223861746593317,-0.0221151215175967,-0.0218392416817903,-0.0215583707554036,-0.0212723317859503,-0.0209809343882874,-0.0206839737775472,-0.0203812297019547,-0.0200724652647746,-0.0197574256235237,-0.0194358365533836,-0.0191074028604593,-0.0187718066291532,-0.0184287052864551,-0.0180777294644043,-0.0177184806403539,-0.0173505285329774,-0.0169734082302186,-0.0165866170236134,-0.0161896109216346,-0.0157818008129615,-0.015362548248895,-0.0149311608125786,-0.0144868870413105,-0.0140289108671163,-0.0135563455399973,-0.0130682269979809,-0.0125635066484174,-0.0120410435260529,-0.0114995957954497,-0.0109378115685442,-0.0103542190127948,-0.00974721573176802,-0.00911505740849887,-0.00845584571292566,-0.00776751548858916,-0.0070478212511022,-0.00629432305218552,-0.00550437178893245,-0.0046750940690488,-0.00380337677978865,-0.00288585155185125,-0.0019188793602801,-0.000898535563016035,0.000179404255315794,0.00131947719125684,0.00252654415469196,0.00380579860559464,0.00516277217578823,0.00660333635064206,0.00813369927686059,0.00976039665414097,0.0114902755654001,0.0133304700089702,0.0152883668248312,0.0173715606656281,0.0195877966638471,0.0219448995027551,0.0244506877256245,0.0271128723311945,0.0299389390188755,0.0329360138788734,0.0361107128807606,0.0394689762039226,0.043015889271446,0.0467554932811351,0.050690589045782,0.0548225390164719,0.0591510734081494,0.0636741073007568,0.0683875763639389,0.0732852993528544,0.0783588756515064,0.0835976258130084,0.0889885822002311,0.0945165354361969,0.100164140446779,0.105912083485504,0.111739308791469,0.117623300614644,0.12354041345204,0.129466240695024,0.135376009708217,0.141244989830162,0.147048899039333,0.15276429513155,0.158368938195503,0.163842112865546,0.169164901125196,0.174320399135111,0.179293874447837,0.184072862831884,0.188647206566777,0.193009038334998,0.197152716622269,0.201074719792554,0.204773506725502,0.208249352129758,0.211504164443449,0.214541293689757,0.217365335864222,0.219981939483242,0.222397618902775,0.224619577992231,0.226655546774823,0.228513632760899,0.230202187928772,0.231729691659884,0.233104649413457,0.234335506524124,0.235430576213802,0.23639798071237,0.237245604265706,0.2379810567591,0.238611646685027,0.239144362223746,0.239585859272262,0.239942455342454,0.2402201283451,0.240424519377177,0.240560938730694,0,-0.0321185741014397,-0.0321320312768181,-0.0321937961673565,-0.0322748144376313,-0.0323616644583404,-0.0324473721460032,-0.0325281614806828,-0.0326019875817091,-0.0326677875189061,-0.0327250679749805,-0.0327736680581966,-0.0328136194194964,-0.0328450626915912,-0.0328681973678182,-0.0328832518489095,-0.0328904657611112,-0.0328900797633804,-0.0328823299118537,-0.0328674447705223,-0.0328456441458908,-0.0328171387514598,-0.032782130375853,-0.0327408122967803,-0.0326933697887725,-0.0326399806386812,-0.0325808156237588,-0.0325160389318711,-0.0324458085179375,-0.0323702763988039,-0.0322895888928727,-0.0322038868125081,-0.0321133056175075,-0.0320179755374118,-0.0319180216695261,-0.0318135640584692,-0.0317047177620162,-0.0315915929070144,-0.0314742947382811,-0.031352923662646,-0.0312275752896757,-0.0310983404701093,-0.0309653053326284,-0.0308285513192614,-0.0306881552194803,-0.0305441892028605,-0.0303967208500372,-0.0302458131815968,-0.030091524684472,-0.0299339093353662,-0.0297730166207041,-0.0296088915525917,-0.0294415746802584,-0.0292711020964525,-0.02909750543826,-0.0289208118818156,-0.0287410441303709,-0.0285582203951792,-0.0283723543686464,-0.0281834551891815,-0.0279915273971562,-0.0277965708813591,-0.0275985808152879,-0.0273975475825816,-0.0271934566908394,-0.0269862886730085,-0.0267760189754465,-0.0265626178316784,-0.0263460501207639,-0.0261262752090786,-0.0259032467741758,-0.0256769126092499,-0.0254472144065485,-0.0252140875178922,-0.0249774606902399,-0.0247372557740002,-0.0244933874015124,-0.0242457626328169,-0.0239942805654966,-0.0237388319049864,-0.023479298491328,-0.0232155527778772,-0.0229474572569484,-0.0226748638268059,-0.0223976130937755,-0.0221155336025503,-0.0218284409869954,-0.0215361370329137,-0.0212384086433203,-0.0209350266957671,-0.0206257447801837,-0.0203102978045239,-0.0199884004542534,-0.0196597454903672,-0.0193240018691916,-0.0189808126657121,-0.0186297927805725,-0.0182705264092315,-0.017902564250047,-0.0175254204263068,-0.0171385690954548,-0.016741440717017,-0.0163334179490329,-0.0159138311412075,-0.0154819533915681,-0.015036995132212,-0.0145780982088557,-0.0141043294184466,-0.013614673469202,-0.0131080253282475,-0.0125831819237166,-0.0120388331709525,-0.0114735522965689,-0.0108857854398602,-0.0102738405187316,-0.00963587535731942,-0.008969885085215,-0.00827368883417124,-0.00754491577788252,-0.00678099058447357,-0.00597911838032759,-0.00513626935849387,-0.00424916320581271,-0.00331425357075208,-0.0023277128493908,-0.00128541763054225,-0.000182935213065066,0.000984488310909526,0.00222193782400378,0.00353483612321192,0.00492894724821212,0.0064103753079566,0.00798555780648219,0.00966125236348691,0.0114445156288981,0.0133426731108825,0.0153632785827981,0.0175140617176034,0.0198028626311757,0.0222375521133483,0.0248259365027914,0.0275756464348772,0.0304940090750998,0.0335879039565158,0.0368636031753689,0.0403265974647388,0.0439814105521125,0.0478314051912304,0.0518785853047928,0.056123399730001,0.0605645540547922,0.0651988378861512,0.070020975510234,0.0750235081911873,0.0801967162214878,0.0855285882084946,0.0910048439158962,0.096609015271265,0.102322587947174,0.108125203321195,0.113994917767991,0.119908513324511,0.125841851012106,0.131770255716799,0.13766891972038,0.143513310897312,0.149279571339974,0.154944892768515,0.160487856466165,0.165888727531846,0.171129695781704,0.176195058449922,0.181071342718866,0.185747368845945,0.190214257079005,0.194465383539187,0.198496291726429,0.202304567245472,0.205889683780579,0.209252828321189,0.212396713237448,0.215325382114885,0.218044015374114,0.220558740710918,0.222876452369382,0.225004642266362,0.226951245064253,0.228724498470615,0.230332819344385,0.231784695614675,0.233088593566847,0.234252879712897,0.235285756226663,0.236195208774551,0.236988965494367,0.237674465853934,0.238258838144143,0.23874888441617,0.239151071749773,0.239471528830585,0.239716046912597,0,-0.0335690873447081,-0.033578676978706,-0.0336300421825439,-0.0336977778799334,-0.0337700661966534,-0.0338407881513247,-0.0339066112901797,-0.0339657079813917,-0.0340171117932819,-0.0340603629762112,-0.0340953023198978,-0.03412194785555,-0.0341404201658412,-0.0341508970059702,-0.0341535858537834,-0.0341487074940728,-0.0341364863945118,-0.0341171452397415,-0.0340909019827272,-0.0340579683915989,-0.0340185494589468,-0.0339728432854497,-0.0339210412039584,-0.0338633280068852,-0.0337998821998955,-0.0337308762417377,-0.0336564767521025,-0.033576844682128,-0.0334921354490845,-0.0334024990401314,-0.0333080800912828,-0.0332090179477618,-0.0331054467113322,-0.0329974952793255,-0.032885287379125,-0.03276894160096,-0.0326485714310409,-0.0325242852863722,-0.0323961865520072,-0.0322643736210533,-0.0321289399373878,-0.0319899740407814,-0.0318475596139438,-0.0317017755308743,-0.0315526959058256,-0.0314003901421447,-0.0312449229802368,-0.0310863545439074,-0.0309247403843489,-0.0307601315210694,-0.0305925744790863,-0.0304221113217452,-0.0302487796785483,-0.0300726127674117,-0.0298936394107892,-0.0297118840451233,-0.0295273667230937,-0.029340103108144,-0.0291501044607621,-0.028957377615986,-0.0287619249515879,-0.028563744346367,-0.028362829127947,-0.0281591680094333,-0.0279527450142329,-0.0277435393882763,-0.0275315254988071,-0.0273166727188203,-0.0270989452961297,-0.0268783022059296,-0.0266546969855893,-0.026428077550267,-0.0261983859877679,-0.0259655583308785,-0.0257295243051995,-0.0254902070502628,-0.0252475228114493,-0.0250013805999299,-0.0247516818175138,-0.0244983198429258,-0.0242411795756132,-0.0239801369327324,-0.0237150582944531,-0.023445799892161,-0.0231722071335187,-0.0228941138576631,-0.0226113415130742,-0.0223236982498258,-0.0220309779170389,-0.0217329589553864,-0.0214294031734406,-0.0211200543955185,-0.0208046369674533,-0.0204828541054072,-0.0201543860714445,-0.0198188881580984,-0.0194759884626089,-0.0191252854298774,-0.018766345141496,-0.0183986983264821,-0.0180218370675943,-0.0176352111753668,-0.0172382242002929,-0.016830229051976,-0.0164105231925864,-0.0159783433706964,-0.0155328598605808,-0.0150731701714776,-0.0145982921912095,-0.0141071567291208,-0.0135985994246448,-0.0130713519901879,-0.0125240327606186,-0.0119551365267601,-0.0113630236371973,-0.0107459083617983,-0.0101018465219928,-0.00942872240752669,-0.00872423501760263,-0.00798588368660352,-0.00721095318156161,-0.00639649839084048,-0.00553932876179819,-0.00463599269017231,-0.00368276211621431,-0.00267561764277131,-0.00161023455900934,-0.000481970230531131,0.000714146597805405,0.00198342394649888,0.00333151145306109,0.00476440108464952,0.00628842275747225,0.00791023380202848,0.0096368011131257,0.0114753747368676,0.0134334515819438,0.0155187279099154,0.0177390392709565,0.0201022866215258,0.0226163475037937,0.0252889713990096,0.0281276587035214,0.031139523230075,0.034331138717706,0.0377083705442731,0.0412761946710994,0.04503850679265,0.0489979256853484,0.0531555958027699,0.0575109951876985,0.0620617556880404,0.0668035031846224,0.071729725969596,0.0768316794616155,0.0820983350276504,0.0875163797446495,0.093070272456262,0.0987423594846543,0.104513050920564,0.110361055663262,0.116263670488721,0.122197115594102,0.128136906518117,0.13405825027878,0.139936452178053,0.145747319118366,0.151467545511109,0.157075068908806,0.162549384265091,0.167871808064112,0.173025686266511,0.177996542877588,0.182772168744391,0.187342652747785,0.191700359728897,0.1958398611819,0.199757825912935,0.203452878511105,0.206925433643565,0.210177513942316,0.213212558681501,0.216035229642739,0.218651219621475,0.22106706801926,0.223289986961764,0.225327700431348,0.227188298042403,0.228880104339226,0.230411563870433,0.231791141791314,0.233027239360052,0.234128123414387,0.235101868728575,0.235956312041578,0.236699016501777,0.23733724527724,0.237877943121376,0.238327724750988,0.238692868978201,0,-0.0349679864697288,-0.0349856444314487,-0.0350316153855392,-0.0350880833202622,-0.0351463298346298,-0.035201781356704,-0.0352519087326653,-0.0352953042075088,-0.0353312167071164,-0.0353592909103287,-0.035379411556167,-0.0353916079650962,-0.0353959949613208,-0.0353927363582901,-0.0353820225555712,-0.0353640569629257,-0.0353390479167011,-0.03530720397986,-0.0352687312960396,-0.0352238321647883,-0.0351727043217895,-0.0351155406090828,-0.0350525288473417,-0.0349838518017001,-0.0349096871815741,-0.0348302076444564,-0.034745580790923,-0.0346559691477009,-0.0345615301405581,-0.0344624160608994,-0.034358774030466,-0.0342507459682017,-0.0341384685626099,-0.0340220732520551,-0.033901686214605,-0.0337774283682544,-0.0336494153817294,-0.0335177576955739,-0.0333825605528361,-0.033243924038406,-0.0331019431258749,-0.0329567077306854,-0.0328083027682939,-0.0326568082160679,-0.0325022991776697,-0.0323448459487336,-0.0321845140827092,-0.03202136445582,-0.0318554533301666,-0.0316868324140794,-0.0315155489189039,-0.0313416456114688,-0.0311651608615528,-0.0309861286837191,-0.0308045787729373,-0.0306205365334478,-0.030434023100359,-0.0302450553534823,-0.0300536459229324,-0.0298598031860142,-0.0296635312549213,-0.029464829954752,-0.0292636947913294,-0.0290601169082787,-0.0288540830327738,-0.028645575409314,-0.0284345717208295,-0.0282210449963408,-0.0280049635043137,-0.0277862906307498,-0.0275649847409439,-0.0273409990237082,-0.0271142813167212,-0.0268847739114922,-0.0266524133362511,-0.0264171301148633,-0.0261788484996379,-0.0259374861756394,-0.0256929539338179,-0.0254451553099538,-0.0251939861860484,-0.0249393343503919,-0.0246810790120957,-0.0244190902653807,-0.0241532284983709,-0.0238833437405384,-0.0236092749422855,-0.0233308491794216,-0.0230478807745014,-0.0227601703261182,-0.0224675036363047,-0.022169650525167,-0.0218663635207725,-0.0215573764111156,-0.0212424026437124,-0.0209211335570079,-0.0205932364263355,-0.0202583523056446,-0.019916093644613,-0.0195660416591088,-0.0192077434312597,-0.0188407087136573,-0.0184644064104949,-0.0180782607067288,-0.0176816468147264,-0.0172738863063473,-0.0168542419970757,-0.0164219123477467,-0.0159760253486846,-0.0155156318507994,-0.015039698308511,-0.0145470989004257,-0.0140366069956827,-0.0135068859370118,-0.0129564791160634,-0.0123837993227717,-0.0117871173587263,-0.0111645499151358,-0.0105140467294048,-0.0098333770510898,-0.00912011546858668,-0.00837162717291787,-0.00758505276504832,-0.00675729274893144,-0.00588499189462636,-0.00496452370499632,-0.00399197527628924,-0.00296313290781032,-0.00187346888924728,-0.000718129976057446,0.000508071846630397,0.0018106656137244,0.00319552384227978,0.00466886029787728,0.00623722204997471,0.00790747469815951,0.00968677955892207,0.0115825615284748,0.0136024662907944,0.0157543055328345,0.0180459888738439,0.0204854413274662,0.023080505309193,0.0258388264931607,0.0287677232252808,0.0318740397253297,0.0351639839648415,0.0386429518888719,0.0423153405462393,0.0461843536803681,0.0502518043723831,0.0545179203648054,0.0589811586577987,0.0636380367767926,0.068482988668218,0.07350825339512,0.0787038045904933,0.0840573279161034,0.0895542525316265,0.0951778408075359,0.10090933826839,0.106728183135801,0.112612272005496,0.118538275331952,0.124481993720136,0.130418743750545,0.136323760381327,0.142172602024979,0.147941544269228,0.153607948911418,0.159150596438492,0.164549972180083,0.169788498910808,0.174850711471608,0.179723371806446,0.184395525474058,0.188858503033212,0.193105871598353,0.197133343254889,0.200938647892946,0.204521378390381,0.207882816008015,0.211025743431423,0.213954252193663,0.216673550332207,0.219189775154808,0.221509814984961,0.22364114278571,0.225591663663147,0.22736957745608,0.228983256941179,0.230441141628315,0.231751646685464,0.232923086207701,0.233963609818056,0.234881151445162,0.235683389049124,0.236377714048745,0.236971209227293,0.237470633948961,0,-0.0363189176656854,-0.0363521783418624,-0.0363960603534588,-0.0364425088866312,-0.0364869165768126,-0.0365267278603625,-0.0365604660494783,-0.036587287126311,-0.03660674224598,-0.0366186337769201,-0.0366229230160547,-0.0366196702931794,-0.0366089963279175,-0.0365910576151833,-0.0365660309837647,-0.0365341040639436,-0.0364954694957292,-0.036450321459293,-0.0363988536153319,-0.0363412578793249,-0.0362777236735952,-0.0362084374427055,-0.036133582307359,-0.036053337787566,-0.0359678795594384,-0.035877379229559,-0.0357820041217111,-0.0356819170762272,-0.0355772762645386,-0.0354682350220314,-0.0353549417019215,-0.03523753955205,-0.0351161666155743,-0.0349909556556607,-0.0348620341035333,-0.034729524028646,-0.0345935421293105,-0.0344541997418201,-0.0343116028659396,-0.0341658522045587,-0.0340170432153075,-0.033865266171995,-0.0337106062338315,-0.0335531435205189,-0.0333929531914409,-0.0332301055273283,-0.033064666012928,-0.0328966954193494,-0.032726249884899,-0.0325533809933433,-0.0323781358486588,-0.0322005571454298,-0.0320206832341519,-0.0318385481807777,-0.0316541818199096,-0.0314676098011037,-0.0312788536277916,-0.0310879306883648,-0.0308948542789888,-0.0306996336177292,-0.030502273849576,-0.0303027760419502,-0.0301011371702579,-0.0298973500930401,-0.0296914035162281,-0.0294832819459761,-0.0292729656294889,-0.0290604304832003,-0.0288456480075866,-0.0286285851878108,-0.0284092043792998,-0.0281874631772431,-0.0279633142688757,-0.0277367052672656,-0.0275075785251651,-0.0272758709273058,-0.0270415136593111,-0.0268044319511779,-0.026564544793021,-0.0263217646204936,-0.0260759969669798,-0.0258271400793061,-0.0255750844933257,-0.0253197125653003,-0.025060897954523,-0.0247985050520974,-0.0245323883502047,-0.0242623917455496,-0.0239883477699693,-0.0237100767404212,-0.023427385819721,-0.023140067978486,-0.0228479008477467,-0.02255064545061,-0.0222480448002024,-0.0219398223498776,-0.0216256802803455,-0.0213052976069725,-0.0209783280890141,-0.0206443979209803,-0.0203031031847144,-0.0199540070390858,-0.0195966366224994,-0.0192304796416996,-0.0188549806186538,-0.018469536765658,-0.0180734934572653,-0.0176661392662591,-0.017246700529737,-0.0168143354105312,-0.016368127418762,-0.0159070783584287,-0.0154301006647239,-0.0149360090993958,-0.0144235117741637,-0.0138912004761639,-0.0133375402749271,-0.0127608583977851,-0.0121593323702322,-0.0115309774300287,-0.0108736332391974,-0.0101849499370291,-0.00946237360034728,-0.0087031312051832,-0.00790421521732793,-0.00706236797860372,-0.00617406610180277,-0.00523550514068524,-0.00424258486275018,-0.00319089552208557,-0.00207570560763649,-0.000891951628552629,0.000365769407704341,0.00170320406828428,0.0031264422576,0.00464191170164302,0.00625636608153634,0.0079768656473593,0.00981074906157073,0.0117655951632068,0.0138491733199722,0.0160693810576926,0.018434167739219,0.0209514432227506,0.0236289706780275,0.0264742430925286,0.0294943434710572,0.0326957893290965,0.0360843628048126,0.0396649285593913,0.0434412425818045,0.0474157560296992,0.0515894192751356,0.0559614923190352,0.0605293686137858,0.0652884200011315,0.0702318708390957,0.0753507093676855,0.0806336438728962,0.0860671102017783,0.0916353356441554,0.0973204621604578,0.10310272948194,0.108960715871047,0.114871631480479,0.120811656493254,0.126756313776269,0.132680863837386,0.138560708605976,0.144371790069228,0.15009097013257,0.155696379199966,0.161167722786937,0.166486537827667,0.171636393021966,0.176603030377456,0.181374447834226,0.185940925336944,0.190294998807562,0.194431388082992,0.198346885978629,0.202040216227368,0.205511868168509,0.208763915791371,0.211799828159306,0.214624277440801,0.217242949841759,0.219662363743653,0.221889698369714,0.223932635374449,0.225799214914783,0.227497707034615,0.229036498587935,0.230423995439115,0.231668539306319,0.232778338344239,0.233761410382533,0.234625537631793,0.235378231625645,0.236026707172127,0,-0.0376275468198051,-0.0376786219379849,-0.0377215274027004,-0.0377581954999084,-0.0377885188601241,-0.0378121591073455,-0.0378288063344375,-0.0378382528925707,-0.0378403998452933,-0.0378352384851541,-0.0378228268298607,-0.0378032689841405,-0.0377766994615716,-0.0377432721837412,-0.0377031531365967,-0.0376565156190268,-0.0376035372123158,-0.0375443978344298,-0.0374792784472153,-0.0374083601393452,-0.0373318234164486,-0.0372498476019882,-0.0371626102980968,-0.0370702868830528,-0.0369730500375758,-0.0368710693000629,-0.0367645106542426,-0.0366535361534632,-0.0365383035852003,-0.0364189661781341,-0.0362956723527502,-0.0361685655151138,-0.0360377838923639,-0.0359034604076155,-0.0357657225913457,-0.0356246925259445,-0.0354804868198963,-0.0353332166080005,-0.0351829875740844,-0.035029899992797,-0.0348740487872618,-0.0347155235995924,-0.0345544088715209,-0.0343907839326409,-0.0342247230940206,-0.0340562957451791,-0.0338855664526496,-0.0337125950585662,-0.0335374367779007,-0.0333601422931543,-0.033180757845463,-0.0329993253212137,-0.0328158823333856,-0.0326304622969391,-0.0324430944976538,-0.0322538041538973,-0.0320626124708602,-0.0318695366868385,-0.0316745901111807,-0.0314777821535388,-0.0312791183440727,-0.0310786003442629,-0.0308762259479771,-0.0306719890724206,-0.0304658797385759,-0.0302578840407004,-0.0300479841044089,-0.0298361580328145,-0.0296223798401376,-0.029406619372119,-0.0291888422124893,-0.028969009574649,-0.028747078177604,-0.0285230001050768,-0.0282967226465728,-0.028068188119025,-0.0278373336674613,-0.0276040910429432,-0.0273683863558011,-0.0271301398019464,-0.0268892653597626,-0.0266456704547737,-0.0263992555889445,-0.026149913931092,-0.0258975308644623,-0.0256419834870701,-0.0253831400598781,-0.0251208593973336,-0.0248549901941534,-0.0245853702815702,-0.0243118258055022,-0.0240341703182934,-0.0237522037747864,-0.0234657114225203,-0.0231744625748078,-0.0228782092543195,-0.0225766846935978,-0.022269601677633,-0.0219566507122639,-0.0216374980007157,-0.021311783209067,-0.0209791169998482,-0.0206390783113329,-0.0202912113584083,-0.0199350223292082,-0.0195699757500118,-0.0191954904892615,-0.0188109353699982,-0.0184156243585876,-0.0180088112963913,-0.0175896841400929,-0.0171573586758208,-0.0167108716721204,-0.0162491734373654,-0.0157711197485046,-0.0152754631203178,-0.0147608433878112,-0.0142257775792789,-0.0136686490641879,-0.0130876959687408,-0.0124809988631317,-0.0118464677385535,-0.0111818283094394,-0.010484607697756,-0.00975211958199119,-0.00898144892441794,-0.00816943642691581,-0.00731266290874069,-0.00640743384978439,-0.00544976440062821,-0.00443536522651315,-0.00335962962649328,-0.00221762245149214,-0.00100407143534203,0.00028663834977078,0.00166046609931758,0.00312371202414289,0.00468300821515925,0.00634530250077139,0.00811783408499561,0.0100080996861265,0.0120238088570629,0.014172827170513,0.0164631060083865,0.0189025978191743,0.0214991559151414,0.0242604181875952,0.027193674536647,0.0303057183517677,0.0336026830456744,0.0370898654334822,0.0407715386481251,0.0446507582655868,0.0487291663387462,0.0530067990504334,0.0574819046235556,0.0621507788855278,0.0670076263848841,0.072044455108827,0.0772510125697932,0.0826147702552535,0.0881209621376386,0.0937526811315211,0.0994910351221044,0.105315361581919,0.11120349699664,0.117132094526613,0.123076980747,0.129013540142797,0.134917114466308,0.140763403228549,0.146528851564318,0.152191012483676,0.157728872029596,0.163123127969434,0.168356415177829,0.1734134736169,0.178281257580105,0.182948987450997,0.18740814748415,0.191652434934394,0.195677667182683,0.199481654319766,0.203064044979766,0.206426153122905,0.209570773027814,0.212501989056304,0.215224985884657,0.217745863935992,0.22007146376726,0.222209202217153,0.224166922247915,0.225952757641532,0.227575013053155,0.22904205938626,0.230362244031665,0.231543815197349,0.23259485933602,0.233523250538766,0.234336610691847,0,-0.0388998774098989,-0.0389657834800063,-0.0390064896847391,-0.0390325223371522,-0.0390480148550506,-0.0390547575691233,-0.03905358076666,-0.0390449110425914,-0.0390290053625963,-0.0390060513329258,-0.0389762101114706,-0.0389396344888311,-0.0388964763055141,-0.0388468893694171,-0.0387910305014168,-0.0387290597892864,-0.0386611404739445,-0.0385874386290631,-0.0385081226991331,-0.0384233629313934,-0.0383333307304192,-0.0382381979633967,-0.0381381362432342,-0.0380333162142577,-0.0379239068615311,-0.0378100748604629,-0.0376919839788724,-0.0375697945395146,-0.0374436629474271,-0.0373137412834614,-0.0371801769630122,-0.0370431124572064,-0.0369026850725789,-0.0367590267844752,-0.0366122641189731,-0.0364625180779476,-0.036309904101937,-0.0361545320656474,-0.0359965063012133,-0.0358359256446757,-0.0356728835015128,-0.0355074679274559,-0.0353397617212023,-0.0351698425260178,-0.0349977829375728,-0.034823650615683,-0.0346475083979282,-0.0344694144133936,-0.0342894221950196,-0.0341075807892658,-0.0339239348619775,-0.0337385247995152,-0.0335513868043424,-0.0333625529843935,-0.0331720514356399,-0.0329799063173628,-0.0327861379197031,-0.0325907627231177,-0.0323937934494095,-0.0321952391040296,-0.031995105009365,-0.0317933928287362,-0.0315901005808234,-0.0313852226442329,-0.0311787497518915,-0.0309706689749314,-0.0307609636956883,-0.0305496135693922,-0.0303365944740729,-0.0301218784481412,-0.0299054336150289,-0.0296872240941901,-0.0294672098976665,-0.0292453468113128,-0.0290215862596549,-0.028795875153216,-0.028568155716992,-0.0283383652985833,-0.0281064361542992,-0.0278722952113341,-0.0276358638038741,-0.0273970573807271,-0.0271557851817685,-0.0269119498801668,-0.0266654471869853,-0.026416165414348,-0.0261639849929112,-0.0259087779388833,-0.0256504072652885,-0.0253887263315694,-0.0251235781249627,-0.024854794466358,-0.0245821951325615,-0.0243055868860277,-0.0240247624021858,-0.0237394990834807,-0.0234495577481572,-0.0231546811806487,-0.0228545925291765,-0.0225489935348405,-0.0222375625750658,-0.0219199525027913,-0.0215957882612361,-0.0212646642524699,-0.0209261414363717,-0.0205797441348826,-0.0202249565147929,-0.0198612187206585,-0.0194879226278743,-0.0191044071844776,-0.0187099533089768,-0.0183037783104712,-0.0178850297966337,-0.0174527790348665,-0.0170060137322493,-0.0165436302009095,-0.0160644248773439,-0.0155670851672048,-0.0150501795913758,-0.0145121472150738,-0.0139512863495456,-0.0133657425260405,-0.0127534957545464,-0.0121123470957327,-0.0114399045941654,-0.0107335686446982,-0.00999051689260477,-0.00920768880212278,-0.0083817700682863,-0.00750917709385252,-0.00658604180737979,-0.00560819716057675,-0.00457116371326347,-0.00347013779276385,-0.00229998180105601,-0.00105521733684533,0.000269978100407785,0.00168176995366443,0.00318666002314496,0.004791473375922,0.00650333758094018,0.00832965302381287,0.0102780530044008,0.0123563523044254,0.0145724829445429,0.0169344159441678,0.019450068067629,0.02212719280187,0.0249732551778145,0.0279952905311466,0.0311997479056159,0.0345923195334164,0.038177758673909,0.0419596890336129,0.0459404099929721,0.0501207028799273,0.0544996444927347,0.0590744349072755,0.0638402472201519,0.0687901071874995,0.073914810634897,0.0792028859653856,0.0846406080359489,0.0902120681000356,0.0958993024619292,0.10168248004417,0.107540146365819,0.113449518641171,0.119386824035809,0.125327670766706,0.131247439897608,0.13712168451546,0.142926522578094,0.148639010130506,0.154237482758152,0.159701854976062,0.165013869584339,0.170157291661686,0.17511804461454,0.179884288354657,0.184446442074393,0.188797156098347,0.192931238831446,0.196845545863345,0.200538838836648,0.204011621786062,0.207265962375935,0.210305304887147,0.21313428101812,0.215758523651853,0.218184487775394,0.220419281781107,0.222470511477275,0.224346138321675,0.226054352685425,0.227603462364594,0.229001796083739,0.230257621372725,0.23137907593527,0.232374111451914,0,-0.0401407492621003,-0.0402142913386135,-0.0402494470725588,-0.0402629720285745,-0.0402624143293264,-0.0402513451222781,-0.0402315797308131,-0.0402041074704051,-0.0401695077228738,-0.0401281487666162,-0.0400802878039207,-0.0400261233690969,-0.0399658237238597,-0.0398995426482524,-0.0398274283425421,-0.0397496284025425,-0.0396662924639466,-0.0395775734151187,-0.0394836277121162,-0.0393846151295942,-0.0392806981658852,-0.0391720412499475,-0.0390588098519846,-0.0389411695681126,-0.0388192852270908,-0.0386933200508301,-0.0385634348884031,-0.0384297875344603,-0.0382925321365513,-0.0381518186912784,-0.0380077926260618,-0.0378605944612146,-0.0377103595457669,-0.0375572178598165,-0.037401293875964,-0.0372427064724789,-0.0370815688911425,-0.0369179887331513,-0.036752067986977,-0.0365839030826335,-0.0364135849673616,-0.0362411991982897,-0.0360668260481518,-0.0358905406206303,-0.0357124129723389,-0.0355325082388668,-0.0353508867626693,-0.0351676042209153,-0.0349827117516827,-0.0347962560771493,-0.0346082796226362,-0.034418820630552,-0.0342279132684415,-0.0340355877304799,-0.0338418703318644,-0.0336467835956477,-0.0334503463316337,-0.0332525737070157,-0.0330534773084808,-0.0328530651955403,-0.032651341944863,-0.0324483086854045,-0.0322439631241215,-0.032038299562058,-0.0318313089005691,-0.0316229786374297,-0.0314132928525379,-0.0312022321828875,-0.0309897737864322,-0.0307758912944117,-0.030560554751641,-0.0303437305441913,-0.0301253813138086,-0.0299054658583155,-0.0296839390171402,-0.0294607515409912,-0.029235849944566,-0.0290091763410262,-0.0287806682568086,-0.0285502584251483,-0.0283178745564857,-0.0280834390836907,-0.0278468688797823,-0.0276080749455309,-0.0273669620640088,-0.0271234284188042,-0.0268773651722136,-0.026628655999299,-0.0263771765732124,-0.026122793996661,-0.0258653661738091,-0.0256047411162674,-0.0253407561761295,-0.025073237198246,-0.0248019975830993,-0.0245268372507389,-0.0242475414952587,-0.023963879718247,-0.0236756040285034,-0.0233824476941079,-0.0230841234316337,-0.0227803215159266,-0.0224707076924324,-0.0221549208725419,-0.0218325705908557,-0.0215032342016553,-0.021166453790225,-0.0208217327730156,-0.0204685321590116,-0.0201062664430881,-0.0197342991006684,-0.0193519376516677,-0.0189584282606093,-0.0185529498389905,-0.0181346076155644,-0.0177024261403074,-0.0172553416885799,-0.0167921940335457,-0.0163117175574601,-0.0158125316762099,-0.0152931305567294,-0.0147518721139392,-0.014186966282988,-0.0135964625742145,-0.0129782369328173,-0.012329977943218,-0.0116491724400486,-0.0109330906141733,-0.0101787707337728,-0.00938300363791576,-0.00854231720383766,-0.00765296103996221,-0.00671089171504889,-0.00571175890014785,-0.00465089287449048,-0.00352329392895216,-0.00232362429080582,-0.00104620329010863,0.000314993410500053,0.00176632959717053,0.00331449826980119,0.00496650426727045,0.00672963854675765,0.00861144284900195,0.0106196634500611,0.0127621927110032,0.0150469972030215,0.0174820313209154,0.020075135517447,0.0228339186090702,0.0257656240323971,0.0288769804795259,0.0321740380123298,0.0356619915464256,0.039344994489819,0.0432259662915614,0.0473063986602654,0.051586166194182,0.0560633480527696,0.0607340680119923,0.0655923606933212,0.0706300718519418,0.0758368002757027,0.0811998880265285,0.0867044644257401,0.0923335473602363,0.0980682032311105,0.103887764291502,0.109770099381381,0.115691931351018,0.121629191975342,0.12755740309661,0.133452071264425,0.139289082395148,0.145045083010412,0.150697835430911,0.15622653582265,0.161612086085343,0.166837313060852,0.171887131225488,0.176748647714774,0.181411211033121,0.185866406977989,0.190108007056528,0.194131875937404,0.197935845251471,0.201519561360242,0.204884314607898,0.208032857136717,0.210969215661576,0.213698504750997,0.216226745227783,0.218560691347979,0.220707669495881,0.222675430283829,0.224472015194134,0.226105638260481,0.227584582761636,0.228917112488105,0.230111396834187,0,-0.0413528595524091,-0.0414240373495232,-0.0414486618111415,-0.0414470074428874,-0.0414288071799975,-0.0413988701192131,-0.0413597409444331,-0.0413128437920826,-0.041259013822528,-0.0411987644877309,-0.0411324300502353,-0.0410602448367372,-0.0409823886224284,-0.0408990130903671,-0.040810257330467,-0.0407162567964446,-0.0406171482643757,-0.0405130723097992,-0.0404041742380318,-0.0402906040600725,-0.0401725158978746,-0.0400500670711373,-0.0399234170321104,-0.0397927262577022,-0.0396581551692667,-0.0395198631236563,-0.0393780075006079,-0.0392327428987757,-0.0390842204440477,-0.0389325872080073,-0.0387779857307094,-0.0386205536397291,-0.038460423356272,-0.0382977218787036,-0.0381325706339095,-0.0379650853872859,-0.0377953762027446,-0.0376235474448148,-0.0374496978156743,-0.0372739204207004,-0.0370963028568629,-0.0369169273189792,-0.0367358707194946,-0.0365532048180386,-0.0363689963575356,-0.0361833072041247,-0.0359961944885566,-0.0358077107471026,-0.0356179040603312,-0.0354268181883804,-0.0352344927015917,-0.035040963105575,-0.03484626095994,-0.0346504139900787,-0.0344534461914968,-0.0342553779262952,-0.0340562260114748,-0.0338560037988077,-0.0336547212460578,-0.0334523849793752,-0.0332489983467059,-0.0330445614620762,-0.032839071240609,-0.0326325214241306,-0.0324249025972057,-0.0322162021934237,-0.0320064044917285,-0.031795490602547,-0.0315834384434324,-0.0313702227038865,-0.0311558147989661,-0.0309401828112151,-0.0307232914203886,-0.030505101820351,-0.0302855716224346,-0.0300646547444422,-0.0298423012843581,-0.0296184573776967,-0.0293930650372792,-0.0291660619740536,-0.028937381397402,-0.0287069517931664,-0.0284746966774051,-0.0282405343236354,-0.0280043774610413,-0.0277661329408157,-0.0275257013674602,-0.0272829766914882,-0.0270378457595566,-0.0267901878175851,-0.026539873961915,-0.0262867665329955,-0.0260307184454694,-0.0257715724478583,-0.0255091603043061,-0.0252433018900424,-0.0249738041913519,-0.0247004601998942,-0.0244230476901996,-0.0241413278680699,-0.0238550438764416,-0.0235639191440159,-0.023267655560634,-0.0229659314619732,-0.0226583994046712,-0.0223446837114569,-0.0220243777642857,-0.021697041021867,-0.0213621957363431,-0.0210193233422633,-0.0206678604894235,-0.0203071946896524,-0.0199366595462659,-0.0195555295337466,-0.0191630142943051,-0.0187582524174335,-0.0183403046684776,-0.0179081466327533,-0.0174606607429701,-0.0169966276598764,-0.0165147169793059,-0.0160134772434335,-0.0154913252403148,-0.0149465345839999,-0.0143772235780544,-0.0137813423785892,-0.0131566594893573,-0.0125007476416316,-0.0118109691359756,-0.0110844607522576,-0.0103181183689508,-0.00950858147353254,-0.00865221779325705,-0.00774510833028281,-0.00678303314754165,-0.00576145832212881,-0.00467552456141241,-0.00352003806319257,-0.00228946429429982,-0.000977925460598446,0.000420797456746359,0.00191325712184585,0.00350632564679814,0.00520717261392902,0.00702323408426093,0.00896217131431453,0.0110318178954832,0.0132401140713106,0.0155950270916027,0.0181044566427923,0.0207761246657159,0.0236174492481658,0.0266354027707518,0.0298363550966273,0.0332259033275903,0.0368086904908273,0.0405882164505315,0.0445666453217389,0.0487446146504426,0.053121052550344,0.0576930097759605,0.0624555142790274,0.067401456052644,0.072521509933733,0.0778041034433756,0.0832354356572005,0.0887995515114311,0.0944784739055326,0.100252393548213,0.106099913843849,0.111998345402773,0.117924042176177,0.123852768964409,0.129760088309332,0.135621753703196,0.14141409571975,0.147114388124162,0.152701182204526,0.158154599384033,0.163456574464123,0.168591044428421,0.173544080407544,0.178303962978465,0.182861203288356,0.187208514430166,0.191340738979393,0.1952547395978,0.19894926013066,0.202424764712713,0.205683262121208,0.208728122051822,0.211563889228662,0.214196100373099,0.216631108118952,0.218875915032365,0.220938020018684,0.22282527860728,0.224545777917688,0.22610772653528,0.227519359062249,0,-0.0425363458008083,-0.0425937841213744,-0.0426019632195361,-0.0425819785437376,-0.0425443244060388,-0.0424943984750231,-0.0424351574610771,-0.0423682945552499,-0.0422948103270423,-0.0422153130666355,-0.0421301859834361,-0.0420396837804684,-0.0419439897056545,-0.0418432496037578,-0.0417375921874869,-0.0416271408724109,-0.0415120203750079,-0.0413923600413559,-0.041268295143653,-0.0411399669359239,-0.0410075219808476,-0.0408711110804356,-0.0407308880261461,-0.040587008306318,-0.040439627856775,-0.0402889019054562,-0.0401349839384379,-0.0399780247990807,-0.0398181719218209,-0.0396555686956502,-0.0394903539484426,-0.0393226615411716,-0.0391526200601481,-0.0389803525953005,-0.0388059765929116,-0.0386296037719463,-0.0384513400939854,-0.0382712857777474,-0.0380895353501575,-0.0379061777268707,-0.037721296316052,-0.0375349691400426,-0.03734726897029,-0.037158263471594,-0.0369680153523156,-0.0367765825177217,-0.0365840182240963,-0.0363903712316454,-0.0361956859545657,-0.0360000026069379,-0.0358033573433583,-0.0356057823934271,-0.0354073061893936,-0.0352079534864026,-0.0350077454749087,-0.0348066998849217,-0.0346048310818297,-0.0344021501536021,-0.0341986649892289,-0.0339943803482809,-0.0337892979215024,-0.0335834163823573,-0.0333767314294553,-0.0331692358197801,-0.0329609193926283,-0.0327517690841492,-0.0325417689323506,-0.0323309000724034,-0.0321191407220379,-0.0319064661567819,-0.0316928486747373,-0.0314782575505341,-0.0312626589780334,-0.0310460160012788,-0.0308282884331082,-0.0306094327607518,-0.0303894020376304,-0.03016814576046,-0.0299456097306355,-0.029721735898725,-0.0294964621907473,-0.029269722314727,-0.0290414455458257,-0.0288115564881275,-0.0285799748109159,-0.0283466149570064,-0.0281113858204033,-0.027874190390213,-0.0276349253573843,-0.0273934806804364,-0.0271497391058909,-0.0269035756386303,-0.0266548569568636,-0.0264034407657871,-0.0261491750833766,-0.0258918974510381,-0.0256314340610684,-0.0253675987920394,-0.0251001921423049,-0.0248290000508505,-0.0245537925936431,-0.0242743225425088,-0.023990323772351,-0.0237015095012403,-0.0234075703465447,-0.0231081721788433,-0.0228029537538787,-0.0224915241012606,-0.022173459647057,-0.0218483010458094,-0.0215155496959112,-0.0211746639107253,-0.0208250547163184,-0.0204660812453043,-0.0200970456950763,-0.0197171878177234,-0.019325678908264,-0.0189216152575825,-0.0185040110367331,-0.018071790580229,-0.0176237800377187,-0.0171586983662586,-0.0166751476394497,-0.0161716026552683,-0.0156463998317898,-0.0150977253895189,-0.0145236028310872,-0.0139218797440898,-0.0132902139712905,-0.0126260592148529,-0.0119266501682267,-0.0111889873014176,-0.0104098214632322,-0.00958563850830025,-0.0087126442078325,-0.00778674976164232,-0.00680355829531709,-0.00575835280070293,-0.00464608605991487,-0.00346137318232568,-0.00219848747930012,-0.000851360500995697,0.000586412839371341,0.00212156302957953,0.0037611274950627,0.0055124237147835,0.00738301266715098,0.00938065133269678,0.0115132329991464,0.0137887141893144,0.0162150271767724,0.0187999772827307,0.0215511244736459,0.0244756492143604,0.0275802030840498,0.0308707453341031,0.0343523673525019,0.0380291078821592,0.0419037627925087,0.0459776941819444,0.0502506445367409,0.0547205625196835,0.0593834476283185,0.064233221362648,0.0692616325913917,0.074458204431878,0.0798102291097924,0.0853028159215314,0.0909189956040018,0.0966398821900789,0.102444890904444,0.108312007987004,0.114218105702305,0.120139293399558,0.126051293518868,0.131929830057632,0.13775101633333,0.143491728961677,0.149129955802415,0.154645107133703,0.160018281369335,0.165232479060108,0.170272761530481,0.175126353103328,0.179782688287071,0.184233407401777,0.18847230580722,0.19249524311454,0.196300019505172,0.199886226573723,0.20325508001057,0.206409241018216,0.209352632693811,0.212090256789902,0.214628015361094,0.21697254087981,0.219131037511013,0.221111135411071,0.22292075918483,0.224568011010849,0,-0.0436887138184638,-0.0437209796919742,-0.0437066459455615,-0.0436650721077881,-0.0436061186115246,-0.04353511280206,-0.0434550878096264,-0.043367823493484,-0.0432743829238009,-0.0431754102463611,-0.0430713039015596,-0.0429623201295711,-0.0428486356623972,-0.0427303857721723,-0.0426076871258998,-0.0424806511508027,-0.0423493914391098,-0.0422140274167731,-0.0420746856978386,-0.0419315000412263,-0.0417846105032295,-0.0416341621688337,-0.0414803037068051,-0.0413231859020608,-0.0411629602581064,-0.0409997777220758,-0.0408337875584152,-0.0406651363800768,-0.0404939673352316,-0.0403204194409431,-0.0401446270515639,-0.0399667194478634,-0.0397868205324083,-0.039605048617025,-0.0394215162889751,-0.0392363303435402,-0.0390495917719089,-0.0388613957944801,-0.0386718319308894,-0.0384809840991907,-0.0382889307376581,-0.0380957449436101,-0.0379014946244972,-0.0377062426572291,-0.0375100470523671,-0.0373129611203676,-0.0371150336375494,-0.0369163090098714,-0.0367168274329623,-0.0365166250471453,-0.0363157340864531,-0.0361141830208409,-0.0359119966909811,-0.0357091964351694,-0.0355058002079907,-0.0353018226904889,-0.0350972753916601,-0.034892166741149,-0.0346865021730721,-0.0344802842009224,-0.0342735124835318,-0.0340661838820778,-0.0338582925081237,-0.0336498297626766,-0.0334407843662356,-0.0332311423797835,-0.0330208872166525,-0.0328099996451631,-0.0325984577819016,-0.0323862370754582,-0.0321733102804028,-0.0319596474212229,-0.0317452157458863,-0.0315299796686281,-0.0313139007014858,-0.0310969373740248,-0.030879045140606,-0.0306601762744452,-0.0304402797476015,-0.0302193010959093,-0.029997182267724,-0.0297738614552049,-0.029549272906681,-0.0293233467184565,-0.0290960086042051,-0.0288671796398608,-0.0286367759816578,-0.0284047085546801,-0.0281708827089641,-0.0279351978398404,-0.0276975469688146,-0.0274578162808516,-0.0272158846134572,-0.0269716228924252,-0.0267248935085509,-0.0264755496289808,-0.0262234344361854,-0.0259683802868001,-0.0257102077817615,-0.025448724738297,-0.0251837250533708,-0.024914987447171,-0.0246422740741287,-0.0243653289877873,-0.0240838764445992,-0.0237976190304088,-0.0235062355919984,-0.0232093789546251,-0.0229066734049782,-0.0225977119174428,-0.0222820530999894,-0.0219592178344346,-0.0216286855842686,-0.0212898903417451,-0.020942216184531,-0.0205849924109537,-0.0202174882218393,-0.0198389069161658,-0.0194483795673651,-0.0190449581471917,-0.0186276080647697,-0.0181952000898831,-0.0177465016319611,-0.017280167349743,-0.0167947290715226,-0.016288585012452,-0.0157599882839439,-0.0152070347011172,-0.0146276499078832,-0.0140195758561322,-0.0133803566960479,-0.0127073241593871,-0.0119975825472079,-0.0112479934685875,-0.0104551605179673,-0.0096154141264596,-0.00872479687727932,-0.00777904963782633,-0.00677359893107842,-0.00570354604683273,-0.00456365847856947,-0.0033483643634393,-0.00205175069958916,-0.000667566214453521,0.000810770143526625,0.00239015402346497,0.00407777265153936,0.00588107275714978,0.0078077181934245,0.0098655359992603,0.0120624496990862,0.014406398748301,0.0169052432207641,0.0195666531135746,0.0223979820260701,0.0254061254640845,0.0285973646318648,0.0319771973006164,0.0355501581732625,0.0393196320771781,0.0432876642748431,0.0474547731370039,0.0518197713108094,0.056379602261562,0.0611291995886312,0.066061376729621,0.0711667544946999,0.0764337332540047,0.0818485155005959,0.0873951829306362,0.0930558301649496,0.0988107548710039,0.104638701463903,0.110517152936388,0.116422662879476,0.122331217598742,0.128218616580533,0.134060858555255,0.139834520125617,0.145517114398255,0.151087418233491,0.156525758506886,0.161814250006984,0.166936980096377,0.171880137848427,0.176632087860183,0.18118339117975,0.185526777657753,0.189657075464948,0.193571104482299,0.197267540776144,0.200746759460749,0.204010662987669,0.207062501361988,0.209906690050232,0.212548630490221,0.214994537207895,0.217251274646941,0.219326205967459,0.221227055300707,0,-0.0448050136211958,-0.0448017893536018,-0.0447594707591483,-0.044693310072193,-0.044611367749156,-0.0445183219270007,-0.044416969675769,-0.0443089996159034,-0.0441954334242102,-0.044076890085005,-0.0439537478311282,-0.0438262444779626,-0.0436945396660013,-0.0435587531593129,-0.0434189879528067,-0.0432753437113535,-0.0431279240741031,-0.0429768401052401,-0.0428222113716322,-0.0426641656092475,-0.0425028376012032,-0.0423383676671616,-0.0421709000163138,-0.0420005811186278,-0.0418275581846568,-0.0416519778020308,-0.0414739847494903,-0.0412937209920846,-0.0411113248506556,-0.0409269303327112,-0.0407406666087488,-0.0405526576169689,-0.0403630217794122,-0.0401718718133875,-0.0399793146233011,-0.0397854512594357,-0.039590376931731,-0.0393941810680812,-0.0391969474080548,-0.0389987541242136,-0.038799673964361,-0.0385997744090704,-0.0383991178397455,-0.038197761713249,-0.0379957587398125,-0.0377931570615237,-0.037590000429185,-0.037386328375755,-0.037182176384946,-0.0369775760538442,-0.0367725552486709,-0.0365671382530105,-0.0363613459079978,-0.0361551957440998,-0.0359487021042369,-0.0357418762580781,-0.035534726507416,-0.0353272582825786,-0.0351194742298769,-0.0349113742901124,-0.0347029557681856,-0.0344942133938569,-0.0342851393737084,-0.0340757234343487,-0.0338659528568943,-0.0336558125027346,-0.0334452848305728,-0.0332343499046998,-0.0330229853944281,-0.0328111665645737,-0.0325988662568315,-0.0323860548618408,-0.0321727002816846,-0.0319587678825072,-0.031744220436869,-0.0315290180553831,-0.0313131181071011,-0.0310964751280229,-0.0308790407170096,-0.0306607634182675,-0.0304415885894505,-0.0302214582542948,-0.0300003109385486,-0.0297780814877953,-0.0295547008655855,-0.0293300959300853,-0.0291041891872275,-0.028876898518096,-0.0286481368779985,-0.0284178119643739,-0.0281858258503387,-0.0279520745803041,-0.0277164477236758,-0.0274788278821962,-0.0272390901459844,-0.0269971014927796,-0.0267527201242892,-0.0265057947328876,-0.02625616369119,-0.0260036541562495,-0.0257480810792766,-0.0254892461108705,-0.025226936390765,-0.0249609232100361,-0.0246909605325902,-0.0244167833615505,-0.0241381059348849,-0.0238546197332787,-0.0235659912818528,-0.0232718597258667,-0.022971834159045,-0.0226654906816306,-0.0223523691637221,-0.0220319696879212,-0.0217037486438231,-0.0213671144454728,-0.0210214228416234,-0.0206659717875287,-0.0202999958461515,-0.0199226600861471,-0.019533053443895,-0.0191301815173134,-0.0187129587603444,-0.0182802000489998,-0.0178306115929119,-0.0173627811706506,-0.0168751676729202,-0.0163660899454231,-0.0158337149330147,-0.0152760451391662,-0.0146909054301084,-0.0140759292318483,-0.0134285441910244,-0.012745957397868,-0.0120251403019379,-0.01126281348939,-0.0104554315349137,-0.00959916819265133,-0.00868990224886227,-0.00772320442511285,-0.00669432579444106,-0.00559818825405151,-0.00442937768598032,-0.00318214053063803,-0.00185038459527092,-0.000427685017385378,0.0010927036018039,0.00271782779191702,0.0044550073616434,0.00631179787671903,0.00829594222636635,0.0104153100630972,0.0126778239830005,0.0150913714653237,0.017663701824987,0.0204023077625051,0.0233142915334309,0.0264062163108312,0.029683943980653,0.0331524613843524,0.0368156978888902,0.0406763380921175,0.0447356344192432,0.0489932252773698,0.0534469652413823,0.0580927743676386,0.0629245140894224,0.0679338971601494,0.0731104387086211,0.078441454608287,0.08391211202352,0.0895055352032577,0.0952029674125884,0.100983987436407,0.106826776505138,0.112708428957298,0.11860529765568,0.124493363294144,0.130348615424319,0.136147432405089,0.141866947584136,0.147485389847917,0.15298238815041,0.15833923162496,0.163539079233458,0.168567115429688,0.173410650826402,0.178059169194071,0.182504324150654,0.186739890533379,0.190761676625906,0.19456740413839,0.198156563129875,0.201530248974583,0.204690988075383,0.207642558396552,0.21038981010149,0.212938490710967,0.215295078305527,0.217466625431299,0,-0.045878056910625,-0.0458313241368444,-0.045756761253888,-0.0456635950570747,-0.0455573022489163,-0.0454414812770576,-0.0453184375631592,-0.0451896134313614,-0.0450558948858193,-0.0449178190130771,-0.0447757104950967,-0.0446297699508649,-0.0444801301552938,-0.0443268910423202,-0.0441701408077017,-0.0440099679920509,-0.0438464677890688,-0.0436797447286196,-0.0435099131515989,-0.0433370964037708,-0.04316142534864,-0.0429830365813261,-0.0428020705804296,-0.0426186699390227,-0.0424329777530647,-0.0422451362049023,-0.0420552853537839,-0.0418635621295421,-0.0416700995164436,-0.0414750259093976,-0.0412784646227092,-0.0410805335313273,-0.0408813448253638,-0.0406810048600879,-0.040479614085318,-0.0402772670399506,-0.0400740523991532,-0.0398700530634393,-0.0396653462803927,-0.0394600037912065,-0.0392540919954337,-0.0390476721284325,-0.0388408004469247,-0.0386335284188917,-0.0384259029147232,-0.038217966397116,-0.0380097571077146,-0.0378013092488998,-0.0375926531594767,-0.0373838154833001,-0.0371748193301126,-0.0369656844280657,-0.0367564272675513,-0.0365470612360967,-0.0363375967441828,-0.0361280413419166,-0.0359183998265586,-0.0357086743409443,-0.0354988644628748,-0.0352889672855718,-0.0350789774893046,-0.0348688874042975,-0.0346586870650271,-0.0344483642560064,-0.0342379045491387,-0.0340272913327051,-0.0338165058320265,-0.0336055271218106,-0.0333943321301658,-0.0331828956342239,-0.0329711902472785,-0.032759186397297,-0.0325468522966183,-0.0323341539025952,-0.0321210548688782,-0.0319075164869774,-0.0316934976176644,-0.0314789546116985,-0.0312638412192766,-0.0310481084875076,-0.0308317046451088,-0.0306145749734034,-0.030396661662568,-0.0301779036519362,-0.0299582364530035,-0.0297375919536018,-0.029515898201515,-0.0292930791655907,-0.0290690544721568,-0.0288437391142911,-0.0286170431311875,-0.0283888712545421,-0.0281591225185155,-0.0279276898294319,-0.0276944594909341,-0.0274593106798339,-0.0272221148673642,-0.0269827351799634,-0.0267410256930868,-0.0264968306508512,-0.0262499836035672,-0.0260003064544041,-0.0257476084055469,-0.025491684793265,-0.0252323158002886,-0.0249692650328035,-0.0247022779482163,-0.024431080118609,-0.0241553753135093,-0.0238748433842401,-0.0235891379306964,-0.0232978837299346,-0.0230006739044621,-0.0226970668065999,-0.0223865825937793,-0.0220686994681576,-0.0217428495525182,-0.0214084143731196,-0.0210647199190055,-0.0207110312463642,-0.0203465465958964,-0.0199703909909101,-0.0195816092841147,-0.0191791586219719,-0.0187619002971128,-0.0183285909619478,-0.0178778731803668,-0.017408265299605,-0.016918150631205,-0.016405765938858,-0.015869189242112,-0.0153063269588981,-0.014714900426992,-0.0140924318653908,-0.013436229861669,-0.0127433745012501,-0.0120107022897604,-0.0112347910608089,-0.0104119451091928,-0.00953818084416412,-0.00860921331934447,-0.00762044406535386,-0.0065669507281063,-0.00544347909959236,-0.00424443821785971,-0.00296389930724808,-0.00159559942637093,-0.000132950786529413,0.00143094320727644,0.00310326406260372,0.00489144526373875,0.00680312907276813,0.00884611185275813,0.0110282767541083,0.0133575127234777,0.0158416189888521,0.0184881944574107,0.021304511846461,0.0242973768605038,0.0274729733333233,0.0308366959699186,0.0343929731371266,0.0381450830409636,0.0420949675574334,0.0462430489028416,0.0505880551776358,0.0551268615217484,0.0598543540998463,0.0647633243115665,0.0698444004216855,0.0750860231715754,0.0804744708355764,0.0859939376280121,0.0916266673933488,0.0973531422116177,0.103152323052554,0.109001937076456,0.114878803788276,0.120759190186654,0.12661918347693,0.132435068966315,0.138183700509232,0.143842851340168,0.149391534276953,0.154810281999176,0.160081380260309,0.165189049305631,0.170119571260656,0.174861363654686,0.179405001404979,0.183743191397629,0.187870705191805,0.191784276315809,0.195482469125339,0.198965526295183,0.202235201775664,0.205294585537095,0.208147925725695,0.210800453036692,0.213258211240316,0,-0.0468989352538551,-0.0468040206954427,-0.0466945765467993,-0.0465727952644461,-0.0464412524209589,-0.0463022228706472,-0.0461573439217798,-0.0460076931073867,-0.0458539446860898,-0.045696506794186,-0.0455356227000177,-0.0453714403430058,-0.045204057934726,-0.0450335526197887,-0.0448599975838492,-0.0446834715022371,-0.0445040630487983,-0.0443218723218499,-0.0441370104319861,-0.0439495980713116,-0.0437597635927806,-0.0435676409316655,-0.0433733675697465,-0.0431770826560739,-0.0429789253418197,-0.042779033350943,-0.0425775417863714,-0.0423745821585251,-0.0421702816161347,-0.0419647623562805,-0.0417581411899861,-0.0415505292405505,-0.0413420317534762,-0.0411327479989187,-0.0409227712497899,-0.0407121888208205,-0.0405010821559415,-0.0402895269532168,-0.0400775933182424,-0.0398653459384035,-0.0396528442716724,-0.0394401427447363,-0.0392272909561933,-0.0390143338813598,-0.0388013120759092,-0.0385882618761314,-0.0383752155940764,-0.0381622017062393,-0.0379492450347666,-0.0377363669204327,-0.0375235853868487,-0.0373109152955441,-0.0370983684916999,-0.0368859539404242,-0.0366736778535483,-0.036461543806985,-0.0362495528487455,-0.0360377035977401,-0.0358259923335162,-0.0356144130770989,-0.0354029576631034,-0.0351916158032899,-0.0349803751417198,-0.0347692213016638,-0.0345581379243917,-0.0343471066999545,-0.0341361073900448,-0.0339251178429926,-0.0337141140009231,-0.033503069899069,-0.0332919576571913,-0.0330807474630224,-0.0328694075476008,-0.0326579041523163,-0.0324462014874351,-0.0322342616818112,-0.0320220447234335,-0.0318095083903818,-0.031596608171695,-0.0313832971775661,-0.0311695260381881,-0.0309552427904741,-0.0307403927517572,-0.030524918379457,-0.0303087591155543,-0.0300918512145675,-0.0298741275535479,-0.0296555174224284,-0.0294359462928434,-0.0292153355633121,-0.0289936022784128,-0.0287706588192988,-0.0285464125625841,-0.0283207655042855,-0.0280936138451207,-0.0278648475330421,-0.0276343497584218,-0.0274019963967953,-0.0271676553935135,-0.0269311860840465,-0.0266924384430177,-0.0264512522543279,-0.0262074561939454,-0.0259608668160945,-0.025711287432664,-0.0254585068746756,-0.025202298123607,-0.0249424167992457,-0.0246785994895626,-0.0244105619068438,-0.0241379968530001,-0.0238605719756056,-0.0235779272947889,-0.0232896724796493,-0.0229953838513803,-0.0226946010888069,-0.0223868236105733,-0.0220715066068115,-0.0217480566918004,-0.0214158271479426,-0.0210741127304012,-0.0207221440010144,-0.0203590811597325,-0.0199840073418954,-0.0195959213503033,-0.0191937297923819,-0.0187762385949526,-0.0183421438723946,-0.0178900221285448,-0.0174183197787831,-0.0169253419866859,-0.0164092408197428,-0.0158680027412849,-0.0152994354714071,-0.0147011542687218,-0.0140705677077873,-0.0134048630545298,-0.0127009913744853,-0.0119556525468145,-0.0111652804013071,-0.0103260282465273,-0.00943375511524065,-0.00848401311857221,-0.00747203637300444,-0.00639273204404089,-0.00524067413642854,-0.00401010075197415,-0.00269491563023342,-0.0012886948818441,0.000215300084875358,0.00182410236134353,0.00354501091056778,0.00538555232017654,0.00735343173237918,0.00945647177919638,0.0117025384396437,0.014099452892554,0.0166548886774183,0.0193762538081289,0.0222705579207233,0.0253442650822253,0.0286031335437249,0.0320520444793979,0.035694822596768,0.0395340524030373,0.0435708948257927,0.0478049097589168,0.0522338908694981,0.0568537195836991,0.0616582454900212,0.0666392003815845,0.0717861527410286,0.0770865086095631,0.0825255634626837,0.0880866079636095,0.0937510883477057,0.0994988198146285,0.105308248813469,0.111156757669084,0.117021002794828,0.122877275939972,0.128701876674979,0.134471483727177,0.140163512891164,0.145756450040043,0.15123014918411,0.156566087441975,0.1617475710487,0.166759888951911,0.171590412965973,0.176228645709178,0.180666219512414,0.184896851070793,0.188916257763658,0.192722042283578,0.196313552515003,0.199691723536963,0.202858908257197,0.205818702590836,0.208575770349214,0,-0.0478580118799235,-0.04771410955912,-0.0475689310174377,-0.0474178563366932,-0.0472607104778307,-0.0470983922037889,-0.0469317824165655,-0.04676151992317,-0.0465880152629975,-0.0464115142951504,-0.0462321591534931,-0.0460500345979103,-0.0458651996955895,-0.0456777078134524,-0.0454876181607698,-0.0452950015799996,-0.0450999426139604,-0.0449025392904795,-0.0447029016095415,-0.0445011493842801,-0.0442974098518877,-0.044091815308974,-0.0438845009174549,-0.043675602755871,-0.043465256145542,-0.0432535942529094,-0.0430407469530158,-0.0428268399303252,-0.042611993989271,-0.0423963245461651,-0.0421799412751869,-0.0419629478832646,-0.0417454419912415,-0.041527515101445,-0.0413092526344493,-0.0410907340203246,-0.0408720328319336,-0.0406532169498565,-0.0404343487502888,-0.0402154853087783,-0.0399966786139713,-0.0397779757866415,-0.0395594193002031,-0.0393410471996889,-0.0391228933168187,-0.0389049874793188,-0.0386873557130937,-0.0384700204362098,-0.0382530006439448,-0.0380363120843907,-0.0378199674242909,-0.0376039764049376,-0.0373883459880783,-0.0371730804918673,-0.0369581817169696,-0.0367436490629742,-0.0365294796353083,-0.0363156683428708,-0.0361022079866104,-0.0358890893392859,-0.0356763012166374,-0.0354638305401932,-0.0352516623919235,-0.0350397800609338,-0.0348281650823749,-0.0346167972687164,-0.0344056547335134,-0.0341947139077589,-0.0339839495488912,-0.0337733347424857,-0.0335628408966308,-0.0333524377289439,-0.0331420932461457,-0.0329317737160654,-0.0327214436318997,-0.0325110656685006,-0.0323006006304049,-0.0320900073912624,-0.0318792428242479,-0.031668261722972,-0.0314570167123217,-0.0312454581485744,-0.0310335340080305,-0.0308211897632997,-0.0306083682462562,-0.0303950094965454,-0.0301810505943762,-0.0299664254761675,-0.0297510647314402,-0.0295348953791375,-0.0293178406213414,-0.029099819572098,-0.0288807469587971,-0.0286605327932454,-0.0284390820092408,-0.0282162940630864,-0.0279920624930797,-0.0277662744335659,-0.0275388100786555,-0.027309542090177,-0.0270783349438442,-0.0268450442069886,-0.0266095157405111,-0.026371584816958,-0.026131075145814,-0.0258877977962312,-0.0256415500064684,-0.0253921138683096,-0.0251392548736544,-0.0248827203093279,-0.0246222374849514,-0.0243575117774427,-0.0240882244743867,-0.0238140303971373,-0.0235345552830946,-0.0232493929051536,-0.0229581019048675,-0.0226602023144252,-0.0223551717411452,-0.0220424411868577,-0.0217213904733459,-0.0213913432439786,-0.0210515615108662,-0.0207012397163805,-0.0203394982777931,-0.0199653765842046,-0.0195778254160015,-0.0191756987589291,-0.0187577449876875,-0.0183225973979542,-0.0178687640711417,-0.0173946170632961,-0.0168983809186331,-0.0163781205196544,-0.0158317282999843,-0.0152569108634398,-0.0146511750738944,-0.014011813705713,-0.013335890774473,-0.0126202267028961,-0.0118613835179432,-0.01105565032239,-0.0101990293383307,-0.00928722288128081,-0.00831562169198809,-0.00727929512856226,-0.00617298380359914,-0.00499109533858406,-0.00372770399939413,-0.00237655506975455,-0.000931074910690036,0.000615612261137124,0.00227065977054661,0.00404146489723807,0.00593562512064012,0.00796088302369239,0.0101250587446948,0.0124359689897159,0.0149013318158749,0.0175286566804642,0.0203251196331264,0.0232974240159393,0.026451647632269,0.0297930780459106,0.0333260384648465,0.0370537075257683,0.0409779371911144,0.0450990738518482,0.0494157885364985,0.0539249227900742,0.0586213572293087,0.06349790992711,0.0685452715603678,0.0737519836188504,0.0791044648915078,0.0845870899259971,0.0901823212425958,0.0958708948607724,0.101632056289806,0.107443841698635,0.113283396686949,0.119127323103041,0.124952042850923,0.130734166722214,0.136450856051715,0.142080165446667,0.14760135593723,0.152995169544682,0.158244058327354,0.163332363278833,0.168246440846709,0.172974737149548,0.177507812054893,0.181838317035013,0.18596093207194,0.189872267810209,0.193570739661319,0.197056420683838,0.200330879853575,0.203397011867707,0,-0.0487459836381208,-0.0485560982583714,-0.0483760283947792,-0.0481959253591511,-0.0480133999470818,-0.0478280883346288,-0.0476401114183981,-0.0474496420463528,-0.0472568020753022,-0.0470616579132707,-0.0468642407270639,-0.0466645677374445,-0.046462658118273,-0.0462585428485231,-0.0460522696423934,-0.0458439043888427,-0.0456335303475737,-0.0454212460479268,-0.0452071625547291,-0.0449914005396559,-0.0447740874305069,-0.0445553547944653,-0.044335336033171,-0.044114164416851,-0.0438919714535246,-0.0436688855712594,-0.0434450310821594,-0.0432205273930899,-0.0429954884279551,-0.042770022228194,-0.0425442307010934,-0.0423182094889244,-0.0420920479354034,-0.0418658291293337,-0.0416396300083769,-0.0414135215086744,-0.0411875687484738,-0.0409618312360167,-0.0407363630937451,-0.0405112132924034,-0.0402864258898908,-0.0400620402707811,-0.0398380913833117,-0.039614609971364,-0.0393916227995568,-0.0391691528700537,-0.0389472196300781,-0.0387258391694449,-0.0385050244076662,-0.0382847852703912,-0.0380651288550904,-0.0378460595860197,-0.0376275793585862,-0.0374096876733096,-0.0371923817596165,-0.0369756566897423,-0.0367595054830324,-0.0365439192009451,-0.03632888703306,-0.0361143963743928,-0.0359004328943032,-0.0356869805972722,-0.0354740218758027,-0.0352615375556815,-0.0350495069338108,-0.0348379078087986,-0.0346267165044636,-0.0344159078863862,-0.034205455371603,-0.0339953309315107,-0.0337855050880115,-0.0335759469028945,-0.0333666239604102,-0.0331575023429536,-0.0329485465997279,-0.0327397197082126,-0.0325309830282131,-0.0323222962482074,-0.0321136173236536,-0.0319049024068511,-0.031696105767881,-0.0314871797060711,-0.0312780744513464,-0.0310687380547308,-0.0308591162671617,-0.0306491524056628,-0.0304387872057924,-0.0302279586591438,-0.0300166018345152,-0.0298046486811933,-0.0295920278126011,-0.0293786642683459,-0.0291644792524674,-0.0289493898454214,-0.0287333086870472,-0.0285161436274449,-0.0282977973423369,-0.0280781669090995,-0.0278571433392237,-0.0276346110624975,-0.0274104473576881,-0.0271845217239429,-0.02695669518652,-0.026726819529793,-0.0264947364497547,-0.0262602766174672,-0.0260232586440643,-0.025783487937006,-0.0255407554363202,-0.0252948362185274,-0.0250454879548479,-0.0247924492091224,-0.0245354375596534,-0.0242741475278899,-0.0240082482955408,-0.0237373811903281,-0.02346115691918,-0.0231791525262447,-0.022890908051686,-0.0225959228658384,-0.0222936516519727,-0.0219835000097043,-0.0216648196499995,-0.0213369031518694,-0.0209989782502535,-0.020650201624361,-0.0202896521559719,-0.0199163236280062,-0.0195291168351974,-0.019126831081114,-0.0187081550392503,-0.0182716569606845,-0.0178157742171148,-0.0173388021762487,-0.0168388824168362,-0.0163139903035058,-0.0157619219573672,-0.0151802806775556,-0.0145664628919938,-0.0139176437431528,-0.0132307624470463,-0.0125025076016319,-0.0117293026647342,-0.0109072918720084,-0.0100323269226983,-0.00909995482520958,-0.00810540736579015,-0.00704359274155242,-0.00590908998290289,-0.00469614687884665,-0.00339868220958384,-0.00201029318143358,-0.000524269045512869,0.00106638804130895,0.0027689337932636,0.00459084305252626,0.00653976036307305,0.00862343873674611,0.0108496655799132,0.013226174909681,0.0157605452289078,0.0184600827606006,0.0213316901737297,0.024381721469254,0.0276158243367484,0.0310387720303262,0.0346542876298833,0.0384648644211624,0.0424715870047009,0.0466739585760928,0.0510697405440503,0.0556548111965035,0.0604230504134463,0.06536625738708,0.0704741078853202,0.0757341567446515,0.08113188999215,0.0866508292993661,0.0922726894272126,0.0979775870346345,0.103744296832187,0.109550548725947,0.115373357488073,0.121189374770774,0.12697525208834,0.132708002824408,0.138365351424194,0.143926058692388,0.149370213469805,0.154679482791517,0.159837314788143,0.164829090914913,0.169642226414808,0.174266220092781,0.178692656375939,0.182915164173213,0.186929338179518,0.190732628982421,0.194324208644405,0.197704818395938,0,-0.0495550369762086,-0.0493251967728085,-0.049112479226528,-0.048904472099068,-0.0486973447316835,-0.0484897030071226,-0.048280975483474,-0.048070885479345,-0.0478592682488661,-0.0476460104873962,-0.0474310331991828,-0.0472142883934275,-0.0469957587696895,-0.0467754568559077,-0.0465534228532472,-0.0463297214034349,-0.0461044377284477,-0.0458776735606665,-0.0456495431737457,-0.0454201697136579,-0.0451896819394772,-0.0449582114184222,-0.0447258901763044,-0.0444928487778685,-0.0442592147968415,-0.0440251116290011,-0.0437906576003373,-0.0435559653243527,-0.0433211412663087,-0.0430862854768189,-0.0428514914620264,-0.0426168461622997,-0.0423824300157356,-0.042148317086677,-0.0419145752428849,-0.0416812663679714,-0.0414484465982285,-0.0412161665751106,-0.0409844717064087,-0.0407534024306241,-0.0405229944802605,-0.0402932791407423,-0.0400642835024739,-0.0398360307042009,-0.0396085401663617,-0.0393818278135265,-0.0391559062853594,-0.0389307851357893,-0.0387064710202827,-0.0384829678712624,-0.0382602770618325,-0.0380383975580556,-0.0378173260600913,-0.037597057132542,-0.0373775833243814,-0.0371588952788529,-0.0369409818337279,-0.0367238301123104,-0.0365074256055637,-0.036291752245719,-0.0360767924717085,-0.0358625272867421,-0.0356489363083239,-0.0354359978109799,-0.0352236887619384,-0.0350119848499806,-0.0348008605076454,-0.0345902889269461,-0.0343802420687223,-0.0341706906657205,-0.033961604219463,-0.0337529509909286,-0.0335446979850353,-0.0333368109288744,-0.0331292542436079,-0.0329219910098949,-0.0327149829266727,-0.032508190263064,-0.0323015718031312,-0.032095084783144,-0.0318886848209589,-0.0316823258370458,-0.0314759599666207,-0.031269537462259,-0.0310630065862772,-0.0308563134920685,-0.0306494020934644,-0.030442213921078,-0.0302346879644419,-0.030026760498607,-0.0298183648936998,-0.0296094314057503,-0.0293998869468979,-0.0291896548328554,-0.0289786545052581,-0.0287668012262501,-0.0285540057423506,-0.0283401739143064,-0.0281252063092639,-0.0279089977511865,-0.027691436824993,-0.027472405329405,-0.027251777672949,-0.0270294202069828,-0.0268051904889708,-0.0265789364685486,-0.0263504955881679,-0.0261196937893067,-0.0258863444143615,-0.0256502469934099,-0.0254111859040355,-0.0251689288913502,-0.0249232254342279,-0.0246738049425811,-0.024420374769273,-0.0241626180189646,-0.023900191134866,-0.0236327212429861,-0.0233598032320945,-0.0230809965462146,-0.0227958216651045,-0.0225037562468639,-0.0222042309055744,-0.0218966245957792,-0.021580259574688,-0.02125439591232,-0.0209182255194435,-0.0205708656632348,-0.0202113519411607,-0.0198386306848242,-0.0194515507675486,-0.0190488547924851,-0.0186291696422233,-0.0181909963764916,-0.0177326994718309,-0.0172524954064112,-0.0167484406047884,-0.0162184187717481,-0.0156601276618858,-0.015071065352687,-0.0144485161140927,-0.0137895359973876,-0.0130909383012526,-0.0123492791134995,-0.0115608431738261,-0.0107216303562999,-0.00982734313045367,-0.00887337542694547,-0.00785480340749211,-0.00676637871866013,-0.00560252489404395,-0.00435733765769441,-0.00302458997094841,-0.0015977427516848,-6.99622750478584e-05,0.00156585466783631,0.00331704672868613,0.00519114393398682,0.00719581246330313,0.00933878721370948,0.0116277912170066,0.0140704411759679,0.0166741386696577,0.0194459469558594,0.0223924537777758,0.0255196211646427,0.0288326238973924,0.0323356790782127,0.0360318700737598,0.0399229689614061,0.0440092624497565,0.0482893870109511,0.0527601795859992,0.057416550633252,0.0622513864121301,0.0672554871649032,0.0724175472299639,0.0777241820661307,0.0831600056962083,0.0887077602333617,0.0943484970185193,0.100061806589616,0.105826092371076,0.111618880777927,0.117417158537704,0.123197726593183,0.128937559076047,0.134614155606417,0.140205875592826,0.145692244243466,0.151054221563398,0.156274427575369,0.161337319209552,0.166229316597465,0.170938878722106,0.175456530386141,0.17977484415983,0.183888382293737,0.187793604498429,0.191488748008471,0,-0.0502797754737707,-0.0500176263271268,-0.0497754771404546,-0.0495413944908855,-0.0493109305514894,-0.0490819547175797,-0.0488533225584509,-0.0486243609959594,-0.048394645375427,-0.048163898542761,-0.0479319425522667,-0.0476986731412786,-0.047464044061434,-0.0472280557905088,-0.0469907463933009,-0.0467521836785422,-0.0465124583521167,-0.0462716780648708,-0.0460299623067166,-0.0457874380998272,-0.0455442364310944,-0.0453004893522529,-0.0450563276694792,-0.0448118791430383,-0.0445672671204845,-0.044322609532607,-0.0440780181885109,-0.0438335983140165,-0.0435894482853016,-0.0433456595170204,-0.0431023164707672,-0.0428594967556376,-0.0426172712977369,-0.0423757045598475,-0.0421348547961395,-0.041894774329876,-0.0416555098446009,-0.0414171026813773,-0.0411795891363408,-0.0409430007542033,-0.0407073646144474,-0.0404727036078342,-0.0402390367015465,-0.0400063791918448,-0.039774742943542,-0.0395441366159414,-0.0393145658751374,-0.0390860335927713,-0.0388585400314829,-0.0386320830173965,-0.0384066581000583,-0.0381822587002863,-0.0379588762464226,-0.0377365002994942,-0.0375151186677846,-0.037294717511317,-0.0370752814367307,-0.0368567935830161,-0.0366392356985511,-0.0364225882098522,-0.0362068302824317,-0.0359919398741188,-0.0357778937811762,-0.0355646676775103,-0.0353522361472466,-0.0351405727109066,-0.0349296498453958,-0.0347194389979777,-0.03450991059438,-0.0343010340411459,-0.0340927777223097,-0.0338851089904479,-0.0336779941521156,-0.0334713984476494,-0.0332652860252764,-0.0330596199094339,-0.0328543619631598,-0.0326494728443735,-0.0324449119558176,-0.0322406373883825,-0.0320366058574786,-0.0318327726320654,-0.0316290914558759,-0.0314255144603093,-0.0312219920683819,-0.031018472889041,-0.0308149036010514,-0.0306112288255566,-0.0304073909862998,-0.0302033301563597,-0.0299989838901122,-0.0297942870389664,-0.029589171549251,-0.0293835662404228,-0.0291773965615599,-0.0289705843238548,-0.0287630474065591,-0.0285546994335388,-0.0283454494172729,-0.028135201366775,-0.0279238538555228,-0.0277112995450542,-0.0274974246594168,-0.027282108405145,-0.0270652223308783,-0.0268466296201255,-0.0266261843100189,-0.0264037304281859,-0.0261791010390924,-0.0259521171903828,-0.0257225867488461,-0.0254903031146848,-0.025255043801748,-0.0250165688703098,-0.0247746191978375,-0.0245289145720007,-0.024279151588923,-0.0240250013383878,-0.0237661068563833,-0.0235020803240185,-0.0232324999904876,-0.0229569067964143,-0.022674800672605,-0.0223856364880069,-0.0220888196195468,-0.0217837011155633,-0.0214695724238022,-0.0211456596544867,-0.0208111173488902,-0.0204650217242196,-0.0201063633665971,-0.0197340393456215,-0.0193468447265824,-0.0189434634600633,-0.018522458633633,-0.0180822620768253,-0.0176211633189447,-0.0171372979097195,-0.0166286351258262,-0.0160929651022165,-0.015527885446445,-0.0149307874172774,-0.0142988417762589,-0.0136289844531594,-0.0129179022037788,-0.0121620184819965,-0.0113574797975818,-0.0105001428874869,-0.00958556309126157,-0.00860898439079136,-0.00756533165036972,-0.0064492056743536,-0.00525488178494954,-0.00397631270999146,-0.00260713665701348,-0.00114069153162696,0.000429963669824062,0.00211201920739309,0.00391287556615444,0.0058400939282238,0.00790133507302767,0.0101042857275583,0.0124565715509176,0.0149656561773188,0.0176387260694162,0.0204825613576178,0.0235033933653078,0.0267067501435548,0.0300972920533865,0.0336786402213997,0.0374532015270197,0.041421994617288,0.0455844822363828,0.0499384158408172,0.0544796989789921,0.0592022761745722,0.0640980539999476,0.0691568606031565,0.0743664491230127,0.0797125491841169,0.0851789690309414,0.0907477489003416,0.0963993640434524,0.102112973521445,0.107866708667646,0.113637993092335,0.119403884460094,0.125141427123359,0.130828004142076,0.136441677301799,0.141961504451448,0.147367824755268,0.152642504184791,0.157769135627077,0.162733190199419,0.167522118581675,0.172125403262933,0.176534564432384,0.180743123741158,0.184746531274559,0,-0.0509175120284085,-0.0506307775880922,-0.0503629187255113,-0.0501050987193066,-0.0498529527644262,-0.0496039141459729,-0.0493564148852761,-0.0491094660171969,-0.0488624300160906,-0.0486148957881646,-0.0483666069579414,-0.0481174178899453,-0.0478672645832381,-0.0476161440036027,-0.0473640985907342,-0.047111204228957,-0.0468575607288882,-0.0466032842429549,-0.0463485012286412,-0.0460933436758426,-0.0458379453748531,-0.0455824390411821,-0.0453269541428352,-0.0450716152995408,-0.04481654114372,-0.0445618435506622,-0.0443076271607778,-0.0440539891301658,-0.0438010190572185,-0.0435487990427574,-0.0432974038494178,-0.0430469011328618,-0.0427973517230639,-0.0425488099385676,-0.0423013239203899,-0.0420549359753121,-0.04180968292075,-0.0415655964253554,-0.0413227033410573,-0.0410810260234737,-0.0408405826385832,-0.0406013874542905,-0.0403634511160905,-0.0401267809064726,-0.0398913809880344,-0.039657252630515,-0.0394243944221351,-0.03919280246575,-0.0389624705604085,-0.0387333903689554,-0.0385055515723464,-0.0382789420113487,-0.0380535478162969,-0.0378293535255572,-0.0376063421933294,-0.0373844954873894,-0.0371637937773405,-0.0369442162139118,-0.0367257407998009,-0.0365083444525291,-0.0362920030597352,-0.0360766915273016,-0.0358623838206711,-0.0356490529996766,-0.0354366712471732,-0.035225209891729,-0.0350146394245975,-0.034804929511163,-0.034596048997018,-0.0343879659088016,-0.0341806474498934,-0.0339740599910295,-0.0337681690558711,-0.0335629393015269,-0.0333583344939932,-0.0331543174784433,-0.0329508501442588,-0.032747893384657,-0.032545407050727,-0.032343349899644,-0.0321416795367788,-0.0319403523513745,-0.0317393234453979,-0.0315385465551174,-0.0313379739648868,-0.0311375564125419,-0.0309372429857318,-0.0307369810084178,-0.0305367159166682,-0.0303363911227676,-0.0301359478665339,-0.0299353250525967,-0.0297344590722398,-0.0295332836082386,-0.0293317294209365,-0.0291297241135954,-0.0289271918748246,-0.0287240531956388,-0.0285202245584137,-0.0283156180946991,-0.0281101412085074,-0.0279036961613231,-0.0276961796146641,-0.0274874821255819,-0.0272774875899903,-0.02706607262818,-0.0268531059062948,-0.026638447386906,-0.0264219475011451,-0.0262034462341074,-0.0259827721144469,-0.0257597410982256,-0.0255341553361654,-0.025305801812477,-0.0250744508424027,-0.0248398544145179,-0.0246017443626847,-0.0243598303513498,-0.0241137976566307,-0.0238633047243481,-0.0236079804848514,-0.0233474214031603,-0.0230811882416277,-0.0228088025110449,-0.0225297425848791,-0.0222434394502055,-0.0219492720678975,-0.0216465623138427,-0.021334569472401,-0.0210124842531121,-0.0206794223018655,-0.0203344171784906,-0.0199764127741206,-0.0196042551438923,-0.0192166837337317,-0.0188123219843413,-0.0183896673012923,-0.0179470803875788,-0.0174827739444329,-0.016994800757946,-0.0164810412034828,-0.0159391902174139,-0.0153667438067765,-0.0147609851925814,-0.0141189707121054,-0.0134375156401418,-0.0127131801293156,-0.01194225551563,-0.0111207512877682,-0.0102443830775321,-0.00930856209420265,-0.008308386497289,-0.00723863527949571,-0.00609376531366984,-0.00486791230230047,-0.00355489645337922,-0.00214823378875032,-0.000641154066101064,0.000973373642092019,0.00270260662686332,0.00455398437785085,0.0065350734973012,0.00865350068540392,0.0109168729186333,0.0133326841424357,0.0159082080804878,0.0186503771340272,0.0215656478125604,0.0246598537031306,0.0279380476444682,0.031404335511837,0.0350617048155867,0.0389118521378546,0.0429550142327806,0.0471898083407655,0.051613087853022,0.0562198198405527,0.0610029910639969,0.0659535488472142,0.0710603825828666,0.0763103506204802,0.0816883558742845,0.0871774717220196,0.09275911772557,0.0984132825020579,0.104118788848775,0.10985359413117,0.115595117135076,0.121320581202523,0.127007362624777,0.132633333024249,0.13817718483602,0.143618729965509,0.148939163169188,0.154121283560213,0.159149669736098,0.164010806207684,0.168693160930717,0.173187215675351,0.177485452615625,0,-0.0514680968161639,-0.0511632170110355,-0.0508734622410038,-0.0505945482819943,-0.0503226463426735,-0.0500550182330847,-0.0497898320311862,-0.0495258806334127,-0.049262375622977,-0.0489988128929616,-0.0487348856630712,-0.0484704266415848,-0.0482053681723135,-0.0479397138436528,-0.0476735177208583,-0.047406868871383,-0.0471398797071257,-0.0468726771632027,-0.0466053960313151,-0.0463381739535306,-0.0460711477062578,-0.0458044504901424,-0.0455382100039313,-0.0452725471272427,-0.0450075750734654,-0.0447433989026179,-0.0444801153068135,-0.0442178125992803,-0.0439565708525995,-0.0436964621436355,-0.0434375508721001,-0.0431798941272479,-0.0429235420832073,-0.0426685384082073,-0.0424149206766967,-0.0421627207762901,-0.0419119653037474,-0.0416626759459636,-0.0414148698432951,-0.041168559933581,-0.040923755275994,-0.0406804613544314,-0.0404386803605812,-0.0401984114571007,-0.0399596510215553,-0.0397223928719046,-0.0394866284744124,-0.0392523471348998,-0.039019536174279,-0.0387881810892991,-0.0385582656994142,-0.0383297722806508,-0.0381026816873102,-0.0378769734623006,-0.0376526259368404,-0.0374296163202307,-0.0372079207803413,-0.0369875145154098,-0.0367683718177039,-0.0365504661295517,-0.0363337700922016,-0.0361182555879307,-0.0359038937757788,-0.0356906551212493,-0.0354785094202796,-0.0352674258177471,-0.0350573728207449,-0.034848318306828,-0.034640229527397,-0.0344330731063567,-0.0342268150341573,-0.034021420657292,-0.0338168546632975,-0.0336130810612722,-0.0334100631578952,-0.033207763528897,-0.0330061439859006,-0.0328051655385145,-0.0326047883515245,-0.0324049716969908,-0.032205673901014,-0.0320068522848893,-0.0318084631003183,-0.0316104614582937,-0.0314128012512134,-0.0312154350677151,-0.0310183140996522,-0.0308213880405512,-0.0306246049748042,-0.0304279112567534,-0.0302312513787176,-0.0300345678268892,-0.029837800923902,-0.0296408886567197,-0.0294437664883361,-0.0292463671515949,-0.0290486204232402,-0.0288504528760867,-0.0286517876069569,-0.0284525439377619,-0.0282526370868071,-0.0280519778070798,-0.0278504719879144,-0.0276480202160412,-0.0274445172915939,-0.027239851694179,-0.027033904993604,-0.0268265511992939,-0.0266176560418332,-0.0264070761794011,-0.0261946583211728,-0.0259802382589866,-0.025763639797765,-0.0255446735742965,-0.0253231357530539,-0.0250988065867266,-0.0248714488281004,-0.0246408059788061,-0.0244066003593049,-0.0241685309832728,-0.0239262712183052,-0.0236794662135879,-0.0234277300738971,-0.0231706427580005,-0.0229077466782693,-0.0226385429770906,-0.0223624874545381,-0.0220789861207389,-0.0217873903455295,-0.0214869915773736,-0.0211770156031904,-0.020856616320801,-0.0205248689962324,-0.0201807629792551,-0.0198231938523893,-0.0194509549913743,-0.0190627285189259,-0.0186570756387326,-0.018232426343299,-0.0177870684977196,-0.017319136312065,-0.0168265982281408,-0.0163072442623218,-0.0157586728653864,-0.0151782773832448,-0.0145632322296183,-0.0139104789135996,-0.0132167121020571,-0.0124783659394993,-0.0116916008966696,-0.0108522914740615,-0.00995601514784658,-0.00899804301326522,-0.0079733326539024,-0.00687652384359433,-0.00570193776959674,-0.00444358054902591,-0.00309515189259657,-0.00165005984650814,-0.000101442610075331,0.00155780152273836,0.00333497502269948,0.00523753171553707,0.0072730160800037,0.00944899033032695,0.0117729485228431,0.0142522171643604,0.0168938421218231,0.0197044620465839,0.0226901690357413,0.0258563578558889,0.0292075657425075,0.0327473055436354,0.0364778957718247,0.0404002919253948,0.0445139241896152,0.0488165472723921,0.0533041086025909,0.0579706413555263,0.0628081887065988,0.0678067652987167,0.072954361108852,0.0782369917065206,0.08363879733648,0.0891421913885633,0.0947280567326947,0.100375986219695,0.106064561522109,0.111771662565702,0.117474798226583,0.123151447864278,0.128779402715394,0.134337096228247,0.139803913068657,0.145160467714562,0.150388845183892,0.155472798376885,0.160397898614891,0.165151638075199,0.169723484820198,0,-0.0519333592776179,-0.0516145718976332,-0.0513065296002939,-0.0510092804045598,-0.0507196957659245,-0.0504350712468516,-0.0501534650686995,-0.0498735573344474,-0.0495944798108687,-0.0493156837108069,-0.0490368450808015,-0.0487577979959112,-0.0484784871208679,-0.0481989336883144,-0.0479192108786647,-0.0476394258920591,-0.0473597068581475,-0.0470801932906507,-0.0468010291670998,-0.0465223579674537,-0.046244319180848,-0.0459670459141369,-0.0456906633259451,-0.0454152876763902,-0.0451410258324312,-0.0448679751065819,-0.0445962233356457,-0.0443258491283816,-0.0440569222282023,-0.0437895039502778,-0.0435236476626821,-0.0432593992891228,-0.042996797816868,-0.0427358757981361,-0.0424766598367488,-0.0422191710545284,-0.0419634255339247,-0.0417094347348565,-0.0414572058848448,-0.0412067423423129,-0.0409580439334897,-0.0407111072637421,-0.0404659260044165,-0.0402224911564289,-0.0399807912919292,-0.0397408127753948,-0.0395025399655053,-0.039265955399118,-0.03903103995861,-0.0387977730237959,-0.0385661326095554,-0.0383360954902348,-0.0381076373118139,-0.0378807326927525,-0.0376553553143634,-0.0374314780014877,-0.0372090727941839,-0.0369881110110803,-0.0367685633049804,-0.0365503997112597,-0.0363335896895367,-0.0361181021590556,-0.0359039055281724,-0.0356909677182946,-0.0354792561825829,-0.0352687379196893,-0.0350593794827676,-0.034851146983961,-0.0346440060945383,-0.03443792204082,-0.034232859596005,-0.034028783067981,-0.0338256562831708,-0.0336234425664396,-0.0334221047170593,-0.0332216049806958,-0.0330219050173559,-0.0328229658651977,-0.0326247479000788,-0.0324272107906768,-0.0322303134489848,-0.0320340139759417,-0.0318382696019139,-0.0316430366217008,-0.0314482703236832,-0.0312539249126774,-0.0310599534259991,-0.0308663076421687,-0.0306729379816181,-0.0304797933986751,-0.0302868212640063,-0.0300939672366014,-0.0299011751242643,-0.0297083867314527,-0.0295155416931671,-0.0293225772934341,-0.0291294282667587,-0.0289360265807292,-0.0287423011977454,-0.0285481778136138,-0.0283535785704898,-0.0281584217413688,-0.0279626213830158,-0.0277660869538784,-0.0275687228931574,-0.0273704281567943,-0.027171095705688,-0.0269706119409648,-0.0267688560805897,-0.0265656994710326,-0.0263610048270731,-0.0261546253921538,-0.0259464040109597,-0.0257361721051218,-0.025523748542099,-0.0253089383864018,-0.025091531521367,-0.024871301128684,-0.0246480020118153,-0.0244213687483355,-0.0241911136550574,-0.0239569245486145,-0.0237184622829357,-0.0234753580437999,-0.0232272103794055,-0.0229735819446456,-0.0227139959355831,-0.0224479321894828,-0.0221748229247295,-0.0218940480940804,-0.021604930324017,-0.0213067294125477,-0.0209986363577359,-0.0206797668895844,-0.0203491544788025,-0.0200057427975354,-0.0196483776095101,-0.0192757980703921,-0.0188866274236809,-0.0184793630833967,-0.0180523661024062,-0.017603850034775,-0.0171318692123621,-0.0166343064703328,-0.0161088603737675,-0.0155530320185106,-0.0149641115042819,-0.0143391642073405,-0.0136750170141036,-0.0129682447165391,-0.0122151568152578,-0.011411785027355,-0.0105538718533451,-0.00963686062100725,-0.00865588749328312,-0.00760577600192152,-0.00648103474718596,-0.00527585898494127,-0.00398413690335598,-0.00259946146900965,-0.00111514879207587,0.000475735982938571,0.00218034421729788,0.00400599969578043,0.00596014389577567,0.00805026965487328,0.0102838424146385,0.0126682084166812,0.0152104895034537,0.0179174645388175,0.0207954379176893,0.0238500961809492,0.0270863543861013,0.0305081945930328,0.0341184995855422,0.0379188857308344,0.0419095396381318,0.0460890639614278,0.0504543382399876,0.0550004010191245,0.0597203595795647,0.0646053333701427,0.0696444366438501,0.0748248048213218,0.0801316677566858,0.0855484713988084,0.0910570474006109,0.0966378281359779,0.102270102468202,0.107932305620613,0.113602334774666,0.119257880695283,0.124876764861683,0.130437271329174,0.135918462881529,0.141300471924317,0.146564757942,0.151694325084646,0.156673895429278,0.161490035532442,0,-0.052316021994289,-0.0519853455095171,-0.0516622625150915,-0.0513493915469516,-0.0510442245189437,-0.0507442323079749,-0.0504475016033875,-0.050152704418862,-0.0498589671635127,-0.0495657482743093,-0.0492727424884409,-0.04897980983388,-0.0486869239595094,-0.0483941348300567,-0.0481015419019161,-0.0478092749067336,-0.0475174801577305,-0.0472263108733703,-0.0469359204297686,-0.0466464577508988,-0.046358064258538,-0.0460708719570903,-0.0457850023395702,-0.0455005658823913,-0.0452176619566309,-0.0449363790280491,-0.0446567950514383,-0.0443789779898308,-0.0441029864078114,-0.0438288701022309,-0.0435566707441381,-0.0432864225136117,-0.0430181527150172,-0.0427518823645362,-0.0424876267449851,-0.0422253959252364,-0.0419651952432075,-0.0417070257525316,-0.0414508846338235,-0.0411967655719742,-0.0409446591012302,-0.0406945529199992,-0.0404464321773984,-0.0402002797335671,-0.0399560763957238,-0.039713801131864,-0.0394734312639028,-0.0392349426419502,-0.0389983098012927,-0.0387635061035384,-0.0385305038632631,-0.0382992744613894,-0.0380697884464182,-0.0378420156245382,-0.037615925139541,-0.0373914855433854,-0.0371686648581719,-0.0369474306302175,-0.0367277499768488,-0.0365095896264719,-0.0362929159524173,-0.0360776950010072,-0.0358638925142417,-0.0356514739474572,-0.0354404044822668,-0.0352306490350555,-0.0350221722612653,-0.0348149385556735,-0.0346089120488337,-0.0344040565998206,-0.0342003357853893,-0.0339977128856336,-0.0337961508661993,-0.033595612357082,-0.0333960596280142,-0.0331974545604161,-0.0329997586158618,-0.0328029328009805,-0.0326069376286858,-0.0324117330755952,-0.0322172785354679,-0.0320235327684564,-0.0318304538459295,-0.0316379990905821,-0.0314461250115056,-0.0312547872338433,-0.031063940422601,-0.0308735382001276,-0.0306835330567106,-0.0304938762536673,-0.0303045177182248,-0.0301154059294012,-0.0299264877939976,-0.0297377085117054,-0.0295490114282105,-0.0293603378750446,-0.0291716269947842,-0.0289828155500343,-0.0287938377144515,-0.0286046248438613,-0.0284151052253007,-0.0282252038015725,-0.0280348418686281,-0.0278439367427983,-0.0276524013945628,-0.027460144045195,-0.027267067722222,-0.027073069769215,-0.0268780413049556,-0.0266818666265159,-0.0264844225502373,-0.0262855776839974,-0.0260851916235027,-0.0258831140646535,-0.0256791838232764,-0.025473227752715,-0.0252650595489198,-0.025054478431758,-0.0248412676903068,-0.0246251930788698,-0.0244060010493902,-0.0241834168048175,-0.0239571421568322,-0.0237268531701389,-0.0234921975743342,-0.0232527919231309,-0.0230082184795121,-0.0227580218042063,-0.0225017050237485,-0.0222387257533612,-0.0219684916489756,-0.0216903555619926,-0.021403610269882,-0.0211074827555365,-0.0208011280084914,-0.0204836223218098,-0.020153956059714,-0.0198110258730695,-0.0194536263427332,-0.0190804410347706,-0.0186900329568064,-0.0182808344115657,-0.0178511362522369,-0.0173990765549606,-0.016922628736849,-0.0164195891638485,-0.0158875643118658,-0.0153239575673268,-0.0147259557801663,-0.0140905157136148,-0.0134143505714972,-0.0126939168254998,-0.0119254016123267,-0.0111047110240924,-0.0102274596747406,-0.00928896199057056,-0.00828422574361201,-0.00720794842171855,-0.00605451710743412,-0.00481801261687035,-0.00349221872717697,-0.00207063739295243,-0.000546510913354765,0.00108714794316637,0.00283751682777044,0.00471191469476593,0.00671774171141187,0.00886240732715331,0.0111532457983608,0.0135974186990212,0.0162018042626354,0.0189728738024903,0.0219165559495067,0.0250380900269023,0.0283418705400501,0.0318312854810243,0.0355085519038041,0.0393745529812473,0.0434286814621697,0.0476686950510683,0.0520905896732912,0.0566884968022567,0.0614546109540441,0.0663791530502595,0.071450374582054,0.0766546063703306,0.0819763542329014,0.0873984420943924,0.0929022010967434,0.0984677012024215,0.104074019763496,0.109699539699678,0.115322268423548,0.120920167587582,0.126471483188762,0.131955065593983,0.137350669638369,0.142639226048151,0.147803076959842,0.152826170128208,0,-0.0526186254883445,-0.0522767190437652,-0.0519414465084562,-0.051615496130835,-0.0512967655381195,-0.0509829899148159,-0.0506724020227754,-0.0503637634763791,-0.0500562680218175,-0.0497494330452566,-0.0494430078292923,-0.0491369026689286,-0.0488311362811675,-0.0485257976478987,-0.0482210187412932,-0.0479169552728856,-0.0476137732888723,-0.0473116399960601,-0.0470107176346397,-0.0467111595349482,-0.0464131077305031,-0.0461166916708263,-0.0458220277022193,-0.0455292190755159,-0.0452383563062634,-0.0449495177614291,-0.0446627703824198,-0.0443781704803885,-0.0440957645590009,-0.0438155901338684,-0.0435376765280781,-0.043262045630649,-0.0429887126100539,-0.0427176865787231,-0.0424489712070769,-0.0421825652874455,-0.0419184632494318,-0.0416566556290353,-0.0413971294943009,-0.0411398688304812,-0.0408848548877695,-0.0406320664946227,-0.0403814803395883,-0.0401330712243979,-0.0398868122909143,-0.0396426752243331,-0.0394006304348479,-0.0391606472198033,-0.0389226939081769,-0.0386867379890655,-0.0384527462256894,-0.0382206847562804,-0.037990519183088,-0.0377622146506082,-0.0375357359140318,-0.0373110473988022,-0.0370881132520815,-0.036866897386837,-0.0366473635191872,-0.0364294751995713,-0.0362131958382496,-0.0359984887255796,-0.0357853170474646,-0.0355736438963216,-0.0353634322778755,-0.0351546451140432,-0.0349472452421377,-0.0347411954105881,-0.0345364582713394,-0.0343329963690675,-0.0341307721273165,-0.0339297478316401,-0.0337298856098018,-0.0335311474090655,-0.033333494970583,-0.0331368898008609,-0.0329412931402652,-0.0327466659284948,-0.0325529687669347,-0.0323601618777658,-0.0321682050596855,-0.0319770576400606,-0.0317866784233017,-0.0315970256352146,-0.0314080568630443,-0.0312197289908882,-0.0310319981301062,-0.030844819544309,-0.030658147568447,-0.0304719355214635,-0.030286135611906,-0.0301006988358145,-0.0299155748661242,-0.0297307119327216,-0.029546056692196,-0.0293615540862086,-0.0291771471872771,-0.0289927770306307,-0.0288083824306335,-0.0286238997801042,-0.0284392628306617,-0.028254402452021,-0.0280692463679248,-0.0278837188661421,-0.0276977404796767,-0.0275112276360238,-0.0273240922709631,-0.0271362414030101,-0.0269475766642326,-0.0267579937826984,-0.0265673820113312,-0.0263756234974277,-0.0261825925865164,-0.0259881550536216,-0.0257921672543342,-0.0255944751873696,-0.025394913459535,-0.0251933041432024,-0.024989455515517,-0.0247831606676452,-0.0245741959713916,-0.0243623193894877,-0.0241472686147881,-0.0239287590224947,-0.0237064814183868,-0.0234800995648631,-0.0232492474654203,-0.0230135263870139,-0.0227725015985882,-0.0225256988029524,-0.0222726002381463,-0.0220126404235167,-0.0217452015249574,-0.0214696083132139,-0.0211851226888667,-0.0208909377476723,-0.0205861713604442,-0.0202698592426997,-0.0199409474910097,-0.0195982845655095,-0.0192406127015277,-0.0188665587379562,-0.018474624356041,-0.0180631757299702,-0.0176304326002489,-0.017174456792706,-0.0166931402204088,-0.0161841924231581,-0.0156451277200026,-0.0150732520747652,-0.014465649803374,-0.013819170285249,-0.0131304148795418,-0.0123957242910093,-0.0116111666799848,-0.0107725268664378,-0.00987529703940391,-0.00891466944978708,-0.0078855316360011,-0.00678246480695959,-0.00559974608383465,-0.00433135537835782,-0.00297098775799265,-0.0015120722128808,5.22022091848373e-05,0.00172885190174575,0.00352505482992891,0.00544809632024987,0.00750530361433691,0.00970396842211823,0.0120512569062848,0.0145541068004784,0.0172191117162376,0.0200523931329277,0.0230594610910503,0.02624506521703,0.029613038384029,0.0331661360371431,0.0369058749515303,0.0408323759079405,0.0449442154120809,0.0492382920956133,0.0537097137570356,0.0583517110710443,0.0631555837630031,0.0681106844723557,0.0732044445970544,0.078422445128451,0.0837485338909193,0.0891649887625333,0.0946527244712849,0.100191538557495,0.105760390202522,0.111337703982929,0.116901689341729,0.122430665772565,0.127903383450494,0.133299329333489,0.13859900957543,0.143784200366187,0,-0.0528430180006369,-0.0524903858987266,-0.0521454158772474,-0.0518086639404089,-0.0514782152198155,-0.0511521249292863,-0.050828867957308,-0.050507381735652,-0.0501869939498178,-0.0498673290545284,-0.0495482242001084,-0.0492296621966716,-0.0489117210862658,-0.048594537497401,-0.0482782806639325,-0.047963134398399,-0.0476492848720279,-0.0473369125734207,-0.0470261872408119,-0.0467172648875834,-0.0464102862831005,-0.0461053764291858,-0.0458026447026563,-0.0455021854289631,-0.0452040787206165,-0.0449083914637974,-0.0446151783724815,-0.0443244830552757,-0.0440363390587269,-0.0437507708640798,-0.0434677948238035,-0.0431874200307289,-0.0429096491171201,-0.0426344789840166,-0.0423619014631406,-0.0420919039148765,-0.0418244697665116,-0.0415595789952487,-0.041297208560573,-0.0410373327904606,-0.0407799237257213,-0.0405249514265086,-0.0402723842447375,-0.0400221890658472,-0.0397743315230442,-0.0395287761868675,-0.0392854867326421,-0.0390444260881283,-0.0388055565634363,-0.0385688399650576,-0.0383342376956683,-0.0381017108411766,-0.0378712202463298,-0.0376427265800483,-0.0374161903915237,-0.0371915721580041,-0.0369688323250829,-0.036747931340215,-0.0365288296801014,-0.0363114878725084,-0.0360958665130198,-0.0358819262771621,-0.0356696279282876,-0.0354589323215527,-0.035249800404284,-0.0350421932129869,-0.0348360718672117,-0.0346313975604648,-0.0344281315483163,-0.034226235133831,-0.0340256696504219,-0.0338263964422025,-0.0336283768418857,-0.0334315721462618,-0.0332359435892583,-0.0330414523125693,-0.0328480593338135,-0.0326557255121649,-0.0324644115113712,-0.0322740777600565,-0.0320846844091769,-0.0318961912864723,-0.0317085578477319,-0.0315217431246573,-0.0313357056690772,-0.0311504034932308,-0.0309657940057991,-0.0307818339433183,-0.0305984792965648,-0.030415685231446,-0.0302334060038759,-0.0300515948680464,-0.0298702039774379,-0.0296891842778283,-0.029508485391475,-0.0293280554915434,-0.0291478411657475,-0.0289677872680458,-0.0287878367571024,-0.0286079305200702,-0.0284280071800944,-0.0282480028857435,-0.0280678510803785,-0.0278874822492461,-0.0277068236418355,-0.0275257989667675,-0.0273443280561904,-0.0271623264963273,-0.0269797052204656,-0.0267963700602897,-0.0266122212510322,-0.026427152885456,-0.0262410523111799,-0.0260537994653137,-0.0258652661397808,-0.0256753151700761,-0.0254837995395177,-0.0252905613903288,-0.0250954309320971,-0.0248982252373317,-0.0246987469129538,-0.0244967826356229,-0.0242921015378204,-0.0240844534305877,-0.0238735668477452,-0.0236591468953206,-0.0234408728887851,-0.0232183957595524,-0.0229913352110511,-0.0227592766035513,-0.0225217675458363,-0.02227831417078,-0.0220283770709669,-0.0217713668696937,-0.021506639402091,-0.0212334904807372,-0.0209511502200888,-0.0206587768943946,-0.0203554503045931,-0.0200401646311352,-0.0197118207518395,-0.019369218006956,-0.0190110453977349,-0.0186358722101964,-0.018242138062687,-0.017828142384466,-0.0173920333432676,-0.0169317962528711,-0.0164452415075227,-0.0159299921089813,-0.0153834708744107,-0.0148028874397303,-0.0141852252037923,-0.0135272283942837,-0.0128253894769187,-0.0120759371755983,-0.0112748254229387,-0.0104177236179378,-0.00950000863033526,-0.00851675905890837,-0.00746275232260949,-0.00633246523765992,-0.00512007880842207,-0.0038194880322878,-0.00242431758528763,-0.000927944311019705,0.000676472524870072,0.00239595223583522,0.00423764400668844,0.00620876756644942,0.00831654243440378,0.010568105094026,0.0129704136796917,0.0155301400677862,0.0182535496528034,0.0211463695627005,0.0242136466235699,0.0274595970126289,0.0308874502238712,0.034499290686872,0.0382959010911996,0.0422766121325765,0.0464391639604623,0.0507795850130568,0.0552920941164974,0.0599690316458855,0.0648008251523512,0.0697759941248872,0.0748811974730454,0.0801013259092197,0.0854196397296345,0.0908179506234113,0.0962768441868151,0.101775937910505,0.107294167674054,0.112810094351555,0.118302221113684,0.123749311484236,0.129130698212975,0.134426573558983,0,-0.0529904166315145,-0.052628439033829,-0.0522759496324956,-0.0519303420370544,-0.0515897744437207,-0.051252664202133,-0.0509178044585248,-0.0505843804109541,-0.0502519107882783,-0.0499201686912736,-0.0495891076719935,-0.049258801601523,-0.0489293991331439,-0.0486010907396221,-0.0482740856569231,-0.0479485962669128,-0.0476248279034512,-0.0473029725301896,-0.0469832051336535,-0.0466656819865206,-0.0463505401716935,-0.0460378979323555,-0.0457278555408685,-0.0454204964719439,-0.0451158887322129,-0.0448140862460956,-0.0445151302318641,-0.0442190505258199,-0.0439258668293141,-0.043635589864963,-0.0433482224363198,-0.0430637603905182,-0.0427821934867894,-0.0425035061758191,-0.0422276782960716,-0.0419546856937371,-0.0416845007730785,-0.0414170929838013,-0.0411524292517479,-0.0408904743588032,-0.0406311912774344,-0.0403745414648092,-0.0401204851209675,-0.0398689814150705,-0.0396199886833302,-0.0393734646018302,-0.0391293663370985,-0.0388876506769636,-0.038648274143943,-0.0384111930931467,-0.0381763637964515,-0.0379437425144932,-0.037713285557842,-0.0374849493385632,-0.0372586904132222,-0.0370344655182656,-0.0368122315985978,-0.0365919458300717,-0.0363735656365256,-0.0361570487019203,-0.0359423529780586,-0.0357294366883117,-0.0355182583277182,-0.0353087766597768,-0.0351009507102064,-0.0348947397579098,-0.0346901033233428,-0.0344870011544561,-0.0342853932103507,-0.0340852396427586,-0.0338865007754388,-0.0336891370815508,-0.0334931091590529,-0.0332983777041442,-0.033104903482756,-0.0329126473000742,-0.0327215699680579,-0.0325316322708965,-0.0323427949283334,-0.0321550185567576,-0.0319682636279475,-0.0317824904253281,-0.031597658997577,-0.0314137291093905,-0.0312306601891942,-0.0310484112735477,-0.0308669409479664,-0.03068620728384,-0.0305061677710913,-0.0303267792461736,-0.0301479978149531,-0.0299697787699693,-0.0297920765015064,-0.0296148444018373,-0.0294380347619295,-0.0292615986598148,-0.029085485839734,-0.0289096445810614,-0.028734021555899,-0.0285585616741028,-0.0283832079143591,-0.0282079011397736,-0.0280325798962609,-0.0278571801918269,-0.0276816352546292,-0.0275058752674608,-0.0273298270760491,-0.0271534138682764,-0.0269765548211207,-0.0267991647117715,-0.0266211534890112,-0.0264424258005398,-0.0262628804714884,-0.0260824099288822,-0.0259008995663015,-0.0257182270424226,-0.0255342615065239,-0.0253488627433867,-0.0251618802293274,-0.0249731520903511,-0.0247825039526251,-0.0245897476746258,-0.024394679949424,-0.0241970807646351,-0.0239967117065775,-0.0237933140941633,-0.0235866069269845,-0.0233762846309751,-0.0231620145839268,-0.0229434344020266,-0.0227201489674878,-0.0224917271762788,-0.0222576983839403,-0.0220175485265533,-0.0217707158931124,-0.021516586524918,-0.0212544892171698,-0.0209836900978046,-0.0207033867588249,-0.0204127019160193,-0.0201106765741697,-0.0197962626767087,-0.0194683152214587,-0.0191255838277273,-0.0187667037448331,-0.0183901862983028,-0.0179944087777608,-0.0175776037801927,-0.0171378480341127,-0.0166730507445202,-0.0161809415157704,-0.015659057929978,-0.0151047328827257,-0.0145150818060786,-0.0138869899415975,-0.0132170998635857,-0.0125017994954964,-0.0117372109105097,-0.0109191802608246,-0.0100432692391092,-0.00910474853941178,-0.00809859385294901,-0.00701948500536168,-0.00586180891455724,-0.00461966711974049,-0.00328688869950105,-0.00185704945581088,-0.000323498286430895,0.00132060830556846,0.00308226261684895,0.00496855215017217,0.00698659518754119,0.00914346482717904,0.0114461009752141,0.0139012100474248,0.016515152478331,0.0192938185582468,0.0222424936234402,0.0253657142045461,0.028667117381211,0.0321492862758819,0.0358135953170787,0.0396600595738229,0.0436871930613189,0.0478918813904074,0.0522692744234863,0.0568127046525995,0.0615136367830914,0.0663616534534199,0.071344481132324,0.0764480590169066,0.0816566522457195,0.0869530090051347,0.0923185592375713,0.0977336507701765,0.10317781689837,0.108630067907299,0.114069197811348,0.119474096829537,0.124824059851614,0,-0.0530619376050821,-0.0526933041621804,-0.0523351644675908,-0.0519822667574423,-0.0516328805060124,-0.0512858275044406,-0.0509402777818771,-0.0505957204433485,-0.0502519103690417,-0.0499088019919188,-0.0495664871339734,-0.0492251441877181,-0.0488849997666022,-0.0485463013069153,-0.0482092983683828,-0.0478742304686295,-0.0475413196505756,-0.0472107663840904,-0.0468827477568598,-0.0465574171927729,-0.0462349051527542,-0.0459153204341537,-0.045598751802679,-0.0452852697759569,-0.0449749284386038,-0.0446677672116613,-0.0443638125292919,-0.0440630793963459,-0.04376557281446,-0.0434712890736614,-0.0431802169124272,-0.0428923385528105,-0.0426076306192974,-0.0423260649510384,-0.0420476093173568,-0.0417722280462364,-0.0414998825750112,-0.0412305319318398,-0.0409641331558338,-0.0407006416629735,-0.0404400115642238,-0.0401821959415767,-0.0399271470871097,-0.0396748167095669,-0.0394251561124353,-0.0391781163470184,-0.0389336483435823,-0.0386917030232716,-0.0384522313931613,-0.0382151846265148,-0.0379805141300601,-0.0377481715998689,-0.0375181090672218,-0.0372902789356713,-0.0370646340103561,-0.0368411275204906,-0.0366197131358303,-0.0364003449778148,-0.0361829776259966,-0.0359675661202852,-0.0357540659594647,-0.0355424330963842,-0.0353326239301599,-0.0351245952956882,-0.0349183044507173,-0.0347137090606928,-0.0345107671815576,-0.0343094372406533,-0.0341096780158472,-0.0339114486129789,-0.0337147084417031,-0.0335194171897793,-0.0333255347958417,-0.0331330214206652,-0.0329418374169218,-0.0327519432974086,-0.0325632997017091,-0.0323758673612329,-0.0321896070625635,-0.0320044796090237,-0.0318204457803523,-0.0316374662903646,-0.0314555017424512,-0.0312745125827443,-0.0310944590507609,-0.0309153011273038,-0.0307369984793728,-0.030559510401811,-0.0303827957553709,-0.0302068129008534,-0.0300315196289248,-0.0298568730851749,-0.0296828296899235,-0.0295093450522263,-0.0293363738774667,-0.0291638698678475,-0.0289917856150162,-0.0288200724839694,-0.0286486804872814,-0.0284775581485936,-0.0283066523541784,-0.028135908191255,-0.0279652687715858,-0.0277946750387166,-0.0276240655570363,-0.027453376280637,-0.0272825402997248,-0.0271114875620912,-0.0269401445668844,-0.0267684340276245,-0.0265962745010844,-0.026423579978304,-0.0262502594336214,-0.026076216327187,-0.0259013480559696,-0.0257255453477716,-0.0255486915922407,-0.0253706621022846,-0.0251913232986857,-0.0250105318100415,-0.0248281334794547,-0.0246439622686368,-0.0244578390492894,-0.0242695702707755,-0.0240789464922018,-0.0238857407660933,-0.0236897068598636,-0.023490577300275,-0.0232880612250382,-0.0230818420246431,-0.0228715747564434,-0.0226568833119549,-0.0224373573172872,-0.0222125487456369,-0.0219819682198491,-0.0217450809822396,-0.0215013025082032,-0.0212499937396548,-0.0209904559141324,-0.02072192496548,-0.0204435654725258,-0.0201544641331623,-0.0198536227428218,-0.0195399506586756,-0.0192122567340878,-0.0188692407121238,-0.0185094840724264,-0.0181314403327599,-0.0177334248152369,-0.0173136038979573,-0.0168699837858193,-0.0164003988499438,-0.0159024996038399,-0.0153737404065305,-0.0148113670087198,-0.0142124040881329,-0.013573642954744,-0.012891629646073,-0.0121626536773139,-0.0113827377609033,-0.0105476288652086,-0.00965279104205714,-0.00869340051727469,-0.00766434360630011,-0.00656021808685862,-0.00537533873056492,-0.00410374776245576,-0.00273923107825156,-0.00127534109915152,0.000294572822290121,0.00197732552064768,0.00377984775507144,0.00570912771792692,0.00777214157178338,0.00997577243317172,0.0123267174476955,0.014831382899498,0.0174957676738732,0.0203253358466599,0.0233248797049549,0.0264983751015331,0.0298488316937797,0.03337814129228,0.0370869282111695,0.0409744061302538,0.0450382464990863,0.0492744638823946,0.0536773238103841,0.0582392786063876,0.0629509362775839,0.0678010668471881,0.0727766494749372,0.0778629623787347,0.0830437159836891,0.0883012279624632,0.0936166369933216,0.098970150266386,0.104341318137825,0.109709327984447,0.115053308348908,0,-0.0530593530277793,-0.0526876913390727,-0.052325407373814,-0.0519663707550921,-0.0516091339716262,-0.0512529706965837,-0.0508974708995608,-0.0505424672006531,-0.0501879820648876,-0.0498341733287394,-0.0494812848606727,-0.049129606890344,-0.0487794466710816,-0.0484311081692978,-0.048084878886278,-0.0477410219874283,-0.0473997722166763,-0.0470613344134505,-0.0467258837515375,-0.0463935670628433,-0.046064504796252,-0.0457387933011831,-0.0454165072270944,-0.0450977019030234,-0.044782415612651,-0.0444706717160284,-0.0441624805933994,-0.0438578414026953,-0.0435567436526968,-0.0432591686002534,-0.0429650904836049,-0.0426744776056375,-0.0423872932814726,-0.0421034966645677,-0.0418230434648178,-0.0415458865711821,-0.0412719765902804,-0.0410012623112792,-0.0407336911062946,-0.040469209274499,-0.0402077623371599,-0.0399492952899634,-0.0396937528181884,-0.0394410794795947,-0.0391912198592686,-0.0389441187001188,-0.0386997210122361,-0.0384579721639095,-0.0382188179567233,-0.0379822046868379,-0.0377480791942827,-0.0375163889018402,-0.0372870818448955,-0.0370601066934391,-0.0368354127672505,-0.036612950045155,-0.0363926691691224,-0.0361745214438728,-0.0359584588325624,-0.0357444339490457,-0.0355324000471351,-0.035322311007225,-0.0351141213205882,-0.034907786071611,-0.034703260918188,-0.0345005020704639,-0.0342994662680775,-0.0341001107560332,-0.0339023932593009,-0.033706271956222,-0.0335117054507788,-0.0333186527437638,-0.0331270732028712,-0.0329369265317122,-0.0327481727377444,-0.0325607720990864,-0.0323746851301782,-0.0321898725462306,-0.0320062952263922,-0.0318239141755507,-0.0316426904846664,-0.0314625852895204,-0.0312835597277448,-0.0311055748939813,-0.0309285917929953,-0.0307525712905519,-0.0305774740618352,-0.0304032605371667,-0.0302298908447483,-0.0300573247501259,-0.029885521592031,-0.0297144402142193,-0.029544038892882,-0.0293742752591537,-0.0292051062161879,-0.0290364878502101,-0.0288683753348873,-0.028700722828281,-0.0285334833615626,-0.0283666087185764,-0.0282000493052347,-0.0280337540076061,-0.0278676700374371,-0.0277017427636993,-0.0275359155285972,-0.0273701294463012,-0.0272043231824718,-0.027038432712436,-0.026872391055637,-0.02670612798373,-0.0265395696994082,-0.026372638482745,-0.0262052523014951,-0.0260373243814372,-0.0258687627324424,-0.0256994696255174,-0.0255293410156089,-0.0253582659044452,-0.0251861256371477,-0.0250127931257596,-0.0248381319922049,-0.0246619956225226,-0.0244842261235006,-0.0243046531720698,-0.0241230927470129,-0.0239393457316913,-0.023753196375598,-0.0235644106016157,-0.0233727341448891,-0.0231778905082283,-0.0229795787179419,-0.0227774708629737,-0.0225712093991895,-0.0223604041996564,-0.0221446293307899,-0.0219234195333347,-0.0216962663863395,-0.0214626141315975,-0.0212218551355177,-0.0209733249651078,-0.0207162970547481,-0.0204499769408037,-0.0201734960419276,-0.0198859049642691,-0.0195861663128237,-0.0192731469929894,-0.0189456099901843,-0.0186022056203049,-0.0182414622500875,-0.0178617764942822,-0.017461402906247,-0.0170384431903808,-0.0165908349790732,-0.0161163402338812,-0.0156125333508141,-0.0150767890732954,-0.0145062703439368,-0.0138979162580902,-0.0132484303185448,-0.0125542692320023,-0.0118116325342512,-0.0110164533823142,-0.0101643909081001,-0.00925082458882093,-0.00827085115388074,-0.00721928461490569,-0.00609066007333674,-0.00487924202619289,-0.00357903795212277,-0.0021838180127581,-0.000687141743790342,0.000917607369715258,0.00263717854526876,0.00447840073343961,0.00644811926000088,0.00855312144544845,0.0108000507594352,0.0131953093263747,0.0157449489300176,0.0184545510723488,0.0213290971248796,0.0243728301622305,0.0275891106762189,0.0309802690133309,0.0345474580310832,0.0382905100927736,0.0422078030714085,0.0462961404625903,0.0505506509606455,0.0549647128817098,0.0595299085779449,0.0642360134469985,0.0690710232866343,0.0740212225853401,0.0790712949108369,0.0842044749217508,0.0894027397699019,0.0946470358877283,0.0999175354844167,0.105193915623179,0,-0.0529856929889021,-0.0526145317272256,-0.0522491486272628,-0.0518846893709758,-0.0515202243303802,-0.051155528129574,-0.0507906389634766,-0.0504257557710581,-0.0500611853844212,-0.049697299401124,-0.0493344984862164,-0.0489731851882354,-0.0486137449533482,-0.0482565340202345,-0.0479018726101023,-0.0475500419518282,-0.0472012839465535,-0.0468558025540318,-0.04651376622599,-0.0461753109070097,-0.0458405432730027,-0.0455095439882829,-0.045182370842447,-0.0448590616849544,-0.0445396371144224,-0.0442241029059409,-0.0439124521767949,-0.0436046673015678,-0.0433007215936889,-0.0430005807735325,-0.0427042042442063,-0.0424115461959157,-0.0421225565587632,-0.0418371818223805,-0.0415553657391317,-0.0412770499259095,-0.0410021743778764,-0.0407306779059248,-0.0404624985081816,-0.0401975736845682,-0.0399358407022566,-0.0396772368188225,-0.0394216994689824,-0.0391691664200051,-0.0389195759001894,-0.0386728667041995,-0.038428978278522,-0.038187850789858,-0.0379494251788742,-0.0377136432013944,-0.0374804474588284,-0.0372497814193781,-0.0370215894313485,-0.0367958167297024,-0.0365724094368358,-0.0363513145584164,-0.0361324799750015,-0.0359158544300516,-0.0357013875148675,-0.0354890296508966,-0.0352787320697912,-0.0350704467915414,-0.0348641266009533,-0.0346597250227031,-0.034457196295153,-0.0342564953430876,-0.0340575777494954,-0.0338603997264952,-0.0336649180854858,-0.0334710902065732,-0.0332788740073144,-0.0330882279107988,-0.0328991108130727,-0.0327114820498971,-0.0325253013628193,-0.0323405288645211,-0.0321571250033983,-0.0319750505273109,-0.0317942664464342,-0.0316147339951246,-0.0314364145927063,-0.0312592698030656,-0.0310832612929307,-0.030908350788696,-0.0307345000316341,-0.0305616707313218,-0.030389824517084,-0.0302189228872409,-0.0300489271559151,-0.0298797983971327,-0.0297114973859183,-0.0295439845360544,-0.0293772198341341,-0.0292111627694978,-0.0290457722595958,-0.0288810065702674,-0.02871682323037,-0.0285531789401247,-0.0283900294724762,-0.0282273295666804,-0.0280650328132474,-0.027903091529267,-0.0277414566230311,-0.0275800774467513,-0.0274189016360259,-0.0272578749345695,-0.0270969410025467,-0.0269360412066709,-0.0267751143900297,-0.0266140966193746,-0.0264529209073714,-0.0262915169070426,-0.02612981057534,-0.0259677238024695,-0.0258051740032431,-0.025642073666355,-0.0254783298570724,-0.0253138436683842,-0.0251485096151752,-0.0249822149654722,-0.024814839002258,-0.0246462522087454,-0.024476315369372,-0.0243048785780902,-0.0241317801448063,-0.0239568453900554,-0.0237798853171903,-0.0236006951505139,-0.0234190527269,-0.0232347167275247,-0.0230474247353858,-0.0228568911033138,-0.0226628046161985,-0.0224648259301713,-0.022262584770513,-0.0220556768691226,-0.0218436606214971,-0.0216260534423728,-0.0214023277984933,-0.0211719068964366,-0.0209341600031038,-0.0206883973764033,-0.0204338647839163,-0.020169737587992,-0.0198951143768738,-0.0196090101232252,-0.0193103488539115,-0.0189979558182645,-0.0186705491464662,-0.018326730995325,-0.0179649781858012,-0.017583632345406,-0.0171808895793085,-0.0167547897069503,-0.0163032051164742,-0.0158238293076964,-0.0153141652160086,-0.0147715134348791,-0.0141929604838597,-0.0135753673025434,-0.0129153581890322,-0.0122093104443646,-0.011453345032112,-0.01064331861489,-0.00977481738653736,-0.00884315317959264,-0.00784336239144435,-0.0067702083377065,-0.00561818770593474,-0.0043815418440624,-0.00305427367242554,-0.00163017105164308,-0.00010283746568188,0.0015342691159842,0.00328778835815709,0.00516439988489105,0.00717075514063007,0.00931339827995486,0.0115986758013955,0.0140326349317681,0.0166209111307424,0.0193686055217682,0.0222801535614799,0.0253591868259085,0.0286083904020562,0.0320293590037782,0.0356224555496351,0.0393866765080542,0.043319528786139,0.0474169232633361,0.0516730902000964,0.0560805216390127,0.0606299455254143,0.06531033558466,0.0701089600028737,0.075011470688884,0.0800020333955667,0.0850634973215355,0.0901776010933437,0.0953252103528658,0,-0.0528452064608555,-0.0524768760253761,-0.0521088757636219,-0.0517392700508845,-0.0513678580611095,-0.0509949571703223,-0.0506210669011808,-0.0502467584600785,-0.049872624789106,-0.0494992493896933,-0.0491271850154587,-0.0487569398853396,-0.0483889699034217,-0.0480236754461348,-0.0476614014191249,-0.0473024395099273,-0.0469470318018847,-0.0465953751308568,-0.0462476257452353,-0.0459039039703144,-0.0455642986842344,-0.0452288714903283,-0.044897660525679,-0.0445706838833434,-0.0442479426504626,-0.0439294235799149,-0.0436151014220149,-0.0433049409470913,-0.0429988986911042,-0.042696924455868,-0.0423989625937072,-0.0421049531040021,-0.0418148325664392,-0.0415285349330851,-0.0412459921988056,-0.0409671349671196,-0.040691892926362,-0.0404201952490428,-0.0401519709255247,-0.0398871490415961,-0.0396256590081658,-0.0393674307501339,-0.0391123948604845,-0.038860482724772,-0.0386116266204245,-0.0383657597946475,-0.0381228165241584,-0.0378827321595132,-0.0376454431563806,-0.037410887095778,-0.0371790026949849,-0.036949729810599,-0.0367230094349828,-0.0364987836871643,-0.0362769957990978,-0.0360575900980522,-0.0358405119857798,-0.03562570791502,-0.0354131253638017,-0.03520271280794,-0.0349944196920564,-0.0347881963993957,-0.0345839942206689,-0.0343817653221097,-0.0341814627128943,-0.0339830402120477,-0.0337864524149301,-0.0335916546593746,-0.0333986029915287,-0.0332072541314299,-0.0330175654383354,-0.0328294948758058,-0.0326430009765346,-0.0324580428068992,-0.0322745799312016,-0.0320925723755539,-0.0319119805913542,-0.0317327654182894,-0.0315548880467902,-0.0313783099798557,-0.0312029929941498,-0.0310288991002672,-0.0308559905020497,-0.0306842295548229,-0.0305135787224107,-0.030344000532768,-0.0301754575320569,-0.0300079122369736,-0.0298413270851111,-0.0296756643831231,-0.0295108862524264,-0.029346954572153,-0.0291838309190314,-0.02902147650384,-0.0288598521040381,-0.0286989179921356,-0.0285386338593109,-0.0283789587337376,-0.028219850893011,-0.0280612677700057,-0.0279031658514134,-0.0277455005681276,-0.0275882261765483,-0.0274312956297751,-0.0272746604375394,-0.0271182705136002,-0.0269620740091863,-0.0268060171309074,-0.0266500439413889,-0.0264940961406903,-0.026338112826359,-0.0261820302297442,-0.0260257814259394,-0.0258692960144486,-0.025712499767373,-0.025555314241581,-0.025397656350975,-0.0252394378945755,-0.0250805650357266,-0.0249209377272728,-0.0247604490770692,-0.0245989846476597,-0.0244364216833942,-0.0242726282576539,-0.0241074623322075,-0.0239407707200378,-0.0237723879422548,-0.0236021349689431,-0.0234298178329919,-0.0232552261051137,-0.0230781312173879,-0.0228982846217631,-0.0227154157690313,-0.0225292298928533,-0.0223394055824741,-0.0221455921268411,-0.0219474066119381,-0.0217444307522932,-0.0215362074368391,-0.0213222369686259,-0.0211019729773439,-0.0208748179832592,-0.0206401185910361,-0.0203971602920922,-0.0201451618546694,-0.0198832692817879,-0.0196105493187938,-0.0193259824944096,-0.019028455682199,-0.018716754173309,-0.0183895532564216,-0.0180454093072454,-0.017682750397807,-0.0172998664455264,-0.0168948989338368,-0.0164658302502456,-0.0160104727045336,-0.0155264573095981,-0.0150112224305973,-0.0144620024348931,-0.0138758165061381,-0.0132494578209939,-0.0125794833266329,-0.011862204401468,-0.0110936787304699,-0.0102697037797442,-0.00938581231227276,-0.0084372704470675,-0.00741907882621918,-0.00632597751669686,-0.00515245533394216,-0.00389276432924872,-0.00254094022879831,-0.00109082964435143,0.00046387511159895,0.00212959278633865,0.00391280074909381,0.00581997266734045,0.00785750574487122,0.0100316371606208,0.012348349601677,0.0148132661063681,0.0174315348260715,0.020207704775827,0.0231455941673124,0.0262481534904679,0.0295173261121962,0.0329539097647189,0.0365574228674609,0.0403259801232883,0.0442561822063113,0.0483430245662195,0.0525798303672187,0.0569582123189064,0.0614680676146309,0.0660976093599113,0.0708334367605237,0.0756606449821512,0.0805629740508051,0.0855229945176309,0,-0.0526429124104541,-0.0522777514414229,-0.0519069903862153,-0.0515320881195321,-0.0511536923354715,-0.0507726875079869,-0.0503900311760666,-0.0500066559878747,-0.0496234278141214,-0.049241128046593,-0.0488604474228266,-0.0484819861520919,-0.0481062577135049,-0.047733694781213,-0.0473646562846305,-0.046999434938288,-0.0466382647904746,-0.0462813284916289,-0.0459287640947969,-0.0455806712825266,-0.0452371169739026,-0.044898140306843,-0.0445637570182407,-0.0442339632614347,-0.043908738909662,-0.0435880503978646,-0.0432718531552791,-0.0429600936789707,-0.0426527112948434,-0.0423496396483506,-0.0420508079626049,-0.0417561420971311,-0.0414655654363003,-0.0411789996326296,-0.0408963652266607,-0.0406175821620601,-0.0403425702118888,-0.0400712493296547,-0.0398035399367355,-0.0395393631560321,-0.0392786410002228,-0.0390212965217267,-0.0387672539304028,-0.0385164386840963,-0.0382687775563656,-0.0380241986850592,-0.0377826316048558,-0.0375440072664003,-0.0373082580442675,-0.0370753177356427,-0.0368451215513155,-0.0366176061003382,-0.0363927093694895,-0.0361703706985054,-0.0359505307518873,-0.0357331314879699,-0.0355181161258181,-0.0353054291104318,-0.0350950160766555,-0.0348868238121213,-0.0346808002194975,-0.0344768942782631,-0.0342750560061863,-0.0340752364206503,-0.0338773874999368,-0.0336814621445502,-0.0334874141386451,-0.0332951981115957,-0.0331047694997326,-0.0329160845082534,-0.0327291000733037,-0.0325437738242102,-0.0323600640458389,-0.0321779296410419,-0.0319973300931455,-0.0318182254284272,-0.0316405761785169,-0.0314643433426545,-0.0312894883497241,-0.0311159730199801,-0.0309437595263714,-0.0307728103553591,-0.0306030882671171,-0.0304345562549939,-0.0302671775041003,-0.0301009153488793,-0.0299357332294994,-0.0297715946468962,-0.0296084631162738,-0.0294463021188549,-0.0292850750516512,-0.0291247451750002,-0.0289652755575884,-0.0288066290186526,-0.0286487680670168,-0.0284916548365861,-0.0283352510178771,-0.0281795177851184,-0.0280244157184021,-0.0278699047203125,-0.0277159439263878,-0.0275624916087055,-0.0274095050717971,-0.0272569405400117,-0.0271047530353468,-0.0269528962446584,-0.0268013223750364,-0.0266499819960031,-0.0264988238670375,-0.0263477947487714,-0.0261968391960178,-0.0260458993305985,-0.0258949145917171,-0.0257438214613893,-0.0255925531621801,-0.0254410393242135,-0.0252892056181132,-0.0251369733501928,-0.0249842590158536,-0.0248309738067478,-0.0246770230668404,-0.024522305692043,-0.0243667134675944,-0.0242101303368334,-0.0240524315944403,-0.023893482996616,-0.0237331397800244,-0.0235712455806388,-0.0234076312429139,-0.0232421135089468,-0.0230744935764997,-0.022904555513933,-0.022732064519248,-0.022556765009569,-0.0223783785265067,-0.0221966014419581,-0.0220111024480169,-0.0218215198138098,-0.0216274583912575,-0.0214284863510091,-0.0212241316291346,-0.0210138780646266,-0.0207971612073918,-0.0205733637762475,-0.020341810746551,-0.020101764047526,-0.0198524168502006,-0.0195928874282238,-0.0193222125757839,-0.0190393405695337,-0.0187431236649804,-0.0184323101223721,-0.0181055357628934,-0.0177613150631782,-0.0173980318049728,-0.0170139293074991,-0.0166071002829471,-0.0161754763708588,-0.0157168174252684,-0.0152287006496599,-0.0147085096994118,-0.0141534238997406,-0.013560407759504,-0.0129262009978214,-0.0122473093414521,-0.0115199963962671,-0.0107402769458177,-0.00990391208356485,-0.0090064066421337,-0.00804300944194956,-0.00700871694132601,-0.00589828092846081,-0.00470622095019706,-0.00342684221942267,-0.00205425977843619,-0.000582429714475856,0.00099481177995017,0.00268370074189326,0.00449048847676134,0.00642137472253413,0.00848243052475115,0.0106795106296305,0.0130181554882425,0.0155034833170083,0.0181400730788484,0.020931839730629,0.0238819036162126,0.0269924564540782,0.0302646269506991,0.0336983496349973,0.0372922410178518,0.0410434875911227,0.0449477504472958,0.0489990913783924,0.0531899251605943,0.0575110023179432,0.0619514259677327,0.0664987053839566,0.071138847697663,0.075856487732141,0,-0.0523837862150324,-0.0520199950910374,-0.0516457113461359,-0.0512649719324983,-0.0508792771692558,-0.0504900775669413,-0.0500987674977924,-0.0497066136961506,-0.0493147274238335,-0.0489240623695984,-0.0485354242821124,-0.0481494851263522,-0.0477667983551956,-0.047387813780613,-0.0470128914140933,-0.0466423140432963,-0.0462762984891305,-0.0459150055698131,-0.0455585488398848,-0.0452070021942774,-0.044860406438923,-0.0445187749336759,-0.0441820984125307,-0.0438503490817337,-0.0435234840895899,-0.0432014484535872,-0.0428841775216459,-0.0425715990354535,-0.0422636348553426,-0.0419602023982597,-0.0416612158331934,-0.0413665870720297,-0.0410762265881688,-0.040790044090346,-0.0405079490748771,-0.0402298512759344,-0.0399556610303806,-0.0396852895710774,-0.0394186492603718,-0.0391556537736053,-0.0388962182409149,-0.0386402593542766,-0.0383876954456315,-0.0381384465409974,-0.0378924343946888,-0.0376495825071046,-0.0374098161289896,-0.0371730622546105,-0.0369392496058927,-0.0367083086092349,-0.0364801713664398,-0.0362547716209634,-0.0360320447204891,-0.035811927576664,-0.0355943586226943,-0.0353792777693776,-0.0351666263600486,-0.0349563471248289,-0.034748384134501,-0.034542682754264,-0.0343391895975772,-0.0341378524802547,-0.0339386203749351,-0.0337414433660222,-0.0335462726051616,-0.0333530602672999,-0.0331617595073499,-0.0329723244174719,-0.0327847099849649,-0.0325988720507508,-0.0324147672684232,-0.0322323530638245,-0.0320515875951051,-0.0318724297132124,-0.0316948389227521,-0.0315187753431543,-0.0313441996700743,-0.0311710731369523,-0.0309993574766473,-0.0308290148830584,-0.0306600079726378,-0.0304922997456952,-0.0303258535473835,-0.0301606330282516,-0.0299966021042383,-0.0298337249159727,-0.0296719657872362,-0.0295112891824294,-0.0293516596628718,-0.0291930418417503,-0.0290354003375114,-0.0288786997254756,-0.0287229044874309,-0.0285679789589346,-0.0284138872740303,-0.0282605933070503,-0.0281080606111444,-0.0279562523531336,-0.0278051312442449,-0.0276546594662349,-0.0275047985923558,-0.0273555095025541,-0.02720675229223,-0.0270584861738028,-0.02691066937025,-0.026763258999692,-0.0266162109499894,-0.0264694797422098,-0.0263230183816898,-0.0261767781952812,-0.026030708653216,-0.0258847571738541,-0.0257388689093931,-0.0255929865104126,-0.0254470498669062,-0.0253009958232038,-0.0251547578639252,-0.025008265767812,-0.0248614452259694,-0.0247142174207071,-0.0245664985607963,-0.0244181993685585,-0.0242692245137704,-0.0241194719889025,-0.0239688324197111,-0.0238171883046709,-0.0236644131761638,-0.0235103706757386,-0.0233549135351117,-0.0231978824539073,-0.023039104864422,-0.0228783935729599,-0.0227155452665093,-0.0225503388727376,-0.0223825337604628,-0.0222118677669275,-0.0220380550373683,-0.0218607836615424,-0.0216797130910645,-0.0214944713206365,-0.0213046518155362,-0.0211098101671007,-0.0209094604574231,-0.0207030713141086,-0.0204900616357612,-0.0202697959689385,-0.0200415795176778,-0.0198046527674436,-0.0195581857065448,-0.0193012716298196,-0.019032920511806,-0.0187520519398161,-0.0184574876014816,-0.0181479433265776,-0.0178220206894701,-0.0174781981865635,-0.017114822012887,-0.0167300964737011,-0.0163220740810076,-0.0158886454013894,-0.0154275287410042,-0.0149362597761017,-0.0144121812634422,-0.0138524329947204,-0.0132539421927994,-0.0126134145853683,-0.0119273264336403,-0.0111919178397857,-0.0104031877066846,-0.00955689077672442,-0.00864853723188899,-0.00767339539401694,-0.00662649812006444,-0.00550265354016502,-0.00429646083321541,-0.00300233177191024,-0.00161451879207451,-0.000127150344502041,0.00146572573476211,0.00317009015432991,0.00499189081018056,0.00693697169431201,0.00901099181630527,0.0112193341375957,0.0135670048339039,0.0160585235808438,0.0186978059984582,0.0214880398847431,0.0244315574027029,0.027529705940173,0.0307827209096972,0.0341896042636792,0.0377480129287241,0.0414541616697101,0.0453027450350063,0.0492868829685652,0.0533980943688991,0.0576263023077445,0.0619598737876252,0.066385695832751,0,-0.052071828446711,-0.0517060935676371,-0.0513269890909,-0.0509395401664172,-0.0505460083733534,-0.0501483799511107,-0.0497484459515543,-0.0493477638255363,-0.0489476493363688,-0.0485491923502223,-0.0481532827426107,-0.0477606382683776,-0.0473718307282429,-0.0469873091721594,-0.0466074199544346,-0.0462324238623151,-0.0458625106565514,-0.0454978113685883,-0.0451384086695811,-0.0447843455894991,-0.0444356328290982,-0.0440922548756481,-0.0437541751050088,-0.043421340027563,-0.0430936828132809,-0.042771126211544,-0.0424535849640894,-0.0421409677943765,-0.0418331790436404,-0.0415301200126912,-0.0412316900589581,-0.0409377874901638,-0.040648310289166,-0.0403631566987503,-0.0400822256903346,-0.0398054173365194,-0.0395326331040613,-0.0392637760810513,-0.0389987511497567,-0.0387374651146538,-0.0384798267935737,-0.0382257470785513,-0.0379751389718586,-0.0377279176017819,-0.0374840002219388,-0.0372433061972874,-0.0370057569794537,-0.0367712760735567,-0.0365397889983414,-0.0363112232411208,-0.0360855082087688,-0.0358625751757918,-0.0356423572303222,-0.0354247892187302,-0.0352098076894179,-0.0349973508362589,-0.0347873584420521,-0.034579771822287,-0.0343745337694547,-0.0341715884980841,-0.0339708815906421,-0.0337723599443956,-0.0335759717193069,-0.0333816662870041,-0.0331893941808491,-0.0329991070471067,-0.0328107575972031,-0.0326242995610503,-0.0324396876414013,-0.0322568774691927,-0.0320758255598234,-0.0318964892703126,-0.0317188267572724,-0.0315427969356288,-0.0313683594380175,-0.0311954745747789,-0.0310241032944714,-0.0308542071448193,-0.0306857482340076,-0.0305186891922315,-0.0303529931334056,-0.0301886236169299,-0.03002554460941,-0.029863720446216,-0.029703115792766,-0.0295436956054059,-0.0293854250917525,-0.029228269670358,-0.0290721949295399,-0.0289171665852122,-0.028763150437536,-0.0286101123261958,-0.0284580180840871,-0.0283068334891812,-0.0281565242143133,-0.0280070557746092,-0.0278583934722435,-0.0277105023381835,-0.0275633470705417,-0.0274168919691156,-0.0272711008656512,-0.0271259370493104,-0.0269813631867724,-0.0268373412363291,-0.0266938323552673,-0.0265507967997517,-0.026408193816333,-0.0262659815241111,-0.0261241167864734,-0.0259825550712129,-0.0258412502976944,-0.0257001546695994,-0.0255592184916154,-0.0254183899682636,-0.0252776149828681,-0.0251368368544578,-0.0249959960701643,-0.0248550299904307,-0.0247138725240705,-0.0245724537699234,-0.0244306996215322,-0.0242885313309198,-0.0241458650271666,-0.0240026111850896,-0.0238586740388878,-0.0237139509351519,-0.0235683316191426,-0.0234216974477073,-0.0232739205216457,-0.0231248627297334,-0.0229743746959893,-0.022822294621106,-0.0226684470082751,-0.0225126412629218,-0.0223546701551181,-0.0221943081326884,-0.0220313094722446,-0.0218654062546118,-0.0216963061503356,-0.0215236900002068,-0.0213472091750214,-0.0211664826981264,-0.0209810941137126,-0.0207905880833257,-0.0205944666927186,-0.0203921854509899,-0.0201831489640018,-0.0199667062643952,-0.0197421457811819,-0.0195086899329827,-0.0192654893305611,-0.0190116165765006,-0.0187460596527875,-0.0184677148908337,-0.0181753795232526,-0.0178677438226611,-0.0175433828401046,-0.0172007477646156,-0.0168381569361367,-0.0164537865568319,-0.0160456611609353,-0.015611643921028,-0.0151494268892798,-0.0146565212960184,-0.0141302480552658,-0.0135677286578304,-0.0129658766673298,-0.0123213900732301,-0.011630744797554,-0.0108901896981226,-0.0100957434605935,-0.00924319382339595,-0.00832809963284119,-0.0073457962786508,-0.00629140511083668,-0.00515984748461172,-0.00394586411747404,-0.00264404046772874,-0.00124883885167775,0.000245361998002003,0.00184421927372334,0.00355336975431706,0.00537836432745261,0.00732459308431921,0.00939720092211354,0.0116009938728969,0.0139403367208616,0.0164190428725195,0.0190402579000171,0.0218063386756646,0.0247187305388151,0.0277778454609237,0.0309829446710334,0.0343320296364536,0.0378217456222295,0.0414473022366113,0.0452024153681793,0.0490792746991627,0.0530685405144717,0.0571593728070773,0,-0.0517095332857824,-0.0513380579791583,-0.0509524362318014,-0.0505571536835595,-0.0501550931742928,-0.0497487173966368,-0.0493401546456554,-0.0489311946313742,-0.0485233048217005,-0.0481176661052595,-0.0477152150242144,-0.0473166845506806,-0.046922640102942,-0.0465335100733286,-0.0461496112213284,-0.045771169622459,-0.0453983378915995,-0.0450312093226096,-0.0446698294867881,-0.0443142057398006,-0.0439643150075439,-0.0436201101559914,-0.0432815251963803,-0.0429484795329778,-0.0426208814242947,-0.0422986307985517,-0.0419816215393405,-0.0416697433368479,-0.0413628831830206,-0.0410609265750256,-0.0407637584798139,-0.0404712641031042,-0.0401833294983036,-0.0398998420444936,-0.0396206908173695,-0.0393457668727296,-0.0390749634586018,-0.0388081761692124,-0.038545303051651,-0.0382862446741505,-0.038030904163316,-0.0377791872163392,-0.0375310020931616,-0.0372862595926739,-0.0370448730163117,-0.0368067581218121,-0.036571833069402,-0.0363400183622818,-0.0361112367829305,-0.0358854133264792,-0.0356624751321695,-0.0354423514137205,-0.035224973389269,-0.0350102742114171,-0.0347981888978085,-0.0345886542625683,-0.034381608848861,-0.0341769928627622,-0.0339747481085864,-0.0337748179257705,-0.0335771471273773,-0.033381681940254,-0.0331883699468566,-0.0329971600287323,-0.0328080023116347,-0.0326208481122338,-0.0324356498863726,-0.0322523611788135,-0.0320709365744106,-0.0318913316506362,-0.031713502931391,-0.0315374078420163,-0.0313630046654296,-0.0311902524993001,-0.0310191112141775,-0.0308495414124871,-0.030681504388302,-0.0305149620878013,-0.03034987707032,-0.0301862124698969,-0.0300239319572208,-0.0298629997018758,-0.029703380334781,-0.0295450389107159,-0.029387940870821,-0.0292320520049542,-0.0290773384137788,-0.028923766470454,-0.0287713027817862,-0.0286199141486937,-0.0284695675258248,-0.0283202299801559,-0.0281718686483848,-0.0280244506929139,-0.0278779432562043,-0.0277323134132573,-0.0275875281219569,-0.027443554170982,-0.0273003581249642,-0.0271579062665352,-0.0270161645348699,-0.0268750984602867,-0.0267346730944212,-0.0265948529354351,-0.0264556018476633,-0.0263168829750345,-0.02617865864753,-0.0260408902798604,-0.0259035382614522,-0.0257665618367334,-0.0256299189745997,-0.0254935662258158,-0.0253574585669778,-0.0252215492295083,-0.0250857895119973,-0.0249501285740226,-0.0248145132093864,-0.0246788875964945,-0.0245431930233693,-0.0244073675845375,-0.0242713458467553,-0.0241350584802395,-0.0239984318517478,-0.0238613875755067,-0.0237238420176077,-0.0235857057490935,-0.0234468829425232,-0.023307270706346,-0.0231667583509212,-0.0230252265795041,-0.0228825465969644,-0.0227385791284239,-0.0225931733393903,-0.02244616564833,-0.0222973784219573,-0.0221466185428408,-0.0219936758382234,-0.0218383213582479,-0.0216803054910623,-0.0215193559015759,-0.0213551752799453,-0.0211874388852138,-0.021015791868917,-0.0208398463629328,-0.0206591783154087,-0.020473324058285,-0.0202817765897762,-0.0200839815552242,-0.0198793329100397,-0.0196671682490671,-0.0194467637877081,-0.0192173289815997,-0.0189780007736615,-0.018727837460002,-0.0184658121696334,-0.0181908059573266,-0.0179016005143902,-0.0175968705088669,-0.0172751755747926,-0.0169349519799691,-0.0165745040134017,-0.0161919951473818,-0.0157854390454188,-0.0153526905061063,-0.0148914364548053,-0.014399187119991,-0.013873267559448,-0.0133108097333885,-0.0127087453570762,-0.0120637998046494,-0.011372487378367,-0.0106311083030598,-0.00983574785352003,-0.00898227807193479,-0.0080663625818967,-0.00708346505318246,-0.00602886191498802,-0.0048976599516653,-0.00368481944055446,-0.00238518350190066,-0.000993514321044678,0.000495463132550221,0.00208700933244407,0.00378630991737772,0.00559840660756002,0.0075281192144747,0.00957995889815439,0.0117580331369708,0.01406594324201,0.0165066756665874,0.0190824888222343,0.0217947976008763,0.0246440582982336,0.0276296571089181,0.0307498057869208,0.0340014483994605,0.037380183308532,0.0408802045546184,0.0444942666568675,0.0482136764579265,0,-0.0512978594771071,-0.0509173512949322,-0.0505232785531484,-0.0501188839614679,-0.0497075298645605,-0.0492920702319657,-0.048874892574694,-0.048457946784086,-0.0480427892261655,-0.0476306395063781,-0.047222438453278,-0.0468189004464142,-0.0464205577865439,-0.0460277971876746,-0.0456408893639109,-0.0452600128685097,-0.0448852732547163,-0.0445167184636757,-0.0441543511791186,-0.0437981387449771,-0.043448021124273,-0.0431039172828602,-0.0427657303058206,-0.0424333514937342,-0.0421066636375434,-0.0417855436318358,-0.0414698645551409,-0.0411594973207475,-0.0408543119813803,-0.0405541787548657,-0.0402589688248867,-0.039968554960454,-0.0396828119892993,-0.0394016171536223,-0.039124850371177,-0.0388523944202918,-0.0385841350638805,-0.0383199611246521,-0.0380597645214166,-0.0378034402745242,-0.0375508864869619,-0.0373020043064096,-0.0370566978725589,-0.0368148742531917,-0.036576443371853,-0.0363413179294157,-0.0361094133213961,-0.035880647552515,-0.0356549411497114,-0.0354322170745665,-0.0352124006359059,-0.0349954194031788,-0.0347812031210839,-0.0345696836258009,-0.0343607947630969,-0.0341544723085054,-0.0339506538897126,-0.0337492789112407,-0.0335502884814739,-0.033353625342045,-0.0331592337995712,-0.0329670596597071,-0.0327770501634693,-0.0325891539257696,-0.0324033208760865,-0.0322195022011954,-0.0320376502898728,-0.0318577186794842,-0.0316796620043627,-0.0315034359458835,-0.031328997184137,-0.0311563033511036,-0.0309853129852306,-0.0308159854873148,-0.0306482810775908,-0.0304821607539276,-0.0303175862510347,-0.0301545200005804,-0.0299929250921218,-0.0298327652347499,-0.0296740047193478,-0.0295166083813626,-0.0293605415639866,-0.0292057700816451,-0.0290522601836805,-0.0288999785181242,-0.0287488920954382,-0.0285989682521086,-0.0284501746139619,-0.0283024790590723,-0.0281558496801158,-0.0280102547460216,-0.0278656626627553,-0.0277220419330589,-0.0275793611149575,-0.0274375887788225,-0.0272966934627676,-0.027156643626126,-0.0270174076007372,-0.0268789535397418,-0.0267412493635521,-0.0266042627026312,-0.0264679608366737,-0.0263323106297363,-0.0261972784608201,-0.0260628301493468,-0.0259289308749144,-0.0257955450906458,-0.0256626364293725,-0.0255301676018054,-0.0253981002857591,-0.0252663950053883,-0.0251350109992822,-0.0250039060761419,-0.0248730364566237,-0.0247423565997842,-0.0246118190123978,-0.0244813740392341,-0.0243509696321923,-0.0242205510959662,-0.0240900608076897,-0.0239594379077523,-0.0238286179587047,-0.0236975325688754,-0.0235661089770009,-0.0234342695938298,-0.023301931496289,-0.0231690058694084,-0.0230353973907779,-0.0229010035518617,-0.0227657139100198,-0.0226294092645847,-0.0224919607498101,-0.0223532288369559,-0.0222130622371945,-0.0220712966964224,-0.0219277536724458,-0.0217822388843742,-0.0216345407234162,-0.0214844285136308,-0.021331650610551,-0.0211759323249814,-0.0210169736586847,-0.0208544468381338,-0.0206879936320349,-0.020517222437944,-0.0203417051230361,-0.0201609736039693,-0.0199745161508645,-0.0197817734007284,-0.0195821340662476,-0.019374930326833,-0.0191594328901633,-0.0189348457143643,-0.0187003003834425,-0.0184548501317947,-0.0181974635176558,-0.0179270177503704,-0.0176422916825353,-0.0173419584855391,-0.0170245780360095,-0.0166885890513836,-0.0163323010254608,-0.0159538860296169,-0.0155513704625942,-0.0151226268516704,-0.0146653658307747,-0.0141771284469652,-0.0136552789757482,-0.0130969984581018,-0.0124992792077363,-0.0118589205759255,-0.0111725263028474,-0.0104365038281987,-0.00964706597904513,-0.00880023549821214,-0.00789185292037382,-0.00691758834321991,-0.00587295767498562,-0.00475334396390883,-0.00355402442589776,-0.00227020377928077,-0.000897054464819821,0.000570235730388093,0.0021364082207559,0.00380607005213857,0.00558362210458667,0.00747317918888588,0.00947848244030649,0.0116028047474934,0.0138488503373997,0.0162186500607339,0.0187134543736898,0.0213336264723329,0.0240785384818315,0.026946474004322,0.0299345406528853,0.033038596408718,0.036253193698042,0.0395715449619599,0,-0.0508366931986558,-0.0504448678865521,-0.0500403291385439,-0.0496254995012672,-0.0492041023054222,-0.0487792758499696,-0.048353571977445,-0.0479290171652153,-0.0475071862159196,-0.0470892802229942,-0.0466761989092197,-0.0462686025641992,-0.0458669628554469,-0.0454716036266044,-0.0450827333210769,-0.0447004706296868,-0.0443248647370175,-0.043955911289644,-0.0435935649841084,-0.0432377494858503,-0.0428883652405197,-0.0425452956204191,-0.0422084117552291,-0.0418775763224567,-0.0415526465149949,-0.0412334763574549,-0.0409199185069027,-0.0406118256452342,-0.0403090515480369,-0.0400114518971279,-0.0397188848900302,-0.0394312116886523,-0.0391482967407438,-0.0388700080008329,-0.0385962170719053,-0.0383267992847766,-0.0380616337286802,-0.037800603243873,-0.0375435943848906,-0.0372904973613519,-0.0370412059618309,-0.0367956174652053,-0.0365536325430007,-0.0363151551555384,-0.0360800924441171,-0.0358483546209982,-0.0356198548585882,-0.0353945091789133,-0.0351722363442341,-0.0349529577494534,-0.0347365973168104,-0.0345230813932257,-0.0343123386505568,-0.0341042999889418,-0.0338988984433407,-0.0336960690933292,-0.0334957489761591,-0.0332978770030621,-0.0331023938787499,-0.0329092420240413,-0.0327183655015309,-0.0325297099442017,-0.0323432224868754,-0.0321588517003882,-0.0319765475283738,-0.0317962612265346,-0.0316179453042804,-0.031441553468612,-0.0312670405701289,-0.0310943625510431,-0.0309234763950776,-0.0307543400791351,-0.0305869125266227,-0.0304211535623175,-0.0302570238686661,-0.0300944849434066,-0.0299334990584086,-0.029774029219625,-0.0296160391280519,-0.0294594931415964,-0.0293043562377465,-0.0291505939769459,-0.0289981724665691,-0.0288470583253958,-0.028697218648482,-0.0285486209723198,-0.0284012332401815,-0.0282550237675345,-0.0281099612074122,-0.0279660145156213,-0.0278231529156585,-0.0276813458632024,-0.0275405630100389,-0.0274007741672679,-0.0272619492676263,-0.0271240583267519,-0.0269870714031939,-0.0268509585569616,-0.0267156898063808,-0.0265812350830069,-0.0264475641843159,-0.0263146467238694,-0.0261824520786131,-0.0260509493329374,-0.0259201072190832,-0.0257898940534346,-0.0256602776681883,-0.025531225337832,-0.0254027036998049,-0.0252746786686402,-0.0251471153428163,-0.0250199779034542,-0.0248932295039086,-0.0247668321491947,-0.0246407465640771,-0.0245149320485259,-0.0243893463191028,-0.024263945334694,-0.0241386831048379,-0.0240135114787207,-0.0238883799127134,-0.0237632352141137,-0.0236380212585269,-0.0235126786780681,-0.0233871445173018,-0.0232613518535448,-0.0231352293778446,-0.0230087009326169,-0.0228816850015639,-0.0227540941471189,-0.0226258343902576,-0.0224968045270876,-0.0223668953761796,-0.0222359889501267,-0.0221039575443246,-0.0219706627354478,-0.0218359542815655,-0.021699668915291,-0.0215616290207989,-0.0214216411849827,-0.0212794946124607,-0.0211349593935839,-0.0209877846140672,-0.0208376962943623,-0.0206843951464331,-0.020527554135205,-0.0203668158316513,-0.0202017895442875,-0.0200320482157859,-0.0198571250715513,-0.0196765100074335,-0.0194896457043652,-0.0192959234586414,-0.0190946787178816,-0.0188851863144984,-0.0186666553908407,-0.0184382240131652,-0.0181989534753531,-0.0179478222979302,-0.0176837199336392,-0.0174054401976792,-0.0171116744489752,-0.0168010045586237,-0.0164718957132077,-0.0161226891141751,-0.0157515946501506,-0.0153566836371144,-0.0149358817420257,-0.0144869622288734,-0.0140075396924299,-0.0134950644742366,-0.0129468179875346,-0.0123599092128302,-0.0117312726632377,-0.0110576681581491,-0.0103356827843681,-0.00956173546449392,-0.00873208459158121,-0.00784283922498369,-0.00688997437239265,-0.00586935090440837,-0.00477674065698107,-0.00360785726958698,-0.00235839327841415,-0.00102406392905189,0.000399341913078659,0.00191590349927003,0.00352950249019721,0.00524374992355875,0.0070619062327408,0.0089867949971637,0.0110207114538133,0.0131653271854911,0.015421592812934,0.0177896409384856,0.0202686919965706,0.0228569660340308,0.0255516037406382,0.0283486002436351,0.0312427552367435,0,-0.0503256129113677,-0.0499209518098433,-0.0495039865796752,-0.0490774709494207,-0.048645389543759,-0.04821104019734,-0.0477770300493749,-0.0473453698363631,-0.0469175774745503,-0.0464947758990206,-0.0460777774058187,-0.0456671526679994,-0.0452632857129182,-0.0448664171405316,-0.044476677878511,-0.0440941154588886,-0.0437187144335579,-0.0433504122138773,-0.0429891113445029,-0.0426346890013208,-0.0422870043295758,-0.0419459041020883,-0.0416112270710383,-0.0412828073038277,-0.0409604767289303,-0.0406440670673982,-0.0403334112866473,-0.040028344682821,-0.0397287056744859,-0.0394343363721315,-0.0391450829737505,-0.0388607960257392,-0.0385813305797802,-0.0383065462696881,-0.0380363073269903,-0.0377704825499496,-0.0375089452375588,-0.0372515730975437,-0.0369982481354613,-0.0367488565304419,-0.0365032885019168,-0.0362614381707171,-0.0360232034171811,-0.0357884857383039,-0.035557190105501,-0.035329224824174,-0.0351045013959773,-0.0348829343844456,-0.0346644412844568,-0.0344489423958568,-0.0342363607014573,-0.0340266217495244,-0.033819653540804,-0.0336153864200745,-0.0334137529721733,-0.03321468792241,-0.0330181280412542,-0.0328240120531674,-0.0326322805494352,-0.032442875904846,-0.0322557421980581,-0.0320708251354908,-0.0318880719785787,-0.0317074314742236,-0.0315288537882846,-0.0313522904419458,-0.0311776942508073,-0.0310050192665479,-0.0308342207210116,-0.0306652549725746,-0.0304980794546551,-0.0303326526262303,-0.0301689339242321,-0.0300068837176956,-0.0298464632635376,-0.0296876346638498,-0.0295303608245901,-0.0293746054155627,-0.029220332831578,-0.0290675081546879,-0.0289160971173919,-0.0287660660667131,-0.0286173819290438,-0.0284700121756606,-0.0283239247888098,-0.0281790882282631,-0.0280354713982436,-0.0278930436146179,-0.0277517745722515,-0.0276116343124172,-0.0274725931901466,-0.0273346218414041,-0.0271976911499638,-0.0270617722138549,-0.0269268363112371,-0.0267928548655574,-0.0266597994098245,-0.0265276415498282,-0.0263963529261104,-0.026265905174482,-0.026136269884856,-0.0260074185581456,-0.0258793225609511,-0.0257519530777294,-0.0256252810601077,-0.0254992771729669,-0.0253739117368796,-0.0252491546664396,-0.0251249754039739,-0.0250013428480667,-0.0248782252762656,-0.0247555902612685,-0.0246334045798159,-0.0245116341134248,-0.0243902437400102,-0.0242691972153353,-0.024148457043121,-0.0240279843325181,-0.0239077386415148,-0.0237876778047,-0.0236677577436467,-0.0235479322580003,-0.0234281527951692,-0.0233083681963108,-0.0231885244160796,-0.0230685642133698,-0.0229484268100232,-0.0228280475141981,-0.0227073573048022,-0.0225862823730708,-0.0224647436170436,-0.0223426560843324,-0.0222199283581985,-0.0220964618815641,-0.0219721502131658,-0.021846878209629,-0.0217205211267938,-0.0215929436331601,-0.0214639987278516,-0.0213335265550174,-0.0212013531061121,-0.0210672888010211,-0.0209311269385344,-0.0207926420062323,-0.0206515878394425,-0.0205076956185618,-0.020360671693748,-0.0202101952257652,-0.0200559156316647,-0.0198974498240088,-0.0197343792325339,-0.019566246597551,-0.019392552525018,-0.0192127517941689,-0.0190262494098757,-0.0188323963936537,-0.0186304853094439,-0.0184197455231326,-0.0181993381982792,-0.0179683510348487,-0.0177257927629915,-0.0174705874102382,-0.0172015683680201,-0.0169174722923551,-0.0166169328840296,-0.0162984746058367,-0.0159605064085895,-0.0156013155538907,-0.0152190616401752,-0.0148117709594978,-0.0143773313360123,-0.0139134876231247,-0.0134178380648705,-0.0128878317579947,-0.0123207674842213,-0.0117137942167695,-0.0110639136405987,-0.0103679850611048,-0.00962273310969729,-0.00882475868508473,-0.00797055359398507,-0.0070565193716551,-0.00607899076788662,-0.00503426437424434,-0.00391863283915464,-0.00272842506448523,-0.00146005269580596,-0.000110063103989632,0.00132480109594194,0.0028475361350429,0.00446080517050435,0.00616686101264735,0.00796746447097245,0.00986379963842968,0.0118563878012967,0.0139450020360853,0.0161285849146793,0.0184051720600316,0.0207718245493053,0.0232245733194179,0,-0.0497644044201799,-0.0493454361099609,-0.0489142568451602,-0.0484749949374102,-0.0480317902292159,-0.047587960793709,-0.047146049463725,-0.0467079536389954,-0.0462750573471252,-0.0458483460027964,-0.0454284993973211,-0.0450159647222808,-0.0446110131598297,-0.0442137834902084,-0.0438243155961893,-0.0434425761485926,-0.0430684782550557,-0.0427018964555082,-0.0423426781361541,-0.0419906521910374,-0.0416456355714255,-0.0413074382165125,-0.0409758667451738,-0.0406507272004979,-0.0403318270709349,-0.0400189767596422,-0.0397119906334744,-0.0394106877522803,-0.0391148923555935,-0.0388244341657481,-0.038539148552643,-0.0382588765948008,-0.0379834650632737,-0.0377127663487481,-0.0374466383474387,-0.037184944317715,-0.0369275527165928,-0.0366743370230658,-0.0364251755535835,-0.036179951273703,-0.0359385516089446,-0.0357008682571186,-0.035466797003795,-0.0352362375421315,-0.035009093297918,-0.0347852712604251,-0.0345646818194284,-0.0343472386086244,-0.0341328583555228,-0.0339214607378108,-0.0337129682461113,-0.0335073060530052,-0.0333044018881473,-0.0331041859192807,-0.0329065906389325,-0.0327115507565644,-0.0325190030959421,-0.0323288864974867,-0.0321411417253709,-0.0319557113791238,-0.0317725398095159,-0.0315915730384978,-0.0314127586829755,-0.0312360458822109,-0.0310613852286441,-0.0308887287019424,-0.0307180296060877,-0.0305492425093233,-0.0303823231867877,-0.0302172285656712,-0.030053916672737,-0.0298923465840584,-0.0297324783768264,-0.0295742730830924,-0.0294176926453128,-0.0292626998735708,-0.029109258404354,-0.0289573326607725,-0.0288068878141047,-0.0286578897465639,-0.028510305015181,-0.0283641008167012,-0.0282192449533974,-0.0280757057997005,-0.0279334522695547,-0.0277924537844002,-0.0276526802416904,-0.0275141019838499,-0.0273766897675767,-0.0272404147333925,-0.0271052483753421,-0.0269711625107385,-0.0268381292498486,-0.0267061209654073,-0.0265751102618422,-0.0264450699440838,-0.0263159729858291,-0.0261877924971122,-0.0260605016910292,-0.0259340738494463,-0.0258084822875085,-0.0256837003167459,-0.0255597012065558,-0.0254364581438175,-0.0253139441903676,-0.0251921322380394,-0.0250709949609349,-0.0249505047645617,-0.0248306337314302,-0.0247113535626573,-0.0245926355150759,-0.0244744503332943,-0.0243567681760858,-0.0242395585364248,-0.0241227901544076,-0.024006430922216,-0.0238904477801912,-0.0237748066029849,-0.0236594720746486,-0.0235444075514005,-0.023429574910683,-0.0233149343849809,-0.02320044437872,-0.023086061266397,-0.0229717391699175,-0.0228574297129216,-0.0227430817496714,-0.0226286410658538,-0.0225140500484088,-0.0223992473212455,-0.0222841673434333,-0.022168739966172,-0.0220528899445394,-0.0219365363996985,-0.0218195922269122,-0.0217019634443639,-0.0215835484774242,-0.0214642373726285,-0.0213439109352535,-0.0212224397839909,-0.0210996833158316,-0.020975488573887,-0.0208496890105011,-0.0207221031376458,-0.0205925330562608,-0.0204607628558998,-0.0203265568757977,-0.0201896578182865,-0.0200497847053871,-0.0199066306693984,-0.0197598605684359,-0.019609108418154,-0.0194539746313565,-0.019294023057906,-0.0191287778183189,-0.0189577199257353,-0.0187802836926486,-0.018595852920924,-0.0184037568763132,-0.0182032660519784,-0.0179935877295491,-0.0177738613510853,-0.0175431537211042,-0.0173004540646961,-0.0170446689758283,-0.016774617299372,-0.0164890250013347,-0.0161865200943844,-0.0158656277001614,-0.0155247653462217,-0.0151622386138383,-0.0147762372733793,-0.0143648320665896,-0.013925972319751,-0.0134574845982209,-0.012957072640927,-0.0124223188425462,-0.0118506875806253,-0.0112395307138397,-0.0105860956046806,-0.00988753604350174,-0.00914092646902643,-0.00834327989070521,-0.00749156991786209,-0.00658275728609763,-0.00561382123930131,-0.00458179607196436,-0.00348381305729851,-0.00231714787812399,-0.0010792735362525,0.000232081460282594,0.00161887004533004,0.0030826593389727,0.00462456012842335,0.00624515433004616,0.00794442199585818,0.00972166974669664,0.0115754628146953,0.0135035631377062,0.0155028761430143,0,-0.0491529840552698,-0.0487176906521789,-0.0482707975292537,-0.0478180359121981,-0.0473635609430846,-0.0469105603188671,-0.0464613867753416,-0.0460177255907214,-0.0455807517044028,-0.0451512567292494,-0.0447297462833551,-0.0443165135191815,-0.043911694606078,-0.0435153106462606,-0.043127299345471,-0.0427475389056122,-0.042375865996454,-0.0420120892191733,-0.0416559991423999,-0.0413073757384966,-0.0409659938533101,-0.0406316271926542,-0.0403040511932824,-0.0399830450574288,-0.0396683931621579,-0.039359886003068,-0.0390573207926192,-0.0387605018036068,-0.0384692405258119,-0.0381833556868918,-0.0379026731757825,-0.0376270258972528,-0.0373562535790012,-0.037090202547229,-0.0368287254825237,-0.0365716811647914,-0.0363189342136618,-0.0360703548290373,-0.0358258185351456,-0.0355852059304699,-0.0353484024451885,-0.0351152981072027,-0.0348857873174191,-0.0346597686346428,-0.0344371445702133,-0.034217821392348,-0.0340017089400372,-0.0337887204462511,-0.0335787723701587,-0.0333717842380204,-0.0331676784923902,-0.0329663803492545,-0.0327678176627229,-0.0325719207968963,-0.0323786225045347,-0.0321878578121643,-0.0319995639112679,-0.0318136800552206,-0.0316301474616435,-0.0314489092198631,-0.0312699102031794,-0.0310930969856581,-0.0309184177631793,-0.0307458222784856,-0.0305752617499886,-0.0304066888041036,-0.0302400574108967,-0.0300753228228376,-0.0299124415164648,-0.0297513711367792,-0.0295920704441922,-0.0294344992638641,-0.0292786184372767,-0.0291243897758932,-0.028971776016765,-0.0288207407799528,-0.0286712485276357,-0.0285232645247888,-0.0283767548013142,-0.028231686115516,-0.0280880259188148,-0.0279457423216002,-0.0278048040601259,-0.0276651804643506,-0.0275268414266369,-0.0273897573712155,-0.0272538992243298,-0.027119238384973,-0.0269857466961315,-0.0268533964164504,-0.026722160192231,-0.0265920110296755,-0.0264629222672858,-0.0263348675483242,-0.0262078207932386,-0.0260817561719497,-0.0259566480758923,-0.0258324710896965,-0.0257091999623841,-0.0255868095779488,-0.0254652749251745,-0.0253445710665362,-0.0252246731060104,-0.0251055561556073,-0.0249871953004163,-0.0248695655619351,-0.0247526418594308,-0.0246363989690492,-0.0245208114803625,-0.0244058537500087,-0.0242914998520395,-0.0241777235245494,-0.024064498112113,-0.0239517965035053,-0.0238395910641208,-0.0237278535624458,-0.0236165550898679,-0.023505665973028,-0.0233951556778402,-0.0232849927042088,-0.023175144470376,-0.0230655771857209,-0.0229562557107156,-0.0228471434026148,-0.0227382019453152,-0.0226293911616773,-0.022520668806434,-0.0224119903376481,-0.0223033086644866,-0.0221945738688944,-0.0220857328985332,-0.0219767292281371,-0.0218675024862008,-0.0217579880436746,-0.0216481165610818,-0.0215378134902142,-0.0214269985262805,-0.0213155850061044,-0.0212034792476817,-0.0210905798261099,-0.0209767767806205,-0.0208619507471504,-0.0207459720106154,-0.020628699470782,-0.0205099795153949,-0.0203896447939994,-0.0202675128857315,-0.0201433848542181,-0.02001704368268,-0.0198882525823461,-0.0197567531674154,-0.0196222634900441,-0.0194844759292285,-0.019343054928021,-0.0191976345742978,-0.0190478160213227,-0.0188931647456797,-0.0187332076418145,-0.0185674299545012,-0.0183952720530932,-0.0182161260545056,-0.018029332305583,-0.0178341757399314,-0.0176298821295203,-0.0174156142575089,-0.0171904680459135,-0.016953468680042,-0.0167035667811716,-0.0164396346898704,-0.0161604629347441,-0.0158647569753252,-0.0155511343233662,-0.0152181221639686,-0.0148641556167429,-0.0144875767974328,-0.0140866348619521,-0.0136594872372227,-0.0132042022660961,-0.0127187635162943,-0.0122010760248234,-0.011648974768519,-0.0110602356668216,-0.0104325894327594,-0.00976373859030242,-0.00905137796829054,-0.00829321896023096,-0.00748701780239512,-0.00663060806664192,-0.00572193748612131,-0.00475910912858203,-0.00374042680110879,-0.0026644444103636,-0.00153001881380756,-0.00033636548180495,0.000916883947816735,0.00222962339520094,0.00360121477585724,0.00503043283345515,0.00651541427816475,0.00805361332322905,0,-0.048490824599687,-0.0480366772445249,-0.0475729827795538,-0.0471063845335678,-0.0466408669928419,-0.0461793293641766,-0.0457238074403783,-0.045275678988978,-0.0448358401153918,-0.0444048382005323,-0.0439829684928591,-0.0435703443789102,-0.0431669490050842,-0.0427726734739807,-0.0423873451739216,-0.0420107487528383,-0.0416426415713364,-0.0412827650066612,-0.0409308526446853,-0.0405866361466172,-0.0402498493864307,-0.0399202313089989,-0.0395975278472307,-0.0392814931514154,-0.0389718903194861,-0.0386684917682716,-0.0383710793492964,-0.0380794442854017,-0.037793386984136,-0.0375127167687755,-0.0372372515566632,-0.0369668175063082,-0.0367012486486042,-0.0364403865130624,-0.0361840797566748,-0.0359321838006326,-0.0356845604783768,-0.0354410776971943,-0.0352016091146624,-0.0349660338305868,-0.034734236094621,-0.0345061050294284,-0.0342815343690274,-0.0340604222118168,-0.0338426707876787,-0.0336281862385101,-0.0334168784115026,-0.0332086606644843,-0.0330034496826467,-0.032801165305995,-0.0326017303668824,-0.0324050705370163,-0.0322111141833554,-0.0320197922323409,-0.0318310380419436,-0.0316447872810299,-0.0314609778155856,-0.0312795496013602,-0.0311004445825222,-0.0309236065959435,-0.0307489812807501,-0.0305765159928052,-0.0304061597238057,-0.0302378630246998,-0.0300715779331451,-0.0299072579047498,-0.0297448577478536,-0.0295843335616201,-0.0294256426772258,-0.0292687436019482,-0.0291135959659621,-0.0289601604716689,-0.0288083988453932,-0.0286582737912906,-0.0285097489473189,-0.0283627888431372,-0.0282173588597995,-0.0280734251911223,-0.0279309548066085,-0.0277899154158182,-0.0276502754340822,-0.0275120039494581,-0.0273750706908342,-0.027239445997093,-0.0271051007872435,-0.0269720065314429,-0.0268401352228229,-0.0267094593500454,-0.0265799518705082,-0.0264515861841259,-0.0263243361076111,-0.026198175849181,-0.0260730799836146,-0.0259490234275818,-0.0258259814151705,-0.0257039294735261,-0.0255828433985234,-0.0254626992303804,-0.0253434732291213,-0.025225141849789,-0.0251076817173006,-0.0249910696008291,-0.0248752823875869,-0.0247602970558731,-0.0246460906472338,-0.0245326402375707,-0.0244199229070134,-0.0243079157083555,-0.0241965956338279,-0.0240859395799626,-0.023975924310269,-0.0238665264154184,-0.0237577222705941,-0.0236494879896293,-0.0235417993755126,-0.023434631866796,-0.0233279604793858,-0.0232217597431469,-0.0231160036326844,-0.023010665491603,-0.0229057179494713,-0.0228011328306385,-0.022696881053965,-0.0225929325224365,-0.0224892560015317,-0.0223858189851021,-0.0222825875474129,-0.0221795261798644,-0.0220765976107859,-0.0219737626065517,-0.0218709797521216,-0.0217682052089515,-0.0216653924480564,-0.0215624919558357,-0.0214594509100946,-0.0213562128235079,-0.021252717151589,-0.0211488988620281,-0.021044687962077,-0.0209400089804587,-0.0208347804000922,-0.0207289140377417,-0.0206223143665194,-0.0205148777770196,-0.0204064917727182,-0.0202970340951614,-0.0201863717743915,-0.0200743601000185,-0.0199608415083723,-0.0198456443812489,-0.0197285817519306,-0.0196094499144235,-0.0194880269322255,-0.0193640710434558,-0.019237318959845,-0.0191074840579502,-0.0189742544620435,-0.0188372910194629,-0.0186962251708573,-0.0185506567197433,-0.0184001515081715,-0.0182442390081368,-0.0180824098417137,-0.0179141132468226,-0.0177387545101174,-0.0175556923937834,-0.0173642365891408,-0.0171636452369352,-0.0169531225621235,-0.016731816679914,-0.0164988176398304,-0.0162531557856826,-0.0159938005215316,-0.0157196595870141,-0.0154295789596249,-0.0151223435166037,-0.0147966786046724,-0.0144512526816545,-0.014084681209495,-0.0136955319927143,-0.0132823321690455,-0.0128435770688526,-0.0123777411656418,-0.0118832913400196,-0.0113587026720644,-0.0108024769602678,-0.0102131641368028,-0.00958938670660865,-0.00892986727939384,-0.0082334591870594,-0.00749918008253518,-0.00672624829857742,-0.00591412160662629,-0.00506253785765343,-0.00417155681200858,-0.00324160227863158,-0.00227350349297708,-0.00126853447742451,-0.000228449960055119,0.000844483708186372,0,-0.0477764524454986,-0.0473010207735289,-0.0468199869357219,-0.0463397305714472,-0.0458638437040562,-0.0453947765478238,-0.0449341258943931,-0.0444828749254314,-0.0440415802708791,-0.0436105031109575,-0.0431896994591331,-0.0427790833693621,-0.0423784720645,-0.0419876185421522,-0.0416062352051702,-0.0412340109201695,-0.0408706232184535,-0.0405157469021175,-0.0401690599995073,-0.0398302477787454,-0.0394990053501405,-0.0391750392530301,-0.0388580683199382,-0.0385478240334353,-0.0382440505329881,-0.0379465043858289,-0.0376549542038793,-0.0373691801652441,-0.0370889734816027,-0.0368141358403357,-0.0365444788411932,-0.0362798234408275,-0.0360199994138816,-0.0357648448360405,-0.0355142055921528,-0.0352679349109248,-0.035025892926598,-0.0347879462672871,-0.0345539676691791,-0.0343238356154966,-0.0340974339989627,-0.0338746518064199,-0.0336553828242353,-0.0334395253631404,-0.0332269820011978,-0.0330176593436445,-0.0328114677984301,-0.0326083213663397,-0.0324081374446614,-0.0322108366434337,-0.0320163426133726,-0.0318245818846458,-0.0316354837157223,-0.0314489799515832,-0.0312650048906321,-0.0310834951596956,-0.0309043895965462,-0.0307276291394265,-0.030553156723089,-0.0303809171809043,-0.0302108571526209,-0.0300429249973938,-0.0298770707117225,-0.0297132458519689,-0.0295514034611465,-0.0293914979996963,-0.0292334852799819,-0.0290773224042584,-0.0289229677058844,-0.0287703806935625,-0.0286195219984096,-0.0284703533236696,-0.0283228373968949,-0.0281769379244358,-0.0280326195480836,-0.0278898478037281,-0.027748589081894,-0.027608810590034,-0.0274704803164606,-0.0273335669958071,-0.0271980400759151,-0.0270638696860513,-0.0269310266063614,-0.0267994822384764,-0.0266692085771874,-0.0265401781831129,-0.0264123641562834,-0.0262857401105737,-0.0261602801489144,-0.0260359588392174,-0.0259127511909524,-0.0257906326323128,-0.0256695789879093,-0.0255495664569328,-0.0254305715917259,-0.0253125712767026,-0.025195542707555,-0.0250794633706856,-0.0249643110227973,-0.0248500636705753,-0.0247366995503877,-0.0246241971079288,-0.0245125349777214,-0.0244016919623903,-0.0242916470116093,-0.0241823792006149,-0.0240738677081718,-0.0239660917938582,-0.0238590307745325,-0.0237526639998193,-0.023646970826442,-0.0235419305912063,-0.0234375225824168,-0.0233337260094872,-0.0232305199704744,-0.0231278834172395,-0.023025795117905,-0.0229242336162406,-0.0228231771875721,-0.0227226037907635,-0.0226224910157753,-0.0225228160262533,-0.0224235554965432,-0.0223246855424711,-0.0222261816451626,-0.0221280185671082,-0.0220301702596066,-0.0219326097606433,-0.021835309082177,-0.0217382390857237,-0.0216413693450341,-0.0215446679945699,-0.0214481015623837,-0.0213516347859101,-0.0212552304090712,-0.0211588489589972,-0.0210624485005603,-0.0209659843668159,-0.0208694088633493,-0.0207726709444286,-0.0206757158587799,-0.0205784847627247,-0.020480914298353,-0.0203829361343606,-0.0202844764671555,-0.020185455479835,-0.0200857867566724,-0.0199853766508205,-0.0198841236030613,-0.0197819174096017,-0.0196786384371572,-0.0195741567838801,-0.0194683313850972,-0.0193610090633322,-0.0192520235227209,-0.0191411942887025,-0.019028325594803,-0.0189132052194479,-0.0187956032770711,-0.0186752709693549,-0.0185519393042785,-0.0184253177927904,-0.018295093135407,-0.0181609279138957,-0.0180224593064758,-0.0178792978487011,-0.017731026266409,-0.0175771984118717,-0.0174173383395926,-0.0172509395640769,-0.0170774645483824,-0.0168963444793082,-0.0167069793926818,-0.0165087387202899,-0.0163009623384631,-0.0160829622070147,-0.0158540246959359,-0.0156134137056615,-0.0153603746944764,-0.0150941397332242,-0.0148139337123228,-0.0145189818284358,-0.0142085184771242,-0.0138817976723993,-0.0135381051031554,-0.0131767719187352,-0.0127971903100185,-0.0123988309170911,-0.011981262048456,-0.0115441706388115,-0.0110873848018851,-0.0106108977514464,-0.0101148927679258,-0.00959976878149377,-0.00906616602763626,-0.00851499111222862,-0.00794744070540031,-0.00736502297423222,-0.0067695757721275,-0.00616328053734148,0,-0.0470073841458103,-0.0465091080087216,-0.0460108845171804,-0.0455177476536104,-0.0450326657720373,-0.0445574838573963,-0.0440932489020091,-0.043640475761409,-0.0431993335000708,-0.0427697658974186,-0.0423515697579102,-0.0419444474672958,-0.0415480432737236,-0.0411619686894527,-0.0407858202805002,-0.0404191919890207,-0.0400616834903245,-0.039712905676839,-0.0393724840763074,-0.0390400608024058,-0.0387152954789819,-0.0383978654606744,-0.0380874655836769,-0.0377838076140692,-0.0374866195121467,-0.0371956445953451,-0.0369106406564022,-0.0366313790747675,-0.0363576439460453,-0.0360892312449525,-0.0358259480308138,-0.035567611700201,-0.0353140492883471,-0.0350650968190263,-0.0348205987013522,-0.0345804071712182,-0.0343443817746967,-0.0341123888905505,-0.0338843012889804,-0.0336599977238103,-0.0334393625554353,-0.0332222854020255,-0.0330086608166498,-0.0327983879881652,-0.0325913704638953,-0.0323875158922855,-0.0321867357838865,-0.0319889452891575,-0.0317940629917212,-0.0316020107158209,-0.0314127133468456,-0.0312260986638876,-0.0310420971833911,-0.0308606420130311,-0.0306816687150402,-0.0305051151782645,-0.0303309214982947,-0.0301590298650723,-0.0299893844574199,-0.0298219313439929,-0.0296566183901875,-0.0294933951705803,-0.0293322128865066,-0.0291730242884168,-0.0290157836026775,-0.0288604464625095,-0.0287069698427797,-0.0285553119983833,-0.0284054324059736,-0.0282572917088145,-0.0281108516645473,-0.0279660750956774,-0.0278229258426029,-0.0276813687190168,-0.0275413694695296,-0.0274028947293665,-0.0272659119860073,-0.0271303895426424,-0.0269962964833306,-0.0268636026397493,-0.026732278559438,-0.0266022954754396,-0.026473625277253,-0.0263462404830156,-0.0262201142128383,-0.0260952201632238,-0.0259715325824993,-0.0258490262472035,-0.0257276764393676,-0.0256074589246375,-0.0254883499311838,-0.0253703261293524,-0.0252533646120084,-0.0251374428755311,-0.0250225388014158,-0.0249086306384451,-0.0247956969853872,-0.0246837167741863,-0.0245726692536038,-0.0244625339732749,-0.0243532907681404,-0.0242449197432151,-0.024137401258651,-0.0240307159150523,-0.0239248445389961,-0.0238197681687092,-0.0237154680398459,-0.0236119255713102,-0.0235091223510544,-0.0234070401217844,-0.0233056607664901,-0.0232049662937132,-0.0231049388224509,-0.0230055605665867,-0.0229068138187232,-0.0228086809332779,-0.02271114430869,-0.0226141863685643,-0.022517789541564,-0.0224219362398394,-0.0223266088357612,-0.0222317896366993,-0.0221374608575655,-0.02204360459081,-0.0219502027735321,-0.0218572371513375,-0.0217646892385408,-0.0216725402742811,-0.0215807711740843,-0.0214893624763733,-0.0213982942833927,-0.0213075461959814,-0.0212170972415965,-0.0211269257949606,-0.0210370094906758,-0.0209473251271306,-0.0208578485610003,-0.0207685545916355,-0.0206794168346273,-0.0205904075838459,-0.0205014976612662,-0.0204126562539291,-0.0203238507374354,-0.0202350464854431,-0.0201462066647291,-0.0200572920155038,-0.0199682606168155,-0.019879067637079,-0.0197896650699915,-0.0197000014563833,-0.0196100215928881,-0.0195196662287173,-0.0194288717522904,-0.0193375698700262,-0.0192456872802343,-0.0191531453457837,-0.0190598597700695,-0.018965740281768,-0.0188706903349644,-0.0187746068324876,-0.0186773798816797,-0.0185788925934026,-0.0184790209368298,-0.0183776336645086,-0.0182745923243127,-0.0181697513772373,-0.0180629584425194,-0.0179540546942913,-0.0178428754368724,-0.0177292508888514,-0.0176130072092689,-0.0174939678024166,-0.0173719549409494,-0.0172467917500567,-0.0171183045982174,-0.016986325942413,-0.0168506976773654,-0.0167112750391551,-0.016567931113148,-0.0164205619941448,-0.0162690926426504,-0.0161134834746657,-0.015953737712898,-0.0157899095142167,-0.0156221128709643,-0.0154505312618047,-0.0152754280006471,-0.0150971571994197,-0.0149161752218738,-0.0147330524612232,-0.0145484852246763,-0.0143633074536915,-0.014178501951542,-0.0139952107316496,-0.0138147440440574,-0.0136385875870157,-0.0134684073704233,-0.013306051672859,-0.0131535495296382,-0.0130131052112938,0,-0.0461804440852876,-0.045659219634039,-0.0451447635502068,-0.0446401866941294,-0.0441476218360414,-0.0436681648217634,-0.0432022202325753,-0.0427497790218323,-0.0423105901702463,-0.0418842614893307,-0.0414703206688766,-0.0410682540817454,-0.0406775322931182,-0.04029762698969,-0.0399280220582877,-0.0395682205647833,-0.0392177488437167,-0.0388761585689473,-0.0385430274393706,-0.038217958940627,-0.0379005815144835,-0.0375905473710778,-0.0372875311077909,-0.0369912282463115,-0.0367013537618194,-0.0364176406514792,-0.0361398385707442,-0.0358677125531264,-0.0356010418204512,-0.0353396186849479,-0.0350832475409546,-0.0348317439418679,-0.0345849337568035,-0.0343426524009118,-0.0341047441331921,-0.033871061415809,-0.0336414643292327,-0.0334158200379178,-0.03319400230167,-0.0329758910282878,-0.0327613718634855,-0.0325503358145031,-0.0323426789041781,-0.0321383018525851,-0.0319371097836545,-0.0317390119544532,-0.0315439215050508,-0.0313517552271129,-0.0311624333495553,-0.030975879339761,-0.0307920197190168,-0.0306107838909574,-0.0304321039819269,-0.0302559146922718,-0.0300821531576747,-0.0299107588197217,-0.0297416733049729,-0.0295748403118683,-0.0294102055048677,-0.0292477164152709,-0.0290873223482159,-0.0289289742953964,-0.0287726248530771,-0.0286182281450225,-0.0284657397499859,-0.0283151166334334,-0.0281663170832073,-0.028019300648852,-0.0278740280843515,-0.0277304612940463,-0.0275885632815136,-0.0274482981012146,-0.0273096308127248,-0.0271725274373799,-0.027036954917179,-0.026902881075804,-0.0267702745816191,-0.0266391049125292,-0.026509342322582,-0.0263809578102097,-0.0262539230880126,-0.0261282105539952,-0.0260037932641722,-0.0258806449064688,-0.0257587397758447,-0.0256380527505792,-0.025518559269657,-0.0254002353112033,-0.0252830573719177,-0.0251670024474651,-0.0250520480137823,-0.0249381720092659,-0.0248253528178094,-0.0247135692526634,-0.0246028005410921,-0.0244930263098093,-0.0243842265711719,-0.0242763817101214,-0.0241694724718585,-0.0240634799502442,-0.0239583855769205,-0.0238541711111489,-0.0237508186303634,-0.0236483105214417,-0.0235466294726958,-0.0234457584665885,-0.0233456807731821,-0.0232463799443275,-0.0231478398086036,-0.0230500444670194,-0.0229529782894873,-0.0228566259120858,-0.0227609722351205,-0.0226660024220008,-0.0225717018989478,-0.0224780563555464,-0.0223850517461618,-0.0222926742922351,-0.0222009104854768,-0.0221097470919787,-0.0220191711572647,-0.0219291700123037,-0.0218397312805134,-0.0217508428857828,-0.0216624930615539,-0.0215746703610036,-0.02148736366838,-0.0214005622115575,-0.0213142555758917,-0.0212284337194694,-0.0211430869898767,-0.0210582061426313,-0.0209737823614612,-0.0208898072806511,-0.020806273009725,-0.0207231721607935,-0.0206404978789587,-0.0205582438762507,-0.0204764044696637,-0.0203949746239668,-0.0203139500000907,-0.0202333270100402,-0.0201531028794446,-0.0200732757190567,-0.0199938446067243,-0.0199148096816136,-0.0198361722527424,-0.0197579349242022,-0.0196801017398085,-0.0196026783503182,-0.0195256722068063,-0.0194490927842883,-0.0193729518402319,-0.0192972637132069,-0.0192220456675908,-0.0191473182909751,-0.019073105951706,-0.0189994373248439,-0.018926345995734,-0.0188538711513458,-0.0187820583705512,-0.0187109605255624,-0.0186406388078247,-0.0185711638927434,-0.0185026172586817,-0.0184350926766742,-0.0183686978882175,-0.0183035564892618,-0.0182398100390879,-0.0181776204130157,-0.0181171724177772,-0.018058676687768,-0.0180023728791452,-0.0179485331767109,-0.0178974661255168,-0.0178495207949717,-0.0178050912776751,-0.0177646215180194,-0.0177286104565272,-0.0176976174646579,-0.0176722680311708,-0.0176532596448325,-0.0176413677991127,-0.0176374520224016,-0.0176424618122086,-0.0176574423238988,-0.0176835396341586,-0.0177220053671636,-0.0177742004382958,-0.0178415976375476,-0.0179257827442067,-0.0180284538382696,-0.018151418454969,-0.0182965882199517,-0.0184659706074841,-0.0186616574862454,-0.0188858101603843,-0.0191406406807724,-0.0194283892951827,-0.0197512980275866,0,-0.0452922668514197,-0.0447496908488861,-0.0442208484067403,-0.0437069743804402,-0.0432091911256439,-0.0427277229408548,-0.0422622646355681,-0.0418122501356835,-0.0413769937563562,-0.0409557627025073,-0.0405478164379792,-0.0401524293801026,-0.039768904270354,-0.0393965797771768,-0.0390348343062586,-0.0386830872688773,-0.0383407986672982,-0.0380074676069125,-0.0376826301687208,-0.0373658569459638,-0.0370567504524532,-0.0367549425395764,-0.036460091908141,-0.0361718817654427,-0.0358900176533626,-0.0356142254569028,-0.0353442495920239,-0.0350798513652042,-0.0348208074935136,-0.0345669087722476,-0.0343179588766464,-0.0340737732844686,-0.033834178306882,-0.0335990102160721,-0.0333681144590053,-0.0331413449478406,-0.0329185634184988,-0.0326996388498528,-0.0324844469368698,-0.0322728696118215,-0.0320647946083786,-0.0318601150640225,-0.0316587291567543,-0.0314605397725562,-0.0312654542004807,-0.031073383852607,-0.0308842440064226,-0.0306979535674671,-0.0305144348503188,-0.0303336133762152,-0.0301554176857875,-0.02997977916555,-0.0298066318869298,-0.0296359124567473,-0.0294675598781695,-0.0293015154212566,-0.0291377225023072,-0.0289761265712871,-0.0288166750066915,-0.0286593170172551,-0.0285040035499752,-0.0283506872039632,-0.028199322149684,-0.0280498640531796,-0.0279022700049101,-0.0277564984528763,-0.0276125091397164,-0.0274702630434951,-0.0273297223219284,-0.0271908502598047,-0.0270536112193885,-0.0269179705936031,-0.026783894761812,-0.0266513510480288,-0.0265203076814007,-0.0263907337588228,-0.0262625992095542,-0.0261358747617127,-0.0260105319105403,-0.0258865428883373,-0.0257638806359739,-0.0256425187758929,-0.02552243158653,-0.0254035939780793,-0.0252859814695438,-0.0251695701670135,-0.025054336743122,-0.0249402584176373,-0.0248273129391494,-0.0247154785678214,-0.0246047340591776,-0.0244950586489069,-0.0243864320386651,-0.0242788343828654,-0.0241722462764496,-0.0240666487436415,-0.0239620232276861,-0.0238583515815837,-0.0237556160598355,-0.0236537993112221,-0.0235528843726392,-0.0234528546640264,-0.0233536939844253,-0.0232553865092136,-0.0231579167885676,-0.023061269747211,-0.0229654306855179,-0.022870385282045,-0.0227761195975763,-0.0226826200807729,-0.0225898735755313,-0.0224978673301633,-0.0224065890085232,-0.0223160267032208,-0.0222261689510709,-0.0221370047509489,-0.0220485235842352,-0.0219607154380518,-0.0218735708315161,-0.0217870808452559,-0.0217012371544606,-0.0216160320657668,-0.0215314585583116,-0.021447510329321,-0.0213641818446406,-0.0212814683946591,-0.0211993661561278,-0.0211178722604322,-0.0210369848689335,-0.0209567032560734,-0.020877027901007,-0.0207979605886227,-0.0207195045209021,-0.0206416644396885,-0.0205644467620504,-0.0204878597295705,-0.020411913573039,-0.0203366206942083,-0.0202619958664509,-0.0201880564563792,-0.0201148226687204,-0.0200423178169983,-0.0199705686228654,-0.0198996055472399,-0.0198294631567571,-0.0197601805294193,-0.0196918017037493,-0.0196243761762018,-0.0195579594520797,-0.0194926136557305,-0.0194284082063649,-0.019365420566447,-0.0193037370702486,-0.0192434538408329,-0.0191846778044422,-0.0191275278119885,-0.0190721358780872,-0.0190186485488136,-0.018967228410089,-0.0189180557492896,-0.0188713303832982,-0.0188272736667487,-0.0187861306946101,-0.0187481727134632,-0.0187136997557919,-0.018683043511258,-0.0186565704481777,-0.0186346851971658,-0.0186178342070415,-0.0186065096804688,-0.0186012537932729,-0.0186026631967648,-0.0186113937965208,-0.018628165793693,-0.0186537689658443,-0.0186890681532659,-0.0187350089035123,-0.0187926232112455,-0.0188630352722097,-0.0189474671491066,-0.0190472442232142,-0.0191638002788227,-0.0192986820381062,-0.0194535529322899,-0.0196301958615158,-0.0198305146616076,-0.0200565339622802,-0.0203103970899902,-0.0205943616418035,-0.0209107923371075,-0.0212621507449665,-0.0216509814901175,-0.0220798945640737,-0.0225515434137441,-0.0230685985524407,-0.0236337165406704,-0.0242495043191988,-0.0249184790454805,-0.0256430237853941,-0.0264253396412514,0,-0.0443398090516945,-0.0437790870606335,-0.043238627550977,-0.0427183127220902,-0.0422181188188349,-0.041737307728443,-0.0412748290915719,-0.0408295524856668,-0.0404003624127801,-0.0399861953877916,-0.039586054561634,-0.0391990148971433,-0.0388242236848722,-0.0384608984249469,-0.0381083231489775,-0.0377658438658364,-0.0374328636022559,-0.0371088373634494,-0.0367932672299516,-0.036485697725024,-0.0361857115272209,-0.035892925560756,-0.0356069874681764,-0.0353275724520227,-0.0350543804617237,-0.0347871336966732,-0.0345255743945382,-0.0342694628741253,-0.0340185758036993,-0.0337727046679181,-0.0335316544091239,-0.0332952422213597,-0.0330632964780191,-0.0328356557763947,-0.0326121680845284,-0.0323926899776756,-0.0321770859533762,-0.0319652278155926,-0.0317569941196516,-0.0315522696708258,-0.0313509450703436,-0.0311529163034298,-0.030958084364684,-0.0307663549167053,-0.0305776379783918,-0.0303918476397884,-0.0302089018007407,-0.0300287219309453,-0.0298512328492734,-0.0296763625204888,-0.029504041867702,-0.0293342045990858,-0.0291667870475401,-0.0290017280221384,-0.0288389686703105,-0.0286784523498276,-0.0285201245097502,-0.0283639325795834,-0.0282098258659634,-0.0280577554562585,-0.0279076741285334,-0.027759536267374,-0.0276132977851163,-0.0274689160480701,-0.0273263498073575,-0.0271855591340265,-0.0270465053581284,-0.026909151011472,-0.0267734597737981,-0.0266393964221338,-0.0265069267831115,-0.026376017688054,-0.0262466369306425,-0.0261187532270027,-0.0259923361780573,-0.0258673562340051,-0.0257437846607996,-0.0256215935085134,-0.0255007555814814,-0.0253812444101282,-0.0252630342243938,-0.025146099928679,-0.0250304170782419,-0.024915961856983,-0.0248027110565663,-0.0246906420568262,-0.024579732807423,-0.0244699618107122,-0.0243613081058002,-0.0242537512537671,-0.0241472713240428,-0.0240418488819279,-0.0239374649772603,-0.0238341011342322,-0.0237317393423709,-0.0236303620487034,-0.0235299521511307,-0.0234304929930491,-0.0233319683592573,-0.0232343624732042,-0.0231376599956335,-0.0230418460246976,-0.0229469060976177,-0.0228528261939808,-0.0227595927407747,-0.0226671926192755,-0.0225756131739145,-0.0224848422232659,-0.0223948680733141,-0.0223056795331748,-0.0222172659334644,-0.0221296171475316,-0.0220427236157895,-0.0219565763734093,-0.0218711670816661,-0.0217864880632546,-0.0217025323419306,-0.0216192936868636,-0.021536766662134,-0.0214549466818465,-0.0213738300713852,-0.0212934141353873,-0.0212136972330752,-0.0211346788616519,-0.0210563597485385,-0.0209787419533167,-0.0209018289803261,-0.0208256259029701,-0.0207501395008924,-0.02067537841131,-0.0206013532959237,-0.0205280770249769,-0.0204555648801984,-0.0203838347785474,-0.0203129075188781,-0.0202428070538643,-0.0201735607897636,-0.0201051999168693,-0.020037759773787,-0.0199712802489928,-0.0199058062234755,-0.019841388058644,-0.0197780821340902,-0.019715951440243,-0.019655066231425,-0.0195955047453424,-0.0195373539955863,-0.0194807106443129,-0.0194256819628934,-0.0193723868889778,-0.019320957189107,-0.0192715387367136,-0.0192242929160862,-0.019179398163604,-0.0191370516582875,-0.0190974711744229,-0.0190608971096913,-0.0190275947028443,-0.0189978564554771,-0.0189720047728252,-0.0189503948387011,-0.0189334177396348,-0.0189215038529231,-0.0189151265125319,-0.0189148059655569,-0.018921113630094,-0.0189346766627884,-0.0189561828408591,-0.0189863857588593,-0.019026110334643,-0.0190762586117435,-0.0191378158363888,-0.0192118567764345,-0.0192995522363057,-0.0194021757063442,-0.0195211100664746,-0.0196578542426007,-0.0198140296894101,-0.0199913865451796,-0.0201918092727149,-0.020417321565862,-0.0206700902634376,-0.0209524279725537,-0.0212667940621099,-0.0216157936460648,-0.0220021741368378,-0.0224288189142483,-0.0228987376278158,-0.0234150526337062,-0.0239809810664132,-0.0245998120642844,-0.0252748787124598,-0.0260095243420575,-0.0268070629355898,-0.0276707335399159,-0.0286036487823678,-0.0296087378236796,-0.030688684360603,-0.0318458606054301,-0.0330822585083533,0,-0.0433208776632296,-0.0427463784862901,-0.0421979810600408,-0.041674775382706,-0.0411754866617957,-0.0406983657584542,-0.0402416194010634,-0.0398035733263792,-0.0393827069699344,-0.0389776505247225,-0.0385871734820592,-0.0382101719651328,-0.0378456563704584,-0.0374927396099148,-0.0371506260679254,-0.0368186013703099,-0.0364960230364485,-0.0361823120471188,-0.0358769453203891,-0.0355794490559261,-0.0352893928865251,-0.0350063847637445,-0.0347300665001165,-0.0344601098912542,-0.0341962133453482,-0.0339380989535848,-0.0336855099418758,-0.0334382084512859,-0.0331959736012623,-0.0329585997959622,-0.0327258952395481,-0.0324976806312285,-0.0322737880151011,-0.0320540597635367,-0.0318383476759957,-0.031626512177856,-0.0314184216061027,-0.0312139515706649,-0.0310129843818092,-0.0308154085353808,-0.0306211182488455,-0.0304300130420717,-0.0302419973576261,-0.0300569802160646,-0.0298748749022987,-0.0296955986796345,-0.029519072528514,-0.029345220907364,-0.0291739715332789,-0.029005255180539,-0.0288390054952018,-0.0286751588242131,-0.0285136540576574,-0.0283544324829271,-0.0281974376497201,-0.0280426152448967,-0.027889912976327,-0.0277392804649525,-0.0275906691443641,-0.0274440321672696,-0.0272993243182859,-0.0271565019325458,-0.0270155228196591,-0.0268763461926113,-0.0267389326012215,-0.0266032438698171,-0.0264692430388141,-0.0263368943099187,-0.0262061629946943,-0.0260770154662582,-0.025949419113894,-0.0258233423003865,-0.0256987543219007,-0.0255756253702443,-0.0254539264973663,-0.0253336295819591,-0.025214707298043,-0.0250971330854237,-0.0249808811219242,-0.0248659262973034,-0.0247522441887816,-0.0246398110381037,-0.0245286037300786,-0.0244185997725417,-0.0243097772776955,-0.0242021149447918,-0.0240955920441237,-0.0239901884023082,-0.0238858843888417,-0.0237826609039234,-0.0236804993675451,-0.0235793817098572,-0.0234792903628246,-0.0233802082531984,-0.0232821187968343,-0.0231850058944003,-0.0230888539285226,-0.0229936477624317,-0.0228993727401783,-0.0228060146885017,-0.0227135599204438,-0.0226219952408164,-0.0225313079536419,-0.0224414858717032,-0.022352517328355,-0.0222643911917666,-0.0221770968817846,-0.0220906243896274,-0.0220049643006443,-0.0219201078203981,-0.0218360468043602,-0.0217527737915334,-0.0216702820423565,-0.0215885655812785,-0.0215076192444321,-0.021427438732882,-0.0213480206719725,-0.0212693626773542,-0.0211914634283301,-0.0211143227492276,-0.0210379416995781,-0.0209623226739653,-0.0208874695124951,-0.0208133876229365,-0.0207400841156946,-0.0206675679528948,-0.0205958501129917,-0.0205249437724599,-0.0204548645062861,-0.0203856305091577,-0.0203172628394369,-0.0202497856882212,-0.0201832266760258,-0.0201176171798778,-0.0200529926938911,-0.0199893932266972,-0.0199268637394374,-0.0198654546283862,-0.0198052222566667,-0.0197462295399472,-0.0196885465914663,-0.0196322514322327,-0.0195774307727803,-0.0195241808734295,-0.0194726084906179,-0.0194228319175145,-0.0193749821278118,-0.0193292040323184,-0.0192856578587195,-0.0192445206656556,-0.0192059880030629,-0.0191702757315243,-0.0191376220141809,-0.0191082894955316,-0.0190825676821865,-0.0190607755413051,-0.0190432643330181,-0.0190304206935515,-0.0190226699860031,-0.0190204799356984,-0.0190243645667083,-0.0190348884553512,-0.0190526713152392,-0.0190783929265263,-0.019112798419352,-0.0191567039178739,-0.0192110025465747,-0.0192766707944895,-0.0193547752254097,-0.0194464795127037,-0.0195530517658848,-0.0196758721021304,-0.0198164403993155,-0.0199763841474315,-0.0201574662922147,-0.0203615929381248,-0.0205908207472674,-0.020847363836314,-0.0211335999349424,-0.0214520755269864,-0.0218055096497984,-0.0221967959790651,-0.0226290027766655,-0.023105370229824,-0.0236293046630828,-0.024204369063488,-0.024834269327594,-0.0255228356209715,-0.0262739982421749,-0.0270917574095763,-0.027980146447595,-0.0289431879453114,-0.0299848426015995,-0.0311089506621882,-0.032319166099136,-0.033618883983098,-0.0350111618507567,-0.036498636266431,-0.0380834362050638,-0.0397670953242001,0,-0.0422342935860574,-0.041651100240702,-0.0410993025682511,-0.0405773963491707,-0.0400827754486586,-0.0396126842548502,-0.0391646303416072,-0.0387364442841696,-0.0383262444091973,-0.0379323925588532,-0.0375534571720643,-0.0371881835764088,-0.0368354694262534,-0.0364943438488816,-0.0361639494926861,-0.0358435270129315,-0.0355324016808683,-0.035229971862341,-0.0349356991383673,-0.0346490998572142,-0.0343697379241182,-0.034097218653019,-0.0338311835240226,-0.0335713057097448,-0.0333172862522676,-0.0330688507895539,-0.0328257467454791,-0.032587740911058,-0.0323546173560086,-0.0321261756196565,-0.0319022291384994,-0.0316826038747435,-0.0314671371159477,-0.0312556764207759,-0.0310480786898906,-0.0308442093443726,-0.0306439415968372,-0.030447155802727,-0.030253738881184,-0.0300635837965071,-0.0298765890925341,-0.0296926584734082,-0.0295117004251239,-0.0293336278730335,-0.029158357871164,-0.0289858113197477,-0.0288159127078525,-0.0286485898783987,-0.0284837738131931,-0.0283213984359093,-0.0281614004311944,-0.0280037190782996,-0.0278482960978216,-0.0276950755103042,-0.02754400350559,-0.0273950283219358,-0.027248100134014,-0.0271031709490129,-0.0269601945101348,-0.0268191262068628,-0.0266799229914291,-0.0265425433009775,-0.026406946984961,-0.0262730952373604,-0.0261409505333508,-0.0260104765700781,-0.0258816382112376,-0.0257544014351793,-0.0256287332862878,-0.0255046018294067,-0.025381976107104,-0.0252608260995868,-0.0251411226870985,-0.0250228376146423,-0.0249059434588918,-0.0247904135971643,-0.0246762221783422,-0.0245633440956416,-0.0244517549611385,-0.0243414310819716,-0.0242323494381521,-0.0241244876619193,-0.0240178240185909,-0.0239123373888643,-0.0238080072525338,-0.0237048136735989,-0.0236027372867438,-0.0235017592851795,-0.023401861409846,-0.0233030259399824,-0.0232052356850792,-0.0231084739782383,-0.0230127246709724,-0.0229179721294893,-0.0228242012325118,-0.0227313973706987,-0.022639546447742,-0.0225486348832265,-0.0224586496173542,-0.0223695781176462,-0.0222814083877531,-0.0221941289785196,-0.022107729001467,-0.0220221981448788,-0.0219375266926925,-0.0218537055464276,-0.0217707262504027,-0.0216885810205252,-0.021607262776965,-0.02152676518106,-0.0214470826768383,-0.0213682105375812,-0.0212901449178991,-0.0212128829118404,-0.0211364226176094,-0.0210607632095301,-0.02098590501796,-0.0209118496179291,-0.0208385999273678,-0.020766160315867,-0.0206945367250229,-0.0206237368015211,-0.0205537700442379,-0.0204846479667678,-0.0204163842769338,-0.0203489950749925,-0.0202824990724289,-0.0202169178334216,-0.0201522760412762,-0.0200886017923541,-0.0200259269202796,-0.0199642873534847,-0.0199037235094565,-0.0198442807293809,-0.0197860097572393,-0.0197289672678047,-0.0196732164484122,-0.0196188276398354,-0.0195658790421025,-0.0195144574916194,-0.019464659316546,-0.0194165912779875,-0.0193703716052267,-0.0193261311339179,-0.0192840145569133,-0.0192441817981671,-0.019206809520985,-0.0191720927827307,-0.0191402468489759,-0.0191115091809672,-0.019086141611172,-0.0190644327225421,-0.0190467004479797,-0.019033294907269,-0.019024601499436,-0.0190210442690557,-0.0190230895654159,-0.0190312500135909,-0.0190460888163208,-0.0190682244050432,-0.0190983354573796,-0.019137166296732,-0.0191855326872423,-0.0192443280340625,-0.0193145299944755,-0.0193972074996958,-0.0194935281799106,-0.0196047661760372,-0.0197323103104562,-0.0198776725753196,-0.0200424968805647,-0.0202285679841295,-0.0204378205036933,-0.0206723478821867,-0.0209344111480233,-0.0212264472752199,-0.0215510769081574,-0.0219111111706791,-0.0223095572297524,-0.0227496222305516,-0.0232347151634333,-0.0237684461652742,-0.0243546226999616,-0.0249972420081659,-0.025700479168332,-0.0264686700734836,-0.0273062886072422,-0.0282179173036594,-0.0292082108061229,-0.0302818515084256,-0.0314434968740448,-0.0326977180954451,-0.0340489299804792,-0.035501312242412,-0.037058722725397,-0.0387246035156878,-0.0405018813622299,-0.0423928643435463,-0.0443991372485281,-0.046521458656607,0,-0.0410797950838386,-0.0404934916212454,-0.0399436102829482,-0.0394277464660111,-0.0389419161620161,-0.038482425028778,-0.03804616786801,-0.0376305553555432,-0.0372334060342431,-0.0368528634134477,-0.0364873361937962,-0.0361354533754967,-0.0357960287959185,-0.0354680321456919,-0.035150564867735,-0.0348428399815683,-0.0345441651679516,-0.0342539285937725,-0.0339715870431518,-0.0336966559838524,-0.0334287012512907,-0.0331673320797124,-0.0329121952522613,-0.0326629701788039,-0.0324193647425354,-0.0321811117838164,-0.0319479661127764,-0.031719701961454,-0.0314961108021532,-0.0312769994717679,-0.0310621885525452,-0.0308515109685027,-0.0306448107638593,-0.030441942035663,-0.0302427679975502,-0.0300471601554562,-0.0298549975792692,-0.0296661662570311,-0.0294805585204235,-0.0292980725320467,-0.0291186118264548,-0.028942084898123,-0.0287684048305274,-0.0285974889613582,-0.0284292585795922,-0.0282636386507409,-0.0281005575670899,-0.0279399469201681,-0.0277817412930429,-0.0276258780703454,-0.0274722972641879,-0.0273209413543637,-0.0271717551414099,-0.0270246856112807,-0.0268796818105245,-0.0267366947309822,-0.0265956772031331,-0.026456583797311,-0.0263193707320958,-0.0261839957892608,-0.0260504182347183,-0.025918598744965,-0.0257884993385785,-0.0256600833123616,-0.0255333151817693,-0.0254081606252927,-0.0252845864325013,-0.0251625604554779,-0.0250420515634032,-0.0249230296000723,-0.0248054653441456,-0.0246893304719563,-0.0245745975227121,-0.0244612398659497,-0.0243492316711081,-0.0242385478791086,-0.0241291641758342,-0.0240210569674193,-0.0239142033572677,-0.0238085811247289,-0.0237041687053738,-0.0236009451728172,-0.0234988902220478,-0.0233979841542336,-0.0232982078629779,-0.0231995428220141,-0.0231019710743316,-0.0230054752227387,-0.0229100384218731,-0.0228156443716832,-0.0227222773124133,-0.0226299220211309,-0.0225385638098526,-0.02244818852533,-0.0223587825505709,-0.0222703328081858,-0.0221828267656588,-0.0220962524426623,-0.0220105984205443,-0.0219258538541401,-0.0218420084860758,-0.0217590526637502,-0.0216769773592075,-0.0215957741921349,-0.021515435456245,-0.0214359541493357,-0.0213573240073489,-0.0212795395427862,-0.0212025960878791,-0.0211264898429533,-0.0210512179304737,-0.0209767784553107,-0.0209031705718241,-0.0208303945584236,-0.0207584519003393,-0.0206873453814062,-0.0206170791857581,-0.0205476590104162,-0.0204790921898633,-0.0204113878338067,-0.0203445569794609,-0.0202786127598182,-0.0202135705895267,-0.0201494483701642,-0.0200862667168799,-0.020024049208577,-0.0199628226640314,-0.0199026174465843,-0.0198434678003126,-0.0197854122208702,-0.019728493864513,-0.0196727609991642,-0.0196182675017563,-0.0195650734064924,-0.0195132455091202,-0.0194628580327889,-0.0194139933615851,-0.0193667428484042,-0.0193212077044212,-0.0192774999780735,-0.0192357436321625,-0.0191960757284245,-0.0191586477297031,-0.0191236269306886,-0.0190911980290582,-0.0190615648497629,-0.0190349522361448,-0.0190116081225354,-0.0189918058039634,-0.0189758464195748,-0.0189640616673273,-0.0189568167684355,-0.0189545137008831,-0.0189575947220542,-0.0189665462011156,-0.0189819027821551,-0.0190042518991799,-0.0190342386638238,-0.0190725711459133,-0.0191200260657723,-0.0191774549151903,-0.0192457905211687,-0.0193260540627116,-0.0194193625458469,-0.0195269367354875,-0.0196501095344194,-0.0197903347893137,-0.0199491964908704,-0.0201284183196433,-0.0203298734703709,-0.0205555946653344,-0.020807784240961,-0.0210888241611849,-0.0214012857755939,-0.0217479390998383,-0.0221317613499734,-0.022555944411345,-0.0230239008665478,-0.0235392681464497,-0.02410591030429,-0.0247279168469543,-0.0254095979919175,-0.0261554756560296,-0.0269702694272158,-0.0278588767272101,-0.0288263463486722,-0.0298778445505378,-0.031018612929333,-0.0322539173602596,-0.0335889874293531,-0.0350289459658487,-0.0365787285399586,-0.0382429931212602,-0.0400260204991108,-0.0419316065463251,-0.0439629479518161,-0.0461225236402882,-0.0484119747119854,-0.0508319863383903,-0.0533821755976071,0,-0.039857894799689,-0.039274615534329,-0.0387326417374846,-0.0382279935160398,-0.0377553269436781,-0.0373101469382007,-0.0368888621388475,-0.0364885615647528,-0.0361068397477208,-0.0357416817563828,-0.0353913849348525,-0.0350545015726257,-0.034729794370647,-0.0344162006509653,-0.0341128031286523,-0.0338188058943859,-0.0335335146436698,-0.0332563203973579,-0.032986686094566,-0.0327241355435479,-0.0324682443029998,-0.0322186321403568,-0.0319749567767705,-0.031736908681664,-0.0315042067240779,-0.031276594524529,-0.0310538373809206,-0.0308357196662277,-0.0306220426152078,-0.0304126224330993,-0.0302072886718971,-0.0300058828299252,-0.029808257138567,-0.029614273506559,-0.0294238025975201,-0.0292367230206448,-0.0290529206179327,-0.0288722878341206,-0.0286947231577603,-0.0285201306237519,-0.0283484193691647,-0.0281795032354399,-0.0280133004111102,-0.0278497331100358,-0.027688727280876,-0.0275302123441201,-0.0273741209535077,-0.0272203887790962,-0.0270689543095948,-0.0269197586718925,-0.0267727454659691,-0.026627860613605,-0.0264850522194945,-0.0263442704435377,-0.0262054673832265,-0.0260685969651668,-0.0259336148448859,-0.0258004783141694,-0.0256691462152541,-0.0255395788612763,-0.0254117379624375,-0.0252855865574086,-0.0251610889495384,-0.0250382106474823,-0.0249169183099017,-0.0247971796939219,-0.0246789636070662,-0.0245622398624139,-0.024446979236753,-0.0243331534315229,-0.0242207350363617,-0.0241096974950925,-0.0240000150740007,-0.0238916628322678,-0.0237846165944444,-0.0236788529248577,-0.0235743491038601,-0.0234710831058386,-0.0233690335789169,-0.0232681798262892,-0.0231685017891393,-0.0230699800311042,-0.0229725957242553,-0.0228763306365749,-0.0227811671209207,-0.0226870881054747,-0.022594077085687,-0.022502118117733,-0.02241119581351,-0.0223212953372162,-0.0222324024035575,-0.0221445032776458,-0.0220575847766607,-0.0219716342733613,-0.0218866397015469,-0.0218025895635813,-0.0217194729401114,-0.021637279502127,-0.0215559995255282,-0.0214756239083882,-0.0213961441911182,-0.0213175525797703,-0.0212398419727368,-0.0211630059911362,-0.0210870390132074,-0.0210119362130702,-0.020937693604247,-0.0208643080883871,-0.0207917775096799,-0.0207201007154968,-0.0206492776238594,-0.0205793092983961,-0.0205101980315182,-0.0204419474366266,-0.0203745625502446,-0.0203080499450665,-0.0202424178550193,-0.0201776763135465,-0.0201138373064521,-0.0200509149407821,-0.0199889256313757,-0.0199278883068868,-0.0198678246372628,-0.0198087592848738,-0.0197507201817079,-0.019693738835296,-0.0196378506662994,-0.0195830953809874,-0.0195295173821564,-0.0194771662223948,-0.0194260971039789,-0.019376371430108,-0.0193280574126362,-0.019281230741957,-0.0192359753252237,-0.0191923840996733,-0.0191505599284357,-0.0191106165868847,-0.0190726798482981,-0.019036888678365,-0.0190033965488885,-0.0189723728818989,-0.0189440046363009,-0.0189184980501362,-0.0188960805525335,-0.0188770028604525,-0.0188615412763744,-0.0188500002041603,-0.018842714901358,-0.0188400544872724,-0.0188424252271017,-0.0188502741133429,-0.0188640927664483,-0.0188844216773212,-0.0189118548146101,-0.0189470446198259,-0.0189907074129751,-0.0190436292305744,-0.0191066721164531,-0.0191807808835205,-0.0192669903615039,-0.019366433141338,-0.0194803478211868,-0.0196100877517356,-0.0197571302690978,-0.0199230863921088,-0.0201097109465435,-0.0203189130614993,-0.0205527669623774,-0.0208135229601303,-0.0211036185072533,-0.0214256891569169,-0.0217825792222824,-0.0221773518880548,-0.0226132984755235,-0.0230939465057014,-0.0236230661429515,-0.024204674534322,-0.0248430374887836,-0.0255426678673777,-0.0263083199823913,-0.0271449792343942,-0.0280578461546613,-0.0290523139726479,-0.0301339388005054,-0.0313084015270359,-0.0325814605510431,-0.0339588945686482,-0.035446434771142,-0.037049686019443,-0.0387740368471527,-0.0406245585131144,-0.0426058937790317,-0.0447221366254039,-0.0469767047299347,-0.0493722071981474,-0.0519103107277822,-0.054591608067921,-0.0574154932521894,-0.0603800485864319,0,-0.0385698443968809,-0.037996462574108,-0.0374689268327675,-0.0369809419090401,-0.0365259336043884,-0.0360988155109843,-0.0356956705120287,-0.0353133817136936,-0.0349494060509059,-0.0346016372651283,-0.0342683148523922,-0.0339479576711477,-0.0336393125517469,-0.0333413132997212,-0.0330530475727568,-0.0327737300022715,-0.0325026803584551,-0.0322393058071404,-0.0319830864830907,-0.0317335637443349,-0.031490330588753,-0.03125302381189,-0.0310213175663595,-0.0307949180501756,-0.0305735591058578,-0.0303569985561074,-0.0301450151370467,-0.0299374059180454,-0.0297339841194176,-0.0295345772569112,-0.0293390255558821,-0.0291471805891148,-0.0289589041010358,-0.0287740669880455,-0.0285925484102644,-0.0284142350144368,-0.0282390202513099,-0.0280668037736792,-0.0278974909036216,-0.027730992159326,-0.0275672228334722,-0.027406102616373,-0.027247555258137,-0.0270915082649638,-0.0269378926254038,-0.0267866425630057,-0.0266376953122768,-0.0264909909153003,-0.0263464720367074,-0.0262040837950046,-0.0260637736085116,-0.0259254910543836,-0.0257891877393812,-0.02565481718121,-0.0255223346993942,-0.025391697314766,-0.0252628636567616,-0.0251357938778008,-0.0250104495741126,-0.0248867937124344,-0.0247647905620773,-0.0246444056319025,-0.0245256056118019,-0.0244083583183193,-0.024292632644086,-0.0241783985107769,-0.0240656268253258,-0.0239542894391645,-0.023844359110273,-0.0237358094678534,-0.0236286149794567,-0.0235227509204127,-0.0234181933454279,-0.0233149190622316,-0.0232129056071669,-0.0231121312226335,-0.023012574836303,-0.0229142160420397,-0.0228170350824688,-0.0227210128331482,-0.0226261307883054,-0.0225323710481165,-0.0224397163075093,-0.0223481498464863,-0.0222576555219699,-0.0221682177611854,-0.0220798215566045,-0.0219924524624849,-0.0219060965930512,-0.021820740622374,-0.0217363717860172,-0.0216529778845344,-0.0215705472889102,-0.0214890689480576,-0.0214085323984957,-0.0213289277763521,-0.0212502458318512,-0.0211724779464695,-0.0210956161529613,-0.0210196531584835,-0.0209445823710712,-0.0208703979297489,-0.0207970947385904,-0.0207246685050765,-0.0206531157831386,-0.0205824340213185,-0.020512621616521,-0.0204436779738865,-0.0203756035733713,-0.0203084000436819,-0.0202420702442811,-0.0201766183562616,-0.0201120499829645,-0.0200483722613159,-0.0199855939849573,-0.0199237257403592,-0.019862780057232,-0.0198027715746891,-0.0197437172247663,-0.0196856364350721,-0.019628551352526,-0.0195724870903472,-0.0195174720006769,-0.0194635379754627,-0.0194107207785038,-0.0193590604118467,-0.0193086015200442,-0.0192593938361435,-0.0192114926736495,-0.0191649594691299,-0.019119862380584,-0.019076276947189,-0.0190342868165764,-0.01899398454637,-0.0189554724873433,-0.0189188637562307,-0.0188842833069509,-0.0188518691097793,-0.0188217734488352,-0.0187941643491345,-0.0187692271453898,-0.0187471662057309,-0.0187282068245459,-0.0187125972997217,-0.0187006112106711,-0.0186925499146663,-0.0186887452801478,-0.01868956267681,-0.0186954042433835,-0.0187067124550771,-0.0187239740136076,-0.0187477240835641,-0.0187785508994841,-0.0188171007683878,-0.018864083492553,-0.018920278236909,-0.0189865398644782,-0.0190638057616566,-0.019153103172639,-0.0192555570587771,-0.0193723984938805,-0.0195049736001899,-0.0196547530216673,-0.0198233419210425,-0.0200124904743481,-0.0202241048210701,-0.02046025840908,-0.0207232036507347,-0.0210153837794129,-0.0213394447638184,-0.021698247100106,-0.022094877258846,-0.02253265851467,-0.023015160830917,-0.0235462094097137,-0.0241298914499732,-0.0247705605824559,-0.0254728383735268,-0.026241612209437,-0.0270820287935365,-0.0279994824134591,-0.0289995970688028,-0.0300882014981946,-0.0312712961152869,-0.0325550108648934,-0.0339455530531186,-0.035449144299869,-0.0370719459199561,-0.0388199722712205,-0.0406989919245507,-0.04271441691853,-0.0448711808636735,-0.0471736072547347,-0.0496252700233326,-0.0522288490965048,-0.0549859844880961,-0.0578971331960272,-0.0609614338555335,-0.0641765846437923,-0.0675387402775566,0,-0.0372177753640313,-0.0366620419948325,-0.0361558334976179,-0.0356900487034212,-0.0352571720823585,-0.0348517989110287,-0.034469870043912,-0.0341081889458652,-0.0337641676019022,-0.0334356798006084,-0.03312096368699,-0.0328185500045734,-0.0325272062901566,-0.0322458924570035,-0.0319737251607095,-0.0317099491593002,-0.0314539142949494,-0.0312050569933725,-0.0309628853825494,-0.0307269673016488,-0.0304969206124867,-0.0302724053432931,-0.0300531172907899,-0.0298387827844189,-0.0296291543788347,-0.0294240072901844,-0.0292231364306576,-0.0290263539263832,-0.0288334870277242,-0.028644376339779,-0.0284588743155878,-0.0282768439660568,-0.0280981577496533,-0.0279226966120496,-0.0277503491515221,-0.0275810108903747,-0.027414583636214,-0.027250974919751,-0.027090097498086,-0.0269318689142881,-0.0267762111055762,-0.0266230500536338,-0.0264723154715941,-0.0263239405230576,-0.0261778615691904,-0.0260340179405206,-0.0258923517305264,-0.0257528076085098,-0.0256153326495869,-0.0254798761799116,-0.0253463896354929,-0.0252148264331708,-0.0250851418524987,-0.0249572929274265,-0.024831238346816,-0.0247069383629304,-0.0245843547071415,-0.024463450512182,-0.0243441902403485,-0.0242265396171235,-0.0241104655697468,-0.0239959361703137,-0.0238829205830254,-0.0237713890152561,-0.0236613126721384,-0.0235526637143953,-0.0234454152191845,-0.0233395411437366,-0.0232350162915988,-0.0231318162813131,-0.0230299175173773,-0.0229292971633568,-0.0228299331170272,-0.0227318039874449,-0.0226348890738572,-0.0225391683463738,-0.0224446224283345,-0.0223512325803214,-0.0222589806857713,-0.0221678492381578,-0.0220778213297209,-0.0219888806417328,-0.0219010114362998,-0.021814198549708,-0.0217284273873335,-0.0216436839201469,-0.021559954682853,-0.0214772267737182,-0.0213954878561505,-0.021314726162109,-0.0212349304974329,-0.0211560902491956,-0.0210781953952043,-0.0210012365157812,-0.0209252048079807,-0.0208500921024196,-0.0207758908829122,-0.0207025943091329,-0.020630196242547,-0.0205586912758857,-0.0204880747664649,-0.0204183428736871,-0.0203494926010983,-0.0202815218434157,-0.0202144294389869,-0.0201482152281882,-0.0200828801183296,-0.0200184261556903,-0.0199548566053794,-0.0198921760397877,-0.0198303904364805,-0.0197695072864715,-0.0197095357139184,-0.0196504866083889,-0.0195923727709724,-0.019535209075642,-0.0194790126474236,-0.0194238030590911,-0.019369602548286,-0.019316436257159,-0.019264332496848,-0.0192133230393481,-0.0191634434395886,-0.019114733390824,-0.0190672371167589,-0.0190210038041727,-0.0189760880801881,-0.0189325505387387,-0.0188904583212393,-0.0188498857569528,-0.0188109150690755,-0.0187736371531413,-0.0187381524349648,-0.0187045718160177,-0.0186730177148557,-0.0186436252139931,-0.0186165433224526,-0.0185919363651098,-0.0185699855108965,-0.0185508904529278,-0.0185348712546727,-0.0185221703773932,-0.018513054905224,-0.0185078189854505,-0.0185067865027499,-0.0185103140073855,-0.0185187939185466,-0.0185326580252124,-0.0185523813080237,-0.0185784861066617,-0.0186115466580835,-0.0186521940316196,-0.0187011214872975,-0.0187590902837534,-0.0188269359616192,-0.0189055751271926,-0.0189960127593814,-0.0190993500601682,-0.0192167928649793,-0.0193496606241141,-0.0194993959595276,-0.019667574792451,-0.019855917026216,-0.0200662977548361,-0.0203007589509333,-0.020561521566016,-0.0208509979513874,-0.0211718044785644,-0.0215267742034605,-0.021918969378214,-0.0223516935679389,-0.0228285030764722,-0.023353217325145,-0.0239299277617388,-0.0245630048034222,-0.0252571022383734,-0.0260171584273119,-0.0268483935603737,-0.0277563021396032,-0.0287466397768442,-0.0298254033262304,-0.030998803316429,-0.0322732276183505,-0.0336551952887438,-0.0351512995797913,-0.0367681392113838,-0.0385122371785288,-0.0403899466233221,-0.0424073436496059,-0.0445701074064041,-0.0468833883163011,-0.0493516659732472,-0.0519785989682023,-0.0547668696973106,-0.0577180280306826,-0.0608323385225788,-0.0641086365664059,-0.0675441994717605,-0.0711346387922546,-0.0748738202899753,0,-0.0358049413500142,-0.0352754550112189,-0.0347975802406144,-0.0343594136773607,-0.0339529720978142,-0.0335728500096934,-0.0332150394310471,-0.0328763931382751,-0.032554372386834,-0.0322469035688239,-0.0319522807388779,-0.0316690921816223,-0.0313961627011252,-0.0311325076654629,-0.0308772963361703,-0.030629822640014,-0.030389481902461,-0.0301557523329484,-0.0299281802779345,-0.0297063684496055,-0.0294899664990527,-0.0292786634351459,-0.0290721814973596,-0.0288702711761123,-0.0286727071414233,-0.0284792848932995,-0.0282898179881921,-0.0281041357276056,-0.0279220812195193,-0.0277435097423038,-0.027568287355558,-0.0273962897137333,-0.0272274010473197,-0.0270615132833241,-0.0268985252822248,-0.0267383421728864,-0.0265808747703113,-0.0264260390638161,-0.0262737557653773,-0.0261239499096305,-0.0259765504984151,-0.0258314901838932,-0.0256887049852116,-0.0255481340344371,-0.0254097193481335,-0.0252734056214736,-0.0251391400422184,-0.0250068721222651,-0.024876553544778,-0.0247481380251735,-0.0246215811844619,-0.0244968404336316,-0.0243738748679311,-0.0242526451700389,-0.0241331135212382,-0.0240152435198127,-0.0238990001059762,-0.0237843494927231,-0.0236712591020595,-0.0235596975061359,-0.0234496343728517,-0.023341040415554,-0.0232338873464908,-0.0231281478337195,-0.023023795461199,-0.0229208046918301,-0.0228191508332279,-0.0227188100060402,-0.0226197591146421,-0.0225219758200591,-0.0224254385149885,-0.0223301263008038,-0.0222360189664439,-0.0221430969690995,-0.0220513414166263,-0.0219607340516234,-0.0218712572371282,-0.0217828939438903,-0.021695627739198,-0.0216094427772415,-0.0215243237910051,-0.0214402560856961,-0.0213572255337224,-0.0212752185712468,-0.0211942221963537,-0.0211142239688758,-0.0210352120119416,-0.0209571750153145,-0.02088010224061,-0.0208039835284889,-0.0207288093079421,-0.0206545706077948,-0.0205812590705804,-0.0205088669689479,-0.0204373872247913,-0.0203668134313084,-0.020297139878224,-0.0202283615804368,-0.020160474310379,-0.0200934746344123,-0.0200273599536149,-0.0199621285493588,-0.0198977796341147,-0.0198343134079738,-0.0197717311214257,-0.0197100351449895,-0.0196492290463642,-0.0195893176758272,-0.0195303072606976,-0.0194722055097608,-0.0194150217286494,-0.019358766947284,-0.019303454060588,-0.0192490979838278,-0.0191957158240665,-0.0191433270693783,-0.0190919537976459,-0.0190416209069522,-0.0189923563697883,-0.018944191513532,-0.0188971613299046,-0.0188513048163922,-0.0188066653529262,-0.0187632911174486,-0.0187212355443602,-0.0186805578302464,-0.0186413234917149,-0.0186036049806572,-0.0185674823627639,-0.0185330440656877,-0.0185003877038615,-0.0184696209876377,-0.0184408627251314,-0.0184142439259202,-0.0183899090165765,-0.0183680171788973,-0.0183487438226382,-0.0183322822055625,-0.0183188452146793,-0.0183086673236634,-0.0183020067426169,-0.018299147777555,-0.0183004034182451,-0.0183061181743126,-0.01831667118081,-0.0183324795957253,-0.0183540023131412,-0.0183817440169208,-0.0184162596008523,-0.0184581589820635,-0.0185081123351815,-0.0185668557750551,-0.0186351975158149,-0.0187140245334747,-0.0188043097580754,-0.0189071198193498,-0.019023623366883,-0.0191550999815136,-0.019302949689037,-0.0194687030798105,-0.0196540320283131,-0.0198607609946731,-0.0200908788752386,-0.0203465513509401,-0.0206301336599756,-0.0209441836946853,-0.0212914752907959,-0.0216750115399318,-0.022098037912847,-0.0225640549307336,-0.0230768300648063,-0.0236404084799424,-0.0242591221664852,-0.0249375969258111,-0.0256807565907613,-0.0264938237730665,-0.0273823163387209,-0.0283520387221511,-0.0294090671053887,-0.0305597274150304,-0.0318105650347846,-0.0331683051036285,-0.0346398022793863,-0.036231978906596,-0.0379517506486543,-0.0398059388405984,-0.0418011691032453,-0.0439437561427284,-0.0462395751494029,-0.0486939208089651,-0.0513113556413721,-0.054095550175034,-0.0570491183184323,-0.0601734521694781,-0.0634685613517876,-0.0669329227215435,-0.0705633468741256,-0.0743548682171714,-0.0783006653896191,-0.0823920184293674,0,-0.0343359017197608,-0.0338419367419797,-0.0333992104296952,-0.032993742499811,-0.0326177221781854,-0.0322660749167921,-0.0319350307302949,-0.031621615418594,-0.0313234307706265,-0.0310385265121453,-0.0307653084261026,-0.0305024666369955,-0.0302489184302075,-0.0300037626500742,-0.0297662434987558,-0.0295357219202678,-0.0293116530380583,-0.0290935683770326,-0.0288810618399667,-0.0286737786164804,-0.0284714063772733,-0.0282736682484378,-0.0280803171739609,-0.0278911313635215,-0.0277059105918427,-0.0275244731692301,-0.0273466534439099,-0.0271722997281881,-0.0270012725644912,-0.0268334432657546,-0.0266686926787543,-0.0265069101298299,-0.0263479925208307,-0.0261918435496085,-0.0260383730344279,-0.0258874963256238,-0.0257391337909345,-0.0255932103634059,-0.0254496551427101,-0.0253084010422928,-0.0251693844760219,-0.0250325450790318,-0.0248978254582941,-0.0247651709691238,-0.0246345295143982,-0.0245058513637314,-0.0243790889902378,-0.0242541969228461,-0.0241311316123988,-0.0240098513100069,-0.0238903159563297,-0.0237724870806138,-0.0236563277084768,-0.0235418022775408,-0.0234288765601323,-0.0233175175923566,-0.0232076936089365,-0.0230993739832756,-0.0229925291722702,-0.022887130665445,-0.0227831509380381,-0.0226805634077028,-0.022579342394529,-0.0224794630841235,-0.0223809014935145,-0.0222836344396756,-0.0221876395104849,-0.0220928950379588,-0.0219993800736192,-0.0219070743658685,-0.0218159583392654,-0.0217260130756091,-0.021637220296751,-0.0215495623490693,-0.021463022189552,-0.0213775833734463,-0.0212932300434422,-0.0212099469203725,-0.021127719295416,-0.0210465330238084,-0.0209663745200701,-0.0208872307547721,-0.0208090892528765,-0.0207319380936901,-0.0206557659124915,-0.0205805619038961,-0.0205063158270396,-0.0204330180126752,-0.0203606593722902,-0.0202892314093673,-0.0202187262329298,-0.0201491365735282,-0.0200804558018476,-0.0200126779501321,-0.0199457977366504,-0.019879810593449,-0.0198147126976683,-0.0197505010067281,-0.019687173297722,-0.0196247282113969,-0.019563165301137,-0.0195024850874131,-0.0194426891182127,-0.0193837800360174,-0.0193257616519571,-0.0192686390278382,-0.0192124185668172,-0.0191571081135719,-0.0191027170649179,-0.0190492564919133,-0.0189967392746107,-0.0189451802507365,-0.0188945963797135,-0.018845006923593,-0.0187964336466295,-0.0187489010354113,-0.0187024365416639,-0.0186570708500627,-0.018612838173637,-0.0185697765796128,-0.0185279283488386,-0.0184873403722596,-0.0184480645882593,-0.0184101584650742,-0.0183736855329133,-0.0183387159708692,-0.0183053272542197,-0.0182736048682585,-0.0182436430953941,-0.018215545882898,-0.0181894277993835,-0.0181654150888488,-0.0181436468319307,-0.0181242762248858,-0.0181074719877503,-0.0180934199141267,-0.0180823245760982,-0.0180744111988984,-0.018069927721136,-0.0180691470576079,-0.0180723695830145,-0.0180799258562056,-0.0180921796059313,-0.0181095310004148,-0.0181324202244062,-0.0181613313886592,-0.01819679679799,-0.0182394016051567,-0.0182897888787066,-0.0183486651135934,-0.0184168062136872,-0.0184950639751935,-0.0185843730993323,-0.0186857587612691,-0.0188003447600603,-0.0189293622710775,-0.019074159217776,-0.0192362102734889,-0.0194171274958619,-0.0196186715862149,-0.0198427637531373,-0.0200914981435208,-0.0203671547845168,-0.0206722129560213,-0.0210093648846491,-0.0213815296161711,-0.0217918668834186,-0.022243790740151,-0.0227409826777902,-0.0232874038808788,-0.0238873062083897,-0.0245452414116949,-0.0252660680165446,-0.0260549552068262,-0.0269173829538246,-0.0278591375387376,-0.0288863015219094,-0.0300052371244488,-0.0312225619128894,-0.0325451156231629,-0.0339799169359171,-0.0355341090322596,-0.0372148928299436,-0.0390294469384475,-0.0409848335913192,-0.0430878901288412,-0.0453451060247703,-0.0477624859849988,-0.0503454002949582,-0.0530984243496541,-0.05602517014805,-0.059128113442157,-0.0624084211567199,-0.0658657845797293,-0.0694982645962368,-0.0733021558178378,-0.0772718767636983,-0.0813998931962564,-0.0856766812395012,-0.0900907359679165,0,-0.0328167921406277,-0.0323678461099505,-0.0319665248096989,-0.0315982836826113,-0.0312562171798635,-0.0309358888889368,-0.030633931562346,-0.0303476553689889,-0.030074886892886,-0.0298138653256802,-0.0295631604636964,-0.0293216055789746,-0.0290882430196966,-0.0288622807921819,-0.0286430583101356,-0.0284300195733243,-0.0282226922416747,-0.0280206713224203,-0.027823606435163,-0.0276311918381071,-0.0274431585805679,-0.0272592682929325,-0.0270793082399198,-0.0269030873516411,-0.0267304330148214,-0.0265611884581561,-0.026395210604877,-0.0262323682951888,-0.0260725408036,-0.0259156165931187,-0.0257614922611358,-0.0256100716416108,-0.0254612650356549,-0.025314988548357,-0.0251711635141356,-0.025029715996345,-0.0248905763495591,-0.0247536788350753,-0.024618961281855,-0.0244863647864605,-0.0243558334466159,-0.0242273141238907,-0.0241007562317117,-0.0239761115454852,-0.0238533340320904,-0.0237323796963989,-0.0236132064428079,-0.0234957739500491,-0.0233800435577704,-0.0232659781635849,-0.0231535421294507,-0.0230427011963891,-0.0229334224066719,-0.0228256740327156,-0.0227194255120135,-0.0226146473875143,-0.0225113112529285,-0.0224093897025025,-0.0223088562848544,-0.0222096854605131,-0.0221118525628428,-0.0220153337620715,-0.0219201060321747,-0.0218261471203958,-0.0217334355192074,-0.0216419504405444,-0.0215516717921583,-0.0214625801559617,-0.0213746567682497,-0.0212878835016999,-0.0212022428490684,-0.0211177179085112,-0.0210342923704738,-0.0209519505061058,-0.0208706771571634,-0.0207904577273805,-0.0207112781752939,-0.0206331250085226,-0.0205559852795087,-0.0204798465827409,-0.0204046970534888,-0.0203305253680898,-0.0202573207458411,-0.0201850729525581,-0.0201137723058783,-0.0200434096823971,-0.0199739765267386,-0.0199054648626796,-0.0198378673064588,-0.0197711770824221,-0.0197053880411723,-0.0196404946804126,-0.0195764921686944,-0.0195133763723042,-0.0194511438855513,-0.0193897920647463,-0.0193293190661925,-0.0192697238885469,-0.0192110064199473,-0.0191531674903428,-0.0190962089295147,-0.0190401336313228,-0.0189849456247753,-0.0189306501525783,-0.0188772537578947,-0.0188247643801204,-0.0187731914605685,-0.0187225460590524,-0.018672840982459,-0.0186240909265229,-0.018576312632141,-0.018529525057707,-0.0184837495691043,-0.0184390101491688,-0.018395333628624,-0.0183527499406992,-0.0183112924018796,-0.0182709980214842,-0.018231907843055,-0.0181940673208459,-0.0181575267350378,-0.0181223416496784,-0.0180885734177503,-0.0180562897382142,-0.0180255652703595,-0.0179964823113212,-0.0179691315431976,-0.0179436128568266,-0.0179200362599573,-0.0178985228782822,-0.0178792060585917,-0.0178622325841585,-0.0178477640133769,-0.0178359781536612,-0.0178270706836484,-0.0178212569378636,-0.0178187738691745,-0.0178198822055983,-0.0178248688193119,-0.0178340493270547,-0.0178477709424881,-0.0178664156024759,-0.0178904033906557,-0.0179201962830553,-0.0179563022418467,-0.0179992796845752,-0.0180497423573133,-0.0181083646411019,-0.018175887321684,-0.0182531238528198,-0.0183409671432893,-0.0184403968969093,-0.0185524875333613,-0.0186784167151656,-0.0188194745025274,-0.018977073152773,-0.0191527575743959,-0.0193482164370097,-0.0195652939273708,-0.0198060021276597,-0.0200725339749067,-0.0203672767392834,-0.0206928259333796,-0.0210519995339214,-0.0214478523610346,-0.0218836904174678,-0.022363084940567,-0.0228898858627054,-0.0234682343109264,-0.024102573703581,-0.0247976589208618,-0.0255585629379208,-0.0263906802148532,-0.0272997260391145,-0.0282917309157398,-0.0293730290030082,-0.0305502395012486,-0.031830239827149,-0.0332201293537401,-0.0347271824774369,-0.0363587898001275,-0.0381223862997169,-0.0400253655212035,-0.042074979066912,-0.0442782210126396,-0.0466416973374151,-0.0491714810351748,-0.0518729542770853,-0.0547506398045528,-0.0578080246346435,-0.0610473801176005,-0.0644695833514106,-0.0680739458671696,-0.0718580562745659,-0.0758176441134409,-0.0799464724068901,-0.0842362662716901,-0.0886766843475005,-0.0932553387193765,-0.0979578674284857,0,-0.0312554277555662,-0.0308605805623673,-0.0305059718431169,-0.030178741798202,-0.0298735903256123,-0.0295869610308054,-0.0293160188288096,-0.0290584517143239,-0.0288123850548528,-0.0285763066343915,-0.0283489971123695,-0.0281294697101696,-0.0279169205908468,-0.0277106893364723,-0.0275102280529898,-0.0273150774638772,-0.0271248484967613,-0.0269392081120889,-0.0267578683751054,-0.0265805779947588,-0.0264071157356425,-0.0262372852530607,-0.026070911012203,-0.0259078350366144,-0.0257479142944682,-0.0255910185785239,-0.0254370287709844,-0.0252858354107999,-0.0251373375006051,-0.0249914415051501,-0.024848060504085,-0.0247071134702338,-0.0245685246507528,-0.0244322230333255,-0.0242981418831887,-0.0241662183395859,-0.0240363930624208,-0.0239086099215839,-0.0237828157227635,-0.0236589599646166,-0.0235369946230259,-0.0234168739588563,-0.0232985543461804,-0.0231819941184028,-0.0230671534300872,-0.0229539941326045,-0.0228424796619814,-0.0227325749375514,-0.0226242462701908,-0.0225174612790872,-0.0224121888161175,-0.0223083988970316,-0.0222060626387355,-0.0221051522020564,-0.0220056407394437,-0.0219075023471293,-0.0218107120213231,-0.0217152456180734,-0.0216210798164622,-0.0215281920848482,-0.0214365606498994,-0.0213461644681929,-0.0212569832001822,-0.0211689971863591,-0.0210821874254582,-0.0209965355545717,-0.0209120238310587,-0.0208286351161528,-0.0207463528601819,-0.0206651610893327,-0.0205850443939008,-0.0205059879179834,-0.0204279773505791,-0.0203509989180737,-0.0202750393780986,-0.0202000860147613,-0.0201261266352547,-0.0200531495678651,-0.0199811436614077,-0.0199100982861268,-0.0198400033361147,-0.0197708492333051,-0.0197026269331193,-0.0196353279318466,-0.0195689442758579,-0.0195034685727669,-0.0194388940046624,-0.0193752143435588,-0.0193124239692222,-0.019250517889555,-0.0191894917637372,-0.0191293419283491,-0.0190700654267224,-0.0190116600417956,-0.0189541243327781,-0.0188974576759616,-0.0188416603100523,-0.0187867333864392,-0.0187326790248558,-0.0186795003749434,-0.0186272016842766,-0.0185757883734727,-0.0185252671190715,-0.0184756459449456,-0.0184269343230829,-0.0183791432846709,-0.0183322855425136,-0.018286375625919,-0.0182414300293187,-0.0181974673760131,-0.0181545085985852,-0.0181125771376884,-0.0180716991610961,-0.0180319038050972,-0.0179932234405433,-0.0179556939660959,-0.0179193551314848,-0.0178842508938859,-0.0178504298108446,-0.0178179454735268,-0.017786856984464,-0.0177572294843844,-0.0177291347331844,-0.0177026517506008,-0.0176778675226955,-0.017654877780864,-0.0176337878607328,-0.0176147136490162,-0.017597782627168,-0.0175831350214931,-0.0175709250702672,-0.0175613224193749,-0.017554513658992,-0.0175507040149325,-0.0175501192094343,-0.0175530075073838,-0.0175596419652632,-0.0175703229014473,-0.0175853806078714,-0.0176051783245165,-0.0176301154996182,-0.0176606313599531,-0.0176972088169935,-0.017740378736095,-0.017790724597156,-0.0178488875763169,-0.0179155720791775,-0.0179915517566297,-0.0180776760346343,-0.0181748771889967,-0.0182841779952858,-0.0184066999823161,-0.0185436723149007,-0.0186964413276267,-0.0188664807259671,-0.0190554024637834,-0.0192649682968631,-0.0194971020001445,-0.0197539022212635,-0.0200376559244971,-0.0203508523565031,-0.0206961974378721,-0.0210766284517503,-0.0214953288620082,-0.0219557430479521,-0.0224615906897875,-0.0230168804784062,-0.0236259227542203,-0.0242933406025548,-0.0250240788477529,-0.0258234102953259,-0.0266969384725036,-0.027650596014546,-0.028690637740292,-0.0298236273600238,-0.0310564166676232,-0.0323961159946392,-0.0338500546554981,-0.035425730101741,-0.0371307445416639,-0.038972727884333,-0.0409592460488238,-0.043097693955865,-0.0453951729037895,-0.0478583525347863,-0.05049331822683,-0.0533054054998008,-0.0562990238895475,-0.0594774736968196,-0.0628427600202653,-0.0663954094796225,-0.0701342959570644,-0.0740564824487707,-0.0781570866344536,-0.0824291779481707,-0.0868637136864787,-0.091449520956853,-0.0961733300187814,-0.101019862812109,-0.105971978260838,0,-0.0296613825584026,-0.0293283981589017,-0.0290244998290834,-0.028741171216314,-0.0284752325235887,-0.0282241496050534,-0.0279857052418114,-0.0277580374949288,-0.0275396319016211,-0.0273292749907734,-0.0271259980420953,-0.0269290251728292,-0.0267377302151506,-0.0265516026389821,-0.0263702212967397,-0.0261932344489774,-0.0260203446483183,-0.0258512973061426,-0.0256858720209022,-0.0255238759667728,-0.025365138817463,-0.0252095088155484,-0.0250568496996675,-0.0249070382775657,-0.0247599624886481,-0.0246155198404846,-0.0244736161335248,-0.0243341644100776,-0.0241970840795675,-0.0240623001837901,-0.0239297427745233,-0.0237993463822386,-0.0236710495594169,-0.0235447944855412,-0.02342052662353,-0.0232981944194285,-0.0231777490387495,-0.0230591441340733,-0.0229423356394756,-0.0228272815881044,-0.0227139419498275,-0.0226022784863604,-0.0224922546216764,-0.0223838353258239,-0.0222769870105445,-0.0221716774353072,-0.0220678756225628,-0.0219655517811793,-0.0218646772371533,-0.0217652243708109,-0.0216671665598058,-0.0215704781273109,-0.0214751342948725,-0.0213811111394604,-0.0212883855543053,-0.0211969352131597,-0.0211067385376673,-0.0210177746675602,-0.0209300234334377,-0.0208434653319113,-0.0207580815029261,-0.0206738537090932,-0.0205907643168884,-0.0205087962795926,-0.0204279331218655,-0.0203481589258604,-0.0202694583188035,-0.0201918164619723,-0.0201152190410219,-0.0200396522576189,-0.0199651028223529,-0.0198915579489078,-0.0198190053494827,-0.0197474332314649,-0.0196768302953643,-0.0196071857340309,-0.0195384892331845,-0.0194707309732962,-0.0194039016328731,-0.019337992393206,-0.0192729949446516,-0.0192089014945322,-0.0191457047767497,-0.0190833980632209,-0.0190219751772573,-0.0189614305090281,-0.0189017590332591,-0.0188429563293411,-0.0187850186040378,-0.018727942717007,-0.0186717262093709,-0.0186163673355956,-0.0185618650989708,-0.0185082192910084,-0.0184554305351151,-0.0184035003349298,-0.0183524311277581,-0.0183022263435847,-0.0182528904701889,-0.0182044291249511,-0.0181568491339961,-0.0181101586193869,-0.0180643670951615,-0.0180194855730858,-0.0179755266790908,-0.0179325047814635,-0.0178904361319757,-0.0178493390212599,-0.0178092339498796,-0.017770143816699,-0.0177320941263199,-0.0176951132175495,-0.0176592325150622,-0.0176244868066515,-0.0175909145487175,-0.0175585582029127,-0.017527464607173,-0.0174976853846958,-0.0174692773947939,-0.0174423032299564,-0.0174168317638886,-0.0173929387557861,-0.0173707075166225,-0.0173502296438073,-0.0173316058311914,-0.017314946762081,-0.017300374093654,-0.0172880215419697,-0.0172780360776244,-0.0172705792430302,-0.0172658286032878,-0.0172639793436881,-0.0172652460280119,-0.0172698645329981,-0.0172780941756239,-0.0172902200511763,-0.0173065556014839,-0.0173274454341281,-0.0173532684149262,-0.0173844410574844,-0.0174214212351184,-0.0174647122419104,-0.017514867231078,-0.0175724940601297,-0.0176382605734145,-0.0177129003535726,-0.0177972189739762,-0.0178921007844162,-0.0179985162619085,-0.0181175299574304,-0.0182503090674637,-0.018398132656221,-0.0185624015501123,-0.0187446489200922,-0.0189465515596813,-0.0191699418563014,-0.0194168204406657,-0.0196893694828518,-0.0199899665837901,-0.0203211991866578,-0.0206858794034141,-0.0210870591167869,-0.0215280451767213,-0.0220124144619528,-0.0225440285213375,-0.0231270474453358,-0.0237659425452498,-0.0244655073363814,-0.0252308662315003,-0.0260674802537172,-0.0269811489745604,-0.0279780077761482,-0.0290645194293366,-0.0302474588774148,-0.0315338900236848,-0.0329311332491988,-0.0344467223440066,-0.0360883495333696,-0.0378637973331668,-0.0397808560912267,-0.041847226279404,-0.0440704049105012,-0.0464575558785653,-0.0490153645711148,-0.0517498777821376,-0.0546663307615112,-0.0577689641550284,-0.0610608345910088,-0.0645436237105451,-0.0682174514583952,-0.0720807003744784,-0.0761298583634851,-0.0803593878769748,-0.0847616295245473,-0.0893267477560278,-0.0940427253665874,-0.0988954121482866,-0.103868631067257,-0.108944342959942,-0.114102868041274,0,-0.0280460336687461,-0.0277801439403474,-0.027529379802913,-0.0272918560812132,-0.0270667022539346,-0.0268524300470594,-0.026647480170811,-0.0264504908897651,-0.0262603553373715,-0.0260761984586766,-0.0258973334383119,-0.0257232192333991,-0.0255534253961139,-0.0253876048007658,-0.0252254731515825,-0.0250667938157444,-0.0249113666660235,-0.0247590198765089,-0.0246096038682168,-0.0244629868115076,-0.0243190512545251,-0.0241776915676393,-0.0240388119818269,-0.0239023250621797,-0.0237681505028798,-0.0236362141620739,-0.0235064472778535,-0.023378785822712,-0.0232531699653349,-0.0231295436167676,-0.0230078540438663,-0.0228880515371515,-0.0227700891232353,-0.0226539223142246,-0.022539508888137,-0.0224268086955935,-0.0223157834889641,-0.0222063967708487,-0.0220986136593093,-0.0219924007677021,-0.0218877260972844,-0.0217845589410516,-0.0216828697974711,-0.0215826302929716,-0.0214838131121904,-0.021386391935114,-0.0212903413803573,-0.0211956369539167,-0.0211022550028167,-0.0210101726731377,-0.0209193678719754,-0.0208298192329345,-0.0207415060848072,-0.020654408423129,-0.0205685068843397,-0.0204837827223122,-0.0204002177870379,-0.0203177945052868,-0.0202364958630803,-0.0201563053898368,-0.0200772071440709,-0.0199991857005387,-0.0199222261387436,-0.0198463140327247,-0.0197714354420683,-0.0196975769040899,-0.0196247254271493,-0.0195528684850688,-0.0194819940126358,-0.0194120904021809,-0.019343146501229,-0.0192751516112347,-0.019208095487415,-0.01914196833971,-0.0190767608349016,-0.0190124640999371,-0.0189490697265096,-0.0188865697769575,-0.0188249567915559,-0.0187642237972846,-0.0187043643181661,-0.0186453723872806,-0.0185872425605796,-0.0185299699326303,-0.018473550154441,-0.0184179794535337,-0.0183632546564475,-0.0183093732138763,-0.018256333228667,-0.0182041334869262,-0.0181527734925115,-0.0181022535052109,-0.0180525745829452,-0.0180037386283653,-0.0179557484402516,-0.0179086077701684,-0.0178623213848704,-0.0178168951350137,-0.0177723360307782,-0.017728652325074,-0.0176858536050746,-0.0176439508928979,-0.0176029567563423,-0.0175628854306823,-0.0175237529526324,-0.0174855773077078,-0.0174483785923385,-0.0174121791922394,-0.0173770039786958,-0.0173428805246026,-0.0173098393422862,-0.0172779141453562,-0.0172471421370673,-0.0172175643279351,-0.0171892258856339,-0.0171621765205243,-0.0171364709104991,-0.0171121691692257,-0.0170893373622719,-0.017068048076066,-0.0170483810451415,-0.0170304238436589,-0.0170142726478011,-0.0170000330762793,-0.0169878211168983,-0.0169777641478896,-0.0169700020635519,-0.0169646885146287,-0.0169619922748157,-0.0169620987458208,-0.0169652116145061,-0.0169715546768121,-0.0169813738444178,-0.0169949393514042,-0.0170125481795711,-0.0170345267225022,-0.0170612337099615,-0.0170930634157334,-0.0171304491735635,-0.0171738672274007,-0.0172238409436434,-0.0172809454145298,-0.0173458124831214,-0.017419136221461,-0.0175016788943647,-0.0175942774418411,-0.0176978505132137,-0.0178134060855211,-0.0179420496975308,-0.0180849933285348,-0.0182435649477809,-0.0184192187556783,-0.0186135461314843,-0.0188282872936971,-0.0190653436684362,-0.0193267909472336,-0.0196148927983713,-0.0199321151746202,-0.0202811411343247,-0.0206648860615839,-0.021086513134084,-0.021549448843234,-0.0220573983199439,-0.0226143601600305,-0.023224640375325,-0.0238928650197742,-0.0246239909541646,-0.0254233141189513,-0.0262964745830486,-0.0272494575290553,-0.028288589224963,-0.0294205269228127,-0.0306522415213366,-0.0319909917393006,-0.0334442884778503,-0.0350198480144125,-0.0367255326803199,-0.0385692777438098,-0.0405590033652271,-0.042702510728579,-0.0450073617989426,-0.0474807426223929,-0.0501293106837143,-0.0529590275701867,-0.055974979050846,-0.0591811856512841,-0.0625804078510661,-0.0661739511045219,-0.0699614769193917,-0.0739408271393927,-0.0781078692723157,-0.0824563710855634,-0.0869779126608787,-0.0916618435794238,-0.096495291845202,-0.101463229536744,-0.106548598041114,-0.111732493162273,-0.116994407552649,-0.122312524982103,0,-0.0264221449204895,-0.0262248986572004,-0.026028012872851,-0.0258371831420373,-0.0256536295451635,-0.0254768179332256,-0.0253058464536755,-0.0251398829840457,-0.0249782612189276,-0.024820472634628,-0.0246661340446063,-0.0245149552709663,-0.0243667131202074,-0.0242212320593786,-0.024078370412649,-0.0239380107007076,-0.0238000529512551,-0.0236644100870061,-0.0235310047444753,-0.0233997670689926,-0.0232706331721684,-0.0231435440377535,-0.0230184447310483,-0.0228952838144045,-0.0227740129035141,-0.0226545863208367,-0.0225369608170332,-0.0224210953409549,-0.0223069508451678,-0.0221944901182582,-0.0220836776379712,-0.0219744794410892,-0.0218668630071715,-0.0217607971540774,-0.0216562519437208,-0.0215531985968522,-0.0214516094159019,-0.0213514577150751,-0.0212527177570041,-0.0211553646953489,-0.0210593745227994,-0.0209647240239845,-0.020871390732841,-0.0207793528940321,-0.0206885894280405,-0.0205990798995968,-0.0205108044891308,-0.0204237439669634,-0.0203378796699858,-0.0202531934805914,-0.0201696678076564,-0.0200872855693803,-0.0200060301778229,-0.0199258855249875,-0.0198468359703224,-0.0197688663295251,-0.0196919618645491,-0.0196161082747274,-0.0195412916889387,-0.0194674986587535,-0.0193947161525085,-0.0193229315502674,-0.0192521326396356,-0.0191823076124046,-0.0191134450620114,-0.0190455339818038,-0.0189785637641136,-0.0189125242001427,-0.0188474054806788,-0.018783198197661,-0.0187198933466251,-0.0186574823300655,-0.0185959569617555,-0.0185353094720803,-0.0184755325144406,-0.0184166191727951,-0.0183585629704205,-0.0183013578799726,-0.0182449983349497,-0.018189479242662,-0.0181347959988293,-0.0180809445039395,-0.0180279211815124,-0.0179757229984338,-0.0179243474875358,-0.0178737927726215,-0.0178240575961504,-0.0177751413498229,-0.0177270441083281,-0.0176797666665429,-0.0176333105805022,-0.0175876782124919,-0.0175428727806518,-0.0174988984135133,-0.0174557602099463,-0.0174134643050304,-0.0173720179424253,-0.0173314295538722,-0.0172917088465233,-0.0172528668988703,-0.0172149162661238,-0.0171778710959842,-0.0171417472558434,-0.0171065624725681,-0.0170723364861342,-0.01703909121852,-0.0170068509594102,-0.0169756425704311,-0.0169454957098178,-0.0169164430796139,-0.0168885206977288,-0.0168617681974198,-0.0168362291570375,-0.0168119514631697,-0.0167889877106461,-0.0167673956432242,-0.0167472386391753,-0.016728586246416,-0.0167115147723113,-0.0166961079337892,-0.0166824575739758,-0.0166706644521765,-0.0166608391147014,-0.016653102854764,-0.0166475887704757,-0.016644442930813,-0.0166438256603629,-0.0166459129546463,-0.0166508980388872,-0.0166589930842389,-0.0166704310966971,-0.0166854679952164,-0.0167043848969137,-0.0167274906286662,-0.016755124485902,-0.0167876592609177,-0.0168255045646281,-0.016869110467241,-0.0169189714849267,-0.0169756309410897,-0.0170396857322987,-0.0171117915302527,-0.0171926684522831,-0.0172831072337306,-0.0173839759360183,-0.0174962272242182,-0.0176209062472771,-0.0177591591526268,-0.0179122422644784,-0.0180815319514507,-0.0182685352040213,-0.0184749009353197,-0.0187024320096076,-0.018953097991009,-0.0192290485901709,-0.0195326277680124,-0.019866388432962,-0.0202331076404382,-0.0206358021700831,-0.0210777443167109,-0.0215624776843146,-0.0220938327181013,-0.022675941646755,-0.0233132524354598,-0.0240105412694017,-0.0247729229975593,-0.0256058588681388,-0.02651516078118,-0.0275069911726452,-0.0285878575307607,-0.0297646004338096,-0.0310443738948461,-0.032434616710479,-0.033943013447524,-0.0355774436744849,-0.0373459180680785,-0.0392565001136909,-0.0413172122892917,-0.0435359258918935,-0.0459202340501472,-0.0484773079794625,-0.0512137371856187,-0.0541353551101242,-0.057247052626142,-0.0605525828148803,-0.0640543615404693,-0.0677532694407243,-0.0716484619886829,-0.0757371951669767,-0.0800146749348479,-0.0844739389536971,-0.089105778876202,-0.0938987108202787,-0.0988390003987089,-0.103910746858602,-0.109096028555608,-0.114375109256297,-0.119726701792217,-0.125128282586968,-0.130556447773607,0,-0.0248028976105599,-0.0246715911187255,-0.024527738613105,-0.0243835141437844,-0.0242416174967946,-0.0241022891837615,-0.0239652549032983,-0.0238302238677517,-0.0236969889539984,-0.023565424022391,-0.0234354608842497,-0.0233070676695828,-0.0231802329608937,-0.0230549553280619,-0.0229312369084499,-0.0228090797441723,-0.0226884838927232,-0.0225694466245267,-0.0224519622527751,-0.0223360223057507,-0.0222216158632666,-0.0221087299516689,-0.0219973499381237,-0.0218874598935527,-0.0217790429107776,-0.02167208137437,-0.0215665571840992,-0.0214624519365318,-0.0213597470703621,-0.0212584239811664,-0.0211584641109066,-0.021059849016912,-0.0209625604244058,-0.0208665802659905,-0.0207718907109078,-0.020678474186362,-0.0205863133927511,-0.02049539131427,-0.0204056912260453,-0.0203171966987069,-0.0202298916010997,-0.0201437601016783,-0.0200587866689977,-0.0199749560716132,-0.0198922533776259,-0.0198106639540444,-0.0197301734660946,-0.0196507678765664,-0.0195724334452649,-0.0194951567286119,-0.0194189245794301,-0.0193437241469325,-0.0192695428769326,-0.0191963685122871,-0.0191241890935809,-0.0190529929600635,-0.0189827687508449,-0.0189135054063628,-0.0188451921701324,-0.0187778185907941,-0.0187113745244769,-0.0186458501374967,-0.0185812359094144,-0.0185175226364819,-0.0184547014355048,-0.01839276374816,-0.0183317013458049,-0.0182715063348242,-0.0182121711625618,-0.0181536886238916,-0.0180960518684878,-0.0180392544088574,-0.017983290129209,-0.017928153295234,-0.0178738385648868,-0.0178203410002582,-0.017767656080643,-0.0177157797169151,-0.0176647082673328,-0.0176144385549059,-0.0175649678864754,-0.017516294073661,-0.0174684154558565,-0.0174213309254616,-0.0173750399555633,-0.0173295426302958,-0.0172848396781322,-0.0172409325083866,-0.0171978232512296,-0.0171555148015539,-0.0171140108670558,-0.0170733160209391,-0.017033435759685,-0.0169943765663797,-0.0169561459801379,-0.0169187526722192,-0.016882206529492,-0.0168465187459696,-0.0168117019232176,-0.016777770180514,-0.0167447392757372,-0.0167126267380585,-0.0166814520136264,-0.0166512366255622,-0.0166220043497156,-0.0165937814077904,-0.0165665966796183,-0.0165404819365424,-0.0165154720980868,-0.0164916055143105,-0.0164689242765036,-0.0164474745591568,-0.016427306996445,-0.0164084770968056,-0.0163910456995591,-0.0163750794779324,-0.0163606514932901,-0.0163478418058697,-0.016336738147856,-0.0163274366652103,-0.0163200427353164,-0.0163146718681953,-0.0163114506997995,-0.016310518086717,-0.0163120263125033,-0.0163161424168133,-0.0163230496595401,-0.0163329491332683,-0.0163460615385322,-0.0163626291376271,-0.0163829179040545,-0.0164072198860858,-0.0164358558044034,-0.0164691779053103,-0.0165075730925765,-0.0165514663626072,-0.01660132456924,-0.0166576605460888,-0.0167210376159117,-0.0167920745179485,-0.0168714507854871,-0.0169599126070259,-0.0170582792051953,-0.0171674497680045,-0.0172884109668528,-0.0174222450949473,-0.0175701388581153,-0.0177333928472894,-0.0179134317179189,-0.0181118150959344,-0.0183302492223236,-0.018570599338477,-0.018834902801777,-0.0191253829049318,-0.0194444633527297,-0.0197947833255697,-0.0201792130296485,-0.0206008695983012,-0.0210631331669758,-0.0215696628948871,-0.0221244126488573,-0.0227316459985552,-0.023395950096854,-0.0241222479341182,-0.0249158083610765,-0.025782253172226,-0.0267275604318323,-0.0277580631098135,-0.028880441978553,-0.0301017116087582,-0.0314291981993003,-0.0328705078908043,-0.0344334841559192,-0.0361261528431032,-0.0379566534898224,-0.0399331556314488,-0.0420637590310608,-0.0443563770601498,-0.0468186028868769,-0.0494575586897007,-0.0522797288168945,-0.055290778655156,-0.0584953619401551,-0.0618969203109862,-0.0654974800348685,-0.0692974519457894,-0.0732954416712985,-0.0774880780707443,-0.0818698683721565,-0.0864330886693288,-0.0911677181316271,-0.0960614244164082,-0.101099606324343,-0.10626549771674,-0.111540334192979,-0.116903581135511,-0.122333218652471,-0.127806075905431,-0.133298204542137,-0.138785278693505,0,-0.0232005767015473,-0.0231286337096415,-0.0230356612504539,-0.0229370636954957,-0.0228361444670275,-0.022733699715852,-0.0226300382771839,-0.022525408510842,-0.022420067184817,-0.0223142737183808,-0.0222082754324815,-0.0221022972340504,-0.0219965367319278,-0.021891163279774,-0.0217863193716988,-0.0216821232348157,-0.0215786718759734,-0.0214760441469237,-0.0213743035965222,-0.0212735010056497,-0.0211736765750262,-0.0210748617768024,-0.0209770809007729,-0.0208803523338184,-0.0207846896121341,-0.0206901022832441,-0.0205965966106723,-0.0205041761495505,-0.0204128422169804,-0.0203225942769064,-0.020233430255727,-0.0201453468018623,-0.0200583394999969,-0.0199724030486533,-0.019887531408067,-0.019803717923971,-0.0197209554317978,-0.0196392363449196,-0.0195585527298384,-0.0194788963706705,-0.0194002588248125,-0.0193226314713133,-0.0192460055531871,-0.0191703722146671,-0.0190957225342162,-0.0190220475539611,-0.0189493383060957,-0.0188775858367064,-0.0188067812273946,-0.0187369156150072,-0.0186679802097424,-0.0185999663118508,-0.0185328653271271,-0.0184666687813568,-0.0184013683338631,-0.0183369557902843,-0.0182734231146962,-0.0182107624411851,-0.0181489660849679,-0.0180880265531499,-0.0180279365552057,-0.0179686890132651,-0.0179102770722836,-0.017852694110175,-0.0177959337479845,-0.0177399898601791,-0.0176848565851346,-0.0176305283358995,-0.0175769998113188,-0.017524266007603,-0.0174723222304337,-0.0174211641076977,-0.0173707876029519,-0.0173211890297219,-0.0172723650667495,-0.0172243127743071,-0.0171770296117094,-0.0171305134561603,-0.0170847626230859,-0.0170397758881136,-0.0169955525108748,-0.0169520922608187,-0.0169093954452473,-0.0168674629397932,-0.0168262962215888,-0.016785897405393,-0.016746269282969,-0.0167074153660344,-0.0166693399331332,-0.0166320480808172,-0.0165955457795567,-0.0165598399348472,-0.0165249384540211,-0.0164908503193261,-0.0164575856678883,-0.0164251558792418,-0.0163935736711742,-0.0163628532047167,-0.0163330101991919,-0.0163040620583275,-0.0162760280085499,-0.0162489292506873,-0.0162227891264425,-0.0161976333011366,-0.0161734899643855,-0.0161503900505441,-0.0161283674809488,-0.0161074594302015,-0.016087706618976,-0.0160691536360882,-0.0160518492928584,-0.016035847013114,-0.0160212052625266,-0.0160079880213636,-0.0159962653051549,-0.0159861137382397,-0.0159776171856617,-0.0159708674494386,-0.0159659650358376,-0.0159630200009454,-0.0159621528825449,-0.01596349572709,-0.0159671932214162,-0.0159734039397442,-0.0159823017175189,-0.0159940771646929,-0.0160089393322031,-0.0160271175466077,-0.0160488634291483,-0.0160744531168773,-0.0161041897049356,-0.0161384059305827,-0.0161774671211548,-0.0162217744297502,-0.0162717683840883,-0.0163279327756531,-0.0163907989178664,-0.0164609503036176,-0.0165390276939489,-0.0166257346710096,-0.0167218436894602,-0.0168282026612603,-0.0169457421090845,-0.0170754829233587,-0.0172185447569309,-0.017376155089505,-0.017549658990936,-0.0177405296080595,-0.0179503793935971,-0.0181809720874665,-0.0184342354501488,-0.0187122747341163,-0.0190173868622001,-0.0193520752605599,-0.0197190652679615,-0.0201213200116573,-0.0205620566025478,-0.0210447624576964,-0.0215732115059221,-0.0221514799713613,-0.0227839613599897,-0.0234753801946776,-0.0242308039553058,-0.0250556525820663,-0.0259557047931695,-0.0269371003544115,-0.0280063373200083,-0.0291702631456199,-0.0304360584608626,-0.0318112121868869,-0.0333034866037878,-0.0349208709238292,-0.0366715219229834,-0.0385636902404197,-0.0406056310902467,-0.0428054983598507,-0.0451712214121731,-0.0477103643809494,-0.0504299683600328,-0.0533363776455745,-0.0564350520885943,-0.0597303686382437,-0.0632254162701259,-0.0669217896489925,-0.0708193880018919,-0.0749162266898423,-0.079208269762858,-0.0836892922569377,-0.0883507810370533,-0.0931818825164186,-0.098169404526799,-0.103297877956507,-0.108549681544115,-0.113905230508313,-0.119343226658469,-0.12484096446777,-0.130374684537381,-0.135919963182609,-0.141452124761495,-0.146946662029445,0,-0.0216251485875991,-0.0216036449317228,-0.0215585070542498,-0.0215037869460765,-0.021442469514292,-0.021375706636096,-0.0213043464778023,-0.0212291638903148,-0.0211508707652469,-0.0210701023836905,-0.020987411020769,-0.0209032677515854,-0.020818069184793,-0.0207321463695072,-0.0206457741457844,-0.0205591799946021,-0.0204725519470854,-0.0203860454086891,-0.0202997889148856,-0.0202138889132999,-0.0201284336978502,-0.0200434966249122,-0.0199591387328386,-0.0198754108718355,-0.0197923554353589,-0.0197100077689874,-0.019628397319109,-0.0195475485720644,-0.0194674818246058,-0.0193882138184871,-0.0193097582654654,-0.019232126283734,-0.0191553267625889,-0.0190793666687636,-0.0190042513051913,-0.0189299845308185,-0.0188565689484,-0.0187840060658586,-0.0187122964357184,-0.0186414397762661,-0.0185714350774101,-0.0185022806936638,-0.0184339744262398,-0.0183665135958886,-0.0182998951078362,-0.0182341155099396,-0.0181691710450007,-0.0181050576980238,-0.0180417712390797,-0.0179793072623417,-0.0179176612217739,-0.0178568284638864,-0.0177968042579157,-0.0177375838237432,-0.0176791623578268,-0.0176215350573883,-0.0175646971430748,-0.0175086438802892,-0.0174533705993683,-0.0173988727147714,-0.0173451457434302,-0.0172921853224026,-0.0172399872259613,-0.0171885473822479,-0.0171378618896124,-0.0170879270327586,-0.0170387392988127,-0.0169902953934327,-0.0169425922570731,-0.0168956270815253,-0.0168493973268528,-0.0168039007388464,-0.0167591353671255,-0.0167150995840213,-0.0166717921043815,-0.0166292120064431,-0.0165873587539325,-0.0165462322195577,-0.0165058327100726,-0.0164661609931036,-0.0164272183259473,-0.0163890064865576,-0.0163515278069681,-0.0163147852094074,-0.016278782245393,-0.0162435231381129,-0.0162090128284322,-0.0161752570248925,-0.016142262258109,-0.0161100359400044,-0.0160785864283656,-0.0160479230972532,-0.0160180564138487,-0.0159889980223797,-0.0159607608358309,-0.0159333591362185,-0.015906808684284,-0.0158811268395559,-0.0158563326918185,-0.0158324472051425,-0.0158094933757468,-0.015787496405097,-0.0157664838897917,-0.0157464860299526,-0.0157275358580122,-0.0157096694899963,-0.0156929264016167,-0.0156773497317326,-0.0156629866160132,-0.0156498885539243,-0.0156381118124939,-0.0156277178706713,-0.0156187739084872,-0.0156113533456619,-0.0156055364347831,-0.0156014109146987,-0.0155990727303434,-0.0155986268258417,-0.0156001880184136,-0.0156038819613493,-0.0156098462051297,-0.0156182313666399,-0.0156292024173724,-0.0156429401025336,-0.0156596425040695,-0.0156795267617971,-0.0157028309680892,-0.015729816252895,-0.0157607690772925,-0.0157960037552601,-0.015835865224909,-0.0158807320920349,-0.0159310199705094,-0.0159871851457167,-0.0160497285889341,-0.0161192003522181,-0.0161962043749491,-0.0162814037346683,-0.0163755263761306,-0.0164793713535394,-0.0165938156216047,-0.0167198214112859,-0.016858444225679,-0.0170108414903367,-0.017178281890157,-0.0173621554216095,-0.0175639841842045,-0.017785433928427,-0.0180283263684681,-0.0182946522565663,-0.0185865852011034,-0.0189064961922468,-0.0192569687762465,-0.0196408147918039,-0.0200610905484917,-0.0205211132872358,-0.0210244777155758,-0.0215750723550268,-0.0221770953736405,-0.0228350695032423,-0.0235538555574064,-0.0243386639729976,-0.0251950636954625,-0.0261289876170449,-0.0271467336596285,-0.0282549604729223,-0.0294606765984703,-0.0307712218363643,-0.0321942394522572,-0.0337376377870912,-0.0354095397928307,-0.0372182190286079,-0.0391720207291874,-0.0412792667192573,-0.0435481432110564,-0.0459865709069771,-0.0486020573482796,-0.0514015321163952,-0.0543911663073782,-0.0575761786550913,-0.0609606317529887,-0.0645472229795058,-0.068337075911031,-0.0723295391331581,-0.0765220003420653,-0.0809097243575054,-0.0854857240361099,-0.0902406729734257,-0.095162868229184,-0.100238250049778,-0.105450483688499,-0.11078110598837,-0.116209736506865,-0.121714349797927,-0.127271602244032,-0.132857203797764,-0.138446322399599,-0.144014006912009,-0.149535613322159,-0.154987218814434,0,-0.0200833619757743,-0.0201033086633235,-0.0201025198427587,-0.0200892793027897,-0.0200655430783501,-0.0200326929133766,-0.0199920847283145,-0.019944998845866,-0.0198925802390543,-0.0198358174715792,-0.0197755462422578,-0.0197124643070489,-0.0196471502296411,-0.0195800821733695,-0.0195116550264681,-0.0194421952420153,-0.0193719733204864,-0.0193012141167322,-0.0192301052518494,-0.0191588039295026,-0.0190874424373337,-0.0190161325795988,-0.0189449692487869,-0.0188740333074029,-0.0188033939187685,-0.0187331104383098,-0.0186632339542202,-0.018593808548086,-0.0185248723314038,-0.0184564583022648,-0.0183885950572674,-0.0183213073864507,-0.018254616773321,-0.0181885418175418,-0.0181230985943134,-0.018058300961674,-0.0179941608247487,-0.0179306883642302,-0.0178678922349868,-0.0178057797395979,-0.0177443569807338,-0.0176836289955984,-0.0176235998750862,-0.0175642728698517,-0.0175056504851214,-0.0174477345657787,-0.0173905263730121,-0.0173340266536142,-0.0172782357028598,-0.0172231534217535,-0.0171687793693299,-0.017115112810593,-0.0170621527606096,-0.017009898025204,-0.0169583472386481,-0.0169074988987004,-0.0168573513993017,-0.0168079030612137,-0.0167591521608499,-0.0167110969575353,-0.0166637357194047,-0.0166170667481401,-0.0165710884027304,-0.0165257991224292,-0.0164811974490763,-0.0164372820489433,-0.0163940517342577,-0.0163515054845579,-0.0163096424680297,-0.0162684620629732,-0.0162279638795528,-0.0161881477819824,-0.0161490139113044,-0.0161105627089236,-0.0160727949410658,-0.0160357117243377,-0.0159993145525728,-0.0159636053251627,-0.0159285863770795,-0.0158942605108163,-0.0158606310304831,-0.0158277017783167,-0.0157954771738826,-0.015763962256271,-0.0157331627296111,-0.0157030850122614,-0.0156737362900601,-0.01564512457406,-0.0156172587632067,-0.0155901487124659,-0.0155638053069531,-0.015538240542671,-0.0155134676145229,-0.0154895010123323,-0.0154663566256776,-0.0154440518584265,-0.0154226057539517,-0.0154020391321031,-0.0153823747391295,-0.0153636374118617,-0.015345854257608,-0.0153290548513642,-0.0153132714521087,-0.0152985392401388,-0.0152848965776095,-0.0152723852946655,-0.0152610510038067,-0.015250943445405,-0.015242116867598,-0.0152346304441209,-0.0152285487340095,-0.0152239421875176,-0.0152208877030379,-0.0152194692403114,-0.0152197784957465,-0.015221915646263,-0.0152259901687189,-0.0152321217426813,-0.0152404412450725,-0.0152510918460479,-0.0152642302163716,-0.0152800278575255,-0.015298672566843,-0.0153203700510878,-0.0153453457031111,-0.0153738465575152,-0.0154061434426243,-0.0154425333475218,-0.0154833420244385,-0.0155289268483784,-0.01557967995752,-0.0156360316996322,-0.0156984544114647,-0.015767466559792,-0.0158436372744746,-0.0159275913055043,-0.016020014437473,-0.0161216593961778,-0.016233352283062,-0.0163559995738018,-0.016490595717443,-0.016638231371938,-0.0168001023105396,-0.0169775190310712,-0.0171719170963506,-0.017384868228716,-0.0176180921743218,-0.017873469343257,-0.018153054219117,-0.0184590895159133,-0.0187940210405408,-0.0191605131947935,-0.0195614650213967,-0.0200000266629548,-0.0204796160602845,-0.0210039356665011,-0.0215769888946656,-0.022203095949078,-0.0228869086128461,-0.0236334234768831,-0.0244479929980202,-0.0253363336670538,-0.0263045304525392,-0.0273590365651826,-0.0285066674641093,-0.0297545879048606,-0.0311102907161605,-0.0325815658966954,-0.0341764585549581,-0.0359032141874432,-0.0377702098182388,-0.0397858696233385,-0.0419585638541902,-0.0442964901758391,-0.0468075369631487,-0.0494991286685282,-0.052378054095235,-0.0554502792819201,-0.0587207477149996,-0.0621931717089256,-0.0658698199859362,-0.0697513076823964,-0.0738363961251647,-0.0781218106586368,-0.0826020854503482,-0.0872694444472001,-0.0921137273921637,-0.0971223689630726,-0.102280437619529,-0.107570738651164,-0.112973983281303,-0.118469022628647,-0.124033142058264,-0.129642408198243,-0.135272057917867,-0.140896916109418,-0.146491827405468,-0.152032086151487,-0.157493849112589,-0.162854516504889,0,-0.0185788769839739,-0.0186333874763659,-0.0186733930993051,-0.0186986882662297,-0.0187099243480241,-0.0187086973440635,-0.0186968564304773,-0.01867615811515,-0.0186481449974749,-0.0186141236458699,-0.0185751810932636,-0.0185322139265559,-0.0184859591292029,-0.0184370223966511,-0.0183859025158963,-0.01833301165268,-0.0182786919050861,-0.0182232286556431,-0.0181668612711045,-0.0181097916497077,-0.0180521910435605,-0.0179942055094449,-0.0179359602736903,-0.0178775632389739,-0.0178191078132416,-0.0177606752025223,-0.0177023362788552,-0.0176441531104975,-0.0175861802227369,-0.0175284656429383,-0.0174710517720026,-0.0174139761155005,-0.0173572719007966,-0.01730096860106,-0.0172450923828206,-0.0171896664904062,-0.0171347115779875,-0.017080245997895,-0.0170262860522439,-0.0169728462136063,-0.0169199393194366,-0.0168675767441292,-0.0168157685519202,-0.0167645236333084,-0.0167138498272348,-0.0166637540309032,-0.0166142422988347,-0.0165653199325108,-0.0165169915617611,-0.0164692612188905,-0.0164221324064036,-0.0163756081590716,-0.016329691100993,-0.0162843834982178,-0.0162396873074412,-0.0161956042212122,-0.0161521357100584,-0.0161092830618858,-0.0160670474189781,-0.0160254298128919,-0.0159844311975194,-0.0159440524805688,-0.0159042945536965,-0.0158651583215099,-0.0158266447296494,-0.0157887547921473,-0.0157514896182554,-0.0157148504389272,-0.0156788386331388,-0.0156434557542282,-0.0156087035564368,-0.0155745840218341,-0.0155410993878154,-0.0155082521753606,-0.0154760452182557,-0.0154444816934815,-0.0154135651529869,-0.0153832995570752,-0.0153536893096447,-0.0153247392955428,-0.0152964549203075,-0.0152688421525945,-0.0152419075696072,-0.015215658405875,-0.0151901026057537,-0.0151652488800534,-0.0151411067672347,-0.0151176866996562,-0.015095000075398,-0.0150730593362377,-0.0150518780524082,-0.0150314710148305,-0.0150118543355799,-0.0149930455574214,-0.0149750637733331,-0.0149579297570289,-0.0149416661055972,-0.0149262973954838,-0.0149118503531761,-0.0148983540420874,-0.0148858400672938,-0.0148743427999506,-0.0148638996234075,-0.0148545512032513,-0.0148463417837408,-0.0148393195133587,-0.014833536802487,-0.0148290507165334,-0.0148259234081782,-0.0148242225927999,-0.0148240220715525,-0.0148254023070367,-0.0148284510570086,-0.0148332640721323,-0.0148399458643852,-0.0148486105533956,-0.0148593827987136,-0.0148723988268083,-0.0148878075624417,-0.0149057718749973,-0.0149264699513505,-0.0149500968079487,-0.0149768659559343,-0.0150070112343922,-0.0150407888281354,-0.0150784794878537,-0.0151203909719481,-0.0151668607309401,-0.0152182588569859,-0.0152749913227152,-0.0153375035353533,-0.0154062842338345,-0.0154818697583622,-0.015564848723572,-0.0156558671280612,-0.0157556339345118,-0.0158649271558761,-0.0159846004840249,-0.0161155904977798,-0.0162589244872165,-0.0164157289303947,-0.0165872386570348,-0.0167748067309123,-0.0169799150785987,-0.0172041858863345,-0.0174493937789109,-0.0177174787840354,-0.0180105600722799,-0.0183309504458096,-0.0186811715280438,-0.0190639695805291,-0.0194823318418591,-0.0199395032456653,-0.0204390033296956,-0.0209846430949709,-0.0215805415121685,-0.0222311413010308,-0.0229412235272344,-0.0237159204695199,-0.0245607261081734,-0.0254815034748965,-0.0264844879852174,-0.0275762857504024,-0.0287638657400718,-0.0300545445447106,-0.0314559623760862,-0.0329760488524057,-0.0346229770552809,-0.0364051043309678,-0.0383308983548853,-0.0404088471039488,-0.0426473516047695,-0.0450546006663095,-0.0476384272804995,-0.0504061469971769,-0.0533643793573985,-0.0565188543989339,-0.0598742073135701,-0.0634337655054987,-0.0671993335223267,-0.0711709825339586,-0.0753468521292542,-0.0797229730798282,-0.0842931202694953,-0.0890487050926242,-0.0939787161850422,-0.099069716295892,-0.104305901410353,-0.10966922591987,-0.115139594800731,-0.120695120560051,-0.126312439352991,-0.131967077417715,-0.137633856080598,-0.143287321303165,-0.148902182278695,-0.154453743073471,-0.15991831179034,-0.165273573161828,-0.170498912720525,0,-0.0171132354580431,-0.0171988648459397,-0.0172762288713374,-0.0173366357421438,-0.017379706416413,-0.0174073515389493,-0.0174219123625468,-0.0174255819446725,-0.0174202512332389,-0.0174074972643482,-0.0173886165282051,-0.0173646690730336,-0.0173365210709153,-0.0173048818657894,-0.0172703347350284,-0.0172333618110129,-0.0171943640022221,-0.0171536768050544,-0.0171115828154902,-0.0170683216255599,-0.0170240976631404,-0.0169790864206315,-0.0169334394232694,-0.0168872882110246,-0.0168407475470919,-0.0167939180182587,-0.0167468881553753,-0.0166997361734933,-0.0166525314091476,-0.0166053355152325,-0.0165582034608011,-0.0165111843729914,-0.0164643222504427,-0.016417656571497,-0.0163712228157434,-0.0163250529137735,-0.016279175637121,-0.0162336169380753,-0.0161884002472565,-0.016143546735408,-0.0160990755447152,-0.0160550039940456,-0.0160113477617635,-0.0159681210491754,-0.0159253367271748,-0.0158830064682562,-0.0158411408657435,-0.0157997495418058,-0.0157588412456133,-0.0157184239427957,-0.0156785048972172,-0.0156390907459435,-0.0156001875681757,-0.0155618009488265,-0.0155239360373394,-0.0154865976022857,-0.0154497900822153,-0.0154135176331919,-0.0153777841734,-0.0153425934251786,-0.0153079489548061,-0.0152738542103347,-0.0152403125577539,-0.0152073273157437,-0.0151749017892647,-0.0151430393022188,-0.0151117432294086,-0.015081017028013,-0.0150508642687955,-0.015021288667256,-0.0149922941149397,-0.0149638847111149,-0.0149360647950371,-0.0149088389790215,-0.0148822121825519,-0.014856189667664,-0.0148307770758526,-0.0148059804667636,-0.0147818063589487,-0.0147582617729777,-0.0147353542772225,-0.0147130920366523,-0.0146914838650021,-0.0146705392807095,-0.0146502685670431,-0.0146306828368863,-0.0146117941026789,-0.014593615352064,-0.0145761606298401,-0.0145594451268732,-0.0145434852766866,-0.0145282988605162,-0.0145139051216968,-0.0145003248903296,-0.0144875807192779,-0.014475697032645,-0.0144647002880017,-0.014454619153769,-0.0144454847032974,-0.014437330627353,-0.0144301934668933,-0.0144241128682138,-0.0144191318627674,-0.0144152971741952,-0.0144126595553768,-0.0144112741586036,-0.014411200942299,-0.014412505118074,-0.0144152576422937,-0.0144195357567719,-0.0144254235836794,-0.0144330127802842,-0.0144424032597052,-0.0144537039844967,-0.0144670338405619,-0.0144825225996421,-0.0145003119794423,-0.0145205568113373,-0.014543426326561,-0.0145691055728141,-0.0145977969743457,-0.0146297220497576,-0.0146651233030679,-0.0147042663049383,-0.0147474419824185,-0.0147949691371011,-0.0148471972131827,-0.0149045093386095,-0.0149673256642129,-0.0150361070275083,-0.0151113589696189,-0.0151936361355464,-0.0152835470897296,-0.0153817595804379,-0.0154890062879942,-0.0156060910930217,-0.0157338959017801,-0.0158733880660682,-0.0160256284350015,-0.0161917800750344,-0.0163731176927068,-0.0165710377915015,-0.0167870695896193,-0.0170228867190959,-0.0172803197180846,-0.0175613693168997,-0.017868220504018,-0.018203257340107,-0.01856907846564,-0.0189685132200556,-0.0194046382569424,-0.0198807944995731,-0.0204006042334071,-0.0209679880761074,-0.0215871815003732,-0.0222627505098065,-0.0229996059826525,-0.0238030161024161,-0.0246786161883792,-0.0256324151238643,-0.0266707974574921,-0.0278005201255366,-0.029028702616006,-0.0303628092731424,-0.0318106223324094,-0.033380204190689,-0.0350798473666185,-0.0369180106064476,-0.0389032396583623,-0.04104407139154,-0.0433489201948208,-0.0458259459729494,-0.048482903582755,-0.0513269742296329,-0.0543645801808674,-0.0576011851403638,-0.0610410837484634,-0.0646871848824179,-0.0685407946796269,-0.0726014064082514,-0.0768665053706696,-0.0813313978324386,-0.0859890734044848,-0.090830110255446,-0.0958426318994941,-0.10101232303174,-0.106322509956515,-0.111754308621921,-0.117286840251931,-0.122897511233883,-0.128562350506454,-0.134256394465286,-0.139954106629983,-0.145629817240791,-0.151258166764107,-0.156814537091603,-0.162275455033209,-0.167618954449344,-0.172824885878206,-0.177875165562413,0,-0.0156873618324549,-0.0158041512599265,-0.0159155077071697,-0.0160071483865509,-0.0160784502576225,-0.0161318256353556,-0.0161701078108736,-0.0161958725837565,-0.0162112957131283,-0.0162181657106576,-0.0162179380245249,-0.0162117944479217,-0.0162006964644495,-0.0161854297713574,-0.0161666402017,-0.0161448622151208,-0.0161205413036504,-0.0160940515514679,-0.0160657093934965,-0.0160357844166528,-0.0160045078690567,-0.0159720793945774,-0.0159386723919254,-0.0159044383050912,-0.0158695100805767,-0.015834004972172,-0.015798026832281,-0.0157616679969786,-0.0157250108477407,-0.015688129114285,-0.0156510889688222,-0.0156139499511725,-0.0155767657558598,-0.0155395849058546,-0.0155024513326384,-0.0154654048783684,-0.0154284817328743,-0.0153917148158177,-0.0153551341124487,-0.015318766969887,-0.015282638359644,-0.0152467711111404,-0.0152111861201848,-0.0151759025357468,-0.0151409379278383,-0.0151063084388904,-0.0150720289206639,-0.0150381130584402,-0.0150045734839965,-0.0149714218786705,-0.0149386690676457,-0.0149063251064516,-0.0148743993605458,-0.0148429005787496,-0.0148118369612171,-0.0147812162225449,-0.0147510456505689,-0.0147213321613364,-0.0146920823507,-0.0146633025429374,-0.0146349988367693,-0.0146071771491181,-0.0145798432569279,-0.0145530028373441,-0.0145266615065353,-0.0145008248574279,-0.0144754984966108,-0.0144506880806632,-0.0144263993521487,-0.0144026381755211,-0.0143794105731816,-0.0143567227619323,-0.0143345811900719,-0.0143129925753865,-0.0142919639442964,-0.0142715026724286,-0.0142516165268994,-0.0142323137106024,-0.0142136029088196,-0.0141954933384889,-0.0141779948004861,-0.0141611177353058,-0.0141448732825546,-0.0141292733447018,-0.0141143306555721,-0.014100058854106,-0.0140864725639567,-0.0140735874795496,-0.0140614204592831,-0.0140499896266168,-0.0140393144798637,-0.0140294160115812,-0.0140203168385462,-0.014012041343397,-0.0140046158291325,-0.0139980686877814,-0.0139924305846883,-0.0139877346600135,-0.0139840167492041,-0.0139813156243848,-0.0139796732588107,-0.0139791351167571,-0.0139797504714616,-0.0139815727540159,-0.0139846599364021,-0.0139890749522043,-0.0139948861588977,-0.0140021678460192,-0.0140110007939735,-0.0140214728887194,-0.0140336797981177,-0.014047725716316,-0.0140637241831887,-0.0140817989865598,-0.0141020851557011,-0.014124730055444,-0.0141498945911433,-0.0141777545357272,-0.0142085019911246,-0.0142423469975154,-0.0142795193050775,-0.0143202703242272,-0.0143648752717526,-0.0144136355317326,-0.0144668812517066,-0.0145249741962064,-0.0145883108814792,-0.0146573260169954,-0.0147324962811355,-0.0148143444602624,-0.014903443982171,-0.0150004238766274,-0.0151059741973179,-0.0152208519409455,-0.0153458875003687,-0.0154819916894694,-0.0156301633777343,-0.0157914977722053,-0.0159671953832969,-0.0161585717088069,-0.0163670676669765,-0.0165942608044158,-0.016841877297729,-0.017111804758357,-0.0174061058380212,-0.0177270326166803,-0.018077041735478,-0.0184588102131029,-0.0188752518545505,-0.0193295341256709,-0.0198250953242612,-0.0203656618279453,-0.0209552651398385,-0.0215982583842253,-0.022299331825558,-0.0230635268946026,-0.0238962481054639,-0.0248032721369854,-0.0257907532328006,-0.0268652239481869,-0.0280335901421193,-0.0293031189842383,-0.0306814186253262,-0.0321764080748244,-0.0337962757507137,-0.0355494251289139,-0.0374444059368526,-0.0394898294267827,-0.0416942664481563,-0.0440661273348788,-0.046613523051686,-0.0493441076203527,-0.0522649025815934,-0.0553821051441863,-0.0587008827187367,-0.062225157703533,-0.0659573876393567,-0.0698983471134331,-0.0740469189836815,-0.0783999035084679,-0.0829518546868995,-0.0876949534195251,-0.092618926877234,-0.097711022629154,-0.102956044580047,-0.108336455609752,-0.113832549061714,-0.119422688032726,-0.125083607972934,-0.130790774663587,-0.136518786474754,-0.14224180718642,-0.147934013817926,-0.153570043020733,-0.159125419729156,-0.16457695291626,-0.169903085355829,-0.175084187054513,-0.18010278524384,-0.184943727238292,0,-0.014303127413072,-0.0144532664947519,-0.0145950523037798,-0.0147135939282482,-0.0148091287918627,-0.0148847844549575,-0.0149438691381595,-0.0149892688404331,-0.0150233662591466,-0.0150480922376613,-0.0150650036502442,-0.0150753574665092,-0.0150801732409108,-0.015080283371913,-0.0150763726356049,-0.0150690089605211,-0.0150586672886395,-0.01504574807371,-0.0150305916568788,-0.015013489484912,-0.0149946929116742,-0.0149744201467708,-0.0149528617791843,-0.0149301852002284,-0.0149065381719649,-0.0148820517283485,-0.0148568425520762,-0.0148310149367615,-0.014804662418899,-0.0147778691450417,-0.0147507110251604,-0.0147232567121287,-0.0146955684388334,-0.0146677027379093,-0.0146397110640648,-0.0146116403350508,-0.0145835334042606,-0.0145554294755365,-0.0145273644688501,-0.0144993713440013,-0.0144714803882632,-0.01444371947292,-0.0144161142828446,-0.014388688522621,-0.0143614641021792,-0.0143344613044759,-0.0143076989373923,-0.0142811944717165,-0.0142549641668287,-0.0142290231854946,-0.014203385698995,-0.0141780649836678,-0.0141530735098133,-0.0141284230238008,-0.0141041246241266,-0.0140801888320901,-0.0140566256576881,-0.0140334446612708,-0.0140106550114493,-0.0139882655397063,-0.0139662847921216,-0.013944721078594,-0.0139235825199164,-0.0139028770930377,-0.0138826126748261,-0.0138627970846364,-0.0138434381259706,-0.013824543627512,-0.01380612148381,-0.0137881796958864,-0.0137707264120361,-0.0137537699690946,-0.0137373189344514,-0.0137213821490923,-0.0137059687719655,-0.0136910883259749,-0.0136767507459219,-0.0136629664287296,-0.0136497462863072,-0.0136371018014323,-0.0136250450870556,-0.0136135889494641,-0.0136027469557685,-0.0135925335062224,-0.0135829639119205,-0.0135740544784711,-0.0135658225962913,-0.0135582868382326,-0.0135514670653084,-0.0135453845413727,-0.0135400620576747,-0.0135355240683093,-0.0135317968376835,-0.0135289086012285,-0.0135268897407136,-0.0135257729756561,-0.0135255935724733,-0.0135263895731932,-0.0135282020457293,-0.0135310753579314,-0.0135350574778592,-0.0135402003029752,-0.0135465600212415,-0.0135541975074126,-0.0135631787581643,-0.0135735753700738,-0.0135854650648903,-0.0135989322669888,-0.0136140687384114,-0.0136309742774503,-0.0136497574873395,-0.013670536622282,-0.0136934405187726,-0.0137186096209633,-0.0137461971096848,-0.0137763701456712,-0.0138093112385528,-0.0138452197542741,-0.0138843135747777,-0.0139268309250601,-0.0139730323840627,-0.0140232030973006,-0.0140776552106669,-0.0141367305464561,-0.0142008035443405,-0.0142702844917831,-0.0143456230701732,-0.0144273122448016,-0.0145158925286266,-0.0146119566515854,-0.0147161546689309,-0.0148291995436673,-0.0149518732395484,-0.0150850333622014,-0.0152296203866412,-0.0153866655096128,-0.0155572991646897,-0.0157427602366631,-0.0159444060092705,-0.0161637228764458,-0.0164023378417232,-0.016662030822818,-0.0169447477683061,-0.0172526145802459,-0.0175879518199555,-0.0179532901533483,-0.0183513864665366,-0.0187852405510536,-0.0192581122201991,-0.0197735386728052,-0.0203353518672742,-0.0209476956061894,-0.0216150419594033,-0.0223422065706315,-0.0231343622989256,-0.0239970505420116,-0.0249361894740076,-0.0259580783068897,-0.0270693965556591,-0.0282771971551754,-0.0295888921473196,-0.0310122295376527,-0.0325552598203378,-0.0342262906004257,-0.036033827717818,-0.0379865013138696,-0.0400929753982994,-0.0423618396909136,-0.0448014828498655,-0.0474199466746867,-0.0502247615032667,-0.0532227638159551,-0.0564198980157177,-0.0598210054559829,-0.0634296050056426,-0.067247670721948,-0.071275413473687,-0.0755110745251804,-0.0799507400450528,-0.0845881861206103,-0.0894147640170878,-0.0944193350125934,-0.099588263085136,-0.104905471993763,-0.110352570906723,-0.115909049778628,-0.121552542327794,-0.127259150937006,-0.133003824361638,-0.138760776060483,-0.144503928534264,-0.150207367484492,-0.155845789036156,-0.161394923752491,-0.166831922659347,-0.172135692847489,-0.177287173216054,-0.182269544295639,-0.18706836956661,-0.191671669005404,0,-0.0129643428495354,-0.0131499130137023,-0.0133179712244597,-0.0134586229960255,-0.0135740827779435,-0.013668355851161,-0.0137451711562921,-0.0138076297022411,-0.0138582296573191,-0.013898966834999,-0.0139314370010816,-0.01395692267195,-0.013976462347738,-0.0139909043031148,-0.0140009478996866,-0.0140071751873393,-0.0140100750869223,-0.0140100619556476,-0.0140074899132146,-0.0140026639679705,-0.0139958487214607,-0.0139872752327404,-0.013977146476767,-0.0139656417220352,-0.0139529200717416,-0.0139391233528488,-0.0139243784929229,-0.0139087994914912,-0.0138924890678952,-0.0138755400490145,-0.0138580365461906,-0.0138400549600231,-0.0138216648435736,-0.0138029296482612,-0.0137839073718996,-0.0137646511245718,-0.0137452096250883,-0.0137256276384605,-0.0137059463629741,-0.0136862037739802,-0.0136664349303395,-0.0136466722484957,-0.0136269457483799,-0.0136072832747072,-0.0135877106967049,-0.013568252088875,-0.0135489298950333,-0.0135297650775661,-0.0135107772535908,-0.0134919848194913,-0.0134734050651215,-0.0134550542788124,-0.013436947844189,-0.0134191003296908,-0.0134015255715931,-0.0133842367512437,-0.0133672464671605,-0.0133505668025705,-0.0133342093889238,-0.0133181854658671,-0.0133025059381246,-0.0132871814297009,-0.0132722223357947,-0.0132576388727864,-0.013243441126645,-0.0132296391000862,-0.0132162427587986,-0.0132032620770478,-0.0131907070829646,-0.0131785879038156,-0.0131669148115608,-0.0131556982690001,-0.0131449489768184,-0.0131346779218482,-0.0131248964268753,-0.0131156162023319,-0.0131068494002331,-0.0130986086707357,-0.0130909072217185,-0.0130837588818124,-0.0130771781673346,-0.0130711803536188,-0.0130657815512693,-0.013060998787912,-0.0130568500960604,-0.0130533546077729,-0.0130505326568349,-0.0130484058892682,-0.0130469973830439,-0.0130463317779617,-0.0130464354167467,-0.0130473364985229,-0.0130490652459353,-0.0130516540873196,-0.013055137855463,-0.0130595540046537,-0.013064942847894,-0.013071347816344,-0.0130788157432778,-0.0130873971750712,-0.0130971467120031,-0.0131081233819436,-0.0131203910503214,-0.0131340188701191,-0.0131490817760338,-0.0131656610273726,-0.0131838448047256,-0.013203728865977,-0.0132254172677911,-0.0132490231593298,-0.0132746696556491,-0.0133024907989645,-0.0133326326167965,-0.0133652542868894,-0.0134005294197656,-0.0134386474708153,-0.0134798152949542,-0.0135242588580901,-0.0135722251209447,-0.0136239841121656,-0.013679831209146,-0.0137400896465368,-0.0138051132740848,-0.0138752895871545,-0.0139510430550833,-0.014032838774346,-0.014121186475374,-0.0142166449137234,-0.0143198266781039,-0.0144314034495071,-0.0145521117472465,-0.0146827591990749,-0.0148242313735766,-0.0149774992136346,-0.0151436271098031,-0.0153237816517063,-0.0155192410939366,-0.0157314055700964,-0.0159618080843298,-0.0162121263036003,-0.0164841951656772,-0.0167800203068693,-0.0171017922994437,-0.0174519016708186,-0.0178329546543508,-0.0182477895941089,-0.018699493892643,-0.0191914213505618,-0.0197272096988209,-0.0203107980681222,-0.0209464440738592,-0.021638740118887,-0.0223926284294826,-0.0232134142419559,-0.0241067764486748,-0.0250787748936128,-0.0261358533806016,-0.0272848373250359,-0.0285329248460086,-0.0298876699665707,-0.031356956472847,-0.0329489608881813,-0.0346721029588924,-0.0365349820386718,-0.0385462978166612,-0.0407147539792663,-0.0430489436484188,-0.0455572158197551,-0.0482475225514296,-0.0511272473419081,-0.0542030159893061,-0.0574804922407489,-0.060964161698054,-0.0646571087076978,-0.0685607922695556,-0.0726748282694144,-0.0769967864733566,-0.0815220116003367,-0.0862434782872407,-0.0911516897567504,-0.0962346293893005,-0.101477773118066,-0.106864168592886,-0.112374584441634,-0.117987729812676,-0.123680540895428,-0.129428527530843,-0.135206169619284,-0.140987350096043,-0.146745809035375,-0.152455602164712,-0.158091546840073,-0.16362963937034,-0.169047429399061,-0.174324339684471,-0.179441922820788,-0.184384049939044,-0.1891370299321,-0.193689661010934,-0.1980332192125,0,-0.0116768850856157,-0.0118973853439468,-0.0120865775320822,-0.0122441184449979,-0.0123749908462307,-0.0124841129638271,-0.0125755264713445,-0.0126524277951462,-0.0127173275023466,-0.0127722034552533,-0.0128186252288931,-0.012857850237151,-0.012890896541902,-0.0129185975647513,-0.012941643131231,-0.0129606103316333,-0.012975986839743,-0.0129881886526506,-0.0129975736958144,-0.0130044523509283,-0.0130090956804722,-0.0130117419163078,-0.0130126016298205,-0.0130118618923791,-0.0130096896558367,-0.0130062345251362,-0.0130016310528242,-0.0129960006541514,-0.0129894532183654,-0.0129820884746002,-0.0129739971578513,-0.0129652620107595,-0.012955958649488,-0.0129461563162751,-0.0129359185368337,-0.0129253036973325,-0.0129143655530009,-0.012903153678267,-0.0128917138666406,-0.012880088487193,-0.0128683168033819,-0.0128564352590778,-0.0128444777359152,-0.0128324757854872,-0.0128204588394024,-0.0128084543998086,-0.0127964882126362,-0.0127845844255238,-0.0127727657321374,-0.012761053504388,-0.0127494679138704,-0.0127380280436945,-0.01272675199175,-0.01271565696633,-0.0127047593749479,-0.0126940749070905,-0.0126836186115879,-0.0126734049692105,-0.0126634479610547,-0.0126537611332337,-0.0126443576583464,-0.0126352503941693,-0.0126264519399845,-0.0126179746909356,-0.0126098308907826,-0.0126020326834142,-0.0125945921634604,-0.0125875214263452,-0.012580832618109,-0.0125745379853319,-0.0125686499254896,-0.0125631810380754,-0.0125581441768323,-0.012553552503445,-0.0125494195430584,-0.012545759242002,-0.0125425860281213,-0.0125399148741372,-0.0125377613644844,-0.0125361417661055,-0.0125350731037168,-0.0125345732400962,-0.0125346609619904,-0.0125353560722873,-0.0125366794891543,-0.0125386533529055,-0.012541301141429,-0.0125446477950848,-0.012548719852066,-0.0125535455953151,-0.0125591552121905,-0.0125655809681984,-0.0125728573962365,-0.0125810215029386,-0.0125901129938761,-0.0126001745195471,-0.0126112519442858,-0.0126233946404437,-0.0126366558104392,-0.0126510928395423,-0.0126667676825597,-0.0126837472879154,-0.0127021040629878,-0.0127219163849635,-0.0127432691619155,-0.0127662544492934,-0.012790972127558,-0.0128175306472709,-0.0128460478486025,-0.0128766518629181,-0.0129094821048799,-0.0129446903643346,-0.0129824420081742,-0.0130229173033452,-0.0130663128732567,-0.013112843300994,-0.0131627428939913,-0.013216267626155,-0.0132736972748542,-0.0133353377717153,-0.0134015237877618,-0.0134726215751296,-0.0135490320893472,-0.013631194417995,-0.0137195895434238,-0.0138147444690981,-0.0139172367410038,-0.0140276993973862,-0.0141468263817996,-0.0142753784560067,-0.0144141896505678,-0.0145641742919176,-0.0147263346452156,-0.0149017692121268,-0.0150916817217678,-0.0152973908511174,-0.0155203407079982,-0.0157621121049722,-0.0160244346458142,-0.0163091996372174,-0.0166184738265626,-0.0169545139514127,-0.0173197820672447,-0.0177169615961145,-0.0181489740097031,-0.0186189960246746,-0.0191304771456141,-0.0196871573400866,-0.0202930845706726,-0.0209526318393335,-0.0216705133194392,-0.022451799059744,-0.0233019276423947,-0.0242267160640432,-0.0252323659863806,-0.0263254653718816,-0.0275129843854304,-0.0288022643074393,-0.0302009980755393,-0.0317172009584797,-0.0333591697784534,-0.0351354290501685,-0.0370546624126577,-0.0391256278114965,-0.0413570550650216,-0.0437575247394071,-0.0463353276845143,-0.0490983051629786,-0.0520536702512595,-0.055207812106807,-0.0585660857710771,-0.0621325913886418,-0.0659099480232806,-0.0698990685761289,-0.0740989435698662,-0.0785064426478254,-0.0831161434247496,-0.0879201976887819,-0.0929082447722998,-0.0980673810864134,-0.10338219329509,-0.108834860391089,-0.114405327096205,-0.120071547684271,-0.125809795726064,-0.131595031642859,-0.137401316620015,-0.143202258660749,-0.148971474603035,-0.154683050960367,-0.160311986568906,-0.16583460121424,-0.171228896554179,-0.176474858547547,-0.181554693981547,-0.186452997274234,-0.191156847232719,-0.195655836626862,-0.199942040104086,-0.20400992800404,0,-0.0104478534501275,-0.0106983092965549,-0.0109022885912855,-0.0110711569413873,-0.0112128564684541,-0.0113330719595004,-0.0114359876827416,-0.0115247531661237,-0.0116017802374814,-0.0116689437301903,-0.0117277222221875,-0.0117792985777836,-0.0118246324861252,-0.0118645131824511,-0.0118995980571116,-0.0119304411757656,-0.0119575145555737,-0.011981224210354,-0.0120019223914057,-0.0120199170384814,-0.0120354791657858,-0.0120488487041614,-0.0120602391768927,-0.0120698414846949,-0.0120778270028419,-0.0120843501412981,-0.0120895504810729,-0.0120935545726032,-0.0120964774618432,-0.0120984239948359,-0.0120994899404137,-0.0120997629622852,-0.0120993234653923,-0.0120982453365224,-0.0120965965953798,-0.0120944399693542,-0.0120918334028953,-0.0120888305105473,-0.0120854809812116,-0.0120818309400047,-0.0120779232731009,-0.012073797920149,-0.0120694921381903,-0.0120650407404569,-0.0120604763129679,-0.0120558294114606,-0.0120511287408632,-0.0120464013192447,-0.0120416726279407,-0.0120369667493523,-0.012032306493748,-0.0120277135162459,-0.0120232084250298,-0.0120188108817418,-0.0120145396948991,-0.0120104129071024,-0.0120064478767299,-0.0120026613547512,-0.0119990695572437,-0.011995688234146,-0.0119925327347469,-0.0119896180703729,-0.0119869589747125,-0.0119845699621901,-0.011982465384785,-0.0119806594876766,-0.0119791664640858,-0.0119780005096749,-0.0119771758768667,-0.0119767069294393,-0.0119766081977592,-0.0119768944350192,-0.0119775806748576,-0.0119786822907456,-0.0119802150575491,-0.0119821952156843,-0.0119846395383162,-0.0119875654020684,-0.0119909908617488,-0.0119949347296266,-0.0119994166598396,-0.0120044572385508,-0.0120100780805278,-0.0120163019328735,-0.0120231527866993,-0.012030655997604,-0.0120388384158991,-0.0120477285276112,-0.0120573566073881,-0.0120677548845456,-0.0120789577236133,-0.0120910018208707,-0.0121039264185182,-0.01211777353829,-0.0121325882365024,-0.0121484188827357,-0.0121653174645735,-0.012183339921075,-0.0122025465079346,-0.0122230021975865,-0.012244777117859,-0.0122679470331489,-0.0122925938725081,-0.0123188063094846,-0.0123466803990634,-0.0123763202776034,-0.0124078389322721,-0.0124413590471395,-0.012477013933821,-0.0125149485553485,-0.0125553206528122,-0.012598301985256,-0.0126440796943238,-0.0126928578062627,-0.0127448588850717,-0.0128003258518702,-0.0128595239869284,-0.0129227431322673,-0.0129903001142923,-0.0130625414075638,-0.0131398460625394,-0.0132226289219145,-0.0133113441520474,-0.0134064891178515,-0.0135086086314445,-0.0136182996067378,-0.0137362161539738,-0.0138630751499303,-0.0139996623210299,-0.0141468388778454,-0.0143055487403561,-0.0144768263936766,-0.0146618054136713,-0.0148617277007108,-0.015077953457582,-0.015311971943976,-0.0155654130347094,-0.0158400596015309,-0.0161378607285797,-0.0164609457587947,-0.0168116391522555,-0.017192476116913,-0.0176062189467195,-0.0180558739709963,-0.0185447089811215,-0.0190762709553777,-0.0196544038491289,-0.0202832661545104,-0.0209673478606543,-0.0217114863614846,-0.0225208807628586,-0.0234011039342912,-0.0243581115332013,-0.0253982471028664,-0.0265282422113801,-0.0277552104614708,-0.0290866340652767,-0.0305303415511917,-0.0320944750610581,-0.0337874456171085,-0.0356178747035926,-0.0375945205350142,-0.0397261874906668,-0.042021617404649,-0.0444893617332168,-0.047137634097419,-0.0499741433351868,-0.0530059080036258,-0.0562390542494139,-0.0596786000993631,-0.063328230483167,-0.0671900686342115,-0.0712644508475558,-0.075549712810044,-0.080041996740216,-0.0847350892574212,-0.08962030011107,-0.0946863915259475,-0.0999195668711569,-0.105303525598399,-0.110819588941464,-0.116446897816019,-0.122162680873536,-0.127942586977374,-0.133761072761429,-0.139591832700436,-0.145408256549847,-0.151183897337194,-0.156892932462342,-0.162510600947853,-0.168013601423086,-0.173380437877182,-0.178591703347866,-0.183630295246281,-0.18848155965854,-0.193133365435292,-0.197576111949261,-0.201802676898433,-0.205808312362108,-0.209590498450867,0,-0.00928403471846481,-0.00955425976041462,-0.00976552473686559,-0.00993998988566208,-0.0100880148438288,-0.0102157065221717,-0.010327162933717,-0.0104253275299177,-0.0105123993669029,-0.0105900670864575,-0.0106596568276723,-0.010722230967777,-0.0107786560518487,-0.0108296504634443,-0.0108758184281442,-0.0109176746468109,-0.0109556624214227,-0.0109901672064264,-0.0110215269041131,-0.0110500398120631,-0.0110759708542443,-0.0110995565396874,-0.0111210089642559,-0.0111405190824156,-0.0111582594141805,-0.0111743863090105,-0.0111890418575834,-0.01120235552022,-0.0112144455246541,-0.0112254200740261,-0.0112353783972102,-0.0112444116669853,-0.0112526038065502,-0.0112600322010274,-0.0112667683275998,-0.0112728783155659,-0.0112784234457284,-0.0112834605970218,-0.0112880426470719,-0.011292218832381,-0.0112960350730139,-0.0112995342659793,-0.011302756550934,-0.0113057395513586,-0.0113085185939505,-0.0113111269086375,-0.0113135958113244,-0.0113159548712325,-0.0113182320644808,-0.0113204539153682,-0.0113226456266617,-0.0113248312000521,-0.0113270335478224,-0.0113292745966686,-0.0113315753845225,-0.0113339561511479,-0.011336436423213,-0.0113390350944843,-0.0113417705017335,-0.0113446604969099,-0.0113477225160872,-0.0113509736456694,-0.0113544306863063,-0.0113581102149552,-0.0113620286455011,-0.0113662022883403,-0.0113706474093199,-0.0113753802884207,-0.0113804172785695,-0.0113857748649675,-0.0113914697253281,-0.0113975187914216,-0.0114039393123414,-0.0114107489199169,-0.0114179656967192,-0.0114256082471282,-0.0114336957719554,-0.011442248147149,-0.0114512860071422,-0.0114608308334453,-0.0114709050491311,-0.0114815321199093,-0.0114927366625503,-0.0115045445614761,-0.0115169830944154,-0.0115300810680965,-0.0115438689650432,-0.0115583791026405,-0.011573645805748,-0.0115897055942626,-0.0116065973871725,-0.0116243627247973,-0.0116430460110794,-0.011662694777982,-0.01168335997426,-0.0117050962811012,-0.0117279624573957,-0.0117520217176745,-0.0117773421460767,-0.0118039971500524,-0.0118320659578946,-0.0118616341646173,-0.0118927943311684,-0.0119256466424779,-0.0119602996304107,-0.011996870968315,-0.0120354883445377,-0.0120762904230244,-0.0121194278999362,-0.0121650646660992,-0.0122133790860743,-0.0122645654056731,-0.0123188353008845,-0.0123764195823955,-0.0124375700712032,-0.0125025616622218,-0.0125716945942896,-0.0126452969465736,-0.0127237273830472,-0.0128073781684843,-0.0128966784812397,-0.0129920980499805,-0.0130941511434509,-0.013203400944291,-0.0133204643398256,-0.0134460171645693,-0.0135807999308862,-0.0137256240857242,-0.013881378832529,-0.0140490385582112,-0.0142296709052623,-0.0144244455286144,-0.0146346435754219,-0.0148616679233683,-0.0151070542090784,-0.0153724826724147,-0.0156597908344564,-0.0159709870163505,-0.0163082646924461,-0.0166740176535911,-0.0170708559344907,-0.0175016224318574,-0.0179694101068843,-0.0184775796254746,-0.0190297772417092,-0.0196299526733155,-0.0202823766514736,-0.0209916577503809,-0.0217627580139288,-0.0226010067973194,-0.0235121121305487,-0.0245021687891494,-0.0255776621269851,-0.0267454665889022,-0.028012837681735,-0.0293873960463357,-0.0308771021487665,-0.0324902200057496,-0.0342352682906412,-0.0361209571470354,-0.0381561090855997,-0.0403495624761063,-0.0427100563924153,-0.045246095945048,-0.0479657977637506,-0.0508767159865376,-0.0539856499799166,-0.0572984360539119,-0.060819726626435,-0.0645527615969021,-0.0684991380493065,-0.0726585857376022,-0.0770287570066088,-0.0816050407474328,-0.0863804105458984,-0.0913453172266128,-0.0964876354130698,-0.10179267244006,-0.10724324594566,-0.112819833779816,-0.118500796613099,-0.124262670003987,-0.130080518939439,-0.135928344294515,-0.14177952756496,-0.147607297888444,-0.153385204002026,-0.15908757351346,-0.164689942715076,-0.170169442056115,-0.17550512513136,-0.180678232387434,-0.185672384400719,-0.190473703245101,-0.195070863874515,-0.199455080378169,-0.203620034277639,-0.207561753650271,-0.211278452777115,-0.214770342277946,0,-0.00819008504198306,-0.0084653501943075,-0.00867563282296487,-0.0088500519034246,-0.00900016238390015,-0.00913197983168433,-0.00924924482264709,-0.0093545287248317,-0.00944970751104612,-0.00953620693668282,-0.00961514582552724,-0.00968742591582246,-0.0097537906323835,-0.00981486468970183,-0.00987118144952712,-0.00992320226747163,-0.009971330496217,-0.0100159218591926,-0.0100572923131416,-0.0100957241399,-0.0101314707644743,-0.0101647606381832,-0.0101958004213864,-0.0102247776308857,-0.0102518628702412,-0.01027721172924,-0.0103009664165725,-0.0103232571741691,-0.0103442035105118,-0.0103639152821434,-0.0103824936466306,-0.0104000319057592,-0.0104166162543245,-0.010432326447233,-0.0104472363955495,-0.0104614147004628,-0.0104749251327984,-0.0104878270646118,-0.0105001758584837,-0.0105120232193878,-0.0105234175133601,-0.0105344040566656,-0.0105450253786976,-0.0105553214614537,-0.0105653299580971,-0.0105750863928202,-0.0105846243439782,-0.01059397561224,-0.0106031703753185,-0.010612237330673,-0.0106212038274363,-0.0106300959886917,-0.0106389388251154,-0.0106477563409051,-0.0106565716328304,-0.0106654069831698,-0.0106742839472329,-0.0106832234361131,-0.0106922457952678,-0.0107013708794832,-0.0107106181247434,-0.0107200066174977,-0.0107295551617928,-0.0107392823447191,-0.0107492066006041,-0.0107593462743748,-0.0107697196845049,-0.0107803451859584,-0.010791241233542,-0.0108024264460814,-0.0108139196718475,-0.0108257400556644,-0.0108379071081517,-0.0108504407775683,-0.0108633615247485,-0.0108766904016501,-0.0108904491340623,-0.010904660209059,-0.010919346967826,-0.0109345337045329,-0.0109502457719776,-0.0109665096947877,-0.0109833532910315,-0.0110008058031644,-0.0110188980393199,-0.0110376625260479,-0.0110571336737052,-0.0110773479558184,-0.0110983441038684,-0.0111201633190864,-0.0111428495030103,-0.011166449508726,-0.0111910134149129,-0.011216594825027,-0.0112432511941992,-0.0112710441866864,-0.0113000400670099,-0.01133031012824,-0.0113619311612437,-0.0113949859691106,-0.0114295639314058,-0.0114657616233861,-0.0115036834958386,-0.0115434426217905,-0.0115851615169724,-0.0116289730416219,-0.0116750213919786,-0.011723463190659,-0.0117744686860108,-0.0118282230715388,-0.0118849279375684,-0.0119448028684753,-0.0120080872000646,-0.0120750419530295,-0.012145951959861,-0.0122211282041184,-0.0123009103925982,-0.0123856697826592,-0.0124758122887563,-0.0125717818941075,-0.0126740643953342,-0.012783191509865,-0.0128997453778463,-0.0130243634922072,-0.0131577440923516,-0.0133006520586171,-0.0134539253460774,-0.0136184819973737,-0.0137953277749165,-0.0139855644528649,-0.0141903988085755,-0.0144111523515183,-0.0146492718247132,-0.0149063405092624,-0.0151840903561677,-0.0154844149609251,-0.0158093833848972,-0.0161612548126128,-0.0165424940153247,-0.016955787567633,-0.0174040607349986,-0.0178904949146465,-0.018418545469796,-0.0189919597463904,-0.0196147950015926,-0.0202914359033452,-0.0210266111794985,-0.0218254089027898,-0.0226932897941028,-0.0236360978111789,-0.0246600671642642,-0.0257718247659092,-0.0269783869823854,-0.0282871494135064,-0.0297058682924741,-0.0312426319762815,-0.0329058209012364,-0.0347040543210311,-0.0366461221428835,-0.0387409002496031,-0.0409972478629827,-0.0434238857887793,-0.0460292548074006,-0.0488213540563843,-0.0518075600046225,-0.0549944275490859,-0.0583874758649071,-0.0619909628848706,-0.0658076536301181,-0.0698385889928761,-0.0740828628934198,-0.078537416884993,-0.0831968621338545,-0.0880533391225385,-0.0930964252854616,-0.0983130999834866,-0.103687774695829,-0.109202394049991,-0.114836610390479,-0.120568031148716,-0.126372534535673,-0.1322246453085,-0.138097958867167,-0.143965599020011,-0.149800692683201,-0.155576843742441,-0.161268588402736,-0.166851815571205,-0.1723041380384,-0.177605203234246,-0.182736935860964,-0.187683708444337,-0.192432439500171,-0.196972622326558,-0.201296290206712,-0.205397925916357,-0.209274324822925,-0.212924421556869,-0.216349090297617,-0.21955092825387,0,-0.00716689778020178,-0.007429908390895,-0.00763086328238181,-0.00780000458429038,-0.00794841059629826,-0.00808139401393165,-0.00820205210554808,-0.00831242469004521,-0.00841396565611785,-0.00850777238694689,-0.00859471119794552,-0.00867549093327112,-0.00875070817425729,-0.00882087602017986,-0.00888644303013619,-0.00894780612254772,-0.00900531968076314,-0.00905930222201765,-0.00911004146190586,-0.00915779829222092,-0.00920280999955089,-0.00924529293535824,-0.00928544477603334,-0.0093234464661809,-0.00935946390971033,-0.00939364945483279,-0.00942614320696022,-0.00945707419539926,-0.0094865614141692,-0.00951471475334628,-0.0095416358344757,-0.0095674187614453,-0.00959215079654761,-0.00961591297013095,-0.00963878063115457,-0.00966082394505858,-0.00968210834459482,-0.00970269493860551,-0.00972264088317031,-0.0097419997190451,-0.00976082167888301,-0.00977915396734699,-0.00979704101688744,-0.00981452472166318,-0.00983164465182192,-0.00984843825012708,-0.00986494101271184,-0.00988118665556352,-0.00989720726817921,-0.00991303345569535,-0.00992869447066767,-0.00994421833556847,-0.00995963195697181,-0.00997496123231109,-0.00999023115001844,-0.0100054658837908,-0.0100206888816674,-0.0100359229505568,-0.0100511903368054,-0.0100665128033635,-0.0100819117040759,-0.0100974080555926,-0.0101130226073796,-0.0101287759102908,-0.0101446883841476,-0.0101607803847693,-0.0101770722708882,-0.0101935844713866,-0.0102103375532939,-0.0102273522909904,-0.0102446497370752,-0.0102622512953692,-0.0102801787965449,-0.0102984545768963,-0.01031710156079,-0.0103361433473702,-0.0103556043021271,-0.010375509653981,-0.0103958855985816,-0.0104167594085757,-0.0104381595516589,-0.0104601158172915,-0.0104826594530414,-0.010505823311595,-0.0105296420095773,-0.0105541520994271,-0.0105793922556903,-0.010605403477227,-0.010632229306975,-0.0106599160710714,-0.0106885131393187,-0.0107180732091792,-0.0107486526157039,-0.0107803116700496,-0.0108131150295085,-0.0108471321022795,-0.01088243749054,-0.0109191114757515,-0.010957240550534,-0.0109969180018989,-0.0110382445511211,-0.0110813290560781,-0.0111262892824835,-0.011173252751097,-0.0112223576687138,-0.0112737539515262,-0.0113276043503072,-0.0113840856878026,-0.0114433902197385,-0.0115057271319523,-0.0115713241873504,-0.0116404295376808,-0.011713313716491,-0.011790271831118,-0.0118716259731315,-0.0119577278683172,-0.0120489617890407,-0.0121457477536683,-0.0122485450396184,-0.0123578560385679,-0.0124742304843108,-0.0125982700857272,-0.0127306335992405,-0.0128720423769439,-0.0130232864282198,-0.0131852310340561,-0.0133588239542836,-0.0135451032684931,-0.0137452058912764,-0.0139603768014941,-0.0141919790232657,-0.0144415043930465,-0.0147105851421756,-0.0150010063172741,-0.0153147190514054,-0.0156538546864798,-0.0160207397313948,-0.0164179116202156,-0.0168481352095565,-0.0173144199234219,-0.0178200374162126,-0.0183685395794631,-0.0189637766641747,-0.0196099152274011,-0.0203114555381135,-0.0210732479925986,-0.0219005079931947,-0.0227988286359496,-0.0237741904332045,-0.0248329671673715,-0.0259819268344774,-0.0272282264939053,-0.028579399699299,-0.0300433350518954,-0.0316282443009923,-0.0333426183287721,-0.0351951693129884,-0.0371947573784831,-0.0393503001470678,-0.0416706637967004,-0.0441645345676146,-0.0468402701265966,-0.0497057308391316,-0.0527680918144369,-0.0560336375822428,-0.0595075424203036,-0.0631936406477275,-0.0670941925794477,-0.0712096532260737,-0.0755384521218389,-0.0800767937518217,-0.0848184887947927,-0.0897548266639955,-0.0948744994910555,-0.100163586663685,-0.105605607249358,-0.111181645131971,-0.116870548548902,-0.122649202111614,-0.128492865563642,-0.134375569766072,-0.140270557015007,-0.146150750087768,-0.151989232634192,-0.157759722844331,-0.163437022797411,-0.168997427480184,-0.174419080001026,-0.179682262780283,-0.184769618175034,-0.189666295788269,-0.194360027327151,-0.198841133068349,-0.203102466583233,-0.207139306270138,-0.210949203407128,-0.214531796913063,-0.217888604872082,-0.221022802253403,-0.2239389932749,0,-0.00621061466409506,-0.00644434437454415,-0.00662842498463302,-0.00678782072159868,-0.00693136470285934,-0.00706305609744233,-0.00718508297584981,-0.00729881582909876,-0.00740520663329268,-0.00750497467674252,-0.00759870106880844,-0.00768687920639519,-0.00776994254856341,-0.00784828030984403,-0.00792224662526055,-0.00799216616728424,-0.0080583378304365,-0.00812103736018062,-0.0081805193987866,-0.00823701919978007,-0.00829075414225669,-0.00834192511165432,-0.00839071777954904,-0.00843730379777019,-0.00848184191387541,-0.00852447901149535,-0.00856535107788971,-0.00860458410098621,-0.00864229489852596,-0.00867859188238426,-0.00871357576152286,-0.00874734018729808,-0.00877997234499463,-0.00881155349548925,-0.00884215947088937,-0.00887186112786995,-0.00890072476225841,-0.0089288124882167,-0.00895618258515145,-0.0089828898152581,-0.00900898571438193,-0.00903451885866206,-0.00905953510921881,-0.00908407783694923,-0.00910818812931535,-0.00913190498084373,-0.00915526546890082,-0.00917830491617036,-0.00920105704113222,-0.00922355409772826,-0.00924582700529814,-0.00926790546977622,-0.00928981809705808,-0.00931159249937235,-0.0093332553954289,-0.00935483270505724,-0.00937634963899793,-0.0093978307844679,-0.00941930018708171,-0.00944078142967831,-0.00946229770857833,-0.0094838719077718,-0.00950552667152108,-0.00952728447585047,-0.00954916769938351,-0.0095711986939872,-0.00959339985567838,-0.00961579369625276,-0.00963840291610369,-0.00966125047870786,-0.00968435968727138,-0.00970775426404772,-0.00973145843286296,-0.00975549700541162,-0.00977989547191853,-0.00980468009680107,-0.00982987802000762,-0.00985551736475848,-0.009881627352471,-0.00990823842571199,-0.00993538238009166,-0.0099630925060913,-0.00999140374190488,-0.0100203528384723,-0.0100499785379911,-0.0100803217673153,-0.0101114258477838,-0.0101433367231747,-0.0101761032076414,-0.0102097772556817,-0.0102444142563874,-0.0102800733544571,-0.0103168178007036,-0.0103547153350688,-0.0103938386054717,-0.0104342656261534,-0.010476080279567,-0.0105193728662765,-0.0105642407077906,-0.0106107888077691,-0.0106591305775953,-0.0107093886329265,-0.010761695668509,-0.0108161954192843,-0.0108730437166209,-0.0109324096493904,-0.0109944768405693,-0.0110594448510907,-0.0111275307238052,-0.0111989706816339,-0.0112740219953136,-0.0113529650375531,-0.0114361055419276,-0.011523777086453,-0.0116163438234789,-0.0117142034793351,-0.0118177906490291,-0.0119275804132267,-0.0120440923067243,-0.0121678946696101,-0.012299609414293,-0.0124399172434855,-0.0125895633560219,-0.0127493636789938,-0.0129202116659989,-0.013103085702224,-0.0132990571574757,-0.0135092991279659,-0.0137350959064611,-0.0139778532180692,-0.0142391092551774,-0.0145205465395419,-0.0148240046318579,-0.0151514936988538,-0.015505208934515,-0.0158875458148547,-0.0163011161440083,-0.0167487648225714,-0.0172335872361893,-0.0177589471225091,-0.0183284947267759,-0.0189461849996023,-0.0196162955238014,-0.0203434437797855,-0.0211326032701756,-0.0219891179235337,-0.0229187140845295,-0.0239275092739989,-0.0250220167687242,-0.0262091449099194,-0.0274961899053194,-0.0288908207481649,-0.0304010547450497,-0.032035222033746,-0.033801917394651,-0.0357099376310529,-0.0377682028324503,-0.0399856599624608,-0.0423711674508318,-0.0449333598404287,-0.0476804920659318,-0.0506202636382019,-0.0537596238862768,-0.0571045604658002,-0.0606598745609425,-0.064428947549679,-0.068413505310105,-0.0726133877344443,-0.0770263322803311,-0.0816477813993702,-0.0864707243035743,-0.0914855836250699,-0.0966801569749878,-0.102039622130893,-0.107546612549562,-0.113181367153558,-0.118921954994068,-0.124744571644507,-0.130623900291537,-0.136533526767758,-0.142446394530621,-0.148335283127094,-0.154173292223341,-0.159934312961464,-0.165593469259211,-0.171127513607373,-0.176515164755969,-0.181737378149696,-0.186777543769269,-0.191621609846087,-0.196258134460404,-0.200678270080797,-0.204875688500153,-0.208846455293177,-0.212588863857476,-0.216103239360071,-0.219391722592833,-0.22245804296874,-0.225307288799834,-0.227945681716528,0,-0.00531255193315566,-0.0055032793707505,-0.00566463137188974,-0.00581091024005435,-0.00594722540233133,-0.00607575843308086,-0.0061975780405427,-0.00631328418837804,-0.00642327356941898,-0.0065278573654968,-0.00662731355096466,-0.00672190858540032,-0.00681190481137149,-0.00689756149963718,-0.00697913340731322,-0.00705686867342038,-0.00713100685311997,-0.00720177738835594,-0.00726939857480237,-0.00733407698176401,-0.00739600724494313,-0.00745537214664857,-0.00751234290619403,-0.00756707961605323,-0.00761973177261404,-0.00767043886231905,-0.00771933097399249,-0.00776652941619401,-0.00781214732471634,-0.0078562902501368,-0.0078990567189239,-0.00794053876425214,-0.00798082242459724,-0.00801998820955213,-0.00805811153325221,-0.00809526311643788,-0.0081315093585944,-0.00816691268185491,-0.00820153184847858,-0.00823542225376285,-0.00826863619623079,-0.00830122312688635,-0.00833322987925077,-0.00836470088180487,-0.0083956783543598,-0.00842620248978215,-0.00845631162239653,-0.00848604238429386,-0.00851542985068279,-0.00854450767533448,-0.00857330821709516,-0.0086018626583647,-0.0086302011163773,-0.00865835274805789,-0.00868634584917666,-0.00871420794847614,-0.0087419658974035,-0.00876964595604465,-0.0087972738758261,-0.00882487497952373,-0.00885247423909635,-0.00888009635184508,-0.00890776581538601,-0.00893550700191618,-0.00896334423224716,-0.0089913018500806,-0.00901940429700313,-0.00904767618868587,-0.00907614239278483,-0.00910482810905298,-0.00913375895219736,-0.00916296103803444,-0.00919246107353017,-0.00922228645134115,-0.00925246534951438,-0.00928302683704685,-0.00931400098605646,-0.00934541899137293,-0.00937731329842287,-0.00940971774035265,-0.00944266768541658,-0.00947620019574519,-0.00951035419871155,-0.00954517067222315,-0.00958069284539447,-0.00961696641619137,-0.0096540397877955,-0.0096919643256064,-0.00973079463699053,-0.00977058887609816,-0.00981140907630217,-0.00985332151307507,-0.00989639710040605,-0.00994071182418067,-0.00998634721629749,-0.0100333908736859,-0.01008193702682,-0.0101320871627981,-0.0101839507085793,-0.0102376457805458,-0.010293300007191,-0.0103510514324262,-0.0104110495077609,-0.0104734561824414,-0.0105384471015381,-0.0106062129229627,-0.0106769607654648,-0.0107509158008235,-0.0108283230047031,-0.0109094490819924,-0.0109945845838996,-0.0110840462356201,-0.0111781794950409,-0.0112773613646846,-0.0113820034809194,-0.0114925555063647,-0.011609508853381,-0.0117334007685354,-0.0118648188099427,-0.0120044057513647,-0.0121528649488594,-0.0123109662075375,-0.0124795521875378,-0.0126595453895766,-0.0128519557612345,-0.0130578889653833,-0.0132785553516384,-0.0135152796702437,-0.0137695115651013,-0.0140428368784421,-0.0143369897935432,-0.0146538658335143,-0.0149955357230142,-0.0153642601052599,-0.015762505088217,-0.0161929585706941,-0.0166585472704015,-0.017162454341004,-0.0177081374228553,-0.0182993469214635,-0.01894014424781,-0.0196349196844707,-0.0203884094602253,-0.0212057115228262,-0.0220922993945342,-0.0230540333780473,-0.024097168252422,-0.0252283564612478,-0.0264546456516768,-0.0277834692773941,-0.0292226288375986,-0.0307802661961028,-0.0324648243208283,-0.0342849947181255,-0.0362496498251661,-0.0383677586865645,-0.0406482844000151,-0.0431000620930433,-0.0457316566117261,-0.0485511996828947,-0.0515662070691592,-0.0547833771776703,-0.0582083737027335,-0.0618455961561327,-0.0656979435234182,-0.0697665777118532,-0.0740506948339011,-0.0785473135839149,-0.0832510908824751,-0.0881541754423009,-0.0932461098175127,-0.0985137907231482,-0.103941495885126,-0.109510983393144,-0.115201666544871,-0.120990863633995,-0.126854118268457,-0.132765581890905,-0.138698446528467,-0.144625412741098,-0.150519175547127,-0.156352909987802,-0.162100738055556,-0.167738159944204,-0.17324243486093,-0.178592899750827,-0.183771217938813,-0.188761553574061,-0.193550671558349,-0.198127966081011,-0.202485423761981,-0.206617529589446,-0.210521125276807,-0.214195230371927,-0.217640836503356,-0.220860684654769,-0.223859034451864,-0.226641433261089,-0.229214491563746,-0.231585669691451,0,-0.00446008015870885,-0.00459994804150052,-0.00473513623857287,-0.00486628392485704,-0.00499391002987717,-0.00511807042895181,-0.0052385904757304,-0.00535524748749508,-0.00546786179950207,-0.00557632911355631,-0.00568062262509136,-0.00578078222460564,-0.00587689984690605,-0.00596910519127446,-0.0060575534689967,-0.00614241558577965,-0.00622387061692237,-0.00630210023242782,-0.00637728469174931,-0.00644960005942111,-0.00651921634780955,-0.00658629635082346,-0.0066509949841325,-0.0067134589906027,-0.0067738269042469,-0.00683222919301484,-0.00688878852151209,-0.00694362009050579,-0.00699683202194309,-0.00704852576707555,-0.00709879652187011,-0.00714773363875077,-0.00719542102728395,-0.00724193753902441,-0.00728735733362107,-0.00733175022463134,-0.00737518200444803,-0.00741771474840746,-0.00745940709859968,-0.00750031452819992,-0.00754048958732489,-0.00757998213152467,-0.00761883953406792,-0.00765710688318889,-0.00769482716544541,-0.00773204143630276,-0.00776878897901138,-0.00780510745279341,-0.00784103303129798,-0.00787660053222924,-0.00791184353899717,-0.00794679451518891,-0.00798148491261024,-0.00801594527360174,-0.00805020532829414,-0.00808429408743068,-0.00811823993135163,-0.00815207069570922,-0.00818581375445673,-0.00821949610063656,-0.00825314442547601,-0.00828678519628872,-0.00832044473367157,-0.00835414928848432,-0.00838792511909789,-0.00842179856940323,-0.00845579614808009,-0.00848994460963716,-0.00852427103775145,-0.00855880293145645,-0.00859356829475193,-0.00862859573024005,-0.00866391453742599,-0.0086995548163623,-0.00873554757736173,-0.00877192485755569,-0.00880871984513401,-0.00884596701216932,-0.00888370225700067,-0.00892196305723851,-0.00896078863454152,-0.00900022013242245,-0.00904030080845413,-0.0090810762423755,-0.00912259456174034,-0.00916490668690988,-0.00920806659736737,-0.00925213162152802,-0.00929716275243507,-0.00934322499197422,-0.00939038772650507,-0.00943872513710517,-0.00948831664794872,-0.00953924741670551,-0.00959160887124507,-0.00964549929737435,-0.00970102448282306,-0.00975829842323113,-0.00981744409647962,-0.0098785943123602,-0.00994189264528777,-0.0100074944585427,-0.0100755680293818,-0.0101462957852882,-0.0102198756626439,-0.0102965226002074,-0.0103764701809741,-0.0104599724372796,-0.0105473058353934,-0.0106387714573328,-0.0107346973992102,-0.0108354414071075,-0.0109413937732463,-0.0110529805170802,-0.0111706668778692,-0.0112949611472851,-0.0114264188726197,-0.0115656474631904,-0.0117133112345265,-0.0118701369268083,-0.012036919735778,-0.0122145298958284,-0.0124039198561412,-0.0126061320914239,-0.0128223075888654,-0.013053695052177,-0.0133016608618091,-0.013567699827343,-0.0138534467633547,-0.0141606889133345,-0.0144913792371058,-0.0148476505650895,-0.0152318306071339,-0.0156464577837991,-0.0160942978232066,-0.0165783610360008,-0.0171019201437196,-0.0176685284909693,-0.0182820384182374,-0.0189466195089621,-0.0196667763506536,-0.0204473653646296,-0.0212936101616916,-0.0222111147716327,-0.0232058739731589,-0.0242842798187072,-0.025453123307853,-0.0267195900169039,-0.0280912483459234,-0.029576028904815,-0.0311821934366006,-0.032918291580614,-0.0347931037258642,-0.0368155682129887,-0.0389946912324118,-0.0413394379589366,-0.0438586037824135,-0.0465606649629714,-0.0494536086770708,-0.0525447432406439,-0.0558404903011262,-0.0593461619704598,-0.0630657271969055,-0.0670015730933994,-0.0711542683782823,-0.0755223374397419,-0.0801020546855252,-0.0848872696464889,-0.0898692736244048,-0.0950367183802283,-0.100375596347176,-0.105869290070212,-0.111498696032444,-0.117242424819723,-0.123077075869115,-0.128977581090565,-0.134917607744591,-0.140870007428113,-0.14680729517972,-0.152702140828751,-0.158527853959033,-0.16425884430883,-0.169871041036609,-0.175342256889436,-0.180652486669524,-0.185784133200304,-0.190722157923194,-0.195454157005023,-0.199970367148234,-0.204263607985575,-0.208329169901464,-0.212164657324667,-0.215769798019444,-0.21914622875427,-0.222297267070595,-0.225227677845374,-0.227943442076225,-0.230451533940379,-0.232759710791665,-0.234876319443621,0,-0.00363836296044927,-0.00372682457430407,-0.00383524143773997,-0.00395074587848356,-0.00406918727078442,-0.00418843744282307,-0.00430706029938291,-0.00442401572365043,-0.0045385625415717,-0.00465019778746786,-0.0047586050983027,-0.0048636101578817,-0.00496514385253227,-0.00506321299588869,-0.00515787774482546,-0.00524923454779533,-0.00533740348056003,-0.00542251896969339,-0.00550472308613648,-0.00558416076462891,-0.00566097645317096,-0.0057353118164628,-0.0058073042109082,-0.00587708572053272,-0.00594478259747389,-0.00601051499146797,-0.00607439688319499,-0.00613653615898847,-0.00619703478121724,-0.0062559890210905,-0.00631348972983727,-0.00636962263100253,-0.00642446862160535,-0.00647810407358594,-0.00653060112966349,-0.00658202798969987,-0.00663244918509664,-0.00668192583978919,-0.0067305159171423,-0.0067782744525797,-0.0068252537721446,-0.00687150369743784,-0.00691707173754658,-0.00696200326867794,-0.00700634170227041,-0.00705012864238336,-0.00709340403316874,-0.00713620629722028,-0.00717857246557348,-0.0072205383001049,-0.00726213840904891,-0.00730340635631992,-0.00734437476529661,-0.00738507541769651,-0.00742553934814038,-0.00746579693498271,-0.0075058779879614,-0.00754581183320061,-0.00758562739608711,-0.00762535328252529,-0.0076650178590706,-0.00770464933243284,-0.00774427582884194,-0.00778392547376927,-0.00782362647250424,-0.00786340719209554,-0.00790329624518015,-0.00794332257624077,-0.00798351555085557,-0.00802390504852882,-0.00806452155972495,-0.00810539628776256,-0.00814656125626878,-0.00818804942294083,-0.00822989480041676,-0.00827213258511713,-0.00831479929498963,-0.00835793291716291,-0.00840157306660444,-0.00844576115697054,-0.00849054058494497,-0.00853595692948005,-0.00858205816748775,-0.00862889490767366,-0.00867652064437115,-0.00872499203341376,-0.00877436919228513,-0.00882471602701019,-0.00887610058849699,-0.00892859546131494,-0.00898227818819903,-0.00903723173390454,-0.00909354499241229,-0.00915131334189138,-0.00921063925228538,-0.00927163295088495,-0.00933441315180386,-0.00939910785588173,-0.00946585522820328,-0.0095348045611566,-0.00960611733175299,-0.00967996836280696,-0.00975654709853002,-0.00983605900613222,-0.00991872711615121,-0.0100047937154536,-0.0100945222081679,-0.0101881991612281,-0.0102861365527228,-0.0103886742428638,-0.0104961826891041,-0.0106090659287415,-0.0107277648542387,-0.010852760808452,-0.0109845795289758,-0.011123795472851,-0.0112710365549222,-0.0114269893351073,-0.0115924046917262,-0.0117681040197281,-0.0119549859940934,-0.0121540339397418,-0.0123663238498248,-0.0125930330941537,-0.0128354498585117,-0.0130949833534913,-0.0133731748279865,-0.0136717094172349,-0.0139924288479341,-0.0143373450129989,-0.0147086544154412,-0.0151087534640255,-0.0155402545820906,-0.0160060030644489,-0.0165090945847095,-0.0170528932158021,-0.0176410497789022,-0.0182775202793582,-0.0189665841216051,-0.019712861717473,-0.0205213310130065,-0.0213973423573995,-0.02234663102384,-0.0233753265664804,-0.0244899580617473,-0.0256974541382416,-0.0270051365514139,-0.0284207059126598,-0.0299522180451886,-0.0316080493211748,-0.0333968492492426,-0.0353274785440922,-0.0374089309398116,-0.0396502371263774,-0.0420603494181612,-0.0446480061275306,-0.0474215751381479,-0.0503888768695548,-0.053556987708021,-0.0569320260480003,-0.0605189243278781,-0.0643211918171203,-0.0683406743602457,-0.0725773187217574,-0.077028950496158,-0.0816910756186546,-0.0865567161929184,-0.0916162915001896,-0.0968575545435868,-0.102265593222756,-0.107822903191827,-0.113509536663981,-0.119303328005733,-0.125180193111736,-0.131114495535299,-0.13707946848694,-0.143047678433684,-0.148991513441868,-0.154883677849515,-0.160697674479823,-0.166408256449021,-0.171991832594636,-0.177426813461732,-0.182693888361503,-0.187776227939869,-0.192659610638115,-0.197332475097355,-0.201785903716139,-0.206013545053285,-0.210011484494802,-0.213778073569183,-0.217313728557352,-0.220620708705855,-0.223702883544961,-0.226565497677026,-0.22921494006924,-0.231658523477773,-0.233904278244258,-0.235960763413418,-0.237836896971207,0,-0.00283260691758545,-0.00287637208161888,-0.00296024539417966,-0.00306110129089725,-0.00317081786472318,-0.00328528188348408,-0.00340188930349006,-0.00351884786561105,-0.00363490652449931,-0.00374920455987975,-0.00386116765784562,-0.00397043107462484,-0.00407678211302209,-0.00418011723764534,-0.00428041033079329,-0.00437768934909864,-0.00447201925442916,-0.00456348959686532,-0.00465220552975333,-0.00473828134827294,-0.00482183587911067,-0.00490298922544517,-0.00498186050241529,-0.00505856629486886,-0.00513321964029891,-0.00520592939213921,-0.00527679985700674,-0.00534593062772504,-0.00541341655474623,-0.00547934781390098,-0.00554381003969162,-0.00560688450167201,-0.00566864830760621,-0.00572917462163932,-0.00578853288906633,-0.00584678906176098,-0.00590400582014959,-0.0059602427889577,-0.00601555674494066,-0.00607000181552877,-0.00612362966783739,-0.00617648968786903,-0.00622862914999914,-0.0062800933770258,-0.00633092589118851,-0.00638116855664708,-0.00643086171396283,-0.00648004430715456,-0.00652875400391486,-0.00657702730957429,-0.00662489967539665,-0.00667240560177774,-0.00671957873690691,-0.00676645197143849,-0.00681305752970417,-0.00685942705798685,-0.00690559171036313,-0.00695158223261263,-0.00699742904468763,-0.00704316232222806,-0.00708881207760987,-0.00713440824101381,-0.0071799807420071,-0.00722555959214102,-0.00727117496907659,-0.00731685730276867,-0.00736263736425812,-0.00740854635764564,-0.00745461601584992,-0.00750087870078552,-0.00754736750863557,-0.00759411638093693,-0.00764116022224633,-0.00768853502521234,-0.00773627800394064,-0.00778442773661175,-0.00783302431838956,-0.00788210952574726,-0.00793172699343665,-0.00798192240543662,-0.00803274370133852,-0.00808424129976251,-0.00813646834055073,-0.00818948094765044,-0.00824333851478645,-0.00829810401623055,-0.00835384434520324,-0.00841063068270023,-0.00846853889981461,-0.00852764999694262,-0.00858805058360215,-0.00864983340297875,-0.00871309790573527,-0.00877795087808703,-0.00884450712966,-0.00891289024721588,-0.00898323342094954,-0.00905568035075187,-0.00913038624057885,-0.00920751888989221,-0.00928725989203354,-0.009369805950375,-0.00945537032415412,-0.00954418441705732,-0.00963649952286836,-0.00973258874384555,-0.00983274909894482,-0.00993730384055278,-0.0100466050000506,-0.0101610361842764,-0.0102810156467964,-0.0104069996598207,-0.0105394862145862,-0.0106790190800718,-0.0108261922519646,-0.0109816548258379,-0.011146116330478,-0.0113203525591473,-0.0115052119382239,-0.0117016224740141,-0.0119105993194809,-0.012133253003021,-0.0123707983610853,-0.0126245642151606,-0.0128960038311632,-0.0131867061953297,-0.0134984081348862,-0.0138330073036997,-0.0141925760422897,-0.0145793761074382,-0.0149958742485405,-0.01544475858506,-0.0159289557111779,-0.0164516484190721,-0.0170162938902556,-0.0176266421540435,-0.0182867545524727,-0.0190010218808616,-0.0197741817917783,-0.0206113349567584,-0.0215179593742833,-0.0224999220943721,-0.0235634875003812,-0.0247153211489082,-0.0259624880219063,-0.0273124438956023,-0.0287730183848276,-0.0303523880874038,-0.0320590381423479,-0.033901710441775,-0.0358893367163602,-0.0380309547678016,-0.0403356062710489,-0.0428122148377918,-0.0454694434445595,-0.0483155309053983,-0.0513581078271221,-0.0546039934326779,-0.0580589757706101,-0.0617275791242361,-0.0656128238499535,-0.0697159853427063,-0.0740363602549167,-0.0785710493658808,-0.0833147674755879,-0.088259691234789,-0.0933953557813332,-0.0987086103131904,-0.104183641215163,-0.109802069054041,-0.115543122726792,-0.121383890432645,-0.127299643167222,-0.133264222395127,-0.139250479775041,-0.14523075361944,-0.151177364463826,-0.157063110917029,-0.162861746980126,-0.168548423252635,-0.174100076767852,-0.179495757390094,-0.184716882469364,-0.189747415454266,-0.194573968088533,-0.199185829377306,-0.203574927489227,-0.207735733021732,-0.211665113543822,-0.215362150060321,-0.218827926090555,-0.222065299538533,-0.225078666588351,-0.227873725628863,-0.230457247827675,-0.232836859549673,-0.235020840439685,-0.237017939727804,-0.238837212211157,-0.24048787443869,0,-0.00203034833863711,-0.00204178803567127,-0.00210579360423595,-0.00219436342648331,-0.00229669265646895,-0.00240710110790603,-0.00252201299212658,-0.0026390060805325,-0.00275640574266375,-0.00287305668097691,-0.00298817304956676,-0.00310123357658132,-0.00321190652441808,-0.00331999560322345,-0.00342540088873369,-0.00352809055245507,-0.00362808040245673,-0.00372541907575,-0.00382017732700077,-0.0039124402917864,-0.00400230191384031,-0.00408986094929897,-0.00417521812179045,-0.0042584741181323,-0.00433972819819895,-0.00441907725325874,-0.00449661519125191,-0.00457243255969882,-0.0046466163405024,-0.00471924986820888,-0.00479041283601921,-0.00486018136323534,-0.00492862810476897,-0.00499582238848454,-0.00506183036996694,-0.00512671519714154,-0.00519053717928444,-0.00525335395653222,-0.00531522066716734,-0.0053761901108254,-0.00543631290641338,-0.00549563764400431,-0.00555421103032637,-0.00561207802771976,-0.00566928198662141,-0.00572586477177231,-0.00578186688243675,-0.00583732756698838,-0.00589228493226249,-0.00594677604810265,-0.00600083704754885,-0.00605450322312179,-0.00610780911966531,-0.00616078862420887,-0.00621347505331214,-0.0062659012383538,-0.00631809960922433,-0.00637010227688541,-0.00642194111525864,-0.00647364784291159,-0.00652525410501588,-0.00657679155606013,-0.00662829194381366,-0.00667978719505283,-0.00673130950357963,-0.00678289142108597,-0.00683456595144397,-0.0068863666490324,-0.00693832772174854,-0.00699048413939082,-0.00704287174814979,-0.00709552739199221,-0.00714848904178572,-0.00720179593307564,-0.00725548871349947,-0.00730960960090785,-0.00736420255335168,-0.00741931345219687,-0.00747499029974319,-0.00753128343284877,-0.00758824575420175,-0.0076459329830376,-0.00770440392727229,-0.00776372077921424,-0.00782394943723003,-0.00788515985597536,-0.00794742642806436,-0.00801082840034038,-0.00807545032823126,-0.00814138257202885,-0.0082087218393242,-0.00827757177826388,-0.00834804362677217,-0.00842025692341138,-0.00849434028613479,-0.00857043226582585,-0.00864868228222002,-0.00872925165057631,-0.00881231470830831,-0.00889806005170647,-0.00898669189388701,-0.00907843155619599,-0.00917351910648072,-0.00927221515892259,-0.00937480285150558,-0.00948159001867778,-0.00959291157834751,-0.00970913215404228,-0.00983064895484201,-0.00995789493757225,-0.0100913422776958,-0.0102315061773597,-0.0103789490411098,-0.0105342850518584,-0.0106981851817283,-0.0108713826743607,-0.011054679037096,-0.0112489505830258,-0.0114551555641922,-0.0116743419380228,-0.0119076558093133,-0.012156350589499,-0.0124217969133764,-0.0127054933505818,-0.0130090779446838,-0.0133343406063238,-0.0136832363780102,-0.0140578995764224,-0.0144606588028205,-0.0148940527927167,-0.0153608470515895,-0.0158640511932644,-0.0164069368607306,-0.0169930560646238,-0.0176262597213459,-0.0183107161097879,-0.0190509288918687,-0.0198517542567444,-0.0207184166509226,-0.0216565224463557,-0.0226720707761147,-0.0237714606334512,-0.0249614931869078,-0.0262493681149274,-0.0276426726130448,-0.0291493615821478,-0.0307777273767619,-0.0325363573898039,-0.0344340776897007,-0.0364798809250508,-0.0386828367918413,-0.0410519835415388,-0.0435961993192675,-0.0463240525833586,-0.0492436314915304,-0.052362352959515,-0.0556867531099388,-0.0592222620233731,-0.0629729670517513,-0.0669413704062981,-0.0711281482118425,-0.075531919625171,-0.0801490358218774,-0.0849733995223461,-0.0899963261058978,-0.0952064571155127,-0.100589735975374,-0.106129453969832,-0.111806371972351,-0.117598920153803,-0.123483474112935,-0.129434701807914,-0.135425971635035,-0.141429808336271,-0.147418380448744,-0.153364001013992,-0.159239622434338,-0.165019306777093,-0.170678654441432,-0.176195176757813,-0.181548601531865,-0.186721104459165,-0.191697463388865,-0.196465136285382,-0.201014267161201,-0.205337627035985,-0.209430499005546,-0.213290517747837,-0.216917474291186,-0.220313096715044,-0.22348081677232,-0.226425531356888,-0.229153366431195,-0.231671449605196,-0.233987696126413,-0.236110611684455,-0.238049114209637,-0.239812375789227,-0.241409684951715,-0.242850328879479,0,-0.00122316937975278,-0.00121762236641904,-0.00126819191660921,-0.00134794318589819,-0.00144495908296659,-0.00155255663730484,-0.00166646591115043,-0.00178380501548,-0.00190259159624275,-0.00202145767480963,-0.00213946447391081,-0.00225597624521739,-0.002370572365073,-0.00248298535534018,-0.00259305684131861,-0.00270070607067639,-0.00280590730361016,-0.00290867351190112,-0.00300904459208919,-0.00310707882641319,-0.00320284669207313,-0.00329642637601844,-0.00338790053322736,-0.00347735395457938,-0.00356487190182035,-0.00365053893269094,-0.00373443808659228,-0.00381665033546089,-0.00389725422951873,-0.00397632568585637,-0.00405393788125157,-0.00413016122055059,-0.00420506335928476,-0.00427870926465926,-0.00435116130311954,-0.00442247934574566,-0.00449272088500406,-0.00456194115809999,-0.00463019327346056,-0.00469752833784953,-0.00476399558234568,-0.00482964248596673,-0.00489451489613812,-0.00495865714551556,-0.00502211216490695,-0.00508492159221344,-0.00514712587744097,-0.00520876438393165,-0.00526987548603423,-0.00533049666348881,-0.00539066459283705,-0.00545041523620039,-0.0055097839277883,-0.00556880545851646,-0.00562751415912632,-0.00568594398221031,-0.00574412858355691,-0.0058021014032394,-0.00585989574688539,-0.00591754486757559,-0.00597508204883666,-0.00603254068920783,-0.00608995438888349,-0.00614735703895596,-0.00620478291380813,-0.00626226676723804,-0.00631984393292989,-0.00637755042992704,-0.00643542307380492,-0.00649349959429192,-0.00655181876014216,-0.00661042051212526,-0.00666934610506743,-0.00672863825995608,-0.00678834132720383,-0.00684850146226549,-0.00690916681490471,-0.00697038773352651,-0.00703221698612085,-0.00709470999950789,-0.00715792511873552,-0.00722192388865776,-0.00728677135992087,-0.00735253642180138,-0.00741929216458478,-0.00748711627444077,-0.00755609146405014,-0.00762630594256718,-0.00769785392886663,-0.00777083621242747,-0.00784536076665109,-0.00792154341990336,-0.00799950859011172,-0.00807939008934567,-0.00816133200546457,-0.00824548966863907,-0.00833203071134034,-0.00842113623125835,-0.00851300206755263,-0.00860784020187055,-0.00870588029668496,-0.00880737138471666,-0.00891258372451892,-0.00902181083871218,-0.0091353717528718,-0.00925361345469116,-0.00937691359475906,-0.00950568345210939,-0.00964037118960313,-0.00978146542618617,-0.00992949915510545,-0.0100850540392424,-0.0102487651167991,-0.010421325952611,-0.0106034942723011,-0.0107960981182726,-0.0110000425680618,-0.0112163170567466,-0.0114460033457831,-0.0116902841806733,-0.0119504526790403,-0.0122279224887855,-0.0125242387527259,-0.0128410899111306,-0.0131803203665043,-0.0135439440253249,-0.0139341587187125,-0.0143533614875617,-0.0148041646968062,-0.0152894129174291,-0.0158122004826975,-0.0163758895859443,-0.0169841287400385,-0.0176408713624211,-0.0183503941832072,-0.0191173150963939,-0.0199466099848339,-0.0208436279477798,-0.0218141042453172,-0.0228641701472951,-0.0240003587367067,-0.0252296055711846,-0.0265592429551059,-0.0279969864242643,-0.0295509119027792,-0.03122942186801,-0.0330411987666461,-0.0349951438797762,-0.0371002998555239,-0.0393657552363949,-0.0418005295284526,-0.0444134377152019,-0.0472129336338727,-0.050206932325135,-0.0534026123514714,-0.0568062001555962,-0.0604227397839308,-0.0642558526965744,-0.0683074938660143,-0.0725777118474807,-0.0770644218740999,-0.0817632021576138,-0.0866671243142665,-0.091766629038096,-0.097049457678407,-0.10250064914786,-0.108102609550797,-0.11383525910906,-0.119676257489113,-0.125601304699049,-0.131584510600546,-0.137598822093566,-0.143616493522617,-0.149609583142166,-0.155550456821932,-0.161412279730209,-0.167169477546362,-0.172798150739669,-0.17827642841593,-0.183584751895313,-0.188706082215626,-0.193626029817274,-0.198332908451968,-0.202817718618757,-0.207074068398039,-0.211098041341073,-0.214888022072463,-0.218444490535579,-0.221769795463126,-0.224867916822176,-0.227744225810116,-0.230405249604459,-0.23285844661865,-0.23511199658833,-0.237174608483091,-0.239055348057847,-0.240763485853751,-0.242308365640899,-0.243699292659771,-0.244945440551592,0,-0.000407417060575399,-0.000400178230941226,-0.000444650131651854,-0.000519806242004539,-0.000614127785817598,-0.000720549582655022,-0.000834437044249015,-0.000952653891045319,-0.00107304786367804,-0.00119413385950785,-0.0013148874026193,-0.00143460593154693,-0.00155281387175701,-0.00166919677213666,-0.00178355509477231,-0.0018957714859773,-0.00200578740694432,-0.00211358633154511,-0.00221918159557506,-0.00232260756851627,-0.00242391321661245,-0.00252315739872905,-0.00262040542539867,-0.00271572654360903,-0.00280919210316083,-0.00290087422678326,-0.00299084485376064,-0.00307917506116287,-0.00316593459171131,-0.00325119153554036,-0.00333501212651074,-0.00341746062362289,-0.0034985992554253,-0.00357848821079019,-0.00365718566353014,-0.00373474782141517,-0.00381122899247865,-0.00388668166326206,-0.00396115658499142,-0.00403470286469589,-0.0041073680590616,-0.00417919826940799,-0.00425023823663267,-0.00432053143532259,-0.00439012016649708,-0.00445904564865821,-0.00452734810698253,-0.00459506686061255,-0.00466224040810139,-0.00472890651113733,-0.00479510227673514,-0.00486086423812458,-0.00492622843460519,-0.00499123049066558,-0.00505590569469238,-0.00512028907761701,-0.00518441549186881,-0.00524831969102501,-0.00531203641056876,-0.00537560045018744,-0.00543904675806903,-0.00550241051767705,-0.00556572723751529,-0.00562903284442352,-0.00569236378097981,-0.00575575710762442,-0.00581925061016202,-0.00588288291334789,-0.00594669360131584,-0.00601072334566492,-0.00607501404208701,-0.00613960895649092,-0.00620455288165736,-0.00626989230555056,-0.00633567559250923,-0.00640195317865075,-0.00646877778294262,-0.00653620463553166,-0.0066042917250682,-0.00667310006693132,-0.00674269399444087,-0.00681314147534842,-0.00688451445612231,-0.00695688923679327,-0.00703034687940141,-0.00710497365339325,-0.00718086152165536,-0.00725810867124543,-0.00733682009329602,-0.00741710821702355,-0.00749909360327947,-0.00758290570363621,-0.00766868369161453,-0.00775657737332919,-0.00784674818557226,-0.00793937029016088,-0.00803463177426415,-0.00813273596739129,-0.00823390288677631,-0.00833837082404173,-0.00844639808726397,-0.00855826491390355,-0.00867427557150717,-0.00879476066463453,-0.00892007966811336,-0.00905062370847809,-0.00918681861729372,-0.00932912828200198,-0.00947805832193293,-0.0096341601191871,-0.00979803523618179,-0.00997034025373623,-0.010151792065598,-0.0103431736672292,-0.0105453404783997,-0.0107592272405881,-0.0109858555312456,-0.0112263419375043,-0.011481906931727,-0.0117538844901953,-0.0120437324939751,-0.0123530439472686,-0.0126835590430201,-0.0130371780977671,-0.013415975367232,-0.0138222137403738,-0.0142583602919168,-0.0147271026510153,-0.015231366115883,-0.0157743314100109,-0.0163594529340404,-0.0169904773174232,-0.0176714620146255,-0.0184067936207877,-0.019201205500485,-0.0200597942297762,-0.020988034245613,-0.0219917899778898,-0.023077324608592,-0.024251304461196,-0.0255207978743986,-0.0268932672616784,-0.0283765529082285,-0.0299788469178397,-0.0317086556053615,-0.0335747485493106,-0.0355860924909927,-0.0377517683110631,-0.0400808694542929,-0.0425823804326208,-0.0452650344398644,-0.048137149681375,-0.0512064447763409,-0.054479834538933,-0.0579632085839307,-0.0616611965126484,-0.0655769248741057,-0.0697117725977566,-0.0740651330644463,-0.0786341923030794,-0.083413733833025,-0.0883959812671111,-0.0935704898012173,-0.0989240970194399,-0.104440941955828,-0.110102559053567,-0.115888050606543,-0.1217743375988,-0.127736484800529,-0.133748091830133,-0.13978173798766,-0.14580946534836,-0.151803282183116,-0.15773566747681,-0.163580057271814,-0.169311294773612,-0.174906028497979,-0.180343045986192,-0.18560353446339,-0.190671263925708,-0.195532692179307,-0.200176995024611,-0.20459602785536,-0.208784227280049,-0.212738462913166,-0.21645785024223,-0.219943535531884,-0.223198463198019,-0.226227135114908,-0.22903537005282,-0.231630070019112,-0.234018998809811,-0.236210576664318,-0.238213693620444,-0.240037543033555,-0.241691475773772,-0.243184874853761,-0.244527049658609,-0.245727148532159,-0.246794088199536,0,0.00041619478932535,0.000412342338769182,0.00036656455336713,0.00029141379826151,0.000196847572948022,8.97220483548622e-05,-2.53124812916797e-05,-0.000145089550452199,-0.000267437237399665,-0.000390856299759886,-0.000514308172535324,-0.000637073791796658,-0.000758658259326889,-0.000878725532157884,-0.000997053067681386,-0.00111349993343068,-0.00122798413442735,-0.00134046633603539,-0.00145093807903322,-0.00155941318523682,-0.00166592145194751,-0.00177050400317595,-0.00187320984985692,-0.00197409333870516,-0.00207321225848427,-0.00217062643542781,-0.00226639669445058,-0.00236058409508796,-0.00245324937451669,-0.00254445254711527,-0.00263425262260096,-0.00272270741409476,-0.00280987341440132,-0.00289580572398691,-0.00298055801805609,-0.00306418254308875,-0.00314673013545687,-0.00322825025646516,-0.0033087910394809,-0.00338839934584263,-0.00346712082702324,-0.00354499999113739,-0.00362208027236144,-0.0036984041022055,-0.00377401298186997,-0.00384894755514927,-0.00392324768152578,-0.00399695250924226,-0.00407010054825279,-0.00414272974304778,-0.00421487754541903,-0.00428658098729545,-0.00435787675382866,-0.00442880125695233,-0.00449939070967698,-0.00456968120141667,-0.00463970877467516,-0.00470950950345109,-0.00477911957375216,-0.00484857536663827,-0.004917913544248,-0.00498717113929555,-0.00505638564856235,-0.00512559513094862,-0.00519483831069112,-0.00526415468640365,-0.00533358464664593,-0.0054031695927861,-0.00547295206998345,-0.00554297590718789,-0.00561328636712936,-0.00568393030735483,-0.00575495635346279,-0.00582641508579,-0.00589835924091764,-0.00597084392949054,-0.00604392687198274,-0.00611766865419603,-0.00619213300445021,-0.00626738709461137,-0.00634350186731508,-0.00642055239197147,-0.00649861825239777,-0.00657778396920664,-0.00665813946039311,-0.0067397805439114,-0.00682280948641642,-0.00690733560277184,-0.00699347591139213,-0.0070813558510084,-0.00717111006501387,-0.00726288326017624,-0.0073568311471921,-0.00745312147131753,-0.00755193514213885,-0.00765346747245586,-0.00775792953723989,-0.00786554966471052,-0.00797657507274381,-0.00809127366509784,-0.00820993600330826,-0.00833287747158274,-0.00846044065359982,-0.00859299794180014,-0.00873095440154057,-0.00887475091435884,-0.0090248676265584,-0.00918182773135279,-0.00934620161488874,-0.00951861139856532,-0.00969973591214544,-0.00989031613416887,-0.0100911611380559,-0.0103031545839633,-0.010527261797814,-0.0107645374798557,-0.0110161340854509,-0.0112833109203862,-0.0115674439915922,-0.0118700366515141,-0.0121927310701628,-0.0125373205627258,-0.0129057627920917,-0.0133001938542325,-0.0137229432395035,-0.014176549643891,-0.0146637775802999,-0.0151876347102853,-0.0157513897802539,-0.0163585910021051,-0.0170130846654874,-0.0177190337062558,-0.0184809358823065,-0.0193036411228179,-0.0201923675193369,-0.0211527153167732,-0.0221906781393265,-0.0233126505515882,-0.0245254309103644,-0.0258362183113446,-0.0272526022813498,-0.0287825437183653,-0.0304343454470393,-0.0322166106487476,-0.0341381873575537,-0.0362080972044258,-0.0384354466627891,-0.0408293192221944,-0.0433986472182328,-0.0461520625002038,-0.0490977257451989,-0.0522431350441469,-0.0555949153982778,-0.0591585919656198,-0.0629383512600836,-0.0669367959810747,-0.0711547006641724,-0.0755907767912485,-0.0802414572550903,-0.0851007109947483,-0.0901598990521411,-0.0954076831052159,-0.100829996593261,-0.106410086799285,-0.112128633693845,-0.117963948057376,-0.123892247554183,-0.129888005282793,-0.135924361188314,-0.141973582939343,-0.148007559783526,-0.153998310792392,-0.159918487990355,-0.165741855223558,-0.171443725223437,-0.177001339998631,-0.182394183189216,-0.187604217017154,-0.19261604062048,-0.197416970537671,-0.201997047635307,-0.206348977643279,-0.210468014559668,-0.214351797477802,-0.218000151909949,-0.22141486653031,-0.224599455564716,-0.227558915962259,-0.230299487140748,-0.232828419635782,-0.235153757513241,-0.237284138012633,-0.239228610633469,-0.240996476794615,-0.242597150302985,-0.244040038163069,-0.245334440731094,-0.246489469848516,-0.24751398335628,-0.248416534269991,0,0.00124380122866329,0.00121992922877438,0.0011660704957973,0.00108635317768822,0.000988522215726248,0.000878727356322273,0.000761296691042482,0.000639200874891631,0.000514479478403433,0.000388542437007866,0.000262371098514312,0.000136651272520667,1.1862080715172e-05,-0.000111663833886361,-0.000233698853613379,-0.000354091405146514,-0.000472745410389608,-0.000589605530202132,-0.000704646448362226,-0.000817865012609213,-0.000929274421640543,-0.00103889989398903,-0.00114677542133286,-0.00125294132281815,-0.00135744239604857,-0.00146032651592017,-0.00156164357190156,-0.00166144466265115,-0.00175978148735864,-0.00185670588818648,-0.00195226950923547,-0.00204652354567313,-0.00213951856281422,-0.00223130436958176,-0.00232192993430069,-0.00241144333346578,-0.00249989172619849,-0.00258732134870375,-0.00267377752428382,-0.00275930468543647,-0.00284394640532644,-0.00292774543652115,-0.00301074375535599,-0.00309298261067313,-0.00317450257597836,-0.00325534360430429,-0.00333554508526036,-0.0034151459039107,-0.00349418450124706,-0.00357269893613214,-0.00365072694867547,-0.0037283060250782,-0.00380547346404764,-0.00388226644493647,-0.00395872209781217,-0.00403487757570699,-0.00411077012934091,-0.0041864371846512,-0.00426191642350261,-0.00433724586799206,-0.00441246396880474,-0.00448760969811989,-0.00456272264761262,-0.00463784313214601,-0.00471301229980015,-0.00478827224894299,-0.0048636661531081,-0.0049392383945143,-0.00501503470713333,-0.00509110233029463,-0.00516749017390498,-0.00524424899645704,-0.00532143159710991,-0.00539909302324323,-0.00547729079501577,-0.00555608514860557,-0.00563553929996647,-0.00571571973111414,-0.00579669650114664,-0.0058785435844241,-0.0059613392385665,-0.0060451664051954,-0.00613011314663654,-0.00621627312212251,-0.00630374610739338,-0.00639263856198617,-0.00648306424894199,-0.00657514491214039,-0.00666901101700003,-0.00676480256087304,-0.0068626699601007,-0.00696277502140799,-0.00706529200609027,-0.00717040879629498,-0.00727832817363239,-0.00738926922136371,-0.00750346886251774,-0.00762118354748924,-0.00774269110596476,-0.00786829277942657,-0.00799831545198448,-0.00813311409889747,-0.00827307447385767,-0.0084186160579229,-0.00857019529488891,-0.00872830913987964,-0.0088934989499845,-0.00906635474786618,-0.00924751989136396,-0.00943769618419205,-0.00963764946482074,-0.00984821571246526,-0.0100703077107118,-0.0103049223105669,-0.0105531483355087,-0.0108161751712725,-0.0110953020824385,-0.0113919482961599,-0.0117076638903079,-0.0120441415185714,-0.0124032289982513,-0.0127869427771649,-0.0131974822836929,-0.0136372451479448,-0.0141088432615857,-0.0146151196182705,-0.0151591658449882,-0.0157443402959802,-0.0163742865342317,-0.017052951969782,-0.0177846063581999,-0.0185738597855009,-0.0194256796766976,-0.0203454062634182,-0.0213387658314052,-0.0224118809415259,-0.023571276679363,-0.0248238818407011,-0.0261770238069288,-0.0276384157108776,-0.0292161343474439,-0.0309185871544792,-0.0327544664907459,-0.0347326893851093,-0.0368623209435753,-0.0391524797000968,-0.0416122234072643,-0.0442504141090106,-0.0470755618433479,-0.050095647009447,-0.0533179223136734,-0.056748696286099,-0.0603931016195424,-0.0642548529942006,-0.0683360005551286,-0.0726366867232953,-0.0771549154331148,-0.0818863440665551,-0.0868241091471795,-0.0919586971151144,-0.0972778710885464,-0.102766663325795,-0.108407441086214,-0.114180050773384,-0.120062041740844,-0.126028967147214,-0.132054755039752,-0.138112138753706,-0.144173132090514,-0.150209531911766,-0.156193429026722,-0.162097707729975,-0.167896515112361,-0.173565683244511,-0.179083090323523,-0.184428950594632,-0.189586026974287,-0.194539764461463,-0.19927834631204,-0.203792678308746,-0.208076309108478,-0.212125296498692,-0.215938030435896,-0.219515024031704,-0.222858683304804,-0.22597306566942,-0.228863635931728,-0.231537027159013,-0.234000812299388,-0.236263290966338,-0.238333294439716,-0.240220010725037,-0.241932830484903,-0.243481213820293,-0.244874577230763,-0.246122199607152,-0.247233145787323,-0.248216206011474,-0.249079849524274,-0.249832190563641,0,0.00206990377424129,0.00202102811170062,0.00195340402301961,0.00186490881100585,0.0017609464343815,0.00164658966690141,0.00152554241806471,0.00140036840338711,0.0012728319787158,0.00114415704691116,0.00101520151504812,0.000886571959885424,0.000758699359549586,0.000631889884368818,0.000506359600039197,0.000382258629335462,0.000259688276072839,0.000138713359738932,1.93712303931184e-05,-9.832155735498e-05,-0.000214364247328798,-0.000328768103503005,-0.000441553529083857,-0.000552747854188365,-0.000662383627027849,-0.000770497287939931,-0.00087712813705907,-0.000982317528953204,-0.00108610824391111,-0.00118854399756256,-0.00128966905941071,-0.00138952795752079,-0.00148816525164326,-0.00158562536089221,-0.00168195243504961,-0.00177719026085307,-0.00187138219640781,-0.00196457112826372,-0.0020567994468022,-0.00214810903645994,-0.00223854127801176,-0.00232813706070214,-0.0024169368024665,-0.00250498047684969,-0.00259230764552858,-0.00267895749559016,-0.00276496888091643,-0.00285038036719391,-0.00293523028020364,-0.00301955675716432,-0.00310339780100032,-0.00318679133748994,-0.00326977527532566,-0.00335238756918282,-0.00343466628595323,-0.00351664967435663,-0.00359837623819337,-0.00367988481355407,-0.00376121465035154,-0.0038424054985883,-0.00392349769982812,-0.00400453228438824,-0.00408555107482853,-0.0041665967963701,-0.00424771319493955,-0.00432894516360199,-0.00441033887821973,-0.00449194194325123,-0.00457380354869081,-0.00465597463924541,-0.00473850809694397,-0.00482145893849083,-0.00490488452879517,-0.00498884481224697,-0.0050734025634577,-0.00515862365934982,-0.00524457737466123,-0.00533133670313175,-0.00541897870686046,-0.00550758489656979,-0.00559724164578127,-0.00568804064221004,-0.00578007938001658,-0.00587346169692048,-0.0059682983605862,-0.00606470770913927,-0.00616281635116367,-0.00626275993107775,-0.00636468396638296,-0.00646874476394203,-0.0065751104231668,-0.00668396193479087,-0.00679549438477442,-0.00690991827383822,-0.00702746096416395,-0.00714836826592608,-0.00727290617754518,-0.0074013627948798,-0.00753405040599926,-0.00767130778971625,-0.00781350273769472,-0.00796103482169163,-0.00811433842933218,-0.00827388609375022,-0.00844019214443422,-0.00861381670868931,-0.00879537009522865,-0.00898551759351144,-0.00918498472450437,-0.00939456298050241,-0.0096151160934299,-0.00984758687256622,-0.0100930046537832,-0.0103524934030133,-0.0106272805166117,-0.0109187063603324,-0.0112282345865546,-0.0115574632658824,-0.0119081368639433,-0.0122821590867136,-0.012681606607528,-0.0131087436755113,-0.0135660375878762,-0.0140561749866177,-0.0145820789127927,-0.0151469265178884,-0.015754167290783,-0.0164075416094285,-0.0171110993675781,-0.0178692183575708,-0.0186866220093933,-0.0195683959931434,-0.0205200030861084,-0.0215472955868301,-0.0226565244273487,-0.0238543439926998,-0.0251478115063197,-0.0265443796853924,-0.0280518812173411,-0.0296785034658776,-0.0314327516931384,-0.0333233989972798,-0.0353594211293783,-0.0375499143895824,-0.0399039949328776,-0.042430678064121,-0.0451387364952528,-0.0480365370982268,-0.0511318564342149,-0.0544316762838496,-0.0579419615430977,-0.0616674241661342,-0.0656112782900144,-0.0697749932004897,-0.0741580523012814,-0.0787577276116666,-0.0835688803990571,-0.0885837992020601,-0.0937920865649793,-0.0991806051568072,-0.104733492497387,-0.110432251233007,-0.116255918844104,-0.122181316967701,-0.128183376402068,-0.134235529628566,-0.140310158679264,-0.146379082750474,-0.15241406743024,-0.158387336015293,-0.164272063276093,-0.170042833197102,-0.17567604455577,-0.181150251479727,-0.186446430029409,-0.191548166045327,-0.196441763630824,-0.201116277407898,-0.20556347484985,-0.209777737408373,-0.213755910749914,-0.217497115211575,-0.221002527658833,-0.224275145398093,-0.227319541811923,-0.230141622093991,-0.232748386004838,-0.235147703069868,-0.237348104193268,-0.239358592335608,-0.241188473742941,-0.2428472102438,-0.244344292352305,-0.245689132322615,-0.246890975874975,-0.2479588310347,-0.248901412368269,-0.249727098841247,-0.250443903538301,-0.251059453556189,0,0.00288866437261125,0.002812891304665,0.00272712495418487,0.00262627981323854,0.0025136861418425,0.00239309702033925,0.00226734375694432,0.0021384017833415,0.00200763688080653,0.00187600378045513,0.00174418034110185,0.00161265472956703,0.00148178219208346,0.0013518226782071,0.00122296635748533,0.00109535135032535,0.00096907634055958,0.000844209742667454,0.000720796494527304,0.000598863176532557,0.000478421926133933,0.000359473468696518,0.000242009488826259,0.000126014501851845,1.14673413164901e-05,-0.000101657652048767,-0.000213389675837158,-0.000323760697327667,-0.000432804833294879,-0.000540557849184539,-0.000647056754825487,-0.000752339478601705,-0.000856444605670165,-0.000959411168657567,-0.00106127848150762,-0.00116208600892083,-0.00126187326524685,-0.00136067973782496,-0.0014585448306887,-0.00155550782529909,-0.0016516078555818,-0.00174688389504393,-0.00184137475416189,-0.00193511908657191,-0.00202815540287979,-0.00212052209114483,-0.0022122574432917,-0.00230339968687279,-0.00239398702174773,-0.00248405766136893,-0.00257364987847006,-0.002662802055047,-0.00275155273660561,-0.0028399406907243,-0.00292800497005115,-0.00301578497991768,-0.00310332055081497,-0.00319065201603724,-0.00327782029485764,-0.00336486698166032,-0.00345183444151433,-0.00353876591273629,-0.00362570561705625,-0.00371269887806926,-0.00379979224872738,-0.00388703364870902,-0.00397447251258243,-0.00406215994977572,-0.00415014891746208,-0.00423849440757787,-0.0043272536493098,-0.00441648632851446,-0.00450625482567688,-0.00459662447416883,-0.00468766384073897,-0.00477944503035482,-0.0048720440177248,-0.00496554100805642,-0.00506002082986053,-0.00515557336289012,-0.00525229400461221,-0.00535028417894862,-0.00544965189140328,-0.0055505123351044,-0.00565298855275285,-0.00575721215997173,-0.00586332413611172,-0.00597147568918138,-0.0060818292022459,-0.00619455926938251,-0.00630985383009285,-0.00642791541196418,-0.00654896249234676,-0.00667323099087198,-0.00680097590579531,-0.00693247310839439,-0.0070680213110083,-0.00720794422575986,-0.0073525929325641,-0.00750234847669487,-0.00765762471795225,-0.00781887145534012,-0.00798657785312029,-0.00816127619613941,-0.00834354600440722,-0.00853401853901452,-0.00873338173357862,-0.00894238558744281,-0.00916184805877846,-0.0093926614974601,-0.00963579965901532,-0.00989232534196448,-0.0101633986913211,-0.0104502862107348,-0.0107543705245133,-0.0110771609282924,-0.0114203047631256,-0.0117855996418609,-0.0121750065484392,-0.0125906638196662,-0.013034902004501,-0.0135102595772979,-0.0140194994579694,-0.0145656262628633,-0.0151519041743354,-0.0157818752735296,-0.0164593781287108,-0.0171885663695307,-0.0179739269048068,-0.018820297356808,-0.0197328821879117,-0.0207172668854229,-0.0217794294473894,-0.0229257482772117,-0.0241630054494833,-0.0254983841568367,-0.0269394589922639,-0.0284941775700723,-0.0301708318503571,-0.0319780174183906,-0.0339245788964374,-0.0360195396491313,-0.0382720140056506,-0.0406911003859646,-0.043285754009431,-0.0460646383069433,-0.0490359547752374,-0.0522072518208924,-0.0555852141496437,-0.0591754354576002,-0.0629821785499772,-0.0670081285021912,-0.0712541460135692,-0.0757190295840879,-0.0803992964427398,-0.0852889931263667,-0.0903795470958285,-0.0956596706351118,-0.101115327387927,-0.106729770172669,-0.112483656175191,-0.11835524232734,-0.124320659804656,-0.13035426237033,-0.136429039071562,-0.142517077911547,-0.14859006392357,-0.154619792864317,-0.160578680735699,-0.16644024963694,-0.172179572010353,-0.177773658019539,-0.183201774328868,-0.188445686610911,-0.193489822340676,-0.198321354504008,-0.202930210465166,-0.207309013193787,-0.21145296421952,-0.215359679025534,-0.219028986147214,-0.222462701104962,-0.225664385602855,-0.228639101317799,-0.231393166236436,-0.233933920005546,-0.236269503260344,-0.23840865447192,-0.240360526571775,-0.242134524504938,-0.243740163949841,-0.245186950723028,-0.246484279848261,-0.247641352893402,-0.248667111941355,-0.249570188438759,-0.250358865134069,-0.251041049353156,-0.251624255946315,-0.252115598359291,0,0.00369469642848871,0.00359193268412476,0.00348497464869062,0.00336905395544212,0.00324587552088088,0.00311773472959699,0.00298640609838216,0.00285313755506053,0.0027188014886386,0.00258401993432686,0.00244924765989662,0.00231482464993322,0.00218100935202712,0.00204800025941451,0.00191595040846472,0.00178497748669532,0.00165517114089719,0.00152659843702279,0.00139930805489819,0.00127333358522516,0.00114869616792672,0.00102540663265878,0.000903467253418465,0.000782873197748488,0.000663613730211121,0.00054567321557291,0.000429031957103268,0.000313666898098149,0.000199552209287884,8.66597806162342e-05,-2.50403673934807e-05,-0.000135579740072049,-0.000244991082330864,-0.000353308140898442,-0.000460565467705142,-0.000566798258239062,-0.000672042219680966,-0.000776333464459343,-0.000879708425561829,-0.000982203790530933,-0.00108385645156802,-0.00118470346959501,-0.00128478205047933,-0.00138412953193535,-0.00148278337987473,-0.00158078119320357,-0.00167816071625407,-0.00177495985820684,-0.00187121671900307,-0.00196696962137345,-0.00206225714872291,-0.00215711818870978,-0.00225159198245069,-0.00234571817936405,-0.00243953689774393,-0.00253308879123072,-0.00262641512141351,-0.00271955783687093,-0.00281255965902449,-0.00290546417524878,-0.00299831593975323,-0.0030911605828227,-0.0031840449290808,-0.00327701712552105,-0.00337012678013322,-0.00346342511204595,-0.00355696511420139,-0.00365080172968531,-0.00374499204294741,-0.00383959548727103,-0.00393467406998722,-0.0040302926170742,-0.00412651903894385,-0.00422342461939706,-0.00432108432992032,-0.00441957717171365,-0.00451898654807383,-0.00461940067001853,-0.00472091299832347,-0.00482362272546253,-0.00492763530129048,-0.0050330630066939,-0.00514002557986448,-0.00524865090031747,-0.00535907573629803,-0.00547144656179086,-0.00558592044997622,-0.00570266605066952,-0.00582186466003994,-0.00594371139173738,-0.00606841645946825,-0.00619620658205581,-0.00632732652310652,-0.00646204077857995,-0.00660063542683979,-0.00674342015714138,-0.00689073049399512,-0.00704293023643688,-0.00720041413292927,-0.00736361081441884,-0.00753298600996347,-0.00770904607132376,-0.0078923418349593,-0.00808347285196303,-0.00828309201857815,-0.00849191064203036,-0.00871070397842016,-0.00894031728129475,-0.00918167240116903,-0.00943577497758921,-0.00970372226620248,-0.00998671164355593,-0.0102860498318044,-0.0106031628839331,-0.0109396069672178,-0.0112970799781253,-0.0116774340153109,-0.012082688728342,-0.0125150455477344,-0.0129769027862225,-0.0134708715811945,-0.0139997926231194,-0.0145667535837059,-0.015175107119489,-0.0158284892805268,-0.0165308380988162,-0.0172864120658418,-0.0180998081322946,-0.0189759787745725,-0.0199202475714934,-0.0209383226204537,-0.0220363069953042,-0.0232207053095391,-0.024498425300125,-0.0258767731929053,-0.0273634414552321,-0.0289664873926382,-0.0306943009138208,-0.0325555596846501,-0.0345591698331326,-0.0367141903721779,-0.039029739597505,-0.0415148819182313,-0.0441784939129313,-0.0470291088988426,-0.0500747399777993,-0.053322682394103,-0.0567792971108503,-0.0604497787708221,-0.0643379126244069,-0.0684458265244454,-0.0727737456236675,-0.077319758854557,-0.0820796074899873,-0.0870465069252674,-0.0922110131336338,-0.0975609448858918,-0.103081371682082,-0.108754675364347,-0.114560690584588,-0.120476925793442,-0.126478862393543,-0.132540325435554,-0.138633915063524,-0.144731484194574,-0.15080464498659,-0.156825284786357,-0.162766071641068,-0.168600930157883,-0.174305470437556,-0.179857355797273,-0.185236598748638,-0.190425778867376,-0.195410180426771,-0.200177851639867,-0.204719590798864,-0.209028867328099,-0.213101687682251,-0.216936417111225,-0.220533568635913,-0.223895570244729,-0.227026520470825,-0.229931941296511,-0.232618535902268,-0.2350939572635,-0.237366592105549,-0.239445363336631,-0.241339552842749,-0.243058645478451,-0.244612194233102,-0.246009705889809,-0.247260546008718,-0.248373861736898,-0.249358520749507,-0.250223064536442,-0.25097567424179,-0.251624147318729,-0.252175883361588,-0.252637877604342,-0.253016720718339,0,0.00448330158190328,0.00435402772780177,0.00422406690673682,0.00409133100396265,0.0039562974276634,0.00381973722333379,0.00368225362233573,0.003544279266703,0.00340613397769061,0.00326806791401649,0.00313028633342702,0.00299296265910765,0.00285624530983361,0.00272026148837781,0.00258511958265098,0.00245091097239933,0.00231771159215661,0.00218558338766713,0.00205457570663586,0.00192472662563423,0.00179606420264683,0.00166860764388786,0.00154236837686661,0.00141735102595772,0.00129355429056312,0.0011709717289084,0.0010495924525641,0.000929401738036628,0.000810381562418874,0.000692511070273516,0.000575766978792795,0.000460123927936783,0.00034555478179002,0.000232030886840449,0.000119522292332919,7.9979372969094e-06,-0.00010257419168011,-0.000212226928355638,-0.00032099381728587,-0.000428909024120488,-0.00053600726339522,-0.000642323741812154,-0.000747894115290484,-0.000852754458331197,-0.000956941244467442,-0.00106049133677735,-0.00116344198761442,-0.00126583084687008,-0.00136769597822627,-0.00146907588298249,-0.00157000953115691,-0.00167053639966722,-0.00177069651749302,-0.00187053051781193,-0.00197007969718814,-0.00206938608197303,-0.00216849250215743,-0.00226744267299388,-0.00236628128478512,-0.00246505410131462,-0.00256380806747565,-0.00266259142673932,-0.00276145384918876,-0.00286044657093951,-0.00295962254586277,-0.00305903661063146,-0.0031587456642219,-0.0032588088631223,-0.0033592878336299,-0.00346024690275887,-0.00356175334943577,-0.00366387767782556,-0.0037666939148156,-0.00387027993388686,-0.00397471780782165,-0.00408009419294197,-0.00418650074783958,-0.00429403458985517,-0.00440279879288989,-0.00451290293049193,-0.00462446366855753,-0.00473760541242296,-0.00485246101360854,-0.0049691725420045,-0.00508789212987768,-0.00520878289471931,-0.00533201994866542,-0.00545779150299681,-0.00558630007707785,-0.005717763822026,-0.00585241797041935,-0.00599051642445864,-0.00613233349620237,-0.00627816581479537,-0.00642833441701839,-0.00658318703899635,-0.00674310062851945,-0.00690848409915481,-0.00707978134914693,-0.00725747457002247,-0.0074420878718104,-0.00763419125384874,-0.00783440495225056,-0.00804340419720581,-0.00826192441536875,-0.00849076691455641,-0.00873080508980346,-0.00898299119138261,-0.00924836369660538,-0.00952805532792577,-0.00982330175991489,-0.0101354510568512,-0.0104659738807419,-0.0108164745062599,-0.0111887026739986,-0.0115845663062159,-0.0120061450993647,-0.0124557049946474,-0.0129357135109439,-0.0134488559030157,-0.0139980520810728,-0.0145864741946964,-0.0152175647437564,-0.0158950550302987,-0.0166229837073233,-0.0174057151118487,-0.0182479569896648,-0.0191547771268544,-0.0201316182979476,-0.0211843108223232,-0.0223190818896392,-0.0235425606730379,-0.0248617780980809,-0.0262841599798317,-0.0278175120860322,-0.0294699955389896,-0.0312500908433068,-0.0331665487345823,-0.0352283260024599,-0.0374445044698369,-0.0398241914313371,-0.0423764000930651,-0.0451099089375749,-0.0480330994869324,-0.051153772672547,-0.054478944955059,-0.0580146264708215,-0.0617655847963563,-0.0657350993800335,-0.0699247132272125,-0.0743339899497799,-0.0789602856852204,-0.083798546513437,-0.0888411426975932,-0.0940777511949254,-0.099495297290251,-0.10507796480399,-0.110807282084017,-0.116662287951162,-0.122619778065259,-0.128654628034533,-0.134740185303388,-0.140848717768926,-0.146951903553172,-0.153021343723414,-0.159029078261269,-0.164948085378822,-0.170752745386103,-0.176419252617173,-0.181925962196256,-0.187253662361393,-0.1923857673087,-0.197308429723215,-0.202010576009588,-0.206483870482933,-0.210722617267947,-0.214723610312894,-0.21848594276575,-0.2220107870601,-0.225301156541052,-0.228361658474174,-0.231198246976516,-0.233817982932193,-0.236228806430067,-0.238439325786746,-0.240458625866151,-0.242296097223271,-0.243961286607909,-0.245463768569436,-0.246813037297764,-0.248018417401627,-0.249088992040323,-0.250033546664566,-0.250860526561444,-0.251578006414424,-0.252193670161524,-0.252714799545453,-0.25314826988441,-0.253500551739729,-0.253777717307921,0,0.00525031262536711,0.00509473568247574,0.00494109664177629,0.00479087369978088,0.00464348551187503,0.00449815509324649,0.00435427219420391,0.00421142392507638,0.00406935868454232,0.00392794297026482,0.00378712465650246,0.00364690483582245,0.00350731729312441,0.00336841403494338,0.00323025537126082,0.0030929033146484,0.00295641734510611,0.00282085183260685,0.00268625460185527,0.00255266626946568,0.0024201200913393,0.00228864213623105,0.00215825165775946,0.0020289615772701,0.0019007790184343,0.00177370585451773,0.00164773924327387,0.00152287213413689,0.00139909373904504,0.00127638996272263,0.00115474379121731,0.00103413563939306,0.000914543659244697,0.000795944011553903,0.000678311103721137,0.000561617796692726,0.00044583558384171,0.000330934744510777,0.000216884474724031,0.000103652997346805,-8.79234626034037e-06,-0.000120485021280835,-0.00023145923958269,-0.000341749913577716,-0.000451392622609591,-0.000560423590859178,-0.000668879675920123,-0.000776798367344643,-0.000884217794598137,-0.000991176743987056,-0.00109771468423911,-0.00120387180052542,-0.00130968903681382,-0.00141520814654017,-0.00152047175167656,-0.00162552341036467,-0.00173040769337127,-0.00183517026970939,-0.00193985800185717,-0.00204451905109482,-0.00214920299357368,-0.00225396094782272,-0.00235884571450085,-0.00246391192930458,-0.00256921623005364,-0.00267481743909319,-0.00278077676227891,-0.00288715800594783,-0.00299402781342378,-0.00310145592276831,-0.00320951544766061,-0.0033182831834818,-0.00342783994088622,-0.0035382709093721,-0.00364966605361329,-0.00376212054559281,-0.00387573523587964,-0.00399061716772725,-0.00410688013804204,-0.00422464530967404,-0.00434404187993537,-0.00446520781074149,-0.00458829062631934,-0.00471344828502445,-0.00484085013246734,-0.00497067794387708,-0.00510312706442242,-0.00523840765708252,-0.00537674606861063,-0.0055183863251737,-0.00566359177037918,-0.00581264685962871,-0.0059658591260647,-0.0061235613348074,-0.00628611384371593,-0.00645390719055115,-0.00662736492816331,-0.00680694673117384,-0.00699315179955588,-0.0071865225865313,-0.0073876488802715,-0.00759717227099065,-0.00781579103711643,-0.00804426548627033,-0.00828342378872305,-0.0085341683427431,-0.00879748271272308,-0.00907443918204117,-0.00936620696314167,-0.00967406110712859,-0.0099993921540395,-0.0103437165626524,-0.0107086879548621,-0.0110961092039857,-0.0115079453883843,-0.0119463376210236,-0.0124136177514579,-0.0129123239185387,-0.0134452169091797,-0.0140152972498947,-0.0146258229226454,-0.0152803275537768,-0.0159826388734218,-0.0167368971816304,-0.0175475734855645,-0.0184194868884193,-0.0193578207145153,-0.0203681367457773,-0.0214563868226038,-0.0226289209276416,-0.0238924907258685,-0.0252542473815576,-0.0267217323166559,-0.0283028594223251,-0.0300058870947079,-0.031839378348977,-0.033812147186989,-0.0359331893711781,-0.0382115958115295,-0.0406564469270361,-0.0432766866231291,-0.0460809749574611,-0.0490775191712654,-0.0522738835601963,-0.055676779655889,-0.0592918393826611,-0.0631233752196619,-0.0671741328913463,-0.0714450436560901,-0.0759349847640416,-0.0806405579848907,-0.0855558971178903,-0.0906725159343149,-0.0959792079164421,-0.10146200832203,-0.107104227440537,-0.112886561405423,-0.118787283657077,-0.124782516275195,-0.130846576165762,-0.136952386813414,-0.143071942350485,-0.149176807404356,-0.155238633874869,-0.161229674688548,-0.167123274784983,-0.17289432109105,-0.178519635880841,-0.183978301446694,-0.189251908091042,-0.194324721731596,-0.199183771548494,-0.203818861795948,-0.208222514932719,-0.212389855463776,-0.216318445286405,-0.220008081932045,-0.223460570984717,-0.226679483271374,-0.229669906310969,-0.232438198129923,-0.234991750041294,-0.237338763460637,-0.239488044383901,-0.241448817845567,-0.243230563546903,-0.244842872912113,-0.246295327094656,-0.247597394905613,-0.248758349251183,-0.249787200423625,-0.250692644464108,-0.251483024782608,-0.252166305256692,-0.252750053118023,-0.253241430056178,-0.253647190110188,-0.253973683068619,-0.25422686225091,-0.254412295690223,0,0.00599169306993041,0.00580945677003974,0.00563255722941103,0.00546527665658064,0.00530584073122264,0.0051519322300966,0.00500175919746557,0.00485409329229092,0.00470813487416919,0.00456338350347212,0.00441954095737476,0.00427644317962516,0.00413401353980788,0.00399223099657806,0.00385110852699753,0.00371067860175252,0.00357098349518983,0.00343206891323083,0.00329397989578345,0.00315675827371678,0.0030204411823222,0.00288506028612892,0.00275064147587537,0.00261720487210848,0.00248476502126228,0.00235333120597649,0.00222290781652092,0.00209349474773412,0.00196508779811012,0.00183767905615151,0.00171125726495501,0.00158580815998716,0.00146131477769369,0.0013377577343568,0.00121511547574711,0.0010933644988073,0.000972479546991131,0.000852433781062895,0.000733198927206934,0.000614745404252146,0.000497042431719434,0.000380058120266619,0.000263759545958739,0.000148112809636967,3.30830825051656e-05,-8.13653610977211e-05,-0.000195269122914843,-0.00030866567129114,-0.000421593342437021,-0.000534091352000457,-0.000646199816627474,-0.000757959785301035,-0.00086941328035315,-0.000980603348147625,-0.00109157411952771,-0.00120237088022263,-0.00131304015149931,-0.00142362978144656,-0.00153418904737139,-0.00164476876989129,-0.00175542143940544,-0.00186620135573649,-0.00197716478184513,-0.00208837011263797,-0.00219987806001419,-0.00231175185542924,-0.00242405747139821,-0.00253686386351483,-0.00265024323472948,-0.00276427132381052,-0.00287902772011197,-0.00299459620698435,-0.00311106513640366,-0.00322852783765101,-0.0033470830631603,-0.0034668354749645,-0.00358789617551433,-0.00371038328702276,-0.00383442258390609,-0.00396014818335287,-0.00408770329955739,-0.0042172410677129,-0.00434892544447402,-0.00448293219227174,-0.00461944995560482,-0.00475868143824459,-0.00490084469117946,-0.00504617452209594,-0.0051949240382541,-0.00534736633576666,-0.00550379634954116,-0.00566453287949634,-0.00582992081011894,-0.00600033354198887,-0.00617617565556772,-0.00635788582931496,-0.00654594003606289,-0.00674085504353414,-0.00694319224691045,-0.00715356186343775,-0.00737262752114887,-0.00760111127586692,-0.00783979909266482,-0.00808954682984195,-0.00835128676514706,-0.00862603470533995,-0.00891489772110006,-0.00921908254962459,-0.00953990470680472,-0.00987879834941629,-0.0102373269250264,-0.010617194642986,-0.0110202587935564,-0.0114485429334668,-0.0119042509444818,-0.0123897819562819,-0.0129077461054192,-0.0134609810775353,-0.0140525693495401,-0.0146858560110964,-0.015364466999507,-0.0160923275278874,-0.0168736804222342,-0.017713104007631,-0.0186155290964408,-0.0195862545312143,-0.0206309606218677,-0.0217557196906497,-0.022967002800491,-0.0242716815945277,-0.0256770240202375,-0.0271906825558178,-0.0288206734062949,-0.0305753450020447,-0.0324633340253891,-0.034493507127286,-0.0366748864945884,-0.0390165575106524,-0.0415275569423374,-0.0442167404101038,-0.0470926283798984,-0.0501632305777812,-0.0534358495863725,-0.0569168654413724,-0.0606115042967469,-0.0645235956389854,-0.0686553240503283,-0.073006983067183,-0.0775767401446394,-0.0823604229878166,-0.0873513383949487,-0.0925401351193846,-0.0979147219530783,-0.103460251149265,-0.109159175376541,-0.114991383642902,-0.120934418145318,-0.126963769977872,-0.133053247341695,-0.139175405676333,-0.1453020253356,-0.151404619408123,-0.157454952322155,-0.163425549168433,-0.169290176293196,-0.175024275593458,-0.180605337901763,-0.186013204594378,-0.191230290751522,-0.196241727481262,-0.201035425055666,-0.205602062023695,-0.209935008266214,-0.214030191940526,-0.217885921407149,-0.221502673595671,-0.224882859958543,-0.228030580323553,-0.230951373741955,-0.233651973989927,-0.236140075849844,-0.238424116784377,-0.240513077203149,-0.242416301264082,-0.244143339081275,-0.245703810339501,-0.247107288638609,-0.248363205394424,-0.249480771785145,-0.250468917029156,-0.251336241186486,-0.252090980667824,-0.252740984690272,-0.253293701019111,-0.253756169463998,-0.254135021743648,-0.254436486485345,-0.254666398277294,-0.254830209837658,-0.254933006500662,0,0.00670308946786335,0.00649356407132495,0.00629496236194621,0.00611214327526972,0.00594175406557593,0.00577998722005568,0.00562397631566185,0.00547176732492783,0.00532207715309241,0.00517408269441379,0.00502726930501803,0.00488132733574036,0.00473608236886644,0.00459144823006291,0.00444739528957551,0.00430392906094904,0.00416107577590963,0.0040188727117992,0.00387736177024608,0.00373658528496131,0.00359658335775973,0.0034573922394049,0.00331904342050478,0.00318156320005224,0.00304497257016287,0.00290928730499877,0.00277451817643336,0.0026406712432358,0.00250774817754485,0.00237574660430839,0.00224466043769448,0.00211448020427706,0.00198519334681121,0.00185678450516029,0.00172923577279553,0.00160252692851488,0.00147663564382008,0.00135153766687224,0.00122720698421738,0.00110361596160007,0.000980735465213961,0.000858534964699793,0.000736982619130154,0.000616045347114881,0.000495688882050239,0.000375877813410856,0.000256575614860484,0.000137744659834002,1.93462251241797e-05,-9.8659517113367e-05,-0.000216313518635505,-0.000333657885477553,-0.000450735919327955,-0.000567592169935904,-0.00068427249868093,-0.000800824153536793,-0.000917295855766657,-0.00103373789879167,-0.00115020225978273,-0.00126674272463443,-0.00138341502709555,-0.00150027700294863,-0.00161738876025662,-0.00173481286682646,-0.0018526145561808,-0.00197086195347812,-0.00208962632298422,-0.00220898233887097,-0.00232900838130823,-0.00244978686001789,-0.00257140456768445,-0.00269395306585797,-0.0028175291062547,-0.00294223509065167,-0.00306817957289398,-0.00319547780688705,-0.00332425234483419,-0.00345463369040933,-0.0035867610120244,-0.00372078292187122,-0.00385685832698699,-0.00399515735922142,-0.00413586239167227,-0.00427916914991387,-0.00442528792717155,-0.00457444491350386,-0.00472688365004474,-0.00488286662043903,-0.00504267699277711,-0.00520662052660918,-0.00537502766099226,-0.00554825580100297,-0.00572669182173441,-0.00591075481048307,-0.00610089906962515,-0.00629761740456247,-0.00650144472308972,-0.00671296197456438,-0.00693280045934024,-0.00716164654101099,-0.00740024679606997,-0.00764941363756367,-0.00791003145113919,-0.00818306328346612,-0.0084695581242484,-0.00877065882379471,-0.00908761068822744,-0.00942177079367801,-0.00977461805900229,-0.0101477641133704,-0.0105429649901922,-0.0109621336718395,-0.011407353500036,-0.0118808924540683,-0.0123852182824902,-0.0129230144530245,-0.0134971968591132,-0.014110931189126,-0.0147676508246223,-0.0154710750862486,-0.0162252275887377,-0.0170344543989927,-0.0179034416123724,-0.018837231871158,-0.0198412392452047,-0.0209212617777308,-0.0220834908695215,-0.023334516533754,-0.0246813274035631,-0.0261313042192129,-0.027692205366952,-0.0293721428951932,-0.0311795473060427,-0.0331231193247883,-0.0352117668032896,-0.0374545249349765,-0.0398604580718919,-0.0424385416625915,-0.0451975231992185,-0.0481457615970527,-0.0512910451506795,-0.0546403891305365,-0.0581998152030583,-0.0619741161615515,-0.0659666109066271,-0.0701788961526818,-0.0746106028711443,-0.0792591668954325,-0.0841196242671338,-0.0891844426437464,-0.0944434002605001,-0.0998835234045807,-0.105489092019939,-0.111241720874718,-0.117120520728944,-0.123102340264323,-0.129162085397568,-0.135273108287792,-0.141407654213698,-0.147537350899041,-0.153633722139176,-0.159668705990616,-0.165615157486429,-0.171447316862281,-0.177141226518195,-0.182675083179685,-0.188029515651558,-0.193187782824649,-0.198135890843046,-0.202862632247417,-0.20735955322627,-0.211620857664879,-0.21564325840444,-0.219425787018653,-0.222969573555684,-0.226277607202433,-0.229354487853413,-0.232206177263415,-0.234839756978137,-0.23726319869699,-0.23948515122909,-0.241514746830974,-0.243361428510668,-0.245034798872167,-0.246544490263285,-0.247900055370474,-0.249110876959435,-0.250186095167538,-0.251134550588181,-0.251964741323189,-0.252684792193767,-0.253302434372321,-0.253824993808876,-0.254259386961968,-0.25461212249316,-0.254889307737614,-0.255096658913968,-0.255239514180372,-0.255322848777016,-0.255351291617055,0,0.00737945931784723,0.0071425601044983,0.00692507019344732,0.0067292605440086,0.00654972676953916,0.00638129282757687,0.00622020105914126,0.00606391692005293,0.00591077561494394,0.00575970016744046,0.00561000544815881,0.00546126667527033,0.00531323167568067,0.00516576213915555,0.00501879407328379,0.00487231106796329,0.00472632618360615,0.00458086969437035,0.0044359808339858,0.00429170229118371,0.00414807659907269,0.00400514382951292,0.00386294018459854,0.00372149720149043,0.0035808413726424,0.00344099404317069,0.00330197148888289,0.00316378510781291,0.00302644167875649,0.00288994365485933,0.00275428947056459,0.0026194738474502,0.00248548808954453,0.00235232036224488,0.00221995595140465,0.00208837750083068,0.00195756522755441,0.00182749711498048,0.00169814908448303,0.00156949514629261,0.00144150753066356,0.00131415680036039,0.00118741194549479,0.00106124046169279,0.000935608412495847,0.000810480476805209,0.000685819982074773,0.000561588923851192,0.000437747972144874,0.000314256465007809,0.000191072389577746,6.81523507418957e-05,-5.45484725415005e-05,-0.000177076383332475,-0.000299479235389824,-0.000421806514733829,-0.000544109434494615,-0.00066644104356281,-0.000788856349679054,-0.000911412457717448,-0.00103416872404727,-0.00115718692798667,-0.00128053146150392,-0.00140426953846876,-0.00152847142491278,-0.00165321069192874,-0.00177856449301779,-0.00190461386789199,-0.00203144407494871,-0.00215914495486842,-0.0022878113280359,-0.0024175434287619,-0.00254844737958279,-0.00268063570924738,-0.00281422791836175,-0.00294935109706268,-0.00308614059952865,-0.00322474078062025,-0.00336530580047262,-0.00350800050344573,-0.00365300137848101,-0.00380049760861605,-0.00395069221818332,-0.00410380332706412,-0.00426006552229546,-0.00441973135833791,-0.00458307299841279,-0.00475038401051196,-0.00492198133297765,-0.0050982074259473,-0.00527943262645833,-0.00546605772661501,-0.00565851679593024,-0.00585728027076226,-0.00606285833566828,-0.00627580462347373,-0.00649672026289436,-0.00672625830462072,-0.00696512855884563,-0.00721410287924423,-0.00747402093033829,-0.00774579647692597,-0.0080304242357353,-0.00832898733055554,-0.0086426653926677,-0.00897274334826799,-0.00932062093353647,-0.00968782297580557,-0.0100760104756171,-0.0104869925189711,-0.0109227390413368,-0.0113853944545278,-0.0118772921337592,-0.0124009697444577,-0.0129591853659353,-0.0135549343410256,-0.0141914667463098,-0.0148723053356104,-0.0156012637589643,-0.016382464799209,-0.0172203582975593,-0.018119738357151,-0.0190857593186646,-0.0201239498943386,-0.021240224725904,-0.0224408924988531,-0.0237326596015812,-0.0251226281660661,-0.0266182871712478,-0.0282274951374077,-0.0299584527982506,-0.0318196640183744,-0.0338198831417004,-0.0359680469287175,-0.0382731892876495,-0.0407443371501618,-0.0433903861110273,-0.0462199548686538,-0.0492412180929537,-0.0524617181272287,-0.0558881569113067,-0.0595261706906557,-0.0633800914292275,-0.0674527003283861,-0.0717449804004086,-0.0762558765548641,-0.0809820730055028,-0.0859177988489433,-0.0910546732485088,-0.0963816016252927,-0.101884733485572,-0.107547490915427,-0.113350674331846,-0.11927264885891,-0.125289610852573,-0.131375929870584,-0.137504557088654,-0.143647487155661,-0.149776257117398,-0.155862463637081,-0.161878278535499,-0.167796942784066,-0.173593220498343,-0.179243797056873,-0.184727608959616,-0.190026097115469,-0.195123379549684,-0.200006343699633,-0.204664662219207,-0.209090739310628,-0.213279596908413,-0.21722871150399,-0.220937813050506,-0.224408657317265,-0.227644782404481,-0.230651259034155,-0.233434442856108,-0.236001735491127,-0.238361359495719,-0.240522150968291,-0.242493372190593,-0.244284545551154,-0.245905309047771,-0.247365292915247,-0.248674016361191,-0.249840802997709,-0.2508747133063,-0.251784492342019,-0.252578530846192,-0.253264837971809,-0.25385102391219,-0.254344290844522,-0.254751430741784,-0.255078828758332,-0.255332471047992,-0.255517956022797,-0.255640508201546,-0.255704993927479,-0.255715938352254,-0.255677543188422,0,0.00801493052229253,0.00775230045753565,0.00752010571765796,0.00731476117933447,0.00712847945572297,0.00695494744326527,0.00678977290281513,0.00663003319625918,0.00647381385517245,0.00631987242891298,0.00616741213641588,0.00601593215802368,0.00586512846906294,0.00571482766654782,0.00556494245595484,0.00541544151100615,0.00526632898038246,0.00511763053640377,0.00496938389798054,0.00482163243348086,0.0046744208928487,0.00452779261482761,0.00438178775582611,0.0042364422242777,0.00409178709918247,0.00394784837751845,0.00380464694143124,0.00366219866863813,0.00352051463245011,0.00337960135408132,0.00323946108143722,0.00310009207674324,0.00296148890115717,0.0028236426885859,0.00268654140379365,0.00255017008188487,0.00241451104762164,0.00227954411396966,0.00214524675988707,0.00201159428776403,0.00187855996116013,0.0017461151236102,0.00161422929931886,0.00148287027655584,0.00135200417452321,0.00122159549439615,0.00109160715515463,0.000962000514728223,0.000832735376873672,0.000703769984098997,0.000575060996836699,0.000446563458959597,0.000318230749618481,0.000190014521267316,6.18646236255488e-05,-6.62709867907188e-05,-0.000194446352057488,-0.000322717633764284,-0.000451143250209521,-0.000579784030743713,-0.000708703388274681,-0.000837967511093961,-0.000967645575340799,-0.00109780997958235,-0.00122853660316706,-0.00135990509019509,-0.0014919991611546,-0.0016249069544919,-0.00175872140062251,-0.00189354063115037,-0.00202946842634577,-0.00216661470424195,-0.00230509605505189,-0.00244503632497628,-0.0025865672538864,-0.00272982917181079,-0.00287497175965237,-0.00302215488010294,-0.00317154948531981,-0.00332333860858443,-0.00347771844788224,-0.00363489955013088,-0.00379510810564797,-0.0039585873633925,-0.00412559917854301,-0.00429642570509582,-0.00447137124738171,-0.00465076428571433,-0.00483495969280189,-0.00502434115907406,-0.00521932384670494,-0.00542035729383873,-0.00562792859235216,-0.00584256586439686,-0.00606484206495329,-0.00629537913966292,-0.00653485256926751,-0.00678399633403655,-0.00704360833354895,-0.00731455629906309,-0.0075977842373707,-0.00789431944639269,-0.00820528014371251,-0.00853188374960948,-0.00887545586575853,-0.00923743998939432,-0.00961940800011755,-0.0100230714523398,-0.010450293700241,-0.0109031028736052,-0.0113837057114966,-0.0118945022458354,-0.012438101307851,-0.0130173368063698,-0.0136352846970528,-0.0142952805251149,-0.0150009373797027,-0.0157561640449131,-0.0165651830693327,-0.0174325484019085,-0.0183631621560034,-0.0193622899649254,-0.0204355742806794,-0.021589044843329,-0.0228291254120758,-0.0241626357028629,-0.0255967873242065,-0.0271391723479591,-0.0287977430017363,-0.0305807808342132,-0.0324968535955751,-0.0345547580083746,-0.0367634465972972,-0.0391319368213138,-0.0416692009322776,-0.0443840352954951,-0.0472849083751557,-0.0503797872329755,-0.0536759432282289,-0.0571797386476995,-0.0608963972265597,-0.0648297629180001,-0.0689820527790088,-0.0733536113837076,-0.0779426756480124,-0.0827451602189441,-0.0877544744990931,-0.0929613827853166,-0.0983539187541168,-0.103917364507443,-0.109634302536279,-0.115484746270887,-0.121446351457344,-0.127494706612148,-0.133603696526583,-0.139745928549746,-0.145893207534332,-0.152017042232196,-0.158089163873066,-0.164082036851306,-0.169969341962899,-0.175726414425719,-0.181330621803219,-0.186761670657223,-0.192001834938092,-0.197036103419328,-0.201852247559689,-0.206440814747518,-0.210795054747843,-0.214910789221456,-0.218786235392662,-0.222421795359343,-0.225819822271744,-0.228984373795953,-0.231920962079283,-0.234636307999331,-0.2371381059424,-0.23943480383207,-0.241535401700032,-0.243449270816386,-0.245185994308712,-0.246755229310969,-0.248166589991706,-0.24942955030199,-0.250553364935814,-0.251547006785036,-0.252419119071713,-0.253177980328725,-0.253831480452771,-0.254387106153022,-0.25485193424787,-0.255232631408561,-0.255535459101889,-0.255766282637174,-0.25593058337009,-0.256033473253949,-0.256079711055657,-0.25607371966759,-0.256019604047797,-0.255921169409487,0,0.0086030149809892,0.00831930226053615,0.00807797215614912,0.00786726209569524,0.00767704171730599,0.00750023284059655,0.00733213026542016,0.00716965079902214,0.00701078317312027,0.00685422094810086,0.00669912305856239,0.00654495746237928,0.00639139810535173,0.00623825626364108,0.00608543432503873,0.00593289442223595,0.00578063702818934,0.00562868631185409,0.00547708012574276,0.00532586319064137,0.00517508249890682,0.00502478426215067,0.00487501193500348,0.00472580498755316,0.00457719819643843,0.00442922129245037,0.00428189885012022,0.00413525033837565,0.00398929027515556,0.00384402844579896,0.00369947015707711,0.00355561650733261,0.00341246465931667,0.00327000810667579,0.00312823692813359,0.00298713802560205,0.00284669534398492,0.00270689007149955,0.00256770082006793,0.00242910378580587,0.00229107288994825,0.00215357990072929,0.00201659453682997,0.00188008455303406,0.00174401580872109,0.00160835231977714,0.00147305629443692,0.0013380881534865,0.00120340653516336,0.0010689682849863,0.000934728430642476,0.000800640141946106,0.000666654675768104,0.000532721305718187,0.000398787236238769,0.000264797500644141,0.000130694842510243,-3.58042031424477e-06,-0.00013809054994527,-0.000272900561962705,-0.000408078419340992,-0.000543695248140137,-0.000679825576459091,-0.000816547598337464,-0.000953943464485449,-0.00109209960193554,-0.00123110706493491,-0.00137106191964637,-0.00151206566549147,-0.0016542256962631,-0.00179765580445278,-0.00194247673258672,-0.00208881677574652,-0.00223681243987028,-0.0023866091608884,-0.00253836209025461,-0.0026922369529877,-0.00284841098494735,-0.00300707395673869,-0.00316842929237137,-0.00333269529160517,-0.00350010646579101,-0.00367091499797939,-0.00384539233911378,-0.00402383095326503,-0.0042065462260983,-0.0043938785520978,-0.00458619561751308,-0.00478389489752866,-0.00498740638780724,-0.0051971955922985,-0.00541376679104225,-0.00563766661361966,-0.00586948794588868,-0.00610987419967537,-0.00635952397713845,-0.0066191961635424,-0.00688971548411787,-0.00717197856248221,-0.00746696051965996,-0.00777572215397242,-0.00809941774283232,-0.00843930350761728,-0.00879674678212018,-0.00917323592333831,-0.00957039100029772,-0.00998997529187223,-0.0104339076177547,-0.01090427551741,-0.011403349279443,-0.0119335968077373,-0.0124976992902412,-0.0130985676106224,-0.0137393594112729,-0.0144234966773779,-0.0151546836649223,-0.0159369249395345,-0.0167745432268745,-0.0176721966978692,-0.0186348952225885,-0.0196680150243351,-0.0207773110503594,-0.0219689262478731,-0.0232493967948946,-0.0246256521871918,-0.0261050089288738,-0.0276951564205051,-0.0294041334926014,-0.0312402939042114,-0.0332122590290579,-0.0353288559015931,-0.0375990388116198,-0.0400317927410455,-0.0426360171542355,-0.0454203890096498,-0.0483932043793383,-0.0515621987651325,-0.054934347099571,-0.0585156455179112,-0.0623108782712124,-0.0663233745848132,-0.0705547617922579,-0.0750047226051455,-0.0796707658006356,-0.0845480207830241,-0.0896290672512487,-0.0949038114255306,-0.100359419814189,-0.105980320232702,-0.111748277675587,-0.117642549718164,-0.123640122508359,-0.129716024307309,-0.135843709239232,-0.141995499758441,-0.148143072695542,-0.154257970943354,-0.160312121156145,-0.166278337430445,-0.172130791852434,-0.177845434944039,-0.183400352206484,-0.188776046845072,-0.193955643010851,-0.19892500815552,-0.203672797040975,-0.208190423315545,-0.212471967190787,-0.216514029541825,-0.22031554371098,-0.223877556488566,-0.227202989295379,-0.230296389645641,-0.23316368168257,-0.235811923099244,-0.238249074214192,-0.240483783468139,-0.242525192221917,-0.244382760515562,-0.246066114421492,-0.247584914797795,-0.248948746614098,-0.250167027565583,-0.251248934388034,-0.25220334511321,-0.253038795434195,-0.253763447360883,-0.254385068415233,-0.254911019726079,-0.255348251519226,-0.255703304648139,-0.255982316964732,-0.256191033481615,-0.256334819422119,-0.256418675389165,-0.256447254006958,-0.256424877499578,-0.256355555767854,-0.256243004610652,-0.256090663809838,0,0.00913736915421033,0.00884112020341807,0.00859743532702741,0.00838596803767559,0.00819481494095853,0.00801665346075882,0.00784683520449,0.00768236316519564,0.00752129158282219,0.00736235695319212,0.00720474477209168,0.00704793896085201,0.00689162293864155,0.00673561365456087,0.00657981706514711,0.00642419780864013,0.00626875841936947,0.00611352503432872,0.00595853756328072,0.00580384295226009,0.00564949060346995,0.0054955293040336,0.00534200521223481,0.00518896058444483,0.0050364330191817,0.00488445505992696,0.00473305404420897,0.00458225211895331,0.00443206636521497,0.00428250899191522,0.00413358757002105,0.00398530528708338,0.00383766120813182,0.00369065053328919,0.00354426484559517,0.00339849234475894,0.00325331806414765,0.00310872406942893,0.00296468963806423,0.00282119141937649,0.00267820357526391,0.00253569790185273,0.00239364393250424,0.00225200902264922,0.00211075841692985,0.0019698552990991,0.00182926082507442,0.00168893413946702,0.0015488323758216,0.00140891064070291,0.0012691219816589,0.00112941733897769,0.000989745481038182,0.000850052922929896,0.000710283827890373,0.000570379890974228,0.000430280204230117,0.000289921102517493,0.000149235988940621,8.15513872196028e-06,-0.000133394519835336,-0.000275489648822153,-0.000418210770352603,-0.000561642564269507,-0.000705874196064035,-0.000850999677384875,-0.000997118261765649,-0.00114433487847568,-0.00129276060769971,-0.0014425132005785,-0.00159371764800224,-0.00174650680243724,-0.001901022057498,-0.00205741409044521,-0.00221584367330782,-0.00237648255889324,-0.00253951444857158,-0.00270513604940257,-0.00287355822892082,-0.0030450072767139,-0.00321972628282412,-0.00339797664397903,-0.00358003970972377,-0.00376621858168202,-0.00395684008042507,-0.00415225689578375,-0.00435284993788965,-0.00455903090779378,-0.0047712451081674,-0.00498997451635007,-0.0052157411438553,-0.00544911070837115,-0.00569069664627742,-0.00594116449572214,-0.00620123668232438,-0.00647169774155117,-0.00675340001370126,-0.00704726984914372,-0.00735431436291377,-0.00767562877885365,-0.00801240440405759,-0.00836593727427722,-0.00873763750995024,-0.00912903942039568,-0.00954181239016644,-0.00997777257622216,-0.0104388954370621,-0.0109273291047573,-0.0114454085973867,-0.0119956708520574,-0.0125808705367629,-0.0132039965719638,-0.0138682892590733,-0.0145772578720071,-0.0153346985185672,-0.0161447120196129,-0.0170117214846648,-0.017940489181818,-0.0189361322068169,-0.0200041363503354,-0.0211503674438833,-0.0223810793338776,-0.0237029174917899,-0.0251229171185529,-0.0266484944477797,-0.0282874298008935,-0.0300478408063472,-0.0319381440757256,-0.033967003545639,-0.0361432636630124,-0.038475865632818,-0.0409737450843425,-0.0436457097694629,-0.0465002963092538,-0.0495456055770365,-0.0527891170655004,-0.0562374835432727,-0.0598963084600497,-0.0637699098894704,-0.0678610762636672,-0.0721708206855473,-0.0766981421095279,-0.0814398030374512,-0.0863901344411035,-0.091540879241761,-0.0968810856988509,-0.102397061353927,-0.108072396655092,-0.113888065026602,-0.119822603004909,-0.125852370281949,-0.131951885312799,-0.13809422786458,-0.144251495857954,-0.150395300439414,-0.156497280742286,-0.162529618488771,-0.16846553258437,-0.17427973515993,-0.179948832995653,-0.185451661674525,-0.19076954383953,-0.195886467212573,-0.200789182221991,-0.205467222873243,-0.209912857649593,-0.214120979599503,-0.218088946297771,-0.221816381081492,-0.225304946946152,-0.228558103871453,-0.231580859281945,-0.234379519988821,-0.236961452449318,-0.239334856640897,-0.241508557374371,-0.243491815531403,-0.24529416054964,-0.24692524451336,-0.248394717441353,-0.249712122786633,-0.250886811755574,-0.251927874793684,-0.252844088446215,-0.253643875759164,-0.254335278416947,-0.254925938896811,-0.255423091039589,-0.255833557577694,-0.256163753313132,-0.256419692792447,-0.256607001475695,-0.256730929538643,-0.256796367578668,-0.256807863613879,-0.256769640871117,-0.256685615951887,-0.256559417046378,-0.256394401935373,-0.256193675579002,0,0.00961304619305944,0.00931673549582417,0.00907825896055305,0.00887072987367569,0.0086816024878161,0.00850395370292353,0.0083335835902571,0.00816782828485993,0.00800496665989352,0.00784388228862073,0.00768385618325463,0.00752443424550589,0.00736534019145169,0.00720641726865921,0.00704758871051282,0.00688883064050591,0.00673015338632967,0.00657158855017788,0.00641318006053613,0.00625497800034855,0.00609703438279034,0.00593940029863542,0.00578212403139812,0.00562524985514418,0.00546881731256185,0.00531286082898264,0.00515740955915252,0.00500248739282469,0.00484811306618098,0.00469430034113061,0.00454105822537075,0.00438839121391833,0.00423629953848394,0.00408477941515093,0.00393382328378441,0.00378342003472937,0.00363355521989152,0.00348421124638856,0.00333536755173158,0.00318700076003438,0.00303908481911049,0.0028915911185537,0.00274448858903931,0.00259774378315543,0.00245132093809516,0.00230518202052216,0.00215928675387726,0.00201359262832661,0.00186805489346778,0.00172262653381541,0.00157725822698045,0.00143189828434389,0.00128649257390252,0.00114098442483666,0.000995314513213504,0.000849420728098876,0.000703238017200743,0.000556698211010759,0.000409729824246231,0.000262257833220134,0.000114203427580999,-3.45162653303394e-05,-0.000183988485472228,-0.000334305176632119,-0.00048556335692674,-0.000637865525968562,-0.000791320111676562,-0.000946041960018726,-0.00110215287131027,-0.00125978218705684,-0.00141906743173388,-0.00158015501433128,-0.00174320099497401,-0.00190837192245579,-0.00207584574910127,-0.00224581283000643,-0.00241847701440123,-0.00259405683764103,-0.00277278682316459,-0.00295491890466906,-0.00314072397974293,-0.00333049360727918,-0.00352454186216532,-0.00372320736201433,-0.00392685548207122,-0.00413588077590228,-0.00435070962104415,-0.0045718031104667,-0.0047996602124675,-0.0050348212234719,-0.00527787154013735,-0.00552944577913753,-0.00579023227500856,-0.00606097798842919,-0.00634249385924535,-0.00663566064036509,-0.00694143525027303,-0.00726085768324453,-0.00759505851725846,-0.00794526705997332,-0.00831282017275387,-0.00869917181141023,-0.00910590331976813,-0.00953473450812277,-0.0099875355426654,-0.0104663396636863,-0.010973356739236,-0.0115109876463929,-0.0120818394536675,-0.0126887413546194,-0.0133347612736296,-0.014023223029029,-0.0147577238954428,-0.0155421523552173,-0.0163807057670869,-0.0172779076077885,-0.018238623858211,-0.0192680780091637,-0.0203718640525734,-0.0215559567020107,-0.0228267179527207,-0.0241908989476295,-0.0256556359651907,-0.0272284391921512,-0.028917172796069,-0.0307300246778037,-0.0326754641750643,-0.0347621859192776,-0.0369990380375001,-0.0393949329597752,-0.0419587392636715,-0.0446991532866031,-0.047624549687695,-0.0507428107666295,-0.0540611351636722,-0.0575858275799068,-0.0613220723625381,-0.0652736951710935,-0.069442918427471,-0.0738301177807322,-0.0784335882836215,-0.0832493302541171,-0.0882708657351008,-0.0934890969139227,-0.0988922176747,-0.104465688510681,-0.110192283251875,-0.11605221346322,-0.122023333023562,-0.128081421478362,-0.134200540526413,-0.140353453775224,-0.146512096037286,-0.152648075289858,-0.158733188283779,-0.164739929872303,-0.170641976530529,-0.17641462621017,-0.18203517945763,-0.187483250347861,-0.19274099991726,-0.197793289057469,-0.202627751917994,-0.207234794472653,-0.211607525824725,-0.215741631939045,-0.219635202764539,-0.223288524191945,-0.226703846080218,-0.229885136819253,-0.232837833729809,-0.235568597185748,-0.238085074816237,-0.240395680620275,-0.242509392390033,-0.244435569552877,-0.246183792439761,-0.247763723084257,-0.249184986950086,-0.250457074462291,-0.251589260857661,-0.252590542649323,-0.2534695888933,-0.254234705426762,-0.254893810296512,-0.255454418692429,-0.255923635828009,-0.25630815635559,-0.256614269057048,-0.25684786570416,-0.257014453130825,-0.257119167698259,-0.257166791461888,-0.257161769463731,-0.257108227676221,-0.257009991212962,-0.256870602499352,-0.256693339162331,-0.25648123145464,-0.256237079076032,0,0.0100279666259348,0.00974687505450073,0.00952126629197179,0.00932204900463825,0.0091376035476456,0.00896211127959186,0.00879219960170857,0.00862576422060807,0.00846145173402502,0.00829838600369866,0.00813600535552803,0.00797395905595598,0.00781203895136144,0.00765013328474347,0.00748819503271933,0.00732621998735999,0.0071642314942281,0.00700226979735405,0.00684038460508123,0.00667862992493265,0.00651706050575357,0.00635572942242781,0.00619468647414342,0.00603397716168405,0.00587364207568258,0.00571371657488975,0.00555423066714759,0.00539520902990746,0.00523667112455961,0.00507863137146573,0.00492109936176544,0.00476408008871763,0.00460757418622645,0.00445157816576926,0.00429608464556032,0.00414108256768642,0.00398655740033905,0.00383249132327011,0.00367886339531654,0.00352564970334762,0.00337282349233639,0.00322035527649108,0.00306821293152342,0.00291636176820893,0.0027647645874212,0.00261338171680992,0.00246217102925182,0.00231108794313911,0.00216008540449127,0.00200911385077579,0.00185812115622007,0.00170705255827637,0.00155585056477475,0.00140445484116509,0.00125280207710558,0.00110082583150161,0.000948456354942083,0.000795620388307591,0.000642240936147925,0.000488237013234735,0.000333523362491629,0.000178010142289589,2.16025808608411e-05,-0.000135799404664669,-0.00029430162736481,-0.00045401609083013,-0.000615061494041842,-0.000777563784539845,-0.000941656763974945,-0.00110748275054699,-0.00127519330328159,-0.00144495001358595,-0.00161692537006479,-0.00179130370316401,-0.00196828221685789,-0.0021480721153011,-0.0023308998331418,-0.00251700837903961,-0.00270665880285541,-0.00290013179798815,-0.00309772945143043,-0.0032997771553009,-0.00350662569489947,-0.00371865352971323,-0.00393626928528758,-0.0041599144754625,-0.00439006647615711,-0.004627241773659,-0.0048719995122318,-0.005124945367774,-0.00538673577622784,-0.00565808254741761,-0.00593975789695082,-0.0062325999306959,-0.00653751861809018,-0.00685550229204795,-0.0071876247144303,-0.00753505274677769,-0.00789905466613724,-0.00828100916515222,-0.00868241507388681,-0.0091049018378679,-0.00955024078220507,-0.0100203571850177,-0.0105173431742966,-0.0110434714502418,-0.0116012098194279,-0.0121932365071768,-0.0128224561894758,-0.0134920166548169,-0.014205325968486,-0.0149660699661198,-0.0157782298486906,-0.0166460995864561,-0.0175743027638005,-0.0185678084094494,-0.0196319452566385,-0.0207724137652128,-0.0219952951126665,-0.0233070562249086,-0.0247145497722319,-0.0262250079051221,-0.0278460283534419,-0.0295855513685379,-0.031451825860821,-0.03345336298802,-0.0355988753973295,-0.0378972003368641,-0.0403572049498284,-0.0429876722724857,-0.0457971667992198,-0.0487938789788307,-0.0519854486863743,-0.0553787685882876,-0.0589797693883207,-0.0627931901956126,-0.0668223386616988,-0.0710688470338252,-0.0755324317844082,-0.080210665890642,-0.0850987740203596,-0.0901894616806328,-0.0954727896512138,-0.100936104616288,-0.10656403571948,-0.112338564747903,-0.118239174824241,-0.124243078960717,-0.130325525803765,-0.136460175651189,-0.142619535689153,-0.148775439731347,-0.154899554884437,-0.160963895787519,-0.166941326554628,-0.172806031340859,-0.178533936475855,-0.18410307016505,-0.189493849558265,-0.194689289182072,-0.199675128971111,-0.204439884088125,-0.208974822129096,-0.213273875986871,-0.217333502502159,-0.221152498057164,-0.224731782527497,-0.22807416261654,-0.231184084697093,-0.234067386032238,-0.236731051789038,-0.239182983725455,-0.241431784928612,-0.243486563589886,-0.245356757571383,-0.247051980477498,-0.248581889103581,-0.249956071485584,-0.251183954304058,-0.252274728081221,-0.253237288426143,-0.254080191505244,-0.254811621919492,-0.25543937123442,-0.255970825516051,-0.256412960359582,-0.256772342046186,-0.25705513361702,-0.257267104805509,-0.257413644914407,-0.257499777859593,-0.257530178726345,-0.257509191294845,-0.257440846089872,-0.25732887859535,-0.257176747348284,-0.256987651689729,-0.256764549003591,-0.256510171318558,-0.256227041185224,0,0.0103841802840283,0.0101341683830053,0.00992830593907044,0.00974102285742857,0.0095633696395731,0.00939130650970504,0.00922261458608967,0.0090559344347448,0.00889039546174703,0.00872543669461991,0.00856070366248132,0.00839598262461017,0.00823115630970957,0.00806617330586882,0.00790102658564817,0.0077357383262804,0.00757034914410414,0.00740491045945207,0.00723947909890647,0.00707411350534976,0.00690887110757901,0.00674380652785768,0.00657897039516284,0.00641440859555361,0.00625016183677911,0.00608626543724163,0.0059227492733942,0.00575963783713486,0.00559695036757407,0.00543470103097673,0.00527289912963468,0.00511154932557481,0.0049506518688244,0.00479020282278927,0.00463019428140701,0.00447061457429675,0.0043114484572839,0.00415267728652506,0.0039942791750789,0.00383622913120987,0.00367849917802408,0.00352105845424543,0.00336387329607055,0.0032069073001124,0.003050121367468,0.00289347372893169,0.00273691995133648,0.00258041292494067,0.00242390283169559,0.002267337094132,0.00211066030449092,0.00195381413360395,0.00179673721889181,0.00163936503071076,0.00148162971612098,0.00132345991898875,0.00116478057516398,0.0010055126812883,0.00084557303559521,0.0006848739488554,0.000523322923397206,0.000360822297894373,0.000197268855356335,3.25533914789511e-05,-0.000133439759783235,-0.000300833246889065,-0.000469757271443189,-0.000640350213189603,-0.000812759313885372,-0.000987141425131212,-0.00116366382573622,-0.00134250511474075,-0.00152385618682315,-0.00170792129747101,-0.00189491922601848,-0.00208508454543646,-0.00227866900862326,-0.00247594306187983,-0.00267719749727637,-0.00288274525672654,-0.00309292340178653,-0.00330809526449684,-0.0035286527959815,-0.00375501913101592,-0.00398765138836975,-0.00422704372842303,-0.00447373069132818,-0.00472829084084651,-0.00499135074089539,-0.0052635892937929,-0.00554574247113134,-0.00583860847012271,-0.00614305333007142,-0.00646001704528142,-0.00679052021210048,-0.00713567124884239,-0.00749667422786644,-0.00787483735897375,-0.00827158216229534,-0.00868845336676476,-0.00912712956678898,-0.00958943466452481,-0.0100773501178194,-0.010593028003921,-0.0111388048959532,-0.0117172165322547,-0.0123310132372983,-0.012983176026216,-0.0136769332921002,-0.0144157779352516,-0.0152034847453949,-0.0160441277905427,-0.0169420974986102,-0.0179021170391345,-0.0189292575217288,-0.0200289514247014,-0.0212070035515208,-0.0224695986850545,-0.0238233049711736,-0.0252750719169457,-0.0268322217382711,-0.0285024326433065,-0.0302937124994361,-0.0322143612135229,-0.0342729200712224,-0.0364781062478189,-0.0388387307399352,-0.041363598096821,-0.0440613865758697,-0.0469405077342114,-0.0500089450198239,-0.0532740716604049,-0.0567424490772007,-0.0604196081728622,-0.0643098171392656,-0.0684158408639003,-0.0727386985177707,-0.0772774273927679,-0.0820288624050277,-0.0869874417542375,-0.0921450498760467,-0.0974909088958863,-0.103011529157173,-0.108690727964623,-0.11450972342437,-0.120447307224737,-0.126480096520511,-0.132582860982008,-0.138728916844223,-0.144890575784004,-0.151039633017673,-0.157147876468845,-0.16318759745347,-0.169132083206152,-0.174956072741759,-0.18063615989369,-0.186151130666837,-0.191482225979837,-0.196613325096947,-0.201531049215937,-0.206224788476084,-0.210686658839972,-0.214911397730013,-0.218896208899751,-0.2226405678061,-0.226145998801625,-0.229415834910258,-0.232454969933722,-0.235269611312556,-0.23786704067833,-0.240255387505536,-0.242443419800298,-0.244440354418833,-0.246255688435985,-0.247899052005385,-0.249380082372064,-0.250708318106605,-0.25189311220932,-0.252943562460428,-0.253868457242874,-0.254676235013346,-0.255374955621147,-0.255972281753383,-0.256475468900887,-0.256891362378265,-0.257226400081896,-0.257486619823226,-0.257677670224763,-0.257804824308604,-0.25787299503915,-0.257886752201467,-0.257850340103691,-0.257767695686143,-0.257642466701723,-0.257478029702597,-0.2572775076281,-0.257043786839154,-0.256779533486505,-0.256487209134654,-0.256169085591612,0,0.0106884483629926,0.010483064685019,0.0103021087788595,0.0101292314431085,0.00995972578151473,0.00979186933723469,0.00962483155148944,0.00945812377640436,0.00929143534497122,0.0091245709778749,0.00895741754205134,0.00878992161816944,0.00862207277100392,0.00845389076068963,0.00828541578237972,0.00811670108338542,0.00794780743804074,0.00777879906032032,0.00760974061940296,0.00744069509527245,0.00727172227030742,0.00710287769977294,0.00693421204091933,0.00676577064886721,0.0065975933693309,0.00642971447495116,0.00626216270476011,0.00609496137601968,0.00592812854507937,0.00576167719954924,0.00559561546839837,0.00542994683988604,0.00526467037975885,0.00509978094407511,0.00493526938249612,0.00477112272900872,0.00460732437789776,0.0044438542434322,0.00428068890220658,0.00411780171743156,0.00395516294471685,0.00379273981905934,0.00363049662285438,0.00346839473480576,0.00330639265962202,0.00314444603837042,0.00298250763931378,0.00282052732898702,0.00265845202318568,0.00249622561743477,0.00233378889639041,0.00217107942149766,0.00200803139608659,0.00184457550693719,0.00168063874117941,0.00151614417722054,0.0013510107482058,0.00118515297631809,0.00101848067601065,0.000850898624038553,0.000682306193910756,0.000512596952121171,0.000341658213235396,0.00016937055060226,-4.39274086995456e-06,-0.0001797662337958,-0.000356893013564646,-0.00053592538450338,-0.000717025642156019,-0.000900366917395132,-0.00108613409863922,-0.00127452483905839,-0.00146575065631889,-0.00166003813314767,-0.00185763022779502,-0.00205878770434676,-0.00226379069378494,-0.0024729403977327,-0.00268656094793858,-0.00290500143577269,-0.00312863812731565,-0.00335787688102992,-0.00359315578651084,-0.00383494804441387,-0.0040837651093507,-0.0043401601193212,-0.00460473163709389,-0.00487812773084452,-0.00516105042328108,-0.00545426054039531,-0.00575858299283209,-0.00607491252460762,-0.00640421996545423,-0.00674755902433403,-0.00710607366252784,-0.0074810060850273,-0.00787370538856038,-0.00828563690325888,-0.0087183922624649,-0.00917370023118573,-0.00965343831786769,-0.0101596451860588,-0.0106945338716748,-0.0112605057974,-0.0118601655576023,-0.0124963364242819,-0.0131720764961858,-0.0138906953784122,-0.0146557712376173,-0.015471168027323,-0.01634105261775,-0.0172699114940838,-0.0182625666052113,-0.0193241898510364,-0.0204603155901311,-0.0216768504307866,-0.0229800794383221,-0.0243766677514975,-0.0258736564540491,-0.0274784513982509,-0.0291988035324672,-0.0310427791526798,-0.0330187183903621,-0.035135180180164,-0.0374008719380557,-0.0398245622441176,-0.0424149749868263,-0.0451806637116896,-0.0481298653506448,-0.0512703331116566,-0.0546091490970385,-0.0581525182016938,-0.061905546012848,-0.0658720047670126,-0.0700540928716965,-0.0744521949970295,-0.0790646511875238,-0.0838875447133037,-0.08891451933082,-0.0941366371042328,-0.099542287805594,-0.105117160045246,-0.110844282610024,-0.11670414199823,-0.122674878910362,-0.128732562644427,-0.134851538199449,-0.141004836721413,-0.147164636080219,-0.153302755189502,-0.159391163474222,-0.16540248586997,-0.171310484005574,-0.177090495751195,-0.182719817957284,-0.188178020711448,-0.193447185476493,-0.198512063691787,-0.20336015648314,-0.20798171974496,-0.212369701818083,-0.216519623160429,-0.220429408754759,-0.224099184554244,-0.227531049126647,-0.23072883095453,-0.233697840732393,-0.236444626622894,-0.238976738930616,-0.241302509138684,-0.243430846820038,-0.245371056643508,-0.247132676582536,-0.248725337517745,-0.250158643703535,-0.251442073031554,-0.252584895650519,-0.253596109268884,-0.254484389349099,-0.255258052375454,-0.255925030419349,-0.256492855316776,-0.256968650896368,-0.257359131839156,-0.257670607902821,-0.257908992395693,-0.258079813933511,-0.258188230651033,-0.258239046168602,-0.258236726729514,-0.258185419026903,-0.258088968329176,-0.257950936591293,-0.257774620306214,-0.257563067907705,-0.257319096583369,-0.257045308396393,-0.256744105647012,-0.256417705431184,-0.256068153375124,0,0.0109518111666253,0.0107994714556969,0.0106460364143043,0.0104885710051058,0.010327661517657,0.010164207723026,0.00999887772424773,0.00983210673273635,0.00966417625868413,0.00949527880779522,0.00932555833666129,0.00915513301004349,0.00898410716860228,0.0088125772008454,0.00864063412913167,0.00846836450355479,0.00829585048094572,0.00812316955975155,0.00795039421525697,0.00777759155524915,0.00760482304886261,0.0074321443456796,0.00725960518403927,0.00708724937900349,0.00691511487711842,0.00674323386452343,0.00657163291573028,0.00640033317176041,0.00622935053789644,0.00605869589284736,0.00588837530255439,0.0057183902331311,0.00554873775851668,0.00537941075934695,0.00521039811031126,0.00504168485389329,0.004873252358899,0.00470507846257927,0.00453713759546555,0.00436940088827388,0.0042018362604046,0.00403440848968069,0.0038670792630385,0.003699807207916,0.00353254790408231,0.00336525387562047,0.00319787456272413,0.00303035627289028,0.00286264211100069,0.00269467188767213,0.00252638200513378,0.00235770531975103,0.00218857098016555,0.00201890423985785,0.00184862624276283,0.00167765378038123,0.00150589901862595,0.00133326919242818,0.00115966626589399,0.000984986555553888,0.000809120313979422,0.000631951270752384,0.000453356127459059,0.000273204003044321,9.13558254938551e-05,-9.23363345876477e-05,-0.000278029993367554,-0.000465893051487185,-0.00065610466593187,-0.000848856202494953,-0.00104435227588016,-0.00124281188516277,-0.00144446965307182,-0.0016495771783644,-0.0018584045114438,-0.00207124176433552,-0.00228840086718012,-0.00251021748453433,-0.00273705310599731,-0.00296929732699946,-0.00320737033700615,-0.0034517256339037,-0.00370285298493653,-0.0039612816562619,-0.00422758393495437,-0.0045023789691279,-0.00478633695371658,-0.00508018369134367,-0.00538470555956796,-0.00570075491758943,-0.00602925598714162,-0.00637121124373333,-0.0067277083555179,-0.00709992770774064,-0.00748915055079886,-0.00789676780925418,-0.00832428958744226,-0.00877335540436706,-0.00924574518602274,-0.00974339103678756,-0.0102683898026344,-0.0108230164270986,-0.0114097380856415,-0.0120312290645823,-0.0126903863263859,-0.0133903456729506,-0.014134498381729,-0.0149265081450524,-0.0157703280899063,-0.0166702175925961,-0.0176307585292884,-0.0186568705184749,-0.0197538246143807,-0.0209272548009919,-0.0221831665150171,-0.0235279412937878,-0.0249683365029333,-0.0265114789520307,-0.0281648510594194,-0.0299362680870526,-0.0318338448421563,-0.0338659501467522,-0.0360411473239386,-0.038368118959344,-0.040855574288276,-0.0435121377568934,-0.046346217633379,-0.0493658540260918,-0.0525785463203963,-0.0559910608883238,-0.0596092209591658,-0.0634376817535965,-0.0674796953488341,-0.0717368712043469,-0.0762089397574608,-0.0808935278904678,-0.0857859562466492,-0.0908790691870336,-0.0961631084832318,-0.101625641496601,-0.107251553493719,-0.113023111837841,-0.11892010709126,-0.124920072662965,-0.130998580725824,-0.137129607972303,-0.1432859607004,-0.149439745070158,-0.155562865479251,-0.161627532150616,-0.167606758389224,-0.17347482861341,-0.179207720135601,-0.184783464575263,-0.190182438457213,-0.195387576647196,-0.200384506454551,-0.205161604164474,-0.209709979182851,-0.214023393696979,-0.218098127675064,-0.221932800129474,-0.225528157907717,-0.228886842957985,-0.232013148181596,-0.234912770784,-0.237592570616031,-0.240060339488738,-0.24232458595562,-0.24439433866629,-0.246278970159847,-0.247988041915341,-0.249531170621749,-0.250917914967026,-0.252157681760433,-0.253259649873659,-0.254232710289952,-0.255085420461754,-0.255825971172503,-0.256462164155769,-0.2570013988263,-0.257450666607232,-0.257816551483355,-0.258105235562185,-0.258322508575584,-0.258473780399576,-0.258564095805563,-0.258598150780207,-0.258580309862811,-0.258514624047904,-0.258404848887161,-0.258254462499431,-0.258066683261422,-0.257844487005502,-0.257590623596158,-0.257307632794006,-0.25699785934681,-0.256663467271762,-0.256306453313034,-0.255928659574267,0,0.0111881949331165,0.0110901311119396,0.0109637385068469,0.0108210470518423,0.010668199939252,0.0105087226914417,0.010344748601758,0.0101776101923001,0.0100081654789831,0.00983698664028591,0.00966447090146819,0.00949090635449111,0.00931651141615435,0.00914145872858181,0.00896588978568334,0.00878992397353084,0.00861366421360007,0.00843720052376781,0.00826061229601094,0.00808396978111699,0.00790733508362343,0.00773076285538596,0.00755430080494256,0.00737799009526176,0.0072018656743988,0.00702595656585902,0.00685028613429428,0.00667487233515669,0.00649972795260419,0.0063248608273406,0.00615027407455304,0.00597596629128605,0.00580193175220384,0.00562816059255863,0.00545463897721046,0.00528134925464167,0.00510827009504616,0.00493537661171377,0.00476264046505791,0.0045900299487434,0.00441751005745174,0.00424504253587681,0.00407258590856822,0.00390009549024197,0.00372752337615365,0.0035548184120824,0.00338192614340764,0.0032087887426737,0.00303534491493635,0.00286152978006543,0.00268727473104255,0.00251250726714822,0.00233715080076734,0.002161124436369,0.00198434272002521,0.00180671535762974,0.00162814689975873,0.00144853639087966,0.00126777698036019,0.00108575549245701,0.00090235195217022,0.000717439063529807,0.000530881636538298,0.000342535958617732,0.000152249106006225,-4.01418098953249e-05,-0.00023481046670621,-0.00043194223178486,-0.000631735146063864,-0.000834400998210111,-0.00104016649700429,-0.00124927455058348,-0.00146198566200913,-0.00167857945151358,-0.00189935631675031,-0.00212463924342558,-0.00235477577983273,-0.00259014019004333,-0.00283113580183608,-0.00307819756686747,-0.00333179485210153,-0.00359243448312349,-0.00386066406164805,-0.00413707558129388,-0.00442230936750893,-0.004717058369379,-0.00502207283289674,-0.00533816538707635,-0.00566621657600981,-0.00600718087151191,-0.00636209320230499,-0.00673207603664367,-0.00711834705574734,-0.00752222745522881,-0.00794515091069067,-0.00838867324157228,-0.0088544828038855,-0.00934441163735228,-0.00986044738525083,-0.0104047459955426,-0.0109796451990506,-0.0115876787439907,-0.0122315913453259,-0.0129143542814532,-0.0136391815387834,-0.0144095463659128,-0.0152291980523399,-0.0161021786910222,-0.0170328396185311,-0.0180258571501979,-0.0190862471397202,-0.0202193777926996,-0.0214309800514565,-0.0227271547447331,-0.0241143755619101,-0.0255994867695841,-0.0271896944426491,-0.0288925498380164,-0.030715923404544,-0.0326679678078425,-0.034757068266355,-0.0369917784613968,-0.0393807403175239,-0.0419325860721163,-0.0446558212876992,-0.0475586878311735,-0.0506490063732971,-0.0539339986679719,-0.0574200907652216,-0.0611126993938032,-0.065016005002873,-0.0691327163404251,-0.0734638329088284,-0.0780084130882108,-0.0827633570447603,-0.087723214609968,-0.0928800289822496,-0.0982232272181297,-0.103739567917339,-0.109413155172856,-0.115225525718292,-0.121155813300458,-0.127180990758345,-0.133276186310107,-0.139415066418899,-0.145570273657442,-0.151713904564483,-0.157818009901615,-0.163855098225955,-0.169798623441762,-0.175623438008706,-0.181306195667265,-0.186825690681383,-0.192163124400559,-0.19730229406861,-0.202229702911602,-0.206934594315347,-0.211408916109959,-0.21564722345385,-0.219646530477326,-0.223406121712052,-0.22692733446797,-0.230213322840998,-0.233268813085918,-0.236099858819503,-0.238713603071145,-0.241118052695766,-0.243321869205703,-0.24533417873695,-0.247164402687818,-0.248822109579061,-0.250316887890332,-0.25165823902111,-0.252855489088472,-0.25391771798725,-0.254853703975785,-0.255671881988274,-0.256380313889415,-0.256986668958385,-0.257498212999311,-0.257921804609981,-0.258263897287982,-0.258530546204829,-0.258727418627572,-0.258859807109167,-0.258932644700659,-0.258950521558212,-0.258917702425488,-0.258838144566692,-0.258715515808226,-0.258553212418044,-0.258354376612401,-0.258121913530746,-0.257858507562142,-0.257566637941748,-0.25724859356463,-0.256906486987356,-0.256542267606275,-0.256157734015877,-0.255754545561793,0,0.0114123044065507,0.0113618102172675,0.0112587523542506,0.0111285445484776,0.0109822551895694,0.0108257165549832,0.010662347678876,0.0104942734529012,0.0103228660279985,0.0101490396677103,0.00997342181722954,0.00979645604039089,0.00961846549863879,0.00943969284016828,0.00926032565687406,0.00908051294719835,0.00890037588711987,0.0087200149527278,0.00853951467967928,0.00835894687940429,0.00817837284120515,0.00799784486498557,0.00781740735076271,0.00763709759397185,0.00745694638491508,0.00727697847719547,0.00709721296770487,0.00691766361589737,0.00673833912019568,0.00655924336281696,0.00638037562997429,0.00620173081157996,0.00602329958275562,0.00584506856830062,0.00566702049056393,0.00548913430074301,0.0053113852933986,0.00513374520384753,0.00495618228803681,0.00477866138447627,0.00460114395779183,0.00442358812344822,0.00424594865316714,0.00406817696053234,0.00389022106622278,0.00371202554224755,0.00353353143447439,0.00335467616264247,0.00317539339693729,0.00299561291007218,0.00281526040367591,0.00263425730762735,0.00245252055079941,0.00226996230148758,0.00208648967559057,0.00190200441039058,0.00171640250154043,0.00152957380061003,0.00134140157026476,0.0011517619938522,0.000960523635848573,0.000767546849267761,0.000572683125756285,0.000375774383684288,0.000176652189097057,-2.48630961008425e-05,-0.000228963244885701,-0.000435853181521256,-0.000645752091006452,-0.00085889462963501,-0.00107553224549362,-0.00129593461855149,-0.00152039123089498,-0.0017492130786385,-0.00198273453810473,-0.0022213154000173,-0.00246534308668662,-0.00271523506850298,-0.00297144149747406,-0.00323444807705895,-0.0035047791891523,-0.00378300130074881,-0.00406972667456348,-0.00436561740967173,-0.00467138984004395,-0.00498781932064715,-0.00531574543252652,-0.00565607763990535,-0.00600980143377838,-0.00637798499763531,-0.00676178643171801,-0.00716246157245468,-0.00758137244325251,-0.00801999637146688,-0.00847993580385025,-0.00896292884882606,-0.00947086056818623,-0.0100057750328639,-0.010569888146816,-0.0111656012292092,-0.0117955153274193,-0.0124624462111073,-0.0131694399700528,-0.0139197891046233,-0.0147170489568159,-0.0155650542807386,-0.0164679356932159,-0.0174301356769342,-0.0184564237293393,-0.019551910159673,-0.020722057933744,-0.0219726918513627,-0.0233100042156093,-0.0247405560179153,-0.026271272521172,-0.0279094319790862,-0.0296626460899844,-0.031538830655627,-0.0335461648112769,-0.0356930371260047,-0.0379879768586704,-0.0404395687146513,-0.043056349603033,-0.0458466861669778,-0.0488186322746845,-0.051979766236043,-0.0553370082670754,-0.058896419668339,-0.0626629863097606,-0.0666403903009117,-0.0708307751293143,-0.075234511002337,-0.079849968537199,-0.0846733101908798,-0.0896983097707153,-0.0949162108712487,-0.10031563500247,-0.105882549390636,-0.111600302869806,-0.117449735926411,-0.123409367874036,-0.1294556604695,-0.135563353264179,-0.141705861912546,-0.147855726868099,-0.15398509672215,-0.160066228181445,-0.166071983556767,-0.171976306759165,-0.177754660162909,-0.183384407161878,-0.188845128582667,-0.194118865014698,-0.19919028123414,-0.204046752902052,-0.208678379319143,-0.213077929001456,-0.217240727067795,-0.221164494850812,-0.224849152784708,-0.228296597569018,-0.231510463985039,-0.234495880694514,-0.237259228026965,-0.239807904298821,-0.242150105720514,-0.244294623527493,-0.246250660682404,-0.248027669378341,-0.249635209645909,-0.25108282863203,-0.25237995956567,-0.253535839036812,-0.25455944096727,-0.255459425520898,-0.256244101162484,-0.256921398106808,-0.257498851482516,-0.257983592652923,-0.25838234727413,-0.258701438819119,-0.258946796446854,-0.259123966241718,-0.259238124987045,-0.259294095764335,-0.259296364785568,-0.259249098969383,-0.259156163862719,-0.259021141588438,-0.258847348567163,-0.25863785281913,-0.258395490700188,-0.25812288296632,-0.257822450094168,-0.257496426812017,-0.257146875817366,-0.256775700674418,-0.256384657898261,-0.255975368242803,-0.255549327217181,0,0.0116372095712192,0.0116204222200624,0.0115340900134413,0.0114125967259232,0.0112704903738357,0.0111153015516514,0.0109514264535296,0.0107816084904848,0.0106076303501518,0.0104306844898959,0.010251588143668,0.0100709141728726,0.00988907315618509,0.00970636600485632,0.00952301824296067,0.00933920263709079,0.00915505429849831,0.00897068085589631,0.00878616936528327,0.00860159104125065,0.00841700452412922,0.0082324581581385,0.00804799159898709,0.00786363696548835,0.0076794196802356,0.00749535909750366,0.00731146898476571,0.00712775790258928,0.00694422951293877,0.00676088283587178,0.0065777124677866,0.00639470876975404,0.00621185803135207,0.00602914261333841,0.00584654107111915,0.00566402826006787,0.00548157542316444,0.00529915026104806,0.00511671698433656,0.00493423634790744,0.00475166566672627,0.00456895881272631,0.0043860661921673,0.00420293470283076,0.00401950767032806,0.00383572476270855,0.00365152188245284,0.00346683103482006,0.00328158017138844,0.00309569300748366,0.00290908881202752,0.00272168216816784,0.00253338270285688,0.00234409478334005,0.00215371717829385,0.00196214268110986,0.00176925769256245,0.00157494175981688,0.00137906706843202,0.00118149788368339,0.000982089937180207,0.000780689754361734,0.000577133918046563,0.000371248262747648,0.000162846993977409,-4.82682737751178e-05,-0.000262309567300216,-0.00047950370070389,-0.000700093525471339,-0.000924339293569332,-0.00115252014343118,-0.00138493571957465,-0.00162190793758704,-0.00186378290727972,-0.00211093302796769,-0.00236375927107215,-0.002622693666577,-0.00288820201129385,-0.00316078681840037,-0.00344099052930711,-0.00372939901057436,-0.00402664536031883,-0.00433341405031073,-0.00465044543172756,-0.00497854063427129,-0.00531856689001976,-0.00567146331490896,-0.00603824718205605,-0.00642002072213228,-0.00681797848656409,-0.0072334153093318,-0.00766773490236907,-0.00812245911782943,-0.00859923790751628,-0.00909986000527104,-0.00962626435170851,-0.0101805522719625,-0.0107650004055655,-0.0113820743726599,-0.0120344431417935,-0.0127249940408493,-0.0134568483234058,-0.0142333771671372,-0.0150582179378017,-0.0159352905009729,-0.0168688133029495,-0.0178633188713343,-0.0189236683037876,-0.0200550642198844,-0.0212630615456009,-0.0225535753830483,-0.0239328850906784,-0.025407633563316,-0.0269848205602959,-0.0286717887885476,-0.0304762013124798,-0.0324060087430342,-0.0344694045659663,-0.0366747669187524,-0.0390305851338317,-0.0415453694531884,-0.0442275425076571,-0.0470853114669671,-0.0501265202260574,-0.0533584816192933,-0.0567877904607244,-0.0604201191995872,-0.0642599991461738,-0.0683105915361376,-0.0725734541113587,-0.0770483103280526,-0.0817328296580173,-0.0866224286041949,-0.0917101028683363,-0.0969863014424167,-0.102438853112375,-0.108052954856842,-0.113811229836922,-0.11969386011411,-0.125678795989622,-0.131742040101237,-0.137858000391852,-0.143999902084445,-0.150140245196237,-0.156251291226037,-0.162305560728353,-0.168276322734678,-0.174138057472964,-0.179866875524063,-0.185440879275604,-0.190840456031552,-0.196048496091375,-0.201050533188151,-0.205834808550522,-0.210392263262002,-0.21471646633928,-0.218803487929656,-0.222651728209402,-0.226261712993532,-0.229635866840712,-0.232778273686125,-0.235694433906037,-0.238391025354639,-0.240875674446555,-0.243156741895177,-0.245243126340423,-0.24714408786634,-0.248869092352623,-0.250427676738192,-0.251829334597747,-0.253083420931088,-0.254199074720271,-0.255185157598287,-0.25605020687054,-0.256802401113707,-0.257449536624171,-0.257999013081518,-0.258457826915987,-0.258832571009617,-0.25912943950927,-0.259354236678279,-0.25951238885697,-0.259608958737003,-0.259648661278273,-0.259635880708787,-0.259574688147132,-0.259468859474108,-0.259321893155374,-0.259137027781386,-0.258917259145504,-0.258665356726895,-0.258383879482817,-0.258075190886039,-0.257741473168439,-0.25738474075209,-0.257006852865183,-0.256609525352557,-0.256194341700115,-0.255762763299404,-0.255316138983663,0,0.0118721557633313,0.011870225958211,0.0117918630954202,0.0116741750815654,0.011533188062607,0.0113773162227306,0.0112115293824958,0.0110389635664918,0.0108616763892805,0.0106810536328178,0.0104980476863645,0.0103133247592754,0.0101273587343971,0.00994049231333619,0.00975297748583609,0.00956500264153817,0.00937671090934937,0.00918821266141114,0.00899959409590434,0.00881092316399931,0.0086222536869298,0.00843362823399419,0.00824508014934292,0.00805663499245823,0.00786831157386066,0.00768012271065073,0.00749207578742249,0.00730417318117123,0.00711641259024216,0.00692878729453833,0.00674128636535279,0.00655389483709326,0.0063665938489822,0.00617936076195291,0.00599216925401708,0.0058049893960598,0.00561778770913339,0.00543052720372014,0.00524316740103409,0.00505566433615134,0.0048679705425632,0.00468003501759498,0.00449180316801027,0.00430321673500868,0.00411421369771559,0.00392472815414671,0.00373469017850837,0.00354402565355898,0.00335265607661166,0.00316049833759392,0.00296746446740706,0.00277346135463446,0.00257839042843971,0.00238214730527256,0.00218462139675458,0.00198569547585585,0.00178524519818964,0.00158313857494629,0.00137923539365556,0.00117338658260828,0.000965433514381241,0.000755207243484213,0.000542527672691792,0.000327202642122701,0.000109026934583881,-0.000112218809893802,-0.00033676927805186,-0.000564875774358473,-0.000796807628117305,-0.0010328537267652,-0.00127332418630281,-0.00151855217079135,-0.00176889587391883,-0.00202474067679517,-0.0022865014973772,-0.00255462534825834,-0.00282959412097189,-0.00311192761646286,-0.00340218684295782,-0.00370097760410777,-0.00400895440197147,-0.00432682468112468,-0.0046553534418995,-0.00499536825242755,-0.0053477646907393,-0.00571351224958629,-0.0060936607378255,-0.00648934721302948,-0.00690180348033671,-0.0073323641922791,-0.00778247558322846,-0.00825370486996754,-0.00874775034643883,-0.00926645219564182,-0.00981180403455421,-0.0103859651984067,-0.0109912737581379,-0.0116302602488047,-0.0123056620664734,-0.0130204384659146,-0.0137777860604675,-0.0145811546878279,-0.0154342634603267,-0.0163411167645336,-0.0173060199117974,-0.0183335940677616,-0.0194287900042393,-0.0205969001206518,-0.0218435680744691,-0.0231747952412642,-0.0245969430964114,-0.0261167304744867,-0.027741224522776,-0.0294778240273295,-0.0313342336611256,-0.0333184275938634,-0.0354386008240508,-0.0377031065615768,-0.0401203780207825,-0.0426988331006175,-0.045446760651996,-0.0483721873857803,-0.0514827249795141,-0.0547853976149849,-0.0582864510328785,-0.0619911452253751,-0.0659035340877695,-0.0700262366821651,-0.074360206173404,-0.0789045038983708,-0.0836560873188993,-0.0886096216592441,-0.0937573257018504,-0.0990888623693489,-0.104591284230692,-0.11024904284324,-0.116044068841518,-0.121955926938074,-0.127962046623543,-0.134038025534643,-0.140157998465155,-0.146295061140301,-0.152421734491119,-0.158510452562619,-0.164534055617434,-0.170466269611162,-0.176282154056946,-0.181958502284473,-0.187474181041443,-0.192810400008593,-0.197950905778805,-0.20288209885458,-0.207593075942843,-0.212075603026975,-0.216324027205277,-0.220335137018469,-0.224107981940604,-0.22764366193797,-0.230945097616659,-0.234016790617014,-0.236864582717244,-0.239495420718498,-0.241917132722709,-0.244138219982581,-0.246167667174649,-0.248014772771011,-0.249689000190258,-0.25119984960233,-0.252556749640393,-0.253768967820692,-0.254845538168016,-0.255795204366581,-0.256626376679811,-0.257347100885095,-0.257965037530648,-0.258487449923465,-0.25892119938542,-0.259272746457026,-0.259548156876195,-0.25975311130572,-0.259892917923462,-0.259972527120061,-0.259996547668664,-0.259969263838626,-0.259894653020314,-0.259776403511228,-0.259617932185433,-0.259422401829534,-0.259192737980178,-0.25893164514135,-0.258641622295507,-0.258324977651932,-0.257983842599376,-0.257620184849028,-0.257235820768744,-0.256832426921004,-0.256411550825801,-0.255974620976053,-0.255522956137671,-0.255057773969388,0,0.0121210796499842,0.0121132328149053,0.0120329916688239,0.0119135213489495,0.0117701445948322,0.0116112563092634,0.0114419481529652,0.0112654930829462,0.0110840680440336,0.0108991532759157,0.0107117717219826,0.0105226398595015,0.0103322656645852,0.0101410135223236,0.00994914784213945,0.00975686267141988,0.00956430196465556,0.00937157354523385,0.00917875877243342,0.00898591926414977,0.00879310159077765,0.0086003405656801,0.00840766156214082,0.008215082153585,0.00802261328255038,0.00783026010087584,0.007638022579898,0.00744589595907624,0.00725387108031,0.00706193464046666,0.00687006938436058,0.00667825425327226,0.00648646449912954,0.00629467177102962,0.00610284417840498,0.00591094633349755,0.00571893937467979,0.00552678097138334,0.00533442531086064,0.00514182306662232,0.00494892134812148,0.00475566363104341,0.00456198966739151,0.00436783537440811,0.00417313270123225,0.0039778094720522,0.00378178920436761,0.00358499090082094,0.003387328812892,0.00318871217456813,0.00298904490391146,0.00278822527023058,0.00258614552434021,0.00238269148914343,0.00217774210750948,0.00197116894412985,0.00176283563772985,0.00155259729967627,0.00134029985465962,0.00112577931873902,0.000908861009610219,0.00068935868349531,0.00046707359255075,0.000241793456139172,1.3291338716942e-05,-0.000218675573563566,-0.00045436730614648,-0.000694062548642092,-0.000938060236895431,-0.00118668127569024,-0.001440270414214,-0.00169919828748039,-0.00196386363806145,-0.00223469573372033,-0.00251215699786186,-0.00279674587112749,-0.00308899992394833,-0.00338949924143097,-0.00369887010356558,-0.00401778898540531,-0.00434698690353882,-0.00468725413683122,-0.00503944535100732,-0.00540448515812494,-0.00578337414328051,-0.00617719539190384,-0.00658712155163267,-0.0070144224628697,-0.00746047339155848,-0.00792676389626602,-0.00841490735909679,-0.00892665120599869,-0.00946388783632705,-0.0100286662737091,-0.0106232045398533,-0.011249902739436,-0.0119113568269868,-0.0126103730050956,-0.013349982676527,-0.0141334578401348,-0.0149643267809132,-0.015846389857196,-0.0167837351319574,-0.0177807535294862,-0.0188421531225753,-0.0199729720681795,-0.0211785896109038,-0.0224647344638328,-0.023837489755834,-0.0253032936051985,-0.0268689342440388,-0.0285415384804216,-0.0303285521516776,-0.0322377111007157,-0.0342770011078693,-0.0364546051468809,-0.0387788363208964,-0.0412580548912706,-0.0439005679593131,-0.0467145106210104,-0.0497077078094705,-0.0528875165896998,-0.0562606493910583,-0.0598329795621404,-0.0636093317068259,-0.0675932604887557,-0.0717868229344328,-0.0761903506594026,-0.0808022297998889,-0.0856186976430101,-0.0906336658829084,-0.0958385809487884,-0.101222331818428,-0.106771215031806,-0.112468965177651,-0.118296856922045,-0.124233881736001,-0.130256998992247,-0.13634145725269,-0.142461177635152,-0.14858918744896,-0.154698089148269,-0.160760547361194,-0.166749775533777,-0.172640003702243,-0.178406910080086,-0.184028001405586,-0.189482930125516,-0.194753740203317,-0.19982503730993,-0.20468408305992,-0.209320816509629,-0.213727809116571,-0.217900161627806,-0.221835352858847,-0.22553305105787,-0.228994898596475,-0.232224280203605,-0.235226084001386,-0.23800646335325,-0.240572606130046,-0.242932516554219,-0.245094813387794,-0.2470685469533,-0.248863036360709,-0.250487727379454,-0.251952070647384,-0.253265419340207,-0.254436945019133,-0.255475570109699,-0.256389915317775,-0.257188260236019,-0.257878515413775,-0.258468204236103,-0.258964453066538,-0.259373988239766,-0.259703138633599,-0.259957842696206,-0.260143658948336,-0.260265779116994,-0.260329043183883,-0.260337955747421,-0.260296703200403,-0.260209171316568,-0.260078962918677,-0.259909415369062,-0.25970361768177,-0.259464427104487,-0.259194485059294,-0.258896232365077,-0.258571923691958,-0.258223641220342,-0.257853307494878,-0.257462697477498,-0.257053449814371,-0.256627077339646,-0.256184976844678,-0.255728438145523,-0.255258652484085,-0.254776720299819,0,0.0123820416289111,0.0123489163002811,0.0122570319600052,0.0121300376776773,0.0119805972416846,0.0118162258016157,0.0116416889856699,0.0114601362112955,0.0112737017465711,0.0110838554045048,0.0108916210343861,0.0106977183002059,0.0105026569960981,0.0103068007927942,0.0101104107928177,0.00991367552391999,0.00971673171495181,0.00951967875143733,0.00932258876842976,0.00912551371663807,0.00892849032076416,0.00873154356596271,0.00853468915448137,0.00833793524075783,0.00814128366038112,0.00794473080355849,0.00774826823841264,0.00755188315765372,0.00735555869985348,0.00715927418087328,0.00696300525998456,0.00676672405749604,0.00657039923528732,0.00637399604786163,0.00617747636888612,0.00598079869634169,0.00578391813811831,0.00558678637898814,0.0053893516292533,0.00519155855490769,0.00499334818881483,0.00479465782214437,0.00459542087509796,0.00439556674577198,0.00419502063583492,0.00399370335153072,0.00379153107835137,0.00358841512754542,0.00338426165244373,0.00317897133238208,0.00297243902178886,0.00276455336177223,0.00255519635129479,0.00234424287475495,0.00213156018250467,0.00191700732052127,0.00170043450511494,0.00148168243818684,0.00126058155815832,0.00103695122126427,0.000810598807435933,0.000581318744494276,0.000348891443823669,0.000113082140095228,-0.000126360373041721,-0.000369705120096001,-0.000617240443265395,-0.000869275634772404,-0.00112614271332768,-0.00138819835703314,-0.00165582600610596,-0.00192943814995553,-0.00220947881437675,-0.00249642626594261,-0.00279079595207189,-0.00309314369671862,-0.00340406917316492,-0.00372421967698151,-0.00405429422383744,-0.0043950479984577,-0.00474729718261244,-0.0051119241915299,-0.00548988334948973,-0.00588220703651001,-0.00629001233888392,-0.00671450823674564,-0.00715700336170298,-0.00761891435669143,-0.00810177486838211,-0.00860724519945678,-0.00913712264355803,-0.00969335251938239,-0.0102780399118022,-0.0108934621166066,-0.0115420817709053,-0.012226560632819,-0.0129497739511061,-0.013714825337071,-0.0145250620166388,-0.0153840902989814,-0.0162957910486076,-0.0172643348894845,-0.0182941968016706,-0.0193901696923641,-0.020557376433697,-0.0218012797588419,-0.0231276892963627,-0.0245427649012455,-0.0260530153116203,-0.0276652910259584,-0.0293867701611402,-0.0312249359236987,-0.0331875442133611,-0.0352825797908045,-0.0375181993940032,-0.0399026601960837,-0.0424442320811229,-0.0451510923937465,-0.0480312021156252,-0.0510921628584853,-0.0543410546578113,-0.0577842553173213,-0.0614272429958464,-0.0652743848368507,-0.069328715690912,-0.0735917123267997,-0.0780630698978265,-0.0827404887334833,-0.0876194806468319,-0.0926932047546902,-0.0979523431633327,-0.103385026648386,-0.108976819550255,-0.114710771456057,-0.120567540847327,-0.126525592835431,-0.13256146953918,-0.138650127811292,-0.144765335179946,-0.150880111356736,-0.156967199786315,-0.162999551745963,-0.168950804637283,-0.174795736434739,-0.180510679737965,-0.186073881374884,-0.191465796785332,-0.196669312182237,-0.201669891416412,-0.206455648251582,-0.211017348123419,-0.215348346213008,-0.219444470693787,-0.223303861273098,-0.226926773676793,-0.230315360603681,-0.233473439027608,-0.23640625268717,-0.239120237316034,-0.241622794758285,-0.243922080691242,-0.246026809326617,-0.247946077239027,-0.249689207414799,-0.251265613740313,-0.252684685458676,-0.25395569060607,-0.255087697076781,-0.256089509737033,-0.25696962188891,-0.257736179354187,-0.258396955482684,-0.258959335472373,-0.259430308503131,-0.259816466320025,-0.260124007045192,-0.260358743142185,-0.260526112597388,-0.260631192516137,-0.260678714453933,-0.260673080914379,-0.260618382544645,-0.260518415646485,-0.260376699696561,-0.260196494634867,-0.25998081773527,-0.259732459918629,-0.259454001407581,-0.259147826653885,-0.258816138495118,-0.258460971518326,-0.258084204624796,-0.257687572802955,-0.257272678126357,-0.25684100000101,-0.256393904691686,-0.255932654160455,-0.255458414253003,-0.254972262269539,-0.254475193957449,0,0.0126477041734503,0.0125742589930867,0.0124621400079188,0.0123222446640373,0.0121631902370809,0.0119909121534177,0.0118094557497528,0.0116216062544155,0.0114293005546521,0.0112338953753483,0.0110363459636824,0.0108373274507001,0.0106373183327412,0.0104366583695717,0.010235588962345,0.0100342814233316,0.00983285682413805,0.00963139995914983,0.00942996918242205,0.00922860334344943,0.00902732667958292,0.00882615226745907,0.00862508445743051,0.00842412058986541,0.00822325220412538,0.00802246588890024,0.00782174387866419,0.00762106446994863,0.00742040230913157,0.00721972858787845,0.007019011171353,0.00681821467653144,0.00661730051245851,0.00641622689039927,0.00621494880911243,0.006013418018538,0.00581158296383156,0.00560938871070975,0.0054067768523754,0.00520368539778517,0.00500004864063971,0.00479579700817981,0.00459085688862524,0.00438515043587995,0.00417859534993132,0.00397110463117732,0.00376258630672741,0.00355294312652072,0.00334207222690066,0.00312986475906148,0.00291620547954725,0.0027009722997313,0.00248403579093178,0.0022652586415268,0.00204449506211789,0.00182159013444919,0.00159637909942482,0.00136868657916708,0.00113832572762735,0.000905097303796933,0.000668788661052674,0.000429172645624497,0.000186006396568086,-6.09699610263706e-05,-0.000312034738569965,-0.00056748623201007,-0.000827644405959053,-0.00109285272542154,-0.00136348014761238,-0.00163992328741933,-0.00192260877120808,-0.00221199579488986,-0.00250857890347522,-0.0028128910107141,-0.00312550667886834,-0.00344704568016635,-0.00377817686303437,-0.00411962234776375,-0.00447216207782833,-0.00483663875457182,-0.00521396318439076,-0.00560512006878471,-0.00601117426864459,-0.00643327757480863,-0.00687267601711086,-0.00733071774372533,-0.0078088615013951,-0.00830868574490788,-0.0088318984006798,-0.00938034730423412,-0.00995603132434193,-0.0105611121772167,-0.0111979269219334,-0.0118690011126147,-0.0125770625632792,-0.013325055656852,-0.014116156099949,-0.0149537859888069,-0.0158416290082718,-0.0167836455341736,-0.0177840873488184,-0.0188475116089186,-0.019978793624391,-0.0211831379146858,-0.022466086906627,-0.0238335265246964,-0.0252916878025312,-0.0268471435154254,-0.0285067987013445,-0.0302778738075258,-0.0321678790781332,-0.0341845786949109,-0.0363359431090006,-0.0386300879723777,-0.0410751981086293,-0.0436794350742808,-0.0464508270745117,-0.0493971403323897,-0.0525257314890788,-0.0558433812508205,-0.059356110307371,-0.0630689795265803,-0.0669858775675558,-0.071109300319191,-0.075440127909409,-0.0799774063676919,-0.0847181422607252,-0.0896571196397693,-0.0947867493071934,-0.100096960595087,-0.105575145430371,-0.111206163348064,-0.1169724142654,-0.122853983266813,-0.128828858471124,-0.134873219432816,-0.140961789713519,-0.147068243542139,-0.153165653176938,-0.159226960989278,-0.165225458652754,-0.171135255303993,-0.176931717196108,-0.182591863131677,-0.188094702671238,-0.193421507513833,-0.198556010234793,-0.203484528425359,-0.208196015913926,-0.212682045915911,-0.216936733485938,-0.220956606438274,-0.224740434941588,-0.22828903032937,-0.231605023393497,-0.234692631671164,-0.237557424132636,-0.240206090364167,-0.242646219938027,-0.24488609627016,-0.246934507961639,-0.248800579454892,-0.250493621839803,-0.252023003830153,-0.253398042295096,-0.254627911261102,-0.255721567978234,-0.25668769444874,-0.257534652722767,-0.258270452253479,-0.258902727651876,-0.25943872527251,-0.259885297180493,-0.260248901185642,-0.260535605772111,-0.260751098894315,-0.260900699747466,-0.260989372750101,-0.261021743094612,-0.261002113328782,-0.260934480526439,-0.260822553688711,-0.260669771089568,-0.260479317341187,-0.260254140007066,-0.259996965634786,-0.259710315116772,-0.259396518317401,-0.259057727929096,-0.258695932539583,-0.258312968907909,-0.257910533458796,-0.257490193014078,-0.257053394786693,-0.256601475667573,-0.256135670839036,-0.255657121750261,-0.255166883491461,-0.254665931603566,-0.254155168359844,0,0.0129067431207029,0.0127841067358711,0.0126451686506854,0.0124878092457019,0.0123159820950831,0.0121335877366254,0.0119436505329735,0.0117483919976327,0.0115494166963693,0.0113478755870222,0.0111445909710389,0.0109401484219029,0.0107349634297925,0.0105293293818275,0.0103234519710781,0.0101174738117959,0.00991149201662811,0.00970557072905458,0.00949975004585853,0.00929405235953558,0.00908848685858212,0.00888305271372258,0.00867774132752769,0.00847253791691605,0.00826742262070419,0.00806237126901219,0.00785735591173506,0.0076523451749782,0.00744730449413458,0.00724219625784762,0.00703697988681334,0.00683161186404259,0.00662604572798706,0.00642023203621715,0.00621411830469928,0.00600764892583401,0.00580076506706836,0.00559340455092445,0.00538550171657619,0.00517698726257695,0.00496778806993593,0.00475782700441843,0.00454702269667111,0.00433528929853903,0.00412253621371602,0.00390866780065698,0.00369358304546566,0.00347717520225008,0.0032593313982074,0.00303993220045707,0.0028188511413803,0.00259595419895019,0.00237109922823726,0.00214413533995906,0.0019149022215987,0.00168322939624722,0.00144893541392508,0.00121182696970682,0.000971697942502729,0.000728328347844302,0.000481483197465805,0.000230911257877303,-2.36563005320198e-05,-0.000282507373029144,-0.000545950518650223,-0.000814316697669293,-0.00108796116010382,-0.00136726549791983,-0.00165263987465182,-0.00194452544728545,-0.00224339699646005,-0.00254976578232982,-0.00286418264477927,-0.0031872413681019,-0.00351958233171867,-0.00386189647001012,-0.00421492956584232,-0.00457948690384793,-0.00495643831093986,-0.00534672361282981,-0.00575135853643063,-0.00617144108885657,-0.0066081584441875,-0.00706279436911415,-0.00753673721785973,-0.00803148852520254,-0.00854867222376881,-0.00909004450775834,-0.00965750435958453,-0.010253104748189,-0.010879064497586,-0.0115377808110079,-0.0122318424192948,-0.0129640433012457,-0.0137373968978321,-0.0145551507106638,-0.0154208011370842,-0.0163381083488631,-0.0173111109677853,-0.0183441402286558,-0.0194418332476125,-0.020609144930586,-0.0218513579630063,-0.0231740902175634,-0.0245832988027532,-0.026085279852633,-0.0276866630303042,-0.0293943995881008,-0.0312157427018949,-0.0331582186829208,-0.0352295875778632,-0.0374377916089557,-0.0397908898953475,-0.0422969779523572,-0.0449640906059038,-0.0478000872061568,-0.0508125183981511,-0.0540084742268807,-0.0573944140350612,-0.0609759794608784,-0.0647577928571605,-0.0687432446142422,-0.0729342741395191,-0.077331150568991,-0.0819322605787773,-0.0867339118245487,-0.091730161443229,-0.0969126795736238,-0.102270657862442,-0.107790772308682,-0.11345720848676,-0.119251755153628,-0.125153969530948,-0.131141414278659,-0.1371899625342,-0.143274163638495,-0.149367658603188,-0.155443631300743,-0.161475279061722,-0.167436285061396,-0.173301274700335,-0.17904623915111,-0.184648911264905,-0.190089081917095,-0.195348848355073,-0.200412789889927,-0.205268070037468,-0.209904467685601,-0.214314342822821,-0.218492544658027,-0.222436271523786,-0.22614489278464,-0.229619743130079,-0.232863899221716,-0.235881947814455,-0.238679753317741,-0.241264231435426,-0.24364313413536,-0.245824849844927,-0.247818221515079,-0.249632384088122,-0.251276621968455,-0.252760246338324,-0.254092491577151,-0.255282429619299,-0.256338900801452,-0.257270459585229,-0.258085333470696,-0.258791393420713,-0.259396134175438,-0.259906662934148,-0.260329695004041,-0.260671555151829,-0.260938183535039,-0.261135145229794,-0.261267642505721,-0.261340529123731,-0.261358326046776,-0.261325238056528,-0.261245170860012,-0.261121748349837,-0.260958329750474,-0.260758026441792,-0.260523718300785,-0.260258069443951,-0.259963543287298,-0.259642416869101,-0.259296794403427,-0.258928620050712,-0.258539689906063,-0.258131663217111,-0.257706072851704,-0.257264335041915,-0.256807758435252,-0.256337552486873,-0.255854835228329,-0.255360640449159,-0.254855924327727,-0.254341571547187,-0.253818400931538,0,0.0131458374161584,0.0129717451508565,0.0128018771080474,0.0126236370078452,0.0124364929606973,0.0122421375662554,0.0120423920744126,0.0118387715205895,0.0116324429934022,0.0114242756026111,0.0112149039870616,0.0110047848863206,0.0107942425926872,0.0105835038610515,0.010372724083443,0.0101620066274445,0.00995141698285898,0.00974099303524424,0.00953075248323025,0.00932069816624644,0.00911082187228704,0.00890110704481172,0.00869153069493508,0.00848206474133407,0.00827267693875978,0.00806333151107107,0.0078539895720061,0.00764460939320355,0.00743514656185233,0.00722555405799447,0.00701578227260772,0.00680577898119664,0.00659548928302502,0.00638485551281216,0.00617381712934131,0.00596231058370646,0.00575026916867705,0.00553762284974257,0.00532429807771805,0.00511021758226732,0.00489530014529382,0.00467946035281105,0.00446260832361661,0.00424464941283634,0.00402548388816137,0.00380500657636479,0.0035831064774464,0.00335966634351072,0.00313456221923024,0.00290766294047799,0.00267882958743047,0.00244791488814084,0.00221476256826017,0.00197920664223609,0.00174107064094958,0.00150016677034591,0.00125629499518422,0.00100924204156138,0.00075878031135649,0.000504666701191411,0.000246641317905152,-1.55739181110365e-05,-0.00028227679107734,-0.000553786439611771,-0.00083044514909443,-0.00111262029846293,-0.00140070647426048,-0.0016951277658013,-0.00199634025643303,-0.00230483472706743,-0.00262113958940814,-0.00294582406763168,-0.00327950164865588,-0.00362283382255228,-0.00397653413610204,-0.00434137258393271,-0.00471818036307298,-0.00510785501807565,-0.0055113660050307,-0.00592976070374691,-0.00636417090803064,-0.00681581982422409,-0.00728602960784837,-0.00777622946715589,-0.00828796436044772,-0.00882290431089896,-0.00938285435809723,-0.00996976515918609,-0.0105857442440481,-0.011233067917896,-0.0119141937904728,-0.0126317738931889,-0.0133886683233164,-0.0141879593270825,-0.0150329657003798,-0.0159272573460188,-0.0168746697791172,-0.0178793183165191,-0.0189456116212587,-0.0200782641983645,-0.0212823073532775,-0.0225630980286918,-0.0239263248300675,-0.0253780104354019,-0.0269245094629399,-0.0285725007443677,-0.0303289728250461,-0.0322012013931342,-0.0341967172341281,-0.0363232632268046,-0.0385887388536446,-0.0410011307088783,-0.0435684275680071,-0.0462985187535397,-0.0491990748131975,-0.0522774099390061,-0.0555403261160593,-0.0589939397108235,-0.0626434920948747,-0.0664931469432651,-0.0705457780239777,-0.0748027525636941,-0.079263716571372,-0.0839263897385811,-0.0887863786074385,-0.0938370174812866,-0.099069246921692,-0.104471539506024,-0.110029881713166,-0.115727819300585,-0.121546571329662,-0.127465215151821,-0.133460941323831,-0.139509373785375,-0.145584946970895,-0.151661328137939,-0.15771187037283,-0.163710079742877,-0.16963007909467,-0.175447051147666,-0.181137644790084,-0.186680330731955,-0.192055695698234,-0.19724666787973,-0.202238670098178,-0.207019700787132,-0.21158034618331,-0.215913729864933,-0.220015407839348,-0.223883218721846,-0.227517099179161,-0.230918874807043,-0.234092036081123,-0.237041508093012,-0.239773421592197,-0.242294891522853,-0.244613807879913,-0.246738642395514,-0.248678273366368,-0.250441829883975,-0.252038555852387,-0.253477693476662,-0.254768385371519,-0.255919594058661,-0.256940037372738,-0.257838138158038,-0.258621986588891,-0.259299313465855,-0.25987747290885,-0.260363432971795,-0.260763772828195,-0.261084685313064,-0.261331983745937,-0.261511112096434,-0.261627157684029,-0.261684865724627,-0.261688655146673,-0.261642635198236,-0.261550622453639,-0.261416157904216,-0.26124252388324,-0.26103276063093,-0.260789682352526,-0.26051589266175,-0.260213799334499,-0.259885628324155,-0.259533437011392,-0.259159126678441,-0.25876445421125,-0.258351043043314,-0.257920393362755,-0.257473891609956,-0.257012819297026,-0.256538361182948,-0.256051612839802,-0.255553587645995,-0.255045223242429,-0.254527387486882,-0.254000883940921,-0.253466456922394,0,0.0133517275753692,0.013129580841364,0.0129272193326563,0.0127260172394324,0.0125217874115029,0.0123141113626153,0.0121035512366329,0.0118908381382335,0.0116766330497106,0.011461468703765,0.0112457505555676,0.011029775536697,0.0108137538895811,0.0105978289796021,0.0103820936457841,0.0101666030557765,0.00995138452272282,0.00973644485743838,0.00952177579634753,0.00930735796249513,0.00909316372586138,0.00887915924684893,0.00866530591837023,0.00845156136765102,0.00823788013696316,0.00802421413077289,0.00781051289306457,0.00759672376102617,0.00738279192834138,0.0071686604418524,0.00695427014843089,0.00673955960384343,0.00652446495171804,0.00630891977803236,0.00609285494458028,0.00587619840342956,0.00565887499331086,0.0054408062180715,0.00522191000671027,0.00500210045402091,0.00478128754047532,0.00455937682964327,0.00433626914114556,0.00411186019686619,0.00388604023788906,0.00365869360936504,0.00342969831025874,0.00319892550465554,0.00296623899103428,0.00273149462561922,0.0024945396956153,0.00225521223780539,0.00201334029763663,0.00176874112354896,0.00152122029089539,0.00127057074936988,0.00101657178738986,0.000758987906374076,0.000497567597306764,0.000232042011384083,-3.7876484105602e-05,-0.000312495874216945,-0.000592146199406222,-0.000877181404342238,-0.00116798134448366,-0.00146495396339624,-0.00176853765480461,-0.00207920382447421,-0.00239745966818054,-0.00272385118325826,-0.00305896643250862,-0.0034034390805822,-0.00375795222432458,-0.00412324253994976,-0.00450010477127002,-0.0048893965845151,-0.00529204381647506,-0.00570904614373467,-0.00614148320156038,-0.00659052118144931,-0.00705741993634951,-0.00754354062195128,-0.00805035390107654,-0.00857944873583246,-0.00913254178861135,-0.00971148744791522,-0.0103182884880148,-0.0109551073622282,-0.0116242781176532,-0.0123283189040028,-0.0130699450301591,-0.0138520824985452,-0.0146778819186675,-0.0155507326664455,-0.0164742771143843,-0.0174524247084415,-0.0184893656097646,-0.0195895835526119,-0.0207578674931118,-0.0219993215367372,-0.0233193725354736,-0.0247237746392116,-0.0262186099711123,-0.0278102844758088,-0.0295055178656438,-0.0313113264685879,-0.033234997668624,-0.0352840545338823,-0.0374662091606067,-0.0397893032354824,-0.0422612343507198,-0.0448898667134589,-0.0476829250929788,-0.0506478711658295,-0.0537917618692774,-0.0571210899731577,-0.0606416078392217,-0.0643581362560884,-0.0682743613048935,-0.0723926233972406,-0.076713703885169,-0.0812366159031803,-0.0859584072741207,-0.0908739842844014,-0.0959759657876473,-0.101254577304731,-0.106697594438325,-0.112290343924377,-0.118015768957433,-0.123854563066338,-0.129785373865386,-0.135785074619618,-0.141829097963636,-0.147891822571978,-0.15394700038921,-0.159968209473306,-0.165929315825307,-0.171804926935371,-0.177570820235939,-0.183204331175808,-0.188684688072029,-0.193993284034396,-0.199113879811139,-0.204032735076391,-0.208738669186942,-0.213223055538567,-0.21747975617493,-0.221505005142173,-0.225297250209459,-0.228856963023089,-0.23218642761122,-0.235289516521462,-0.238171462883376,-0.240838635470901,-0.243298322513891,-0.245558528672586,-0.247627788321218,-0.249514997141409,-0.251229263035966,-0.252779776554077,-0.254175700370743,-0.255426076876863,-0.256539752595255,-0.257525317921787,-0.258391060578122,-0.259144931132033,-0.259794518973325,-0.260347037210595,-0.260809315061884,-0.261187796438508,-0.261488543556581,-0.261717244547743,-0.261879224174011,-0.26197945687798,-0.262022581516284,-0.262012917230234,-0.261954480002105,-0.261850999528882,-0.26170593611773,-0.261522497369777,-0.261303654471793,-0.261052157959995,-0.260770552857378,-0.260461193116685,-0.260126255326085,-0.259767751654854,-0.259387542032324,-0.258987345565954,-0.258568751213983,-0.258133227735342,-0.257682132944758,-0.25721672230455,-0.256738156886974,-0.256247510742192,-0.255745777707432,-0.255233877692662,-0.254712662477479,-0.254182921052819,-0.253645384539839,-0.253100730716813,0,0.0135128764657409,0.0132498062643123,0.0130156712673728,0.0127908049232439,0.0125685854978728,0.0123467963242237,0.0121248015699383,0.0119025373759074,0.0116801295656246,0.0114577444865567,0.0112355325238144,0.0110136100144397,0.0107920570550281,0.0105709214140635,0.0103502242342581,0.0101299656846879,0.00991012986394108,0.00969068877530131,0.00947160541820826,0.00925283612227324,0.00903433226705029,0.00881604151992625,0.00859790870394753,0.00837987638546799,0.00816188525166881,0.00794387433141368,0.00772578109961822,0.00750754149495828,0.00728908987281403,0.00707035890933792,0.00685127946802211,0.00663178043675679,0.00641178854084214,0.00619122813551953,0.00597002098016274,0.00574808599518301,0.00552533900187209,0.00530169244475278,0.00507705509548567,0.0048513317369477,0.00462442282573226,0.00439622413099244,0.00416662634725244,0.00393551467852735,0.00370276839081699,0.0034682603297623,0.00323185639997388,0.00299341500225347,0.00275278642462685,0.00250981218279432,0.00226432430526687,0.00201614455810575,0.00176508360380243,0.00151094008843286,0.00125349965078518,0.000992533846691457,0.000727798981291557,0.000459034841409099,0.000185963319632131,-9.17130789495069e-05,-0.000374312857089484,-0.000662177283299911,-0.000955672298633081,-0.00125519058449974,-0.00156115380462935,-0.00187401503528782,-0.00219426139893481,-0.00252241691764414,-0.00285904560380398,-0.00320475480686248,-0.00356019883617199,-0.0039260828812936,-0.00430316725243221,-0.00469227196494649,-0.00509428169307993,-0.00551015111913471,-0.00594091070519362,-0.00638767291510716,-0.00685163891469916,-0.00733410577788288,-0.00783647422547032,-0.00836025692171706,-0.0089070873508624,-0.00947872929183585,-0.0100770869036099,-0.010704215426026,-0.0113623324909057,-0.0120538300253963,-0.0127812867132708,-0.0135474809596971,-0.0143554042801451,-0.0152082750038909,-0.0161095521462321,-0.0170629492602392,-0.0180724480278327,-0.0191423112904288,-0.0202770951506635,-0.0214816596983026,-0.0227611778251466,-0.0241211414957424,-0.0255673647337747,-0.0271059824696561,-0.0287434442755743,-0.0304865018938541,-0.0323421893482531,-0.0343177943228164,-0.0364208194083665,-0.0386589317640288,-0.0410398997342169,-0.0435715150162934,-0.0462614991086818,-0.0491173930027475,-0.0521464294335368,-0.0553553874921172,-0.0587504300395265,-0.0623369251562473,-0.0661192538086703,-0.0701006069986313,-0.0742827768502725,-0.078665947326957,-0.0832484914854814,-0.0880267832707895,-0.0929950327205945,-0.0981451539649498,-0.103466675451213,-0.10894670129533,-0.114569931482153,-0.120318746783808,-0.126173361769756,-0.132112046247902,-0.138111412075159,-0.144146758740668,-0.150192467728862,-0.156222432699634,-0.162210510246304,-0.168130974623871,-0.173958959514265,-0.179670870647439,-0.18524475485848,-0.190660613767817,-0.195900653486925,-0.200949465295149,-0.205794135814461,-0.210424288560892,-0.214832061655482,-0.219012028780622,-0.222961072088378,-0.226678216693423,-0.230164436660667,-0.233422442116207,-0.236456456386096,-0.239271991027641,-0.241875625386554,-0.244274796001399,-0.246477599876506,-0.248492614425667,-0.250328735799552,-0.251995036377764,-0.253500641442816,-0.2548546244562,-0.256065919914796,-0.25714325246182,-0.258095080740185,-0.258929554386187,-0.259654482547445,-0.260277312352187,-0.260805115841051,-0.261244583983531,-0.261602026528092,-0.261883376568837,-0.262094198845869,-0.262239700926382,-0.262324746535742,-0.262353870420347,-0.262331294225821,-0.262260942964695,-0.262146461727303,-0.261991232358683,-0.261798389883539,-0.26157083851161,-0.261311267098088,-0.261022163968883,-0.260705831049475,-0.260364397259644,-0.259999831155299,-0.259613952813659,-0.259208444969723,-0.258784863420949,-0.258344646723702,-0.257889125209852,-0.257419529355161,-0.256936997533145,-0.25644258318917,-0.255937261469824,-0.255421935342333,-0.254897441238021,-0.254364554252745,-0.25382399293591,-0.253276423698185,-0.252722464866458,0,0.013620369388482,0.0133249509433297,0.0130615584837332,0.012813622107508,0.0125733931069584,0.0123373056914283,0.0121036820862153,0.0118717132137704,0.0116409996574306,0.0114113367645023,0.0111826107807314,0.0109547479572653,0.0107276898286237,0.0105013816386969,0.010275767358882,0.0100507879370313,0.00982638104869363,0.00960248147222017,0.009379021654362,0.00915593226466646,0.0089331426554785,0.00871058120293285,0.008488175531507,0.00826585263578243,0.00804353891616594,0.00782116014472702,0.00759864137520642,0.00737590680873021,0.00715287962432029,0.00692948178113145,0.00670563379751839,0.00648125451053178,0.00625626081821613,0.00603056740609109,0.00580408645838822,0.00557672735395581,0.00534839634619254,0.00511899622590556,0.00488842596558391,0.00465658034321918,0.00442334954347799,0.00418861873372299,0.00395226761208338,0.00371416992448826,0.00347419294728615,0.00323219693178142,0.00298803450671933,0.00274155003443886,0.00249257891609147,0.00224094684098074,0.00198646897472006,0.00172894908052392,0.00146817856754197,0.00120393545971018,0.000935983278128473,0.000664069829470815,0.000387925892395363,0.000107263793337975,-0.000178224137558108,-0.000468867240304656,-0.0007650183393864,-0.00106705570999224,-0.00137538520847183,-0.00169044258024669,-0.00201269595938443,-0.00234264857508935,-0.00268084168146201,-0.00302785772803768,-0.00338432378981201,-0.0037509152766922,-0.00412835994355243,-0.00451744222329938,-0.00491900790653086,-0.00533396919245708,-0.00576331013669014,-0.00620809252223002,-0.00666946218038796,-0.00714865578839567,-0.00764700816991027,-0.0081659601233923,-0.00870706680121,-0.00927200665909057,-0.00986259099092653,-0.0104807740576385,-0.01112866381044,-0.0118085331980111,-0.0125228320332994,-0.0132741993783727,-0.0140654763843538,-0.0148997194972914,-0.0157802139091548,-0.0167104870952061,-0.0176943222340327,-0.0187357712537301,-0.0198391671864097,-0.0210091354427659,-0.0222506035384918,-0.0235688087147955,-0.0249693027965283,-0.0264579535244668,-0.0280409414849056,-0.0297247516427724,-0.0315161583681291,-0.0334222027359096,-0.0354501607826594,-0.0376075013315422,-0.0399018319598963,-0.0423408316963314,-0.0449321691130776,-0.0476834046419845,-0.0506018762080317,-0.0536945676608191,-0.056967960008362,-0.0604278661301123,-0.0640792504714041,-0.0679260361926081,-0.0719709033420219,-0.0762150828033991,-0.0806581519787793,-0.0852978393262708,-0.0901298458831077,-0.0951476926547415,-0.100342603122619,-0.105703430003262,-0.111216634685061,-0.11686632641739,-0.122634366319739,-0.128500538668994,-0.134442788831001,-0.140437523814415,-0.146459967980532,-0.152484563215323,-0.158485400136231,-0.164436664915345,-0.170313085241701,-0.176090358923691,-0.181745549654096,-0.187257436431318,-0.192606805869585,-0.197776679892531,-0.202752474809837,-0.207522091245841,-0.212075937572486,-0.216406892198999,-0.220510212156113,-0.224383396822148,-0.228026016375614,-0.231439514681433,-0.234626995920927,-0.237593003476735,-0.240343298507157,-0.242884644408632,-0.245224602074578,-0.247371339598252,-0.249333458899638,-0.251119840723574,-0.252739508581385,-0.254201511498718,-0.255514824883687,-0.256688268429223,-0.257730439693869,-0.258649661846099,-0.259453943987684,-0.260150952472217,-0.26074799168763,-0.261251992861019,-0.261669509557398,-0.262006718670693,-0.262269425837319,-0.262463074333888,-0.262592756646753,-0.262663228019196,-0.262678921390383,-0.26264396323787,-0.262562189922071,-0.262437164207124,-0.262272191698298,-0.262070336992468,-0.26183443938588,-0.261567128023485,-0.261270836407348,-0.260947816208969,-0.260600150352506,-0.260229765353674,-0.259838442913196,-0.259427830774566,-0.258999452864253,-0.258554718738622,-0.258094932366235,-0.257621300277192,-0.25713493911294,-0.25663688261089,-0.256128088058348,-0.255609442249884,-0.255081766981433,-0.254545824113355,-0.254002320233293,-0.253451910948229,-0.252895204833539,-0.252332767065256,0,0.0136679731707782,0.0133482644823476,0.0130593530786344,0.0127900617000079,0.0125326420383522,0.0122826773683574,0.0120376686737486,0.0117961613023429,0.0115572756599845,0.0113204557438079,0.011085331321462,0.0108516406493293,0.0106191863481949,0.0103878098606536,0.0101573764986085,0.00992776659972815,0.00969887023895574,0.00947058402188863,0.00924280910222701,0.0090154499199933,0.0087884133633787,0.00856160817794685,0.00833494451831364,0.00810833357985021,0.00788168727329262,0.00765491792031676,0.00742793795721011,0.00720065963916981,0.00697299474091279,0.00674485425108012,0.00651614805887812,0.0062867846318518,0.00605667068383325,0.00582571083206546,0.00559380724235717,0.00536085926091357,0.00512676303124095,0.00489141109426312,0.00465469196951276,0.0044164897149835,0.00417668346294736,0.00393514692875978,0.00369174788938338,0.00344634762807214,0.0031988003413561,0.00294895250415874,0.0026966421885606,0.00244169833139033,0.00218393994547874,0.00192317526904543,0.00165920084730427,0.00139180053996521,0.00112074444787576,0.000845787751581617,0.000566669454089709,0.000283111019579556,-5.18510076163298e-06,-0.000298537065228387,-0.000597285370524822,-0.00090179472396628,-0.00121245607056464,-0.00152968878743957,-0.00185394305888954,-0.00218570244640848,-0.00252548666893872,-0.00287385460971534,-0.00323140756716221,-0.0035987927684458,-0.00397670716545492,-0.00436590153414012,-0.00476718489927999,-0.00518142930781299,-0.00560957497483071,-0.00605263582711622,-0.00651170546965248,-0.00698796360072997,-0.00748268290103946,-0.00799723642130649,-0.0085331054914435,-0.00909188817167118,-0.00967530826235534,-0.0102852248841416,-0.0109236426330345,-0.0115927223059754,-0.0122947921808,-0.013032359819716,-0.0138081243470757,-0.0146249891296237,-0.0154860747599002,-0.0163947322103702,-0.0173545559863671,-0.0183693970593409,-0.0194433753074438,-0.0205808911275335,-0.0217866358107027,-0.0230656001921938,-0.024423080996096,-0.0258646841961233,-0.0273963246072601,-0.029024220811244,-0.0307548844049255,-0.0325951024490691,-0.0345519118923118,-0.0366325646588326,-0.0388444820289253,-0.0411951969214603,-0.0436922827206311,-0.0463432673928647,-0.0491555318310894,-0.0521361916609615,-0.0552919621643964,-0.0586290065342253,-0.0621527683789808,-0.0658677902494312,-0.0697775209476157,-0.0738841154791019,-0.078188232676574,-0.08268883669483,-0.0873830096713681,-0.0922657837633589,-0.0973300013994105,-0.10256621280854,-0.107962619603308,-0.113505072316407,-0.119177128275654,-0.124960174059201,-0.130833614070943,-0.136775123652087,-0.142760961796136,-0.148766335206205,-0.154765802394866,-0.160733704042235,-0.166644604126078,-0.172473725581554,-0.17819736451401,-0.183793268254931,-0.189240964702582,-0.194522033229225,-0.199620310715357,-0.204522029713814,-0.209215889085833,-0.213693060455734,-0.217947136324329,-0.221974027553349,-0.225771819141214,-0.229340593772483,-0.232682232605725,-0.235800202267117,-0.23869933615706,-0.241385617075086,-0.24386596693723,-0.246148048097203,-0.248240079565672,-0.250150670307097,-0.251888670817287,-0.253463043365624,-0.254882750628203,-0.256156661935467,-0.257293475996686,-0.258301658725639,-0.259189394657349,-0.259964550394485,-0.260634648535285,-0.26120685059564,-0.261687947531756,-0.262084356584469,-0.262402123292242,-0.26264692764954,-0.262824093515248,-0.262938600497996,-0.262995097659244,-0.262997918479093,-0.262951096623352,-0.262858382133273,-0.262723257731797,-0.262548955002793,-0.262338470253255,-0.262094579913741,-0.261819855370228,-0.261516677151973,-0.261187248425756,-0.260833607767759,-0.260457641201028,-0.26006109349968,-0.25964557877121,-0.259212590335997,-0.258763509928824,-0.258299616251251,-0.257822092906367,-0.25733203574904,-0.256830459685497,-0.256318304956162,-0.255796442935186,-0.255265681479247,-0.254726769857093,-0.254180403289933,-0.2536272271313,-0.25306784071349,-0.252502800886058,-0.251932625270283,0,0.013651498063508,0.0133139246385922,0.0130039197037296,0.0127158791723352,0.0124428304224148,0.0121799765594275,0.01192425018027,0.011673686483317,0.0114269995878731,0.0111833231979545,0.0109420537325499,0.0107027546159677,0.0104650971089418,0.0102288232253974,0.00999372217781994,0.00975961521796881,0.00952634575098806,0.00929377279888989,0.00906176661258395,0.00883020567395874,0.00859897460355427,0.00836796266125649,0.00813706263656482,0.00790616999502872,0.00767518219285609,0.0074439981013691,0.00721251750249829,0.00698064062937939,0.00674826773462368,0.0065152986744318,0.00628163250038173,0.00604716705308524,0.00581179855339348,0.00557542118773231,0.0053379266846536,0.0050992038799282,0.00485913826756367,0.00461761153407559,0.0043745010731966,0.00412967947801551,0.00388301400730522,0.003634366022541,0.0033835903918282,0.00313053485666682,0.00287503935716885,0.00261693531102263,0.00235604484116028,0.0020921799467335,0.00182514161163396,0.00155471884440685,0.00128068764299661,0.00100280987733159,0.000720832082291296,0.00043448415311069,0.000143477934746762,-0.000152494303831338,-0.000453761520072857,-0.000760675683296116,-0.00107361370615695,-0.00139297953388884,-0.00171920640387207,-0.00205275928895368,-0.00239413753885268,-0.00274387773495612,-0.00310255677482132,-0.00347079520375723,-0.00384926081193529,-0.00423867251657113,-0.00463980454979619,-0.005053490973871,-0.00548063054634449,-0.00592219195858069,-0.00637921947169813,-0.00685283897431565,-0.00734426448647615,-0.00785480513360996,-0.00838587261325883,-0.00893898917533762,-0.00951579613376156,-0.0101180629230684,-0.0107476967079334,-0.0114067525458802,-0.0120974440936493,-0.0128221548351583,-0.0135834497932809,-0.0143840876682262,-0.0152270333215065,-0.0161154704956731,-0.017052814625469,-0.0180427255550705,-0.0190891199279391,-0.0201961829597923,-0.0213683792407671,-0.0226104621395459,-0.023927481299935,-0.0253247876293311,-0.0268080350794872,-0.0283831784144531,-0.0300564660509373,-0.0318344269461596,-0.0337238504025006,-0.0357317575635007,-0.03786536330053,-0.0401320271442695,-0.0425391919127048,-0.0450943087423469,-0.047804747358267,-0.0506776906387462,-0.0537200128593778,-0.0569381414552782,-0.0603379027311023,-0.0639243526831394,-0.0677015949731746,-0.0716725890950983,-0.0758389528721945,-0.0802007645676549,-0.084756371016102,-0.0895022092042851,-0.0944326495438251,-0.0995398695779561,-0.104813766937936,-0.110241919915976,-0.115809602979792,-0.121499862890108,-0.127293658821557,-0.13317006711639,-0.139106548169739,-0.145079269661589,-0.151063477160987,-0.157033900295257,-0.162965180450735,-0.168832304558315,-0.174611029053282,-0.180278278633217,-0.185812505923667,-0.191194000463369,-0.196405138332151,-0.201430567012667,-0.206257323434567,-0.210874886343874,-0.215275166958717,-0.219452444159543,-0.223403252127226,-0.227126229360177,-0.230621938402087,-0.233892665469268,-0.236942208583204,-0.23977566190565,-0.242399202856944,-0.244819887379658,-0.24704545747991,-0.24908416400803,-0.250944606579275,-0.252635591614819,-0.254166008718152,-0.255544724993829,-0.256780496456096,-0.257881895349892,-0.258857251997839,-0.259714609674588,-0.260461690974884,-0.261105874165966,-0.26165417808234,-0.262113254217971,-0.26248938478621,-0.26278848564234,-0.263016113090668,-0.263177473722485,-0.263277436549453,-0.263320546806776,-0.26331104090046,-0.263252862062581,-0.263149676357621,-0.263004888752015,-0.262821659018592,-0.262602917298496,-0.262351379186034,-0.26206956023787,-0.261759789837633,-0.261424224371354,-0.26106485968881,-0.26068354284156,-0.26028198310081,-0.259861762267813,-0.259424344296698,-0.258971084254901,-0.258503236650085,-0.258021963154858,-0.257528339761991,-0.257023363403439,-0.256507958066433,-0.255982980439359,-0.255449225119291,-0.254907429411854,-0.254358277752768,-0.253802405778965,-0.253240404075633,-0.252672821623979,-0.252100168972943,-0.251522921156571,0,0.0135678806872571,0.0132171037079033,0.0128907023119702,0.012587161249528,0.012300655118134,0.0120263965327202,0.0117610050752499,0.0115021617629652,0.011248269244413,0.0109982092060603,0.0107511810576845,0.0105065963969663,0.0102640099138255,0.0100230738524624,0.00978350774026189,0.00954507807947945,0.00930758459417729,0.00907085082561554,0.00883471763355319,0.00859903865163297,0.00836367706331103,0.00812850327340395,0.00789339318839762,0.00765822691087242,0.00742288771543917,0.00718726121556849,0.0069512346592363,0.00671469631074376,0.00647753488931562,0.00623963904408562,0.0060008968511733,0.00576119532264755,0.00552041991988465,0.00527845406558765,0.00503517864983807,0.00479047152620532,0.00454420699428032,0.00429625526513047,0.00404648190615718,0.00379474726171881,0.00354090584569506,0.00328480570193453,0.00302628772825353,0.00276518495935949,0.00250132180375139,0.00223451322931536,0.00196456389197768,0.00169126720140839,0.00141440431737822,0.00113374306996275,0.000849036796356999,0.000560023086604654,0.000266422430062065,-3.20632461007636e-05,-0.000335752155611935,-0.000644984358866299,-0.000960123606224578,-0.00128155933000062,-0.00160970879701857,-0.00194501943439886,-0.00228797134205991,-0.00263908000629552,-0.00299889922971049,-0.00336802429375806,-0.00374709537111241,-0.00413680120612078,-0.00453788308258407,-0.00495113909909935,-0.00537742877311563,-0.00581767799567901,-0.00627288435950586,-0.00674412288347111,-0.00723255215673613,-0.00773942092547967,-0.00826607514439995,-0.00881396551368678,-0.00938465551983497,-0.00997982999527875,-0.0106013042071135,-0.0112510334788534,-0.0119311233409,-0.0126438401947919,-0.0133916224629052,-0.0141770921785998,-0.0150030669512714,-0.0158725722157949,-0.0167888536457388,-0.0177553895738319,-0.0187759032207449,-0.0198543744836435,-0.0209950509785362,-0.0222024579646874,-0.0234814067049738,-0.0248370007330341,-0.0262746394067989,-0.0278000180294809,-0.0294191237151077,-0.0311382260688826,-0.0329638616469936,-0.0349028110612775,-0.0369620675084265,-0.0391487954400892,-0.0414702780601914,-0.0439338523520379,-0.0465468304150917,-0.0493164060460308,-0.0522495457477792,-0.0553528637102244,-0.0586324807917643,-0.062093868151948,-0.0657416769457769,-0.0695795563834873,-0.0736099634668192,-0.077833968799276,-0.0822510639814136,-0.0868589771720963,-0.091653504335129,-0.0966283643967262,-0.101775086905577,-0.107082940710137,-0.112538911559676,-0.118127735339219,-0.123831991850197,-0.129632261689822,-0.135507345965422,-0.141434545467673,-0.147389992732251,-0.153349027388796,-0.159286602583058,-0.165177708295561,-0.170997796251418,-0.176723190931128,-0.182331471973542,-0.187801814940297,-0.193115279834328,-0.198255039718469,-0.2032065450126,-0.207957622300926,-0.212498509518158,-0.216821832011006,-0.220922526054362,-0.224797717868107,-0.228446567019823,-0.231870083351994,-0.235070926319259,-0.238053194965755,-0.240822215828102,-0.243384334927718,-0.245746718817161,-0.247917168452732,-0.249903948543635,-0.251715634021075,-0.253360974405115,-0.254848776134179,-0.256187802360913,-0.257386689299266,-0.258453877916153,-0.259397559578715,-0.260225634175995,-0.260945679213185,-0.261564928410188,-0.262090258409164,-0.262528182294921,-0.262884848747223,-0.263166045766803,-0.263377208040932,-0.263523427135087,-0.263609463811434,-0.263639761880474,-0.263618463088039,-0.263549422625563,-0.263436224927105,-0.263282199482402,-0.263090436451896,-0.262863801917971,-0.262604952647327,-0.262316350273451,-0.262000274836178,-0.261658837638336,-0.261293993397955,-0.260907551689347,-0.260501187677899,-0.260076452162404,-0.259634780945421,-0.259177503557084,-0.258705851361151,-0.258220965074297,-0.257723901730876,-0.257215641125857,-0.256697091768503,-0.256169096378792,-0.255632436957658,-0.255087839460971,-0.25453597810583,-0.253977479336314,-0.2534129254743,-0.252842858079476,-0.252267781041088,-0.251688163422517,-0.251104442078284,0,0.0134144262630834,0.0130539481427293,0.0127158530758458,0.0124004646145528,0.0121031292521339,0.0118193521715879,0.0115456747560658,0.0112795858804997,0.0110192839040617,0.0107634689397613,0.0105111899260432,0.010261737662842,0.0100145711811441,0.00976926721190654,0.00952548543502373,0.00928294447936803,0.00904140526062756,0.00880065934362648,0.00856052075679806,0.00832082018546348,0.00808140080789312,0.00784211526740621,0.00760282343048235,0.00736339068851545,0.00712368663509427,0.00688358400205766,0.00664295777315979,0.00640168441884088,0.00615964121267538,0.0059167056018546,0.00567275461216153,0.00542766427342568,0.00518130905517611,0.00493356130469298,0.00468429068126545,0.00443336358146783,0.0041806425508446,0.00392598567768636,0.00366924596466407,0.00341027067403769,0.00314890064200508,0.00288496955753945,0.00261830320079789,0.0023487186358838,0.00207602335241767,0.00180001435002061,0.00152047715944766,0.00123718479371756,0.000949896622180403,0.000658357160035025,0.000362294765355771,6.1420235213494e-05,-0.00024457470803476,-0.000556019049746878,-0.000873264245325453,-0.00119668612252307,-0.00152668693502617,-0.00186369757931679,-0.00220817998755337,-0.00256062970999835,-0.00292157870135085,-0.00329159832620874,-0.00367130259978636,-0.00406135168093687,-0.00446245563545335,-0.00487537848854375,-0.00530094258624358,-0.00574003328633405,-0.00619360400000854,-0.00666268160603314,-0.00714837225940008,-0.00765186761638973,-0.00817445149743595,-0.00871750700809537,-0.00928252413660431,-0.00987110784377848,-0.0104849866571555,-0.0111260217760389,-0.0117962166871709,-0.0124977272818084,-0.0132328724535745,-0.014004145142198,-0.0148142237705863,-0.0156659840010798,-0.0165625107105773,-0.0175071100528714,-0.0185033214393029,-0.0195549292250757,-0.0206659738376149,-0.0218407620246496,-0.0230838758328333,-0.0244001798524847,-0.0257948261805858,-0.0272732564630917,-0.0288412002801172,-0.0305046690356653,-0.032269944410289,-0.0341435603346723,-0.0361322773503139,-0.0382430481477083,-0.0404829730219094,-0.0428592439713817,-0.045379076201729,-0.0480496258960993,-0.0508778932948105,-0.0538706104043993,-0.0570341130463038,-0.0603741974705587,-0.063895962408174,-0.0676036382177929,-0.0715004056879808,-0.075588208063019,-0.0798675609285807,-0.0843373656679662,-0.0889947332059657,-0.0938348256066394,-0.098850723683153,-0.104033329008678,-0.109371308490676,-0.114851088909597,-0.120456907483279,-0.126170922601923,-0.131973386442594,-0.137842878333131,-0.143756594665629,-0.149690688076514,-0.155620645756035,-0.161521694367144,-0.167369217356666,-0.173139169589946,-0.178808474318191,-0.184355388492881,-0.189759824284498,-0.195003617178294,-0.200070733988398,-0.204947417305529,-0.209622266026282,-0.214086254482906,-0.218332695127635,-0.222357151609164,-0.22615731035615,-0.229732819456468,-0.2330851037413,-0.236217164634034,-0.239133372609305,-0.241839259137765,-0.244341313873631,-0.246646791668523,-0.248763532843522,-0.250699799079603,-0.252464126333583,-0.254065195374726,-0.255511719874215,-0.256812351462989,-0.257975600792488,-0.259009773372188,-0.259922918799651,-0.260722791924538,-0.261416824479854,-0.262012105755302,-0.262515370964745,-0.26293299606046,-0.263270997861263,-0.263535038482126,-0.26373043317368,-0.263862160796897,-0.26393487626828,-0.263952924412383,-0.263920354750319,-0.263840936834859,-0.263718175814788,-0.263555327973865,-0.263355416043622,-0.263121244135053,-0.262855412172887,-0.262560329748298,-0.262238229332479,-0.261891178815157,-0.261521093349621,-0.261129746499732,-0.260718780695229,-0.26028971701006,-0.259843964284687,-0.25938282761784,-0.258907516256365,-0.258419150913747,-0.257918770549014,-0.257407338638054,-0.256885748969209,-0.256354830994379,-0.25581535476593,-0.255268035488531,-0.254713537713741,-0.254152479203714,-0.253585434488933,-0.253012938143378,-0.252435487799037,-0.251853546920229,-0.251267547356758,-0.250677891693587,0,0.0131884637548471,0.0128215275630796,0.0124763113325112,0.0121529213071139,0.0118476798442158,0.0115565618184376,0.0112762299495645,0.0110041367790229,0.0107383875510991,0.0104775779889121,0.0102206598073765,0.00996683981144333,0.00971550694572275,0.00946618032322949,0.00921847240285467,0.00897206293244257,0.00872668049095042,0.00848208937907639,0.00823808026940572,0.00799446349715195,0.00775106420424575,0.00750771878304565,0.00726427223027626,0.0070205761374542,0.00677648712545919,0.0065318655881596,0.00628657465024139,0.0060404792726132,0.0057934454585074,0.00554533952716228,0.00529602743151749,0.00504537410292649,0.00479324281037421,0.00453949452469846,0.0042839872802963,0.00402657552805825,0.00376710947402937,0.00350543439870239,0.00324138995201263,0.00297480941909368,0.00270551895173311,0.00243333676025714,0.00215807226031078,0.00187952516869454,0.00159748454208072,0.00131172775207251,0.00102201938968472,0.000728110091922987,0.000429735282716698,0.000126613820014769,-0.000181553459612196,-0.00049508530801301,-0.000814321753813491,-0.00113962592231411,-0.00147138599774229,-0.00181001733929674,-0.00215596476308397,-0.00250970500275115,-0.00287174936235945,-0.00324264657581916,-0.00362298588801774,-0.00401340037360346,-0.00441457051023212,-0.00482722802392398,-0.0052521600249933,-0.00569021345376718,-0.00614229985598087,-0.00660940050825452,-0.007092571914384,-0.0075929516932227,-0.00811176487861352,-0.00865033065103328,-0.00921006951920074,-0.00979251096771937,-0.0103993015836792,-0.0110322136708057,-0.0116931543539552,-0.0123841751692035,-0.0131074821251153,-0.0138654462085948,-0.0146606142935686,-0.0154957203921224,-0.0163736971650432,-0.0172976875814259,-0.018271056584432,-0.0192974025818104,-0.020380568534757,-0.0215246523665172,-0.0227340163523304,-0.0240132950845587,-0.0253674015310567,-0.0268015306213185,-0.028321159704475,-0.0299320451272389,-0.0316402140807079,-0.0334519507658599,-0.035373775833206,-0.037412417968509,-0.0395747764314841,-0.0418678733175853,-0.0442987943158313,-0.0468746167913934,-0.0496023241451093,-0.0524887056088213,-0.0555402409410409,-0.0587629699060894,-0.0621623469624997,-0.0657430822585999,-0.0695089708322648,-0.0734627128244036,-0.0776057285148851,-0.0819379730325621,-0.0864577566182461,-0.0911615772548076,-0.0960439732321754,-0.101097403688443,-0.10631216526275,-0.111676352622491,-0.117175869720921,-0.122794497171114,-0.128514019105485,-0.134314410398286,-0.140174082290408,-0.146070181451496,-0.15197893456239,-0.157876027837557,-0.163737008761525,-0.169537695879875,-0.175254581900041,-0.180865215679465,-0.186348549883212,-0.191685243073035,-0.196857907569903,-0.201851297390455,-0.206652433653523,-0.211250667851577,-0.215637686080406,-0.219807459563626,-0.223756148498995,-0.227481967352219,-0.230985020245532,-0.234267115089891,-0.237331564678145,-0.240182982194927,-0.242827077614008,-0.24527046034608,-0.247520452356855,-0.249584914867416,-0.251472090727913,-0.253190463656037,-0.25474863477156,-0.256155216243022,-0.257418741387792,-0.258547590220981,-0.25954992921638,-0.260433663906273,-0.261206402888644,-0.26187543181299,-0.262447695964181,-0.262929790144175,-0.263327954652712,-0.263648076281284,-0.26389569335255,-0.264076003954776,-0.264193876633766,-0.264253862910743,-0.26426021109198,-0.264216880923908,-0.264127558725701,-0.263995672700031,-0.263824408182377,-0.263616722640475,-0.263375360279028,-0.263102866141392,-0.262801599630453,-0.26247374739601,-0.262121335556468,-0.261746241239092,-0.261350203436208,-0.260934833184897,-0.260501623085611,-0.260051956180958,-0.259587114220099,-0.259108285337107,-0.258616571173418,-0.258112993475467,-0.257598500198853,-0.257073971150144,-0.256540223196768,-0.255998015074493,-0.255448051820828,-0.254890988861382,-0.254327435774802,-0.253757959760482,-0.253183088831764,-0.252603314755878,-0.252019095760499,-0.251430859025358,-0.250839002976071,-0.250243899396062,0,0.0128874542299372,0.0125177932841447,0.0121698428775232,0.0118423103898701,0.0115322222764453,0.0112361139433652,0.0109509272317651,0.0106742186005651,0.0104041078267905,0.0101391648043062,0.00987830029988719,0.00962067719823556,0.00936564289187934,0.0091126792525421,0.00886136614122285,0.00861135498829875,0.0083623497296422,0.00811409305997317,0.00786635650364238,0.00761893321274294,0.00737163270628059,0.00712427698631427,0.00687669762801774,0.0066287335566162,0.00638022930731552,0.00613103362371355,0.00588099829240905,0.00562997714143669,0.00537782515125421,0.00512439764182262,0.00486954950965192,0.00461313449584601,0.00435500447108559,0.00409500872680703,0.00383299326403113,0.00356880007270649,0.00330226639528865,0.00303322396874874,0.00276149823940731,0.00248690754500538,0.00220926225830988,0.00192836388634714,0.00164400411908928,0.00135596382110631,0.00106401195935097,0.000767904459870621,0.000467382985846893,0.00016217362895149,-0.000148014494429374,-0.000463490751002223,-0.000784584611782886,-0.00111164739660372,-0.00144505415232076,-0.00178520567568982,-0.00213253069247397,-0.00248748820496505,-0.00285057002076437,-0.00322230347635362,-0.00360325436970884,-0.00399403011695056,-0.00439528314878181,-0.00480771456322214,-0.00523207805188989,-0.00566918411778572,-0.0061199046031607,-0.00658517754657319,-0.00706601238859278,-0.00756349554574334,-0.00807879637210313,-0.00861317352740842,-0.00916798176942191,-0.00974467918658143,-0.0103448348843872,-0.0109701371353994,-0.0116224019978909,-0.0123035824018452,-0.0130157776928065,-0.01376124361371,-0.0145424026918451,-0.0153618549820739,-0.016222389097831,-0.0171269934377291,-0.0180788674871892,-0.0190814330407889,-0.0201383451513774,-0.0212535025658135,-0.0224310573539507,-0.0236754233767768,-0.0249912831712133,-0.0263835927530468,-0.0278575837562495,-0.0294187622375428,-0.0310729033811433,-0.0328260412427583,-0.0346844525777226,-0.0366546337106023,-0.0387432693290805,-0.0409571920315797,-0.0433033314357353,-0.0457886516751908,-0.048420076188503,-0.0512043988507661,-0.0541481807309634,-0.0572576320906785,-0.0605384796853561,-0.0639958199967596,-0.0676339597175415,-0.0714562456202138,-0.0754648868563104,-0.0796607737164366,-0.0840432978919229,-0.0886101802513973,-0.0933573130030493,-0.0982786237660426,-0.103365969426796,-0.108609067614578,-0.113995473116313,-0.119510605508507,-0.12513783269827,-0.130858612966866,-0.136652695583158,-0.142498377239657,-0.148372808646146,-0.15425234281237,-0.160112914090141,-0.165930435140201,-0.171681197814366,-0.177342263611185,-0.182891829909459,-0.188309559562754,-0.193576863527727,-0.198677128817176,-0.203595886994384,-0.208320921425313,-0.212842314359339,-0.217152437431618,-0.221245891234184,-0.225119401108085,-0.228771677240496,-0.232203247533489,-0.235416271607828,-0.238414343804263,-0.241202292247467,-0.243785980046456,-0.246172113614785,-0.248368061985315,-0.250381689931991,-0.252221206741484,-0.253895031630187,-0.255411676091892,-0.25677964289158,-0.25800734098517,-0.259103015331863,-0.260074690359387,-0.260930125725746,-0.261676782976881,-0.26232180171164,-0.262871983919123,-0.263333785236141,-0.263713311973848,-0.264016322873984,-0.264248234670222,-0.264414130643854,-0.264518771471975,-0.264566607768207,-0.264561793809315,-0.264508202025136,-0.264409437903982,-0.264268855031131,-0.264089570034812,-0.263874477262797,-0.263626263053972,-0.263347419504044,-0.263040257653363,-0.262706920048628,-0.26234939264958,-0.261969516067346,-0.261568996133411,-0.261149413807814,-0.260712234442519,-0.260258816421342,-0.259790419201752,-0.259308210786515,-0.258813274654772,-0.258306616183002,-0.257789168586468,-0.2572617984115,-0.256725310608238,-0.256180453212536,-0.255627921664569,-0.255068362790394,-0.254502378471343,-0.253930529024715,-0.253353336317809,-0.252771286635928,-0.252184833323587,-0.251594399216847,-0.251000378883389,-0.250403140685733,-0.24980302868185,0,0.0125094785470711,0.0121415626580661,0.0117950490788453,0.01146709740598,0.0111552100305198,0.0108565162841383,0.0105683533892851,0.0102885002601062,0.0100151891034989,0.00974703899813405,0.00948297545497921,0.00922215821140064,0.00896392278890099,0.00870773540059755,0.0084531590335533,0.00819982830549447,0.00794743098086599,0.00769569443845503,0.00744437577112955,0.00719325452420015,0.00694212733671515,0.00669080394719095,0.00643910417297132,0.00618685558143069,0.00593389165086353,0.00568005027656455,0.00542517251907677,0.00516910152121723,0.00491168154154134,0.004652757066767,0.00439217197609472,0.00412976873760255,0.00386538762187132,0.00359886592137301,0.00333003716638879,0.00305873032966347,0.00278476901287675,0.00250797060848747,0.00222814543071636,0.00194509580944053,0.00165861514065543,0.0013684868869483,0.0010744835211471,0.000776365405992421,0.000473879602320579,0.000166758597869396,-0.000145281051583832,-0.000462540177463971,-0.000785338559166654,-0.00111401659996243,-0.00144893712812367,-0.00179048733386174,-0.00213908085319287,-0.00249516001040095,-0.00285919823134838,-0.00323170264049363,-0.00361321685510499,-0.0040043239908157,-0.00440564989333247,-0.00481786661178452,-0.00524169612986029,-0.00567791437151785,-0.00612735549863074,-0.00659091651842746,-0.00706956221893925,-0.0075643304508526,-0.00807633777408569,-0.00860678548700338,-0.00915696605534647,-0.00972826995655714,-0.0103221929530959,-0.010940343805384,-0.0115844524309756,-0.0122563785112236,-0.0129581205397764,-0.0136918252984135,-0.014459797734633,-0.0152645112016326,-0.0161086180044235,-0.0169949601752805,-0.0179265803770166,-0.0189067328031083,-0.0199388939088941,-0.0210267727673335,-0.0221743207956165,-0.0233857405447687,-0.024665493182994,-0.026018304234718,-0.0274491670613392,-0.0289633434871851,-0.0305663608863079,-0.0322640049544357,-0.0340623072984829,-0.0359675268874279,-0.0379861243283581,-0.0401247278667984,-0.0423900899694572,-0.0447890333403583,-0.0473283852597135,-0.0500148992320496,-0.0528551631002131,-0.0558554930393468,-0.0590218132033088,-0.0623595212664072,-0.0658733406925787,-0.0695671612724856,-0.0734438702875748,-0.0775051775684891,-0.0817514386790865,-0.0861814814272414,-0.0907924418146932,-0.0955796163118579,-0.100536337891219,-0.105653883482721,-0.110921420339967,-0.11632599815675,-0.121852592607242,-0.127484204297116,-0.133202014951758,-0.138985600128693,-0.144813194971535,-0.150662006710842,-0.15650856497693,-0.162329098738901,-0.168099927020036,-0.17379784961543,-0.179400523942771,-0.184886814905304,-0.190237106173493,-0.195433563464986,-0.200460343034066,-0.205303741454164,-0.209952285666812,-0.21439676497208,-0.218630208980588,-0.222647817416609,-0.226446848990825,-0.230026477338012,-0.233387622272254,-0.236532764417469,-0.239465750712947,-0.242191597470874,-0.244716296673098,-0.247046630126676,-0.249189995027048,-0.251154243462323,-0.25294753747357,-0.254578220489609,-0.256054705292588,-0.257385378143521,-0.258578518298049,-0.259642231859519,-0.260584398733759,-0.26141263135081,-0.262134243787089,-0.262756229941359,-0.263285249475877,-0.263727620318262,-0.264089316620304,-0.264375971179232,-0.264592881438831,-0.264745018297824,-0.264837037057857,-0.264873289941202,-0.264857839697667,-0.264794473900524,-0.264686719602584,-0.264537858085859,-0.26435093949235,-0.264128797169695,-0.263874061604689,-0.263589173850571,-0.263276398381368,-0.262937835329057,-0.262575432077588,-0.262190994202544,-0.261786195756761,-0.261362588911355,-0.26092161296845,-0.260464602767024,-0.259992796506927,-0.259507343018606,-0.259009308507521,-0.258499682802998,-0.257979385141377,-0.257449269512982,-0.256910129601728,-0.256362703345257,-0.255807677142334,-0.255245689732977,-0.254677335775462,-0.254103169142948,-0.253523705961102,-0.252939427406712,-0.252350782285936,-0.251758189409566,-0.251162039781385,-0.25056269861458,-0.249960507189999,-0.24935578456901,0,0.0120537222209016,0.011692522844361,0.0113513524261855,0.0110264442185075,0.0107156595428445,0.0104167262184596,0.0101274561214648,0.00984594417287686,0.00957061844741006,0.00930021446830113,0.0090337242902585,0.00877034349847225,0.00850942476106382,0.00825044011285243,0.00799295155158035,0.00773658865470946,0.00748103178256052,0.00722599957418738,0.00697123966830267,0.00671652180947045,0.00646163269837797,0.00620637210630114,0.00595054989963205,0.00569398371582852,0.0054364971033232,0.00517791799025853,0.00491807738497363,0.00465680823859792,0.00439394441971588,0.00412931976497703,0.00386276717930666,0.00359411776618976,0.00332319997319074,0.00304983874104567,0.00277385464676606,0.00249506303253069,0.00221327311294682,0.00192828705368947,0.00163989901469255,0.00134789415105079,0.00105204756464583,0.000752123199284437,0.000447872671843416,0.000139034031587139,-0.000174669560538361,-0.000493531241215685,-0.000817861951653516,-0.0011479920514739,-0.00148427304942844,-0.00182707946123364,-0.00217681080528966,-0.00253389374753429,-0.00289878440719692,-0.00327197083574798,-0.00365397568189066,-0.00404535905601139,-0.00444672160808509,-0.00485870783361957,-0.00528200962280333,-0.00571737006857966,-0.00616558754988894,-0.00662752010676648,-0.00710409012432577,-0.00759628934284991,-0.00810518421119574,-0.0086319216004269,-0.00917773489393351,-0.00974395046917981,-0.0103319945845057,-0.0109434006819597,-0.0115798171137701,-0.0122430152955657,-0.0129348982836006,-0.0136575097657233,-0.0144130434463531,-0.015203852793912,-0.0160324611046031,-0.0169015718186627,-0.0178140790037656,-0.0187730778945781,-0.0197818753469948,-0.0208440000297858,-0.0219632121346889,-0.0231435123379017,-0.0243891496910747,-0.0257046280580445,-0.0270947106446812,-0.028564422093697,-0.0301190475348833,-0.0317641278953963,-0.0335054506865739,-0.0353490353964182,-0.0373011125345711,-0.0393680953048688,-0.0415565428264301,-0.0438731137963245,-0.0463245094954317,-0.0489174050959186,-0.0516583683468421,-0.0545537649074523,-0.0576096498794326,-0.0608316454718542,-0.0642248052254551,-0.0677934658305492,-0.0715410882929402,-0.0754700910226569,-0.0795816783173696,-0.0838756686484801,-0.0883503280809113,-0.093002215000963,-0.0978260430114859,-0.102814569293558,-0.107958515841442,-0.113246530673691,-0.118665195347519,-0.124199083825914,-0.129830875977283,-0.135541526783287,-0.141310489799234,-0.147115990706453,-0.152935344106872,-0.158745304244772,-0.164522438305123,-0.170243509511844,-0.175885856564942,-0.181427756080063,-0.186848755621503,-0.192129966570585,-0.197254308302442,-0.202206697766803,-0.206974181369576,-0.211546008819774,-0.215913651150225,-0.220070767289168,-0.224013125250749,-0.227738485175551,-0.231246452086399,-0.234538306369892,-0.237616819720588,-0.240486063680854,-0.243151217070566,-0.245618377619681,-0.247894382076516,-0.249986638034144,-0.25190296974973,-0.25365147936339,-0.255240424176176,-0.256678110030211,-0.257972800347285,-0.259132640017339,-0.260165593072763,-0.261079392923039,-0.261881503840914,-0.262579092370248,-0.26317900735224,-0.263687767328057,-0.264111554160853,-0.264456211819675,-0.264727249374595,-0.264929847360969,-0.265068866776903,-0.265148860078914,-0.265174083634533,-0.265148511176068,-0.265075847876503,-0.264959544736428,-0.264802813030313,-0.264608638611827,-0.26437979592186,-0.264118861580135,-0.263828227472563,-0.263510113272392,-0.263166578354509,-0.262799533079583,-0.26241074943858,-0.262001871059172,-0.261574422584094,-0.261129818437955,-0.26066937100385,-0.260194298234458,-0.259705730724647,-0.259204718273923,-0.258692235967724,-0.258169189806634,-0.257636421912206,-0.257094715337396,-0.256544798508667,-0.255987349325701,-0.255422998943407,-0.254852335259628,-0.25427590613059,-0.253694222334813,-0.253107760304832,-0.252516964644824,-0.251922250450937,-0.251324005449944,-0.250722591970689,-0.250118348761695,-0.249511592667306,-0.248902620173761,0,0.0115207827030909,0.0111712340057812,0.0108389617840829,0.010520192235391,0.0102131511781056,0.00991616218135816,0.00962756038091379,0.00934582427929156,0.00906964362846694,0.00879792658607333,0.00852977682924751,0.00826446077862607,0.00800137491052143,0.00774001720076506,0.00747996377843242,0.00722085054625342,0.00696235903328868,0.00670420564542946,0.0064461335464136,0.00618790652677968,0.00592930434989561,0.00567011918193874,0.0054101528098693,0.00514921442798531,0.00488711883215349,0.00462368490459394,0.00435873430434254,0.00409209030197109,0.00382357671402042,0.00355301690462438,0.00328023283027996,0.00300504410962583,0.00272726710415162,0.00244671399849417,0.00216319187076795,0.00187650174450137,0.00158643761439958,0.00129278543847593,0.000995322089183882,0.000693814256110911,0.000388017292617136,7.76739985474326e-05,-0.000237486669160798,-0.00055775096649005,-0.000883421821857362,-0.00121482039439471,-0.00155228774065708,-0.00189618659982954,-0.00224690330792728,-0.00260484985191869,-0.002970466075151,-0.0033442220459211,-0.00372662060150957,-0.00411820008048776,-0.0045195372566021,-0.00493125048804424,-0.00535400309640972,-0.00578850699012861,-0.00623552654759646,-0.00669588277562374,-0.00717045775912537,-0.00766019941815082,-0.00816612658836822,-0.00868933444089134,-0.00923100025681674,-0.0097923895709219,-0.0103748626975592,-0.0109798816497355,-0.0116090174595399,-0.0122639579042889,-0.0129465156377934,-0.0136586367197557,-0.0144024095282104,-0.0151800740297877,-0.0159940313700527,-0.0168468537308351,-0.0177412943828738,-0.0186802978397619,-0.0196670099925862,-0.020704788073263,-0.0217972102578661,-0.0229480846787052,-0.0241614575651279,-0.0254416201776572,-0.0267931141380067,-0.0282207346888794,-0.0297295313427297,-0.0313248052988455,-0.0330121029247961,-0.0347972045138828,-0.0366861074480897,-0.038685002820667,-0.0408002445096967,-0.0430383096510753,-0.045405749445098,-0.0479091292555785,-0.050554957035896,-0.0533495992552383,-0.0562991837137585,-0.0594094889400296,-0.0626858202689983,-0.0661328732111517,-0.0697545853460931,-0.0735539787009156,-0.0775329953906205,-0.0816923301774332,-0.0860312645078192,-0.0905475074558637,-0.0952370497717979,-0.100094037826714,-0.105110674575223,-0.110277154644973,-0.115581640234301,-0.121010283606941,-0.126547300597281,-0.132175097703667,-0.137874453119439,-0.143624749547654,-0.149404254023703,-0.15519043741813,-0.160960324010663,-0.166690859708081,-0.172359286284806,-0.177943508567461,-0.183422441809776,-0.188776327587841,-0.193987008295164,-0.199038152582526,-0.203915426680572,-0.208606609257851,-0.213101650103423,-0.217392675306374,-0.221473943599615,-0.225341760055379,-0.228994354327669,-0.232431731141057,-0.235655500771206,-0.238668696922318,-0.241475588767486,-0.24408149307126,-0.246492591347276,-0.248715755994817,-0.250758388369989,-0.252628270827542,-0.254333433950532,-0.255882039485584,-0.257282278928364,-0.258542287254946,-0.259670070961471,-0.260673449344291,-0.261560007810658,-0.262337061940646,-0.263011631009235,-0.263590419709551,-0.264079806882017,-0.264485840139242,-0.264814235374427,-0.265070380245144,-0.26525934082942,-0.265385870753393,-0.26545442218666,-0.265469158191263,-0.26543396599196,-0.265352470808647,-0.265228049956549,-0.265063846976363,-0.264862785605377,-0.264627583442397,-0.264360765194649,-0.264064675424468,-0.263741490738184,-0.263393231379779,-0.263021772208289,-0.262628853051037,-0.262216088435164,-0.261784976707959,-0.261336908562595,-0.260873174990393,-0.260394974683886,-0.259903420917099,-0.259399547930711,-0.258884316850294,-0.25835862116591,-0.257823291800897,-0.257279101797037,-0.256726770642302,-0.256166968266333,-0.255600318727578,-0.255027403614724,-0.254448765183809,-0.253864909251037,-0.253276307860069,-0.252683401741276,-0.252086602579262,-0.251486295103745,-0.250882839017843,-0.250276570776694,-0.249667805228422,-0.249056837128468,-0.248443942537493,0,0.0109126696183166,0.0105791089031859,0.0102588180296545,0.00994882208894264,0.00964780822188983,0.00935469688821981,0.00906837042750595,0.00878773309752197,0.00851178276180304,0.00823964299064664,0.00797056522153643,0.00770391582623796,0.00743915791757412,0.00717583303776102,0.00691354495184228,0.00665194621337197,0.00639072743140529,0.00612960887192539,0.0058683339517303,0.00560666420771472,0.00534437538703891,0.00508125437362887,0.00481709673055203,0.00455170469141469,0.0042848854764493,0.00401644984158567,0.00374621079323163,0.00347398241946766,0.00319957880139211,0.00292281297767748,0.00264349594198076,0.00236143565742873,0.00207643607552409,0.00178829614889854,0.00149680882866922,0.00120176003795873,0.000902927613561366,0.0006000802079065,0.000292976143448344,-1.8637788529216e-05,-0.000335027592930873,-0.00065647340821498,-0.000983270924947585,-0.0013157328947363,-0.001654190739092,-0.0019989962681453,-0.00235052351952026,-0.00270917072806251,-0.00307536243751107,-0.00344955176560877,-0.00383222283455485,-0.00422389337912034,-0.00462511754516529,-0.00503648889171698,-0.0054586436101817,-0.00589226397466049,-0.00633808203770624,-0.00679688358618387,-0.0072695123721432,-0.00775687463376579,-0.00825994392145073,-0.00877976624392158,-0.00931746554879634,-0.00987424955129508,-0.0104514159235667,-0.0110503588553937,-0.0116725759946418,-0.0123196757726046,-0.0129933851151697,-0.0136955575352787,-0.0144281815952289,-0.0151933897186689,-0.0159934673213665,-0.0168308622165859,-0.0177081942348253,-0.0186282649782626,-0.0195940676070878,-0.0206087965274507,-0.0216758568185221,-0.0227988731986646,-0.0239816982874815,-0.0252284198711908,-0.0265433668231293,-0.027931113269196,-0.029396480519953,-0.0309445362175694,-0.032580590067983,-0.0343101854483801,-0.0361390860999895,-0.0380732570398667,-0.0401188387575581,-0.042282113709352,-0.0445694640917073,-0.0469873198753452,-0.0495420961227319,-0.0522401187058091,-0.0550875377001637,-0.0580902279688149,-0.0612536767750077,-0.0645828586882877,-0.0680820985772952,-0.071754924116065,-0.075603909960156,-0.0796305165567039,-0.0838349274086406,-0.0882158894749872,-0.0927705622001267,-0.0974943813572912,-0.1023809443884,-0.107421924143813,-0.112607017795534,-0.117923937153121,-0.123358445613576,-0.128894445518008,-0.134514117803009,-0.140198113602102,-0.145925794995188,-0.151675519581591,-0.157424961149797,-0.163151456625624,-0.168832367878412,-0.174445445995038,-0.179969185385759,-0.185383155591344,-0.190668299877532,-0.195807191527033,-0.20078424101718,-0.205585849816578,-0.210200509149605,-0.214618844575944,-0.218833609454059,-0.222839632183464,-0.226633723478314,-0.230214550788711,-0.233582487372752,-0.236739443481462,-0.23968868672332,-0.242434658010033,-0.244982788638144,-0.247339323114393,-0.249511151358072,-0.251505652968891,-0.253330555376896,-0.254993806920345,-0.25650346524352,-0.257867600874396,-0.259094215428484,-0.260191173581043,-0.261166147742708,-0.262026574248816,-0.26277961981558,-0.263432157012519,-0.263990747537006,-0.264461632142255,-0.264850726154671,-0.26516361961247,-0.265405581158598,-0.265581564922454,-0.265696219723321,-0.265753900021337,-0.265758678127743,-0.265714357264182,-0.265624485130654,-0.26549236770342,-0.265321083037966,-0.265113494898595,-0.264872266075947,-0.264599871287279,-0.26429860958252,-0.263970616202398,-0.2636178738541,-0.263242223385427,-0.262845373850848,-0.262428911972665,-0.261994311008089,-0.261542939038799,-0.261076066703783,-0.260594874399259,-0.260100458971419,-0.259593839928929,-0.259075965202586,-0.258547716479548,-0.258009914139153,-0.257463321816633,-0.256908650620121,-0.256346563025298,-0.255777676470816,-0.25520256667644,-0.254621770704576,-0.254035789784567,-0.253445091917932,-0.252850114281484,-0.25225126544407,-0.251648927411598,-0.251043457513907,-0.25043519014603,-0.24982443837547,-0.24921149542618,-0.248596636049128,-0.247980117788544,0,0.0102325795412605,0.00991835236927979,0.00961251963730388,0.00931339284253868,0.00902025649095949,0.00873263394325161,0.0084499583893549,0.00817157810204223,0.00789682559415655,0.00762506785081138,0.00735572972758186,0.00708829937789601,0.0068223243627604,0.00655740397954378,0.00629318078900022,0.00602933272774336,0.00576556631888435,0.00550161105791737,0.00523721485965079,0.00497214038741285,0.00470616208173272,0.00443906372697021,0.00417063642320362,0.00390067685888842,0.0036289858041031,0.00335536676378512,0.00307962474549318,0.00280156510758718,0.00252099246204648,0.00223770961213791,0.0019515165093658,0.00166220921704982,0.00136957886982775,0.00107341061963203,0.000773482559442429,0.000469564616513443,0.000161417406919107,-0.000151208956771176,-0.000468576113020883,-0.000790958762623438,-0.0011186460526118,-0.00145194304194109,-0.0017911722584332,-0.00213667535682292,-0.00248881488808873,-0.00284797619060774,-0.00321456941402546,-0.00358903168708606,-0.00397182944101805,-0.00436346090042522,-0.00476445875397867,-0.00517539301755094,-0.00559687410276515,-0.00602955610425004,-0.0064741403191803,-0.00693137901293055,-0.00740207944485837,-0.00788710816833232,-0.00838739561910432,-0.00890394100594488,-0.00943781751707017,-0.00999017785521641,-0.0105622601131942,-0.0111553940002746,-0.0117710074277115,-0.0124106334589598,-0.0130759176265271,-0.0137686256127371,-0.0144906512857316,-0.0152440250745806,-0.0160309226580788,-0.0168536739303936,-0.0177147721928012,-0.0186168835039226,-0.0195628561007095,-0.0205557297784723,-0.0215987450900144,-0.0226953521909619,-0.0238492191202079,-0.0250642392606248,-0.0263445376755456,-0.0276944759608285,-0.0291186551906852,-0.0306219164682577,-0.0322093385199897,-0.0338862316974917,-0.0356581276738833,-0.0375307640463541,-0.0395100629867699,-0.0416021030225565,-0.04381308298707,-0.0461492771598596,-0.0486169806316247,-0.0512224439865602,-0.0539717965074231,-0.0568709572878801,-0.0599255338941157,-0.0631407085636997,-0.0665211123721765,-0.0700706883403622,-0.0737925450954211,-0.0776888034257991,-0.0817604388632768,-0.086007124252327,-0.0904270770826576,-0.0950169171079977,-0.0997715403850972,-0.104684016266944,-0.109745513997625,-0.114945265313705,-0.120270568804482,-0.125706840691915,-0.131237715164768,-0.136845195485244,-0.142509854867268,-0.148211083731565,-0.153927377534016,-0.159636657119987,-0.16531661165926,-0.170945052826426,-0.176500268135377,-0.181961361285965,-0.187308568045974,-0.192523537518176,-0.197589570518554,-0.202491809061904,-0.207217373432805,-0.211755445825803,-0.216097301894465,-0.220236293610367,-0.224167788495747,-0.227889071498286,-0.23139921650785,-0.234698934796353,-0.237790407546008,-0.240677109191006,-0.243363627615362,-0.245855486408755,-0.248158973459499,-0.250280979225894,-0.252228847126502,-0.254010237665129,-0.255633007182191,-0.25710510151379,-0.258434464346357,-0.25962895967406,-0.260696307488913,-0.2616440316473,-0.262479418747379,-0.263209486805509,-0.26384096252276,-0.26438026597261,-0.264833501607269,-0.265206454563759,-0.265504591344596,-0.265733064045855,-0.26589671740321,-0.266000098021032,-0.266047465238628,-0.266042803169807,-0.265989833526438,-0.265892028903235,-0.265752626259717,-0.265574640386527,-0.265360877187462,-0.2651139466463,-0.264836275379409,-0.264530118701842,-0.264197572156731,-0.26384058247599,-0.263460957955013,-0.263060378235866,-0.262640403502738,-0.262202483100629,-0.261747963593675,-0.261278096283522,-0.260794044210968,-0.260296888665931,-0.259787635231883,-0.259267219391321,-0.258736511718848,-0.258196322687986,-0.257647407117215,-0.257090468279781,-0.256526161700819,-0.255955098664187,-0.255377849450204,-0.254794946324292,-0.254206886295274,-0.253614133660892,-0.253017122356932,-0.252416258125203,-0.251811920514551,-0.251204464728021,-0.250594223328345,-0.249981507812986,-0.249366610069109,-0.248749803718053,-0.248131345358115,-0.247511475713761,0,0.00948457407665092,0.0091918547406065,0.00890222821309399,0.00861546393797379,0.00833156771018083,0.00805067009182572,0.00777274075406124,0.00749756824783834,0.00722482685714345,0.00695413976439652,0.00668511958449829,0.00641738988697985,0.00615059464201254,0.00588440095194952,0.00561849842380319,0.00535259707519693,0.00508642476109102,0.0048197245933839,0.00455225254966184,0.00428377532863217,0.0040140684457128,0.00374291453691623,0.00347010183273813,0.00319542276570442,0.00291867268022418,0.002639648618896,0.00235814816435552,0.00207396831976381,0.00178690441410775,0.00149674902071842,0.00120329087896734,0.00090631381012081,0.00060559561894552,0.000300906972971353,-7.98974859127222e-06,-0.000321341644345483,-0.000639406526851509,-0.000962454213905249,-0.00129076788372694,-0.00162464550315746,-0.00196440133829136,-0.00231036755731681,-0.0026628959356686,-0.00302235967393401,-0.00338915533927528,-0.00376370494144976,-0.00414645815481648,-0.00453789469801515,-0.00493852688329108,-0.00534890234771475,-0.00576960697880535,-0.00620126804730411,-0.00664455756005959,-0.00710019584615211,-0.00756895538950873,-0.00805166492129727,-0.00854921378533151,-0.00906255658952027,-0.00959271815601844,-0.0101407987821251,-0.0107079798230612,-0.0112955296064609,-0.0119048096866321,-0.0125372814442645,-0.0131945130341415,-0.0138781866793936,-0.0145901063057079,-0.0153322055024808,-0.0161065557898837,-0.0169153751609562,-0.0177610368557833,-0.0186460783102248,-0.01957321020414,-0.0205453255131664,-0.0215655084434375,-0.0226370430996983,-0.0237634217036706,-0.0249483521408159,-0.0261957645695194,-0.0275098167769429,-0.0288948979103224,-0.0303556301515178,-0.0318968678366839,-0.0335236934529885,-0.0352414098718955,-0.0370555281058735,-0.038971749805559,-0.0409959436514603,-0.0431341147434277,-0.0453923660587651,-0.0477768510437612,-0.0502937164325565,-0.0529490344617834,-0.0557487237802191,-0.0586984585510041,-0.0618035655204801,-0.0650689091915256,-0.0684987656965649,-0.072096686517797,-0.0758653538447459,-0.0798064300787841,-0.0839204047675183,-0.0882064430441499,-0.092662240411534,-0.0972838893898293,-0.102065764073539,-0.107000428946617,-0.112078578312328,-0.117289012345473,-0.122618655023376,-0.128052618019737,-0.133574313067055,-0.139165613362707,-0.144807062405351,-0.150478126333172,-0.156157483552386,-0.161823343366176,-0.167453783609945,-0.173027096115324,-0.178522128270182,-0.183918609069008,-0.189197448851742,-0.194341003343589,-0.19933329451574,-0.204160183031197,-0.208809489444786,-0.21327106371468,-0.217536804793716,-0.221600633972658,-0.22545842715401,-0.229107912296675,-0.23254853888218,-0.235781326441044,-0.238808698998098,-0.241634311820147,-0.244262876157598,-0.246699986842352,-0.248951956709301,-0.251025660909161,-0.252928393324105,-0.25466773651903,-0.256251445982139,-0.257687348839476,-0.25898325677087,-0.260146892504659,-0.261185829015907,-0.262107440385585,-0.262918863182775,-0.263626967194981,-0.264238334340183,-0.264759244636978,-0.265195668175783,-0.265553262116444,-0.265837371828735,-0.266053035386853,-0.266204990723133,-0.266297684836756,-0.266335284538408,-0.266321688290221,-0.266260538771359,-0.266155235863037,-0.266008949802658,-0.265824634305468,-0.265605039494158,-0.26535272451268,-0.265070069730879,-0.264759288471894,-0.264422438215309,-0.264061431246276,-0.263678044734803,-0.263273930240564,-0.262850622647422,-0.262409548538644,-0.261952034028974,-0.261479312073483,-0.260992529275789,-0.260492752219954,-0.259980973351395,-0.259458116432513,-0.258925041598749,-0.258382550040317,-0.257831388334247,-0.257272252450461,-0.256705791454632,-0.25613261092945,-0.255553276134799,-0.254968314926147,-0.25437822044929,-0.253783453628423,-0.253184445463382,-0.252581599150808,-0.251975292042943,-0.251365877456763,-0.25075368634522,-0.250139028841474,-0.249522195686166,-0.248903459546995,-0.248283076239163,-0.247661285854529,-0.247038313806746,0,0.00867329209108105,0.00840304425705673,0.00813055559657297,0.0078570034543922,0.00758319024670128,0.00730984590682526,0.00703744473134672,0.00676619190902163,0.00649609247472999,0.00622702375298846,0.00595878898956902,0.00569115221731653,0.00542385947267106,0.00515665114528815,0.00488926886007252,0.00462145907560318,0.00435297473728859,0.0040835757860069,0.00381302899577299,0.00354110741920246,0.00326758960481469,0.00299225868281994,0.00271490137630004,0.00243530697105471,0.00215326626313016,0.00186857049428171,0.00158101028010475,0.00129037453198903,0.000996449371640576,0.000699017035224118,0.000397854762925608,9.27336687641805e-05,-0.000216582415316011,-0.00053033812772383,-0.000848787805120613,-0.00117219675773907,-0.00150084260042234,-0.00183501664815003,-0.00217502538525294,-0.00252119201792571,-0.00287385812002348,-0.0032333853824838,-0.00360015747704281,-0.00397458204522027,-0.00435709282383115,-0.00474815191854335,-0.00514825223724105,-0.00555792009517321,-0.00597771800406011,-0.00640824765750278,-0.00685015312517354,-0.00730412426836598,-0.00777090038952375,-0.00825127412834599,-0.00874609561695184,-0.00925627690635415,-0.00978279667610538,-0.0103267052383914,-0.0108891298470049,-0.011471280320461,-0.0120744549869371,-0.0127000469566287,-0.0133495507243902,-0.0140245691020325,-0.0147268204752128,-0.0154581463742781,-0.0162205193414956,-0.0170160510685603,-0.0178470007678298,-0.0187157837280761,-0.0196249799903119,-0.0205773430610636,-0.0215758085589202,-0.022623502664861,-0.0237237502173456,-0.0248800822590246,-0.0260962428028526,-0.027376194541082,-0.028724123170947,-0.0301444399558623,-0.0316417820809763,-0.0332210102975978,-0.0348872032834973,-0.036645648077064,-0.0385018258752052,-0.040461392420977,-0.0425301521514847,-0.0447140252349573,-0.0470190066046481,-0.0494511161041006,-0.0520163389023108,-0.0547205554282625,-0.0575694602227367,-0.0605684693216541,-0.0637226160792087,-0.0670364357184137,-0.0705138393658698,-0.0741579788860825,-0.0779711044713331,-0.0819544176503201,-0.0861079231269214,-0.0904302836128852,-0.0949186825273033,-0.0995687000435506,-0.104374208405765,-0.109327292643553,-0.114418202720112,-0.119635342700511,-0.124965301687429,-0.130392930032132,-0.135901462713437,-0.141472689849033,-0.147087172161686,-0.152724497000146,-0.158363568366628,-0.163982922494266,-0.169561059005424,-0.175076776696427,-0.180509502626076,-0.185839603471829,-0.191048669039049,-0.196119759289836,-0.201037608176967,-0.20578877977099,-0.210361774485371,-0.214747085469468,-0.218937207304755,-0.222926600890333,-0.226711619761871,-0.230290404017087,-0.23366274852174,-0.236829952175857,-0.239794654786629,-0.242560667592586,-0.245132802789186,-0.247516706593058,-0.249718699517636,-0.251745626672855,-0.253604720089463,-0.255303474334869,-0.256849536051413,-0.258250607517935,-0.259514363912388,-0.260648383631347,-0.261660090792188,-0.262556708893575,-0.263345224526709,-0.264032360000947,-0.264624553760553,-0.265127947513934,-0.265548379063174,-0.265891379902276,-0.266162176740916,-0.266365696201729,-0.266506572029474,-0.266589154237157,-0.266617519695564,-0.266595483747434,-0.266526612495211,-0.266414235471683,-0.266261458456027,-0.266071176244121,-0.265846085221929,-0.26558869562485,-0.265301343394743,-0.26498620157043,-0.264645291167485,-0.264280491519467,-0.263893550066034,-0.263486091584014,-0.26305962686585,-0.262615560856323,-0.262155200263349,-0.261679760662238,-0.261190373115302,-0.260688090330344,-0.26017389238252,-0.259648692024402,-0.259113339609063,-0.258568627650571,-0.258015295045644,-0.257454030979393,-0.256885478537081,-0.256310238042797,-0.255728870144826,-0.255141898666365,-0.254549813239093,-0.253953071736013,-0.25335210251886,-0.25274730651435,-0.252139059132511,-0.251527712039409,-0.250913594795635,-0.250297016371116,-0.249678266545952,-0.249057617206286,-0.248435323543475,-0.247811625164193,-0.247186747118508,-0.246560900852372,0,0.00780371148085422,0.00755571070418851,0.00730043630126588,0.00704028678842566,0.00677687113796254,0.00651148807882691,0.00624506681684861,0.00597818785685997,0.00571115971576953,0.00544409805668947,0.00517698863437907,0.00490973252085231,0.00464217710748469,0.00437413684702015,0.00410540691712252,0.00383577208855336,0.00356501236299284,0.0032929064341697,0.00301923367842623,0.00274377514882704,0.0024663138925599,0.00218663480826804,0.00190452419053573,0.00161976906158773,0.00133215635792618,0.00104147201726114,0.000747499995504747,0.000450021232640235,0.000148812578527502,-0.000156354315841899,-0.000465714140131607,-0.000779509100914066,-0.0010979901360007,-0.00142141817211504,-0.00175006543245841,-0.00208421680173045,-0.00242417125698723,-0.00277024337339363,-0.00312276491448925,-0.003482086517064,-0.00384857948114845,-0.00422263767597198,-0.0046046795730435,-0.00499515041776863,-0.0053945245512327,-0.00580330789396591,-0.00622204060364963,-0.0066512999188376,-0.0070917032008324,-0.00754391118588799,-0.00800863145987818,-0.00848662216747942,-0.00897869596773972,-0.0094857242476224,-0.010008641604697,-0.0105484506095598,-0.0111062268577553,-0.0116831243198818,-0.012280380997128,-0.0128993248876106,-0.0135413802664711,-0.0142080742796156,-0.0149010438470942,-0.0156220428672661,-0.0163729497068603,-0.017155774954626,-0.0179726694071951,-0.0188259322447799,-0.0197180193410804,-0.0206515516359425,-0.0216293234805078,-0.0226543108424548,-0.0237296792330448,-0.024858791187672,-0.0260452130971145,-0.0272927211473927,-0.0286053060818672,-0.02998717644988,-0.0314427599520323,-0.0329767024335143,-0.0345938640145816,-0.0362993117825865,-0.0380983084048024,-0.039996295958231,-0.041998874215103,-0.044111772575304,-0.0463408148049778,-0.0486918757307177,-0.0511708290588221,-0.0537834855478521,-0.0565355208697658,-0.0594323926601617,-0.0624792464913413,-0.0656808108115522,-0.0690412812862259,-0.0725641954549438,-0.0762522991787366,-0.0801074069867444,-0.0841302591213768,-0.0883203787992803,-0.0926759339135371,-0.0971936080522182,-0.101868486242498,-0.106693961184962,-0.111661665855192,-0.11676143815973,-0.121981322793929,-0.127307614532769,-0.132724945892677,-0.138216420466127,-0.143763791320291,-0.149347681770187,-0.154947843718053,-0.160543446745153,-0.166113389405228,-0.171636622843929,-0.17709247607114,-0.182460972016859,-0.187723123928541,-0.19286120268676,-0.197858967143947,-0.202701851503906,-0.20737710590689,-0.211873888604859,-0.216183310249364,-0.220298432736115,-0.22421422665302,-0.227927492596881,-0.231436752430552,-0.234742116954841,-0.237845136503816,-0.240748640694939,-0.243456573045144,-0.245973825472733,-0.24830607691246,-0.250459639439333,-0.252441314476819,-0.254258260896561,-0.255917876126789,-0.257427690791605,-0.258795276910268,-0.26002816929415,-0.261133799483196,-0.262119441354215,-0.262992167398575,-0.26375881459451,-0.2644259587773,-0.264999896427498,-0.265486632843172,-0.265891875727907,-0.266221033304884,-0.266479216152809,-0.26667124204715,-0.266801643176756,-0.266874675188826,-0.266894327592879,-0.266864335125646,-0.266788189743318,-0.266669152965011,-0.266510268341964,-0.266314373871041,-0.266084114209088,-0.265821952577133,-0.265530182270777,-0.265210937716072,-0.26486620502917,-0.264497832053592,-0.264107537861601,-0.263696921716271,-0.263267471498775,-0.262820571611602,-0.262357510373067,-0.261879486921861,-0.261387617652813,-0.260882942206577,-0.26036642903684,-0.259838980579024,-0.259301438044378,-0.258754585862982,-0.258199155798561,-0.257635830757191,-0.257065248311072,-0.256488003957495,-0.255904654132102,-0.255315718994426,-0.254721685002621,-0.254123007293225,-0.253520111880732,-0.252913397690766,-0.25230323843967,-0.251689984372383,-0.251073963869646,-0.250455484934721,-0.249834836569041,-0.249212290045503,-0.248588100087431,-0.247962505960589,-0.247335732485089,-0.246707990973445,-0.246079480100559,0,0.00688092427191926,0.00665381604784165,0.00641499113100531,0.00616779046575636,0.00591457358667667,0.00565714670173965,0.00539682613457827,0.00513451115068913,0.00487077260904814,0.00460593662822001,0.00434015338368344,0.00407344967535633,0.00380576747948598,0.00353699153000863,0.0032669687134393,0.00299552150341043,0.00272245711265668,0.00244757359124395,0.00217066375804477,0.00189151760079444,0.00160992359762036,0.00132566928163896,0.00103854127602895,0.000748324959540095,0.000454803874132839,0.000157758951931722,-0.000143032385996889,-0.000447797224178197,-0.000756768218337769,-0.00107018471891721,-0.00138829394585649,-0.00171135221273365,-0.00203962620180879,-0.00237339429406334,-0.00271294796022728,-0.00305859322021819,-0.00341065217951277,-0.00376946465182126,-0.00413538987809452,-0.00450880835241837,-0.00489012376575756,-0.00527976507883537,-0.00567818873567986,-0.0060858810295557,-0.00650336063312271,-0.00693118130474021,-0.00736993478285478,-0.00782025388037728,-0.00828281579086126,-0.00875834561813416,-0.00924762014079209,-0.00975147182262752,-0.0102707930795978,-0.0108065408133302,-0.0113597412203486,-0.011931494885169,-0.0125229821640579,-0.013135468864536,-0.0137703122235256,-0.0144289671842971,-0.0151129929689315,-0.015824059938743,-0.0165639567298223,-0.0173345976443823,-0.0181380302706753,-0.0189764432946715,-0.0198521744551456,-0.0207677185800168,-0.0217257356253874,-0.0227290586193726,-0.0237807013901459,-0.0248838659312715,-0.0260419492270053,-0.0272585493255122,-0.0285374704086218,-0.0298827265627071,-0.0312985439065449,-0.0327893606788589,-0.0343598248312262,-0.0360147886120686,-0.0377592995660196,-0.039598587312075,-0.0415380454063891,-0.0435832075449751,-0.0457397173224742,-0.0480132907411826,-0.0504096706663204,-0.0529345724568096,-0.0555936200741548,-0.0583922720946002,-0.0613357372308767,-0.064428879218376,-0.0676761112438752,-0.0710812804978093,-0.0746475439144656,-0.0783772367238328,-0.0822717360626793,-0.0863313225608852,-0.0905550435027551,-0.0949405818228121,-0.0994841357829067,-0.104180314636344,-0.109022055854823,-0.114000569515469,-0.119105315164907,-0.124324015855607,-0.129642713068077,-0.135045864899781,-0.140516488258951,-0.146036343923434,-0.15158616131771,-0.157145897855962,-0.162695025840919,-0.168212838342163,-0.173678764334048,-0.179072682752318,-0.184375225088243,-0.189568056688405,-0.1946341280251,-0.199557888758516,-0.204325459303032,-0.208924756689928,-0.213345573634881,-0.217579611727508,-0.221620471440444,-0.225463603116785,-0.229106224182311,-0.232547208523699,-0.235786954288708,-0.238827236337397,-0.241671049261124,-0.244322446354204,-0.246786379240312,-0.249068542086847,-0.251175223542932,-0.253113168757258,-0.254889453106221,-0.25651136861489,-0.257986323497481,-0.259321754785658,-0.260525053650951,-0.261603502755832,-0.262564224777101,-0.263414141124267,-0.264159939812804,-0.264808051435984,-0.265364632198908,-0.265835553024724,-0.266226393807744,-0.266542441964444,-0.266788694515691,-0.26696986301771,-0.267090380742127,-0.267154411584654,-0.267165860255956,-0.267128383376205,-0.267045401156195,-0.266920109402525,-0.26675549163257,-0.26655433112681,-0.266319222782244,-0.266052584661446,-0.265756669157842,-0.26543357371963,-0.265085251092806,-0.264713519058623,-0.264320069652777,-0.263906477863293,-0.263474209811615,-0.263024630427319,-0.262559010631264,-0.2620785340453,-0.261584303248881,-0.261077345604473,-0.260558618674444,-0.260029015252511,-0.25948936803274,-0.258940453938732,-0.258382998135043,-0.257817677742095,-0.257245125274975,-0.256665931825521,-0.25608065000609,-0.255489796672364,-0.254893855441504,-0.254293279020922,-0.253688491361969,-0.253079889651835,-0.252467846156035,-0.251852709922996,-0.251234808361381,-0.250614448700027,-0.249991919339613,-0.249367491104492,-0.248741418402455,-0.248113940299612,-0.247485281516992,-0.246855653354959,-0.246225254551046,-0.245594272076381,0,0.00590987417881827,0.00570130711159253,0.00547738932940012,0.00524208629618581,0.004998394189037,0.00474853100272432,0.0044941152359276,0.00423629594652608,0.00397585407755967,0.00371328835769329,0.00344888681094832,0.00318278376007262,0.00291500358751286,0.00264549338739772,0.00237414679713801,0.00210082106630594,0.00182534905792996,0.00154754751229068,0.00126722258641916,0.000984173426170666,0.000698194328358173,0.000409075899026251,0.000116605500810676,-0.000179432801240879,-0.000479258647210275,-0.000783096039557424,-0.00109117417864376,-0.00140372842833885,-0.0017210013802434,-0.00204324399708673,-0.00237071682451268,-0.00270369126670871,-0.00304245092585261,-0.00338729300863673,-0.00373852980553618,-0.00409649025025523,-0.00446152156809627,-0.00483399102296581,-0.00521428777345129,-0.00560282484893014,-0.00600004125705278,-0.00640640423420043,-0.00682241165068257,-0.00724859458251631,-0.0076855200616297,-0.00813379401626305,-0.00859406441319591,-0.00906702461321069,-0.00955341695089836,-0.0100540365495117,-0.0105697353810582,-0.0111014265811683,-0.0116500890274535,-0.0122167721890342,-0.0128026012536245,-0.013408782536946,-0.0140366091772349,-0.0146874671151095,-0.0153628413559791,-0.0160643225083709,-0.0167936135868813,-0.0175525370627529,-0.0183430421381454,-0.0191672122117851,-0.0200272724935943,-0.0209255977138512,-0.0218647198581038,-0.0228473358421489,-0.0238763150215467,-0.0249547064070238,-0.0260857454304082,-0.0272728600750985,-0.0285196761502615,-0.0298300214487825,-0.0312079284854156,-0.0326576354637103,-0.0341835850685039,-0.0357904206257208,-0.0374829791140192,-0.0392662804550392,-0.0411455124528419,-0.0431260107015089,-0.045213232736551,-0.0474127256754202,-0.0497300865807041,-0.0521709147931373,-0.0547407555279634,-0.0574450341157169,-0.0602889804058882,-0.0632775430478096,-0.0664152936253131,-0.0697063209564128,-0.0731541162797624,-0.0767614505350912,-0.0805302454988036,-0.0844614411449883,-0.0885548622445647,-0.0928090878604887,-0.0972213280049801,-0.101787312247505,-0.106501195445365,-0.111355485955187,-0.116341001618358,-0.121446858449794,-0.126660496265314,-0.131967744448103,-0.137352929695963,-0.142799025956054,-0.14828784492161,-0.153800263542871,-0.159316483120184,-0.164816312839052,-0.170279469209277,-0.175685881900103,-0.181015996005799,-0.186251060875486,-0.191373396294008,-0.196366627956881,-0.201215885749887,-0.205907960199551,-0.210431414463995,-0.214776651241105,-0.21893593585069,-0.222903378390127,-0.22667487918998,-0.23024804276222,-0.233622066026818,-0.236797606839831,-0.239776638767292,-0.242562297709699,-0.245158725444809,-0.247570914486345,-0.249804557913723,-0.251865907065668,-0.253761639251428,-0.25549873694922,-0.257084379354009,-0.258525846617926,-0.259830436700819,-0.261005394413735,-0.26205785198844,-0.26299478033212,-0.263822950017761,-0.264548901006169,-0.265178920084351,-0.265719025027075,-0.266174954534929,-0.266552163065478,-0.266855819747903,-0.267090810650652,-0.267261743752242,-0.267372956044503,-0.267428522273025,-0.267432264890128,-0.267387764860296,-0.267298373016407,-0.267167221717098,-0.266997236601365,-0.266791148276373,-0.266551503808812,-0.266280677919429,-0.265980883805184,-0.265654183534225,-0.265302497976074,-0.264927616243576,-0.264531204634572,-0.264114815070475,-0.263679893036132,-0.263227785030997,-0.262759745545849,-0.262276943582429,-0.261780468735553,-0.261271336858672,-0.260750495334695,-0.260218827974209,-0.259677159563194,-0.259126260081977,-0.258566848616623,-0.257999596983203,-0.257425133084563,-0.256844044018272,-0.256256878953451,-0.255664151793222,-0.255066343638472,-0.254463905067696,-0.253857258246671,-0.253246798880829,-0.252632898022268,-0.252015903742524,-0.251396142681399,-0.250773921481385,-0.250149528116519,-0.249523233123834,-0.248895290744927,-0.248265939984612,-0.247635405593069,-0.24700389897739,-0.246371619047985,-0.245738753004849,-0.245105477068316,0,0.00489509094621377,0.00470194270308674,0.00449071738236149,0.00426574132810684,0.00403048407049542,0.00378744685285201,0.00353845098544674,0.00328481723929337,0.00302747629547557,0.00276705412302373,0.00250394337141187,0.00223836211518016,0.00197040049622164,0.00170005656429166,0.00142726308587882,0.00115190714580741,0.000873844181418282,0.000592907814940612,0.000308916569122075,2.16783017448832e-05,-0.000269007011644042,-0.000563345680830052,-0.000861549549630573,-0.00116383584481719,-0.0014704274503823,-0.00178155348410904,-0.00209745009119926,-0.00241836139710964,-0.00274454058152004,-0.00307625104959037,-0.0034137676869012,-0.00375737819183367,-0.00410738448444511,-0.00446410419471959,-0.00482787223583169,-0.00519904247005442,-0.00557798947637793,-0.0059651104299307,-0.00636082710401416,-0.00676558800604859,-0.00717987065903425,-0.0076041840402909,-0.00803907118927815,-0.00848511199623224,-0.00894292618318834,-0.00941317648870247,-0.00989657206723161,-0.0103938721136756,-0.0109058897230153,-0.0114334959942798,-0.0119776243872166,-0.0125392753389946,-0.0131195211469974,-0.0137195111222043,-0.0143404770157714,-0.0149837387191032,-0.0156507102348936,-0.0163429059131715,-0.0170619469422149,-0.0178095680791246,-0.0185876245987288,-0.0193980994321051,-0.0202431104571674,-0.0211249178932018,-0.022045931738701,-0.0230087191770464,-0.0240160118572108,-0.0250707129363973,-0.026175903748065,-0.0273348499318248,-0.0285510068309472,-0.029828023928502,-0.031169748054336,-0.0325802250522089,-0.0340636995496668,-0.0356246124231061,-0.0372675954977609,-0.0389974629682572,-0.0408191989716327,-0.0427379406936721,-0.0447589563441036,-0.0468876173005086,-0.0491293636994753,-0.0514896627522299,-0.0539739590872985,-0.0565876164820424,-0.0593358504461288,-0.062223651271311,-0.0652556973711713,-0.0684362590085513,-0.0717690928521395,-0.0752573282188928,-0.0789033463430907,-0.0827086545576055,-0.0866737578632402,-0.0907980309745361,-0.0950795945335853,-0.0995151997370006,-0.104100126077998,-0.108828097213368,-0.113691220070515,-0.118679952162981,-0.123783101643607,-0.128987863868272,-0.134279897167275,-0.139643439149816,-0.145061463252991,-0.150515873472082,-0.155987733380736,-0.161457523791617,-0.166905421850542,-0.172311593123383,-0.177656487428632,-0.182921128861033,-0.188087390674225,-0.193138246429206,-0.198057990013758,-0.202832418701625,-0.207448975228554,-0.211896846781268,-0.216167020691136,-0.220252298376212,-0.224147270585556,-0.227848258200157,-0.231353223698704,-0.234661658898062,-0.23777445474775,-0.24069375883579,-0.243422825903691,-0.245965866131422,-0.248327895299571,-0.250514590221706,-0.252532152113706,-0.254387179867542,-0.256086554553246,-0.257637335904,-0.259046671055395,-0.260321715414611,-0.261469565225865,-0.262497201168935,-0.263411442168988,-0.26421890849821,-0.264925993202379,-0.265538840878371,-0.266063332852225,-0.266505077853589,-0.266869407343895,-0.26716137472674,-0.267385757744834,-0.267547063444892,-0.26764953516736,-0.267697161089721,-0.267693683919298,-0.267642611392892,-0.267547227296144,-0.267410602764933,-0.267235607674629,-0.267024921960956,-0.266781046748859,-0.266506315193708,-0.26620290296272,-0.265872838304305,-0.265518011669403,-0.265140184862356,-0.264740999709813,-0.264321986244894,-0.26388457041079,-0.263430081293335,-0.262959757896131,-0.262474755474852,-0.261976151449383,-0.261464950913915,-0.260942091765841,-0.260408449474687,-0.25986484151226,-0.259312031464863,-0.258750732847939,-0.258181612642762,-0.257605294574043,-0.257022362146406,-0.256433361456762,-0.255838803798703,-0.255239168074022,-0.254634903025598,-0.2540264293049,-0.253414141386524,-0.2527984093413,-0.252179580478698,-0.251557980868492,-0.25093391675091,-0.250307675843816,-0.249679528554819,-0.249049729105621,-0.248418516575334,-0.247786115868991,-0.247152738616994,-0.246518584010774,-0.245883839579551,-0.245248681912679,-0.244613277331713,0,0.00384048761503906,0.00365914363026166,0.0034578625761548,0.00324122891914466,0.003012977791271,0.0027757391132791,0.00253142797347701,0.0022814534484133,0.00202683072565197,0.00176826275461394,0.00150620901118596,0.0012409435624897,0.000972602363462235,0.000701220378883691,0.000426759822361157,0.000149131081861917,-0.000131792132727265,-0.000416162074389048,-0.000704149570774609,-0.000995939092365547,-0.00129172561099661,-0.00159171275026038,-0.00189611186107792,-0.0022051417565892,-0.00251902891624795,-0.00283800802507104,-0.00316232275505648,-0.00349222672563773,-0.00382798460162087,-0.00416987330259347,-0.00451818330896258,-0.0048732200577877,-0.00523530542731891,-0.00560477931325822,-0.00598200130269398,-0.00636735245373757,-0.00676123719035027,-0.00716408532284322,-0.00757635420518862,-0.00799853104066762,-0.00843113534756276,-0.00887472159661479,-0.00932988203183285,-0.00979724968599079,-0.0102775016017635,-0.0107713622689644,-0.0112796072877278,-0.011803067266731,-0.0123426319646498,-0.0128992546819689,-0.0134739569089863,-0.0140678332343262,-0.0146820565164461,-0.0153178833184395,-0.0159766596038083,-0.0166598266877274,-0.0173689274345298,-0.01810561268759,-0.018871647912315,-0.0196689200264136,-0.0204994443838014,-0.0213653718692098,-0.0222689960495564,-0.0232127603151557,-0.0241992649286111,-0.0252312738814692,-0.0263117214381107,-0.0274437182226441,-0.0286305566774683,-0.0298757156914702,-0.0311828641613717,-0.0325558632114805,-0.033998766755153,-0.0355158200359315,-0.0371114557381618,-0.0387902872068388,-0.0405570982658039,-0.04241682907409,-0.0443745574146409,-0.0464354747709843,-0.0486048565196745,-0.050888025554219,-0.0532903086654065,-0.0558169850399137,-0.0584732263108838,-0.0612640277083893,-0.0641941300218718,-0.0672679323078303,-0.0704893955599781,-0.073861937909387,-0.0773883223390745,-0.0810705383768682,-0.0849096797622942,-0.0889058206509196,-0.0930578934986515,-0.0973635723265641,-0.101819165564025,-0.106419523058189,-0.111157962071754,-0.116026217118829,-0.121014418266428,-0.126111102022663,-0.131303258124839,-0.136576414435745,-0.1419147607846,-0.147301311008106,-0.152718100740378,-0.158146416773772,-0.163567052184208,-0.16896058000636,-0.174307637168101,-0.179589209740455,-0.184786910387737,-0.189883239231809,-0.194861820152282,-0.199707605768897,-0.204407045898595,-0.208948216030848,-0.213320904193631,-0.217516656365003,-0.22152878221171,-0.225352324319685,-0.228983995163086,-0.232422086809617,-0.235666358779375,-0.23871790958521,-0.241579037325324,-0.244253094325577,-0.246744340296902,-0.249057797839039,-0.251199113437427,-0.253174426410155,-0.254990247601596,-0.256653349014729,-0.258170665042031,-0.259549205504047,-0.260795980337743,-0.261917935490808,-0.262921899366956,-0.26381453902251,-0.26460232522656,-0.265291505455795,-0.265888083891278,-0.266397807509053,-0.266826157401973,-0.26717834452968,-0.267459309161992,-0.267673723353515,-0.267825995860776,-0.267920278985053,-0.267960476892453,-0.267950255026633,-0.267893050287932,-0.267792081705473,-0.267650361375757,-0.267470705482632,-0.267255745249576,-0.267007937706318,-0.266729576178349,-0.266422800430375,-0.266089606413601,-0.265731855582352,-0.265351283758427,-0.264949509532005,-0.264528042196316,-0.264088289219904,-0.263631563265481,-0.263159088768257,-0.262672008089521,-0.262171387263298,-0.261658221355219,-0.261133439453558,-0.260597909312715,-0.260052441669411,-0.259497794251576,-0.258934675499426,-0.258363748017574,-0.257785631776248,-0.257200907078885,-0.256610117312471,-0.256013771496108,-0.255412346642378,-0.254806289945186,-0.254196020806878,-0.253581932716589,-0.25296439499097,-0.252343754387632,-0.25172033660095,-0.251094447649133,-0.250466375160838,-0.249836389568963,-0.24920474521871,-0.248571681396435,-0.247937423285322,-0.247302182853461,-0.24666615967945,-0.246029541720269,-0.245392506025793,-0.244755219403961,-0.244117839040316,0,0.0027493107188623,0.00257587119619466,0.00238141869948374,0.00217085564859572,0.00194793333571962,0.00171524142978461,0.00147467657546439,0.00122765154235108,0.000975199163048938,0.000718046929523805,0.000456680978524145,0.000191401360142562,-7.7632078535228e-05,-0.000350363149175803,-0.000626811216427298,-0.000907050201610686,-0.00119119329277453,-0.00147938208046435,-0.00177177904102786,-0.00206856250472607,-0.00236992344191091,-0.00267606356493624,-0.00298719437476004,-0.00330353688267482,-0.00362532181427063,-0.00395279015971674,-0.00428619397628527,-0.00462579737949843,-0.00497187768130576,-0.00532472664955849,-0.00568465187442319,-0.00605197823552123,-0.0064270494693794,-0.00681022984090124,-0.00720190592546653,-0.00760248851028047,-0.00801241462495499,-0.00843214971218418,-0.00886218994988363,-0.00930306473639247,-0.00975533935033503,-0.0102196177965512,-0.0106965458491538,-0.0111868143022697,-0.0116911624383812,-0.0122103817233941,-0.0127453197366206,-0.0132968843427523,-0.0138660481115997,-0.0144538529898401,-0.0150614152272309,-0.0156899305576264,-0.0163406796326533,-0.017015033702946,-0.0177144605383529,-0.0184405305743705,-0.019194923267129,-0.0199794336333974,-0.020795978945121,-0.0216466055397778,-0.022533495698125,-0.0234589745294785,-0.0244255167912825,-0.0254357535541192,-0.0264924786052154,-0.0275986544626566,-0.0287574178486571,-0.0299720844431425,-0.0312461527083996,-0.0325833065415419,-0.0339874164740597,-0.0354625390969493,-0.0370129143462442,-0.0386429602378932,-0.0403572645938465,-0.0421605732544101,-0.0440577742273492,-0.0460538771844699,-0.0481539876847122,-0.0503632754831745,-0.0526869362827298,-0.0551301463045643,-0.0576980091023276,-0.0603954941284244,-0.0632273666873714,-0.0661981090869758,-0.0693118330295299,-0.0725721835769333,-0.075982235377929,-0.0795443822613041,-0.0832602217702062,-0.0871304367282385,-0.0911546764696411,-0.0953314409083295,-0.0996579711311836,-0.10413015064048,-0.108742421694424,-0.113487721356769,-0.118357441821352,-0.123341419286155,-0.128427955086678,-0.133603871949461,-0.138854607104325,-0.144164342633683,-0.149516171900121,-0.154892299263575,-0.160274268679534,-0.16564321527244,-0.170980132716528,-0.176266148330555,-0.181482797281648,-0.186612287243345,-0.19163774527307,-0.196543439535176,-0.201314969731695,-0.205939421620105,-0.210405482683027,-0.214703517749421,-0.218825605036225,-0.222765534583877,-0.226518772322198,-0.23008239397441,-0.233454993664405,-0.236636572438944,-0.239628411976869,-0.242432938571947,-0.245053582094728,-0.247494634115545,-0.249761108758471,-0.251858609202568,-0.253793202093007,-0.255571301502483,-0.257199563516296,-0.258684792017215,-0.260033855826562,-0.261253617017336,-0.262350869950875,-0.263332290394225,-0.264204393943108,-0.264973502895936,-0.265645720688434,-0.266226912997224,-0.266722694645871,-0.267138421491303,-0.26747918652595,-0.267749819496293,-0.267954889407784,-0.268098709356037,-0.268185343192508,-0.268218613597892,-0.268202111197031,-0.268139204404644,-0.268033049741241,-0.26788660240326,-0.267702626910745,-0.267483707690174,-0.267232259479594,-0.266950537468529,-0.266640647106513,-0.26630455353207,-0.265944090588905,-0.265560969408342,-0.265156786547037,-0.264733031677037,-0.264291094831599,-0.263832273215146,-0.263357777589488,-0.262868738251249,-0.262366210617382,-0.261851180436991,-0.261324568648466,-0.260787235901248,-0.260239986761601,-0.259683573621478,-0.259118700329142,-0.258546025559577,-0.257966165942033,-0.257379698961255,-0.256787165648123,-0.256189073074571,-0.255585896666801,-0.254978082349961,-0.254366048536598,-0.253750187970425,-0.253130869436135,-0.252508439345255,-0.251883223207352,-0.251255526995182,-0.250625638411815,-0.249993828067103,-0.24936035057037,-0.248725445545632,-0.248089338575224,-0.247452242077213,-0.246814356121605,-0.246175869189948,-0.245536958882561,-0.24489779257733,-0.24425852804367,-0.243619314014991,0,0.00162417356138879,0.0014545382809731,0.00126361993863593,0.00105670775143127,0.000837285728428887,0.000607735506703927,0.00036982734666114,0.000124896090487686,-0.000126073099223627,-0.00038238012312436,-0.000643552474588582,-0.000909294574092223,-0.00117944517209191,-0.00145394313691235,-0.00173280099724508,-0.00201608511170701,-0.00230390120664711,-0.00259638410230233,-0.00289369061897525,-0.00319599484922571,-0.00350348516377715,-0.00381636247352646,-0.00413483939462441,-0.00445914006034693,-0.00478950039677854,-0.00512616873387087,-0.00546940666351217,-0.00581949008540729,-0.00617671040264445,-0.00654137584398309,-0.00691381290074275,-0.0072943678739035,-0.00768340853250411,-0.00808132588826527,-0.00848853609402163,-0.00890548247533247,-0.00933263770578235,-0.00977050613714303,-0.010219626295853,-0.0106805735572658,-0.0111539630088744,-0.0116404525132667,-0.0121407459809428,-0.01265559686232,-0.0131858118672835,-0.0137322549195,-0.0142958513513713,-0.0148775923439672,-0.0154785396144807,-0.0160998303516826,-0.0167426823974419,-0.017408399669573,-0.0180983778179966,-0.0188141101023499,-0.0195571934746749,-0.0203293348454963,-0.0211323575053551,-0.0219682076665133,-0.0228389610809157,-0.0237468296803837,-0.0246941681732017,-0.0256834805175163,-0.0267174261760474,-0.0277988260382707,-0.0289306678752234,-0.0301161111682046,-0.0313584911256828,-0.0326613216725844,-0.0340282971627734,-0.0354632925290437,-0.0369703615455936,-0.0385537328362319,-0.0402178032182497,-0.0419671279281156,-0.0438064072324758,-0.0457404688884411,-0.0477742458834894,-0.0499127488608054,-0.0521610326245715,-0.054524156126339,-0.0570071353636055,-0.0596148886811186,-0.0623521740606654,-0.065223518122699,-0.0682331367492947,-0.0713848474778548,-0.0746819741122638,-0.0781272443538309,-0.0817226816657549,-0.0854694930448593,-0.0893679548701553,-0.0934172995102866,-0.0976156058751413,-0.101959697558308,-0.106445052598313,-0.111065729145459,-0.115814311414284,-0.120681880188498,-0.125658011792259,-0.130730808827588,-0.135886965098152,-0.141111866011143,-0.146389724411328,-0.151703750317583,-0.15703635148627,-0.162369360216591,-0.167684280446697,-0.172962548069141,-0.178185796610099,-0.183336120035405,-0.188396324503431,-0.193350161380622,-0.198182534734529,-0.202879677753876,-0.207429294023171,-0.211820661193075,-0.216044696225774,-0.220093982951804,-0.223962764061845,-0.22764690080619,-0.231143804543753,-0.234452344854841,-0.237572739214107,-0.240506429237857,-0.243255948312724,-0.245824785028321,-0.248217246325441,-0.250438323682839,-0.252493565043679,-0.254388954564735,-0.256130801686402,-0.257725640490369,-0.259180139847701,-0.260501024469462,-0.261695006656006,-0.262768728296556,-0.263728712491749,-0.264581324050686,-0.265332738042138,-0.265988915548204,-0.266555585769456,-0.267038233655934,-0.267442092281362,-0.267772139233095,-0.268033096352649,-0.268229432227606,-0.268365366902122,-0.268444878338143,-0.268471710221087,-0.268449380761272,-0.268381192194974,-0.268270240736588,-0.268119426775727,-0.267931465150442,-0.267708895360351,-0.267454091611573,-0.267169272609455,-0.266856511035475,-0.266517742661866,-0.266154775071729,-0.265769295964201,-0.265362881033777,-0.264937001420601,-0.264493030734665,-0.264032251661598,-0.263555862161401,-0.263064981274144,-0.262560654548613,-0.26204385911114,-0.261515508392675,-0.26097645653248,-0.260427502476894,-0.259869393791395,-0.259302830203766,-0.258728466895627,-0.258146917558918,-0.257558757233212,-0.256964524938915,-0.25636472612065,-0.255759834914277,-0.255150296250207,-0.254536527804874,-0.253918921811469,-0.253297846740274,-0.252673648858258,-0.252046653676895,-0.25141716729654,-0.250785477655093,-0.250151855688112,-0.249516556407013,-0.24887981990149,-0.248241872271833,-0.24760292649639,-0.246963183239013,-0.246322831600974,-0.245682049821472,-0.245041005930551,-0.244399858357946,-0.243758756501107,-0.243117841255398,0,0.000467106256181925,0.000296958280741735,0.000106307076931551,-9.93806807176242e-05,-0.000317184130706312,-0.000545078798190532,-0.000781517075370254,-0.00102531674934488,-0.00127560113418539,-0.00153174640621343,-0.00179333192821506,-0.00206009570286186,-0.00233189672812011,-0.00260868472267116,-0.00289047672646775,-0.00317733959901206,-0.00346937730323343,-0.00376672192476123,-0.00406952752613889,-0.00437796610836645,-0.00469222511498518,-0.00501250605294629,-0.00533902391656287,-0.00567200718783364,-0.00601169825224027,-0.00635835411801897,-0.0067122473627672,-0.00707366725729084,-0.00744292103538519,-0.00782033529171146,-0.00820625749953043,-0.00860105764685635,-0.0090051299943543,-0.00941889496159155,-0.00984280115045164,-0.0102773275159192,-0.0107229856952429,-0.011180322506818,-0.0116499226301141,-0.0121324114776561,-0.0126284582695113,-0.0131387793199629,-0.0136641415450797,-0.0142053661987243,-0.0147633328431834,-0.0153389835590311,-0.0159333273970312,-0.0165474450728256,-0.0171824939027873,-0.0178397129767003,-0.0185204285598043,-0.0192260597131145,-0.0199581241167385,-0.020718244076023,-0.0215081526846823,-0.0223297001124246,-0.0231848599768613,-0.0240757357504728,-0.0250045671429255,-0.0259737363868803,-0.0269857743413867,-0.0280433663107873,-0.0291493574585565,-0.0303067576744371,-0.0315187457294453,-0.0327886725266514,-0.0341200632260266,-0.0355166179891261,-0.0369822110540963,-0.0385208878138188,-0.0401368595304969,-0.0418344952795338,-0.0436183106753701,-0.0454929528937054,-0.0474631814703837,-0.0495338443299053,-0.0517098484793972,-0.0539961248009424,-0.0563975863911027,-0.0589190799365433,-0.061565329684633,-0.0643408736737533,-0.0672499920357565,-0.0702966273779893,-0.0734842974988463,-0.0768160009914019,-0.0802941166440269,-0.083920297951136,-0.0876953644928492,-0.0916191924154624,-0.0956906067252471,-0.0999072785699884,-0.104265631093696,-0.10876075777309,-0.113386357339982,-0.118134689421705,-0.122996554856209,-0.127961304231298,-0.13301687754327,-0.138149876970252,-0.143345673631352,-0.148588547897387,-0.153861861396865,-0.159148257404337,-0.164429884901804,-0.169688640366598,-0.174906420354896,-0.180065377298051,-0.185148170665014,-0.190138205794255,-0.195019853255425,-0.199778642524684,-0.204401424979504,-0.208876502649154,-0.213193720694054,-0.217344523127357,-0.221321972739456,-0.225120737460636,-0.228737046439551,-0.232168619890284,-0.235414577256596,-0.238475328467771,-0.24135245304265,-0.244048571575228,-0.246567213751955,-0.248912686554746,-0.251089945740406,-0.253104473096998,-0.254962161394941,-0.256669208401333,-0.258232020829158,-0.259657128660137,-0.260951109916657,-0.262120525665011,-0.263171864805916,-0.264111498043305,-0.264945640311258,-0.26568032087369,-0.266321360283798,-0.266874353392554,-0.26734465762053,-0.267737385748839,-0.268057402537596,-0.268309324539666,-0.268497522540023,-0.268626126114084,-0.268699029859852,-0.268719900917154,-0.268692187441755,-0.268619127752032,-0.268503759911021,-0.268348931546861,-0.268157309750156,-0.267931390917732,-0.267673510439061,-0.26738585214454,-0.267070457454273,-0.266729234182369,-0.266363964965422,-0.265976315295052,-0.265567841143598,-0.265139996179443,-0.264694138574322,-0.264231537409605,-0.263753378692031,-0.263260770992024,-0.262754750719614,-0.262236287054219,-0.261706286545399,-0.261165597401998,-0.260615013487235,-0.260055278037065,-0.259487087118812,-0.258911092846539,-0.258327906369019,-0.257738100645483,-0.257142213023589,-0.256540747633305,-0.255934177609625,-0.255322947156282,-0.25470747346186,-0.254088148478993,-0.253465340576617,-0.252839396074588,-0.252210640669305,-0.2515793807584,-0.250945904671966,-0.250310483817239,-0.249673373743181,-0.249034815130884,-0.248395034715325,-0.247754246143545,-0.247112650773963,-0.246470438421184,-0.24582778805031,-0.245184868424472,-0.244541838709014,-0.243898849035491,-0.243256041028413,-0.242613548297438,0,-0.000720534417078936,-0.000895661035901406,-0.00108907243095431,-0.00129583717809779,-0.00151386487854065,-0.00174160197112073,-0.00197780195858226,-0.0022214997279071,-0.0024719807402831,-0.00272874094610585,-0.00299144573870553,-0.00325989279222742,-0.00353398082716722,-0.00381368469525006,-0.00409903629241611,-0.00439011042235337,-0.00468701464520957,-0.00498988221597011,-0.00529886735369518,-0.00561414223417821,-0.00593589523850554,-0.00626433010804746,-0.00659966575070614,-0.00694213651589809,-0.00729199281036368,-0.00764950196724789,-0.00801494931033547,-0.00838863937661593,-0.00877089727563418,-0.00916207017498174,-0.00956252890899319,-0.00997266971310711,-0.0103929160900547,-0.0108237208165095,-0.0112655681003774,-0.0117189758997723,-0.0121844984150462,-0.0126627287651737,-0.0131543018593644,-0.0136598974740901,-0.0141802435447693,-0.0147161196801895,-0.0152683609063653,-0.0158378616449339,-0.01642557992936,-0.017032541860148,-0.0176598462979028,-0.0183086697904137,-0.018980271726891,-0.0196759997090291,-0.0203972951245932,-0.0211456989046786,-0.021922857440538,-0.0227305286298147,-0.0235705880150156,-0.0244450349689549,-0.0253559988725353,-0.0263057452194177,-0.0272966815696842,-0.0283313632602995,-0.0294124987638411,-0.0305429545683854,-0.0317257594304348,-0.0329641078292027,-0.0342613624243384,-0.0356210552902742,-0.0370468876688774,-0.0385427279482546,-0.0401126075397891,-0.0417607142884641,-0.0434913830142068,-0.0453090827456729,-0.0472184001743551,-0.0492240188283454,-0.0513306934442987,-0.0535432190064968,-0.0558663939273617,-0.0583049768688642,-0.0608636367540872,-0.0635468955981345,-0.0663590639031923,-0.069304168519153,-0.0723858730734572,-0.07560739132504,-0.078971394098857,-0.0824799108079514,-0.0861342269642968,-0.0899347795080673,-0.0938810522326918,-0.0979714740295175,-0.102203323094898,-0.106572640602644,-0.111074157610701,-0.115701239105555,-0.120445849054982,-0.125298540108028,-0.130248471127522,-0.135283455055213,-0.140390038699022,-0.145553614921718,-0.150758566446052,-0.155988439137678,-0.161226141264015,-0.166454163944203,-0.171654816893832,-0.176810472713039,-0.181903812436608,-0.186918064906028,-0.191837232753007,-0.196646298388395,-0.20133140432651,-0.205880003374037,-0.210280975588629,-0.214524710369245,-0.218603153482533,-0.222509820170163,-0.226239776649449,-0.22978959326247,-0.23315727321784,-0.236342161296586,-0.23934483707045,-0.242166997133842,-0.244811330616521,-0.247281391865507,-0.249581473705899,-0.251716484153015,-0.253691828890065,-0.255513301277067,-0.25718698114202,-0.258719143141105,-0.260116175071273,-0.261384506180754,-0.262530545250911,-0.263560628013439,-0.26448097331456,-0.265297647335722,-0.266016535120842,-0.266643318635684,-0.267183460588231,-0.267642193263388,-0.268024511665027,-0.26833517030849,-0.268578683062949,-0.268759325502268,-0.268881139282704,-0.268947938123909,-0.268963315025096,-0.26893065039973,-0.268853120859497,-0.268733708420985,-0.268575209946735,-0.268380246665991,-0.268151273649929,-0.267890589141626,-0.267600343662862,-0.267282548838437,-0.266939085894293,-0.266571713798794,-0.266182077027284,-0.265771712938869,-0.265342058761481,-0.264894458186957,-0.264430167582339,-0.263950361827011,-0.26345613978785,-0.262948529446439,-0.262428492693647,-0.261896929807678,-0.261354683632087,-0.260802543470403,-0.260241248713816,-0.259671492218089,-0.259093923445408,-0.258509151386291,-0.257917747276064,-0.25732024711972,-0.256717154038282,-0.256108940449045,-0.255496050091382,-0.254878899909077,-0.25425788179944,-0.253633364238829,-0.253005693793528,-0.252375196524337,-0.251742179292633,-0.251106930975145,-0.250469723594119,-0.249830813369111,-0.249190441696161,-0.24854883605969,-0.247906210882054,-0.247262768315344,-0.246618698979634,-0.245974182651623,-0.245329388907253,-0.244684477721674,-0.244039600029623,-0.243394898249089,-0.242750506770896,-0.242106552416645,0,-0.00193827575513241,-0.00212267080479202,-0.00232143200344011,-0.0025313392633175,-0.00275131489030889,-0.00298034211669883,-0.00321753234319368,-0.00346218935633161,-0.0037138050925969,-0.00397203134479719,-0.00423664782108722,-0.00450753343723998,-0.00478464274610658,-0.00506798759126467,-0.00535762338704544,-0.00565363921056471,-0.00595615089160135,-0.00626529638328349,-0.00658123282640435,-0.0069041348493193,-0.00723419375852558,-0.00757161736734319,-0.00791663028208155,-0.00826947451948305,-0.00863041036950319,-0.0089997174468528,-0.00937769589591742,-0.00976466772884045,-0.010160978287337,-0.0105669978264018,-0.0109831232233603,-0.0114097798193073,-0.0118474234023332,-0.0122965423433708,-0.0127576598962188,-0.0132313366734928,-0.0137181733100061,-0.0142188133244927,-0.0147339461896949,-0.0152643106196825,-0.0158106980818808,-0.0163739565396522,-0.0169549944294197,-0.0175547848742135,-0.0181743701331491,-0.0188148662836858,-0.0194774681305204,-0.020163454331597,-0.0208741927279039,-0.0216111458594033,-0.0223758766445244,-0.0231700541950304,-0.0239954597316485,-0.0248539925584834,-0.025747676045784,-0.0266786635609416,-0.0276492442764906,-0.0286618487711781,-0.0297190543256989,-0.0308235897982541,-0.0319783399465293,-0.0331863490418565,-0.0344508235981079,-0.0357751340122348,-0.0371628148853337,-0.0386175637628712,-0.0401432380005092,-0.0417438494283624,-0.0434235564522293,-0.0451866531964006,-0.0470375552604764,-0.0489807816340136,-0.0510209322900689,-0.0531626609645914,-0.0554106426264987,-0.0577695351570219,-0.060243934790929,-0.0628383249313311,-0.0655570180389905,-0.0684040904214237,-0.0713833099113002,-0.0744980566314929,-0.0777512372980795,-0.081145193812885,-0.0846816072412534,-0.088361398652386,-0.0921846287081753,-0.0961503983064124,-0.100256752994724,-0.10450059424666,-0.108877601000667,-0.113382165072851,-0.118007344131235,-0.122744835830267,-0.127584976422753,-0.132516766674367,-0.137527927198402,-0.142604984416549,-0.147733387264027,-0.152897653541741,-0.158081543538213,-0.163268257276761,-0.168440650572935,-0.173581464097274,-0.178673558904711,-0.18370015147378,-0.188645041232888,-0.193492823847082,-0.198229084178235,-0.202840563769088,-0.207315298869636,-0.211642726340495,-0.215813756142563,-0.219820810467811,-0.223657830803548,-0.227320255288765,-0.230804969571493,-0.234110234986647,-0.237235598240046,-0.240181786919036,-0.242950595079487,-0.245544762918212,-0.247967854169082,-0.250224134401168,-0.252318452886907,-0.254256130181518,-0.256042853039909,-0.257684577815687,-0.259187443053626,-0.260557691611311,-0.261801602331606,-0.2629254310351,-0.263935360407634,-0.264837458217166,-0.265637643200123,-0.266341657902943,-0.266955047742649,-0.267483145554198,-0.267931060915964,-0.268303673582501,-0.26860563040116,-0.268841345142397,-0.269015000729546,-0.269130553410245,-0.269191738466614,-0.269202077113633,-0.269164884283915,-0.269083277041894,-0.268960183410901,-0.268798351432855,-0.268600358312248,-0.268368619524111,-0.268105397789876,-0.267812811845893,-0.267492844947048,-0.267147353062895,-0.266778072736183,-0.266386628584032,-0.265974540430439,-0.265543230065709,-0.265094027633844,-0.264628177653292,-0.264146844679741,-0.263651118622204,-0.263142019725444,-0.262620503233039,-0.262087463746245,-0.261543739294196,-0.260990115131163,-0.260427327276473,-0.259856065812442,-0.259276977955242,-0.258690670913123,-0.258097714545829,-0.257498643838406,-0.256893961201946,-0.256284138613135,-0.255669619603797,-0.255050821110958,-0.254428135197302,-0.253801930651262,-0.253172554475365,-0.252540333270901,-0.2519055745264,-0.251268567816894,-0.250629585920453,-0.249988885858,-0.249346709862009,-0.248703286279231,-0.248058830412278,-0.247413545304477,-0.24676762247213,-0.246121242587972,-0.24547457611935,-0.244827783924393,-0.244181017809171,-0.243534421048649,-0.242888128873996,-0.242242268928656,-0.241596961695375,0,-0.00318673412851214,-0.00338387743724136,-0.00358998591786903,-0.00380478455235513,-0.00402824881328993,-0.00425991193185393,-0.00449927735082328,-0.00474595542547254,-0.00499967781242375,-0.00526027908145531,-0.00552767415958259,-0.00580183901233993,-0.00608279578898514,-0.00637060201366613,-0.00666534304773377,-0.00696712705950295,-0.00727608185265984,-0.00759235303932265,-0.00791610316857516,-0.0082475115257777,-0.00858677440034793,-0.00893410568207392,-0.00928973769189999,-0.00965392218618904,-0.0100269314969662,-0.0104090597871998,-0.0108006244117576,-0.0112019673827309,-0.0116134569433768,-0.0120354892586918,-0.0124684902331007,-0.0129129174672555,-0.0133692623667215,-0.0138380524155547,-0.0143198536275434,-0.0148152731872923,-0.0153249622924143,-0.0158496192069046,-0.0163899925343307,-0.0169468847177872,-0.0175211557716437,-0.0181137272479531,-0.0187255864379729,-0.019357790806561,-0.0200114726542154,-0.0206878439981923,-0.0213882016604148,-0.0221139325457161,-0.0228665190892725,-0.023647544846797,-0.0244587001950854,-0.0253017881037168,-0.026178729931004,-0.027091571188505,-0.0280424872084212,-0.0290337886368465,-0.0300679266629368,-0.031147497879476,-0.0322752486538714,-0.0334540788701643,-0.0346870448820972,-0.0359773614945584,-0.0373284027658337,-0.0387437013961369,-0.0402269464390594,-0.0417819790422717,-0.043412785892585,-0.0451234900091553,-0.0469183384983169,-0.0488016868557092,-0.050777979377893,-0.0528517252288398,-0.0550274696993193,-0.0573097602025973,-0.059703106571753,-0.0622119352665456,-0.0648405371655919,-0.0675930087173239,-0.0704731863552539,-0.0734845742534908,-0.0766302657102373,-0.0799128587016291,-0.0833343664450447,-0.0868961241462812,-0.0905986934715678,-0.0944417666718221,-0.0984240726767698,-0.102543287849672,-0.106795954424058,-0.111177409903041,-0.115681730858253,-0.120301694588009,-0.125028761954466,-0.129853084394792,-0.134763537578628,-0.139747783463012,-0.144792361591175,-0.149882809424867,-0.155003810339048,-0.160139366705719,-0.165272994323431,-0.170387933388997,-0.175467370334147,-0.180494664229256,-0.185453571139244,-0.19032845983182,-0.1951045125888,-0.199767905534397,-0.204305963823825,-0.208707288165454,-0.212961850402031,-0.217061057168062,-0.220997781891011,-0.224766366542824,-0.228362595519269,-0.231783644789499,-0.23502800999762,-0.238095417510206,-0.240986722502491,-0.243703798086815,-0.246249419243426,-0.248627144953225,-0.25084120149243,-0.252896369365884,-0.254797875860079,-0.256551294714312,-0.258162453958442,-0.259637352561827,-0.260982086188455,-0.262202782061422,-0.263305542705508,-0.264296398156701,-0.265181266097111,-0.265965919286738,-0.266655959613527,-0.267256798063322,-0.267773639915576,-0.268211474493153,-0.268575068830363,-0.268868964668095,-0.269097478235101,-0.269264702327245,-0.269374510249646,-0.269430561238532,-0.269436307028917,-0.269394999280402,-0.269309697615661,-0.269183278064573,-0.269018441741278,-0.268817723611753,-0.268583501236141,-0.268318003393135,-0.268023318513518,-0.267701402866949,-0.267354088460297,-0.266983090617849,-0.266590015223617,-0.266176365614141,-0.265743549116791,-0.265292883233896,-0.264825601477226,-0.264342858860598,-0.263845737060853,-0.263335249259261,-0.262812344676668,-0.262277912816559,-0.261732787430625,-0.261177750221662,-0.260613534298544,-0.260040827397794,-0.25946027488593,-0.258872482556295,-0.258278019233546,-0.257677419198392,-0.257071184444569,-0.256459786779404,-0.255843669778686,-0.255223250605937,-0.254598921705569,-0.253971052378806,-0.253339990250672,-0.252706062635821,-0.252069577810418,-0.251430826196832,-0.250790081467382,-0.250147601572976,-0.24950362970205,-0.248858395174814,-0.248212114277471,-0.247564991040721,-0.246917217966545,-0.246268976706978,-0.245620438698307,-0.244971765753857,-0.244323110618322,-0.243674617486357,-0.243026422487956,-0.242378654142949,-0.241731433786777,-0.24108487596956,0,-0.00446757806254937,-0.00467938734774734,-0.00489416963914891,-0.00511524670120977,-0.00534351281532968,-0.00557901696021663,-0.00582166802429902,-0.00607140591270196,-0.0063282228854535,-0.00659215276933232,-0.00686325808447166,-0.00714162096412819,-0.00742733785667599,-0.00772051695240998,-0.00802127736853177,-0.00832974939818545,-0.00864607536695705,-0.00897041081205795,-0.00930292581543314,-0.00964380639737321,-0.00999325592457616,-0.0103514965154462,-0.0107187704423699,-0.0110953415403019,-0.0114814966361678,-0.0118775470162072,-0.0122838299495577,-0.0127007102867621,-0.0131285821517962,-0.0135678707458627,-0.014019034280623,-0.0144825660577956,-0.0149589967111276,-0.0154488966256531,-0.015952878547868,-0.0164716003989899,-0.0170057683018087,-0.017556139829777,-0.0181235274849228,-0.0187088024088827,-0.019312898328839,-0.0199368157373736,-0.020581626302212,-0.0212484774984761,-0.0219385974523693,-0.0226532999811279,-0.02339398980953,-0.0241621679381995,-0.0249594371332806,-0.0257875075007227,-0.0266482021012712,-0.0275434625542221,-0.0284753545689147,-0.0294460733326843,-0.0304579486724308,-0.0315134498939265,-0.0326151901883494,-0.0337659304791584,-0.0349685825642069,-0.0362262113878478,-0.0375420362557057,-0.0389194307808047,-0.0403619213240251,-0.0418731836646605,-0.043457037608624,-0.0451174392132325,-0.0468584702793719,-0.0486843247354003,-0.0505992915138755,-0.0526077335040308,-0.0547140621521578,-0.0569227072814719,-0.0592380817158409,-0.061664540321568,-0.0642063331322163,-0.0668675522974128,-0.0696520727018775,-0.0725634862395224,-0.0756050299026453,-0.0787795080602261,-0.082089209552684,-0.0855358205214918,-0.0891203342162225,-0.0928429593708488,-0.0967030291033711,-0.100698912651753,-0.104827932594009,-0.109086290486564,-0.113469004065269,-0.117969859258769,-0.122581380236311,-0.127294820526762,-0.13210017788446,-0.1369862350317,-0.141940627680922,-0.146949940349903,-0.151999829463951,-0.157075172138303,-0.162160237912407,-0.167238879634527,-0.172294738742344,-0.177311459421513,-0.182272905607971,-0.18716337457336,-0.191967800917619,-0.196671945186321,-0.201262562007094,-0.205727543552459,-0.210056035222559,-0.214238521626812,-0.21826688215203,-0.222134416562847,-0.22583584212507,-0.229367264624464,-0.232726126339797,-0.23591113450405,-0.238922174052364,-0.241760208523591,-0.244427172879264,-0.246925861760718,-0.249259816356958,-0.251433212637474,-0.253450753248191,-0.255317564903404,-0.25703910265521,-0.258621062002152,-0.260069299422685,-0.261389761594028,-0.262588423285725,-0.263671233699687,-0.264644070861463,-0.26551270354659,-0.266282760145291,-0.266959703822507,-0.26754881331211,-0.268055168688371,-0.268483641478995,-0.268838888517696,-0.269125348976309,-0.269347244063575,-0.269508578927351,-0.269613146346949,-0.269664531851158,-0.269666119943993,-0.269621101163752,-0.269532479740945,-0.269403081656952,-0.26923556293776,-0.269032418045941,-0.268795988259293,-0.268528469946537,-0.26823192266934,-0.267908277056152,-0.26755934240694,-0.267186813999437,-0.266792280077039,-0.26637722850634,-0.265943053098709,-0.265491059595451,-0.265022471320182,-0.264538434505245,-0.26404002330141,-0.263528244481904,-0.263004041853101,-0.262468300385033,-0.26192185007542,-0.261365469561088,-0.260799889490703,-0.26022579567252,-0.259643832010576,-0.259054603242336,-0.258458677490312,-0.257856588639645,-0.257248838553099,-0.256635899134284,-0.256018214249391,-0.255396201517103,-0.254770253975759,-0.25414074163634,-0.253508012929227,-0.25287239605224,-0.252234200226898,-0.251593716869431,-0.250951220682573,-0.250306970673792,-0.249661211105177,-0.249014172379857,-0.248366071869469,-0.247717114686861,-0.247067494407927,-0.246417393746173,-0.245766985183366,-0.245116431559355,-0.244465886623946,-0.243815495553484,-0.243165395434614,-0.24251571571751,-0.241866578640677,-0.241218099629305,-0.24057038766898,0,-0.00578310434879824,-0.00600941946486562,-0.00623355053117086,-0.00646192207714699,-0.00669605155310143,-0.00693643724906287,-0.00718339023003961,-0.00743718834078672,-0.00769809211472883,-0.00796633975593286,-0.00824214447674491,-0.0085256964427286,-0.00881716763598327,-0.00911671791109732,-0.00942450113715767,-0.00974067085433456,-0.0100653852204298,-0.0103988112188666,-0.0107411281972999,-0.0110925308456254,-0.0114532317301339,-0.0118234634930595,-0.0122034808130706,-0.0125935622073259,-0.0129940117419775,-0.0134051607063512,-0.0138273692966333,-0.0142610283474913,-0.0147065611442901,-0.0151644253440305,-0.0156351150294988,-0.0161191629180638,-0.0166171427438959,-0.0171296718299111,-0.0176574138633644,-0.0182010818866288,-0.0187614415122277,-0.0193393143686072,-0.0199355817803813,-0.0205511886838355,-0.0211871477752958,-0.0218445438865266,-0.022524538577578,-0.0232283749334143,-0.0239573825461782,-0.0247129826600189,-0.0254966934499726,-0.0263101354003553,-0.0271550367414252,-0.0280332388955905,-0.0289467018760886,-0.0298975095716966,-0.0308878748405661,-0.0319201443245378,-0.0329968028821908,-0.0341204775242771,-0.0352939407189785,-0.0365201129165438,-0.037802064123248,-0.0391430143333146,-0.0405463326045321,-0.0420155345389895,-0.0435542779049846,-0.0451663561102161,-0.0468556892105736,-0.0486263121141138,-0.050482359617406,-0.0524280478928909,-0.0544676520331466,-0.0566054792533017,-0.0588458373589931,-0.0611929981073271,-0.0636511551257216,-0.066224376111987,-0.0689165491223596,-0.071731322866164,-0.0746720410696986,-0.077741671150412,-0.0809427276568788,-0.0842771911802115,-0.0877464237257787,-0.0913510818450684,-0.095091029157456,-0.0989652502280244,-0.102971768093976,-0.107107568028348,-0.111368530372192,-0.115749375429378,-0.120243623475424,-0.124843572858266,-0.129540298943787,-0.134323676267999,-0.13918242569626,-0.144104187665008,-0.149075621713702,-0.154082531538601,-0.159110013763188,-0.16414262758061,-0.169164581446058,-0.17415993214741,-0.179112790922157,-0.184007530867953,-0.188828989748133,-0.193562662436893,-0.198194877675071,-0.202712954488638,-0.207105334511707,-0.211361687493656,-0.215472988387202,-0.219431565540501,-0.223231120585627,-0.226866721571421,-0.230334771687607,-0.233632956541279,-0.236760173364303,-0.239716445753054,-0.242502827584929,-0.245121299642872,-0.247574662239289,-0.249866426796537,-0.252000708944673,-0.253982125268109,-0.25581569539713,-0.257506750718873,-0.259060850591324,-0.260483706594067,-0.261781115047371,-0.262958897779305,-0.264022850918456,-0.264978701334761,-0.265832070238623,-0.266588443373579,-0.267253147194823,-0.267831330408971,-0.268327950254478,-0.268747762921917,-0.269095317544824,-0.269374953231087,-0.26959079864903,-0.269746773728823,-0.269846593086768,-0.269893770825864,-0.269891626409887,-0.269843291349167,-0.269751716474028,-0.269619679606152,-0.269449793468861,-0.269244513704682,-0.269006146892497,-0.268736858477505,-0.268438680545258,-0.268113519386441,-0.267763162812164,-0.267389287190546,-0.266993464184538,-0.26657716717853,-0.266141777387455,-0.265688589647136,-0.265218817888574,-0.264733600302028,-0.264234004199128,-0.263721030583039,-0.263195618438008,-0.262658648750483,-0.262110948274537,-0.261553293054606,-0.260986411718579,-0.260410988554162,-0.259827666381206,-0.259237049232285,-0.258639704853431,-0.258036167036409,-0.257426937793438,-0.256812489384677,-0.256193266208302,-0.255569686562425,-0.254942144287555,-0.254311010297812,-0.253676634008569,-0.253039344667699,-0.252399452597164,-0.25175725035121,-0.251113013797019,-0.250467003123263,-0.24981946378164,-0.249170627366099,-0.248520712434143,-0.247869925274281,-0.247218460623414,-0.246566502337664,-0.245914224019901,-0.245261789606998,-0.244609353919618,-0.243957063177129,-0.243305055480064,-0.242653461262366,-0.242002403715491,-0.241351999186296,-0.240702357550501,-0.240053582563371,0,-0.00713544647246114,-0.00737411800330085,-0.00760773950378153,-0.00784407221080644,-0.00808487024356697,-0.00833100492835442,-0.00858317449082191,-0.00884198891247037,-0.00910797098345068,-0.00938155658576893,-0.00966310314904698,-0.00995290332206691,-0.0102512003193487,-0.0105582026575581,-0.0108740971572433,-0.0111990598458564,-0.0115332648191448,-0.0118768913142677,-0.0122301293127587,-0.0125931839871603,-0.012966279269621,-0.0133496607751425,-0.0137435982673324,-0.0141483878152554,-0.0145643537577373,-0.0149918505660669,-0.0154312646765096,-0.0158830163492525,-0.016347561599228,-0.016825394235775,-0.0173170480415119,-0.0178230991155441,-0.0183441684017464,-0.0188809244190484,-0.0194340862071546,-0.0200044264977924,-0.0205927751182831,-0.0212000226308616,-0.0218271242076963,-0.0224751037378799,-0.0231450581587683,-0.0238381619998562,-0.0245556721228707,-0.0252989326368683,-0.0260693799617943,-0.0268685480081282,-0.0276980734338374,-0.0285597009327971,-0.0294552885010254,-0.0303868126184371,-0.0313563732742093,-0.0323661987531931,-0.0334186500889674,-0.034516225076012,-0.0356615617189852,-0.0368574409811408,-0.0381067886764707,-0.0394126763312133,-0.0407783208199822,-0.0422070825600918,-0.0437024620249437,-0.0452680943139721,-0.0469077414931891,-0.0486252823975813,-0.0504246995654736,-0.0523100629567865,-0.054285510093422,-0.0563552222527714,-0.0585233963467958,-0.0607942121319299,-0.0631717944221633,-0.0656601700223021,-0.0682632191640064,-0.0709846213171929,-0.0738277953669882,-0.07679583429441,-0.0798914346792094,-0.0831168215565115,-0.0864736694039084,-0.0899630203091455,-0.0935852006643716,-0.0973397380417985,-0.101225280214763,-0.105239518581296,-0.109379118504763,-0.113639659285766,-0.118015586597374,-0.122500180228261,-0.127085539863604,-0.131762591374423,-0.136521115671838,-0.141349801612534,-0.146236323725425,-0.151167444689891,-0.156129141567836,-0.161106753821863,-0.166085150194919,-0.171048910642924,-0.175982518760782,-0.180870559577964,-0.185697917266006,-0.190449967224538,-0.195112757204514,-0.199673172576806,-0.204119081532025,-0.208439456858025,-0.212624471927675,-0.216665569577574,-0.220555503604049,-0.224288353586583,-0.227859514620453,-0.231265664262238,-0.234504709540289,-0.23757571724794,-0.240478830923913,-0.243215177946379,-0.245786770047279,-0.2481964003191,-0.250447539467307,-0.252544233687359,-0.254491006142828,-0.256292763614162,-0.257954709495018,-0.259482263949405,-0.26088099171779,-0.26215653777968,-0.263314570846307,-0.264360734469217,-0.265300605406483,-0.266139658783653,-0.266883239516815,-0.267536539424892,-0.268104579442446,-0.268592196347731,-0.269004033439091,-0.269344534622014,-0.269617941405728,-0.26982829234943,-0.26997942454171,-0.270074976740627,-0.270118393844949,-0.270112932408187,-0.270061666945649,-0.269967496820309,-0.269833153525681,-0.269661208212989,-0.269454079335806,-0.269214040308115,-0.268943227091617,-0.268643645645322,-0.268317179185164,-0.267965595213933,-0.267590552292388,-0.26719360653124,-0.266776217791014,-0.266339755582806,-0.265885504667808,-0.265414670357379,-0.264928383518502,-0.264427705291841,-0.263913631531416,-0.26338709697619,-0.262848979164807,-0.26230010210526,-0.2617412397116,-0.261173119019887,-0.260596423195523,-0.260011794343883,-0.259419836135888,-0.258821116259752,-0.258216168709733,-0.257605495922222,-0.25698957076904,-0.256368838417284,-0.255743718064575,-0.25511460455805,-0.254481869904956,-0.253845864682216,-0.253206919351886,-0.252565345488971,-0.251921436927651,-0.251275470831569,-0.250627708693439,-0.249978397268894,-0.249327769449136,-0.248676045076653,-0.248023431707947,-0.247370125326961,-0.246716311012625,-0.246062163563683,-0.245407848083772,-0.244753520529476,-0.244099328223909,-0.24344541033818,-0.24279189834294,-0.242138916432053,-0.241486581920256,-0.240835005616597,-0.240184292175253,-0.239534540425257,0,-0.00852571354375906,-0.0087734040830479,-0.00901631265919602,-0.00926096672053446,-0.00950899536687332,-0.00976158046996148,-0.0100197848243093,-0.0102845308985932,-0.0105565839090287,-0.0108365589143231,-0.0111249416938172,-0.0114221146831085,-0.0117283827775164,-0.0120439964195366,-0.0123691710136643,-0.0127041026203905,-0.0130489803218661,-0.0134039958149478,-0.0137693508010463,-0.0141452626853405,-0.0145319690156255,-0.0149297310069829,-0.0153388364234613,-0.0157596020257926,-0.016192375744935,-0.0166375387033698,-0.0170955071775093,-0.0175667345732124,-0.0180517134704584,-0.0185509777812191,-0.0190651050553635,-0.0195947189621646,-0.0201404919690216,-0.0207031482339136,-0.0212834667235287,-0.0218822845647305,-0.0225005006328645,-0.0231390793762452,-0.0237990548718997,-0.024481535103209,-0.0251877064454061,-0.0259188383399124,-0.0266762881331608,-0.0274615060497925,-0.0282760402638821,-0.0291215420250589,-0.0299997707889704,-0.0309125992934168,-0.03186201851255,-0.0328501424117191,-0.0338792124147321,-0.0349516014834091,-0.0360698176962485,-0.0372365071987115,-0.0384544563820489,-0.0397265931306886,-0.0410559869600474,-0.0424458478473071,-0.0438995235374085,-0.0454204950855613,-0.0470123703763953,-0.0486788753390773,-0.0504238425581243,-0.0522511969622594,-0.0541649382598164,-0.0561691197804654,-0.0582678233813265,-0.0604651300830653,-0.062765086120861,-0.065171664129,-0.0676887192292761,-0.0703199398654728,-0.0730687933219811,-0.0759384659867978,-0.0789317985699143,-0.0820512166686757,-0.0852986572819671,-0.088675492113228,-0.0921824487642189,-0.0958195312004567,-0.0995859411556126,-0.103480002423054,-0.107499090242134,-0.111639568206034,-0.115896735276102,-0.120264785562963,-0.124736783506072,-0.129304656932188,-0.133959210185638,-0.138690159092122,-0.143486188945332,-0.148335036004233,-0.153223592182506,-0.158138031735401,-0.16306395784778,-0.167986566152298,-0.17289082141338,-0.177761642954624,-0.182584093931967,-0.187343569298911,-0.192025977295408,-0.196617909523284,-0.201106795135453,-0.205481035333642,-0.209730115196086,-0.213844690788855,-0.217816650493435,-0.221639150450488,-0.225306624921966,-0.228814773166572,-0.232160525074194,-0.235341988293491,-0.238358379906437,-0.24120994585875,-0.243897871360299,-0.246424185345767,-0.248791661858858,-0.251003720920408,-0.253064331088805,-0.254977915544862,-0.256749263153954,-0.258383445593213,-0.259885741293709,-0.261261566645858,-0.262516414655825,-0.263655801023485,-0.264685217438048,-0.265610091753346,-0.266435754607311,-0.267167411984939,-0.267810123186229,-0.268368783645389,-0.268848112050487,-0.269252641229448,-0.269586712295237,-0.269854471576978,-0.270059869902064,-0.27020666383477,-0.270298418517956,-0.270338511804659,-0.270330139405,-0.270276320810044,-0.270179905787769,-0.270043581276828,-0.269869878531323,-0.269661180394287,-0.269419728599208,-0.269147631017831,-0.268846868788858,-0.268519303276227,-0.268166682817697,-0.267790649234562,-0.267392744081886,-0.266974414625661,-0.266537019539182,-0.266081834315594,-0.26561005639745,-0.265122810027096,-0.264621150824072,-0.264106070097509,-0.26357849890282,-0.263039311852934,-0.262489330694921,-0.261929327663234,-0.261360028620913,-0.260782116000128,-0.260196231553223,-0.259602978925232,-0.259002926058482,-0.258396607439512,-0.257784526198138,-0.257167156068027,-0.256544943217691,-0.255918307960346,-0.255287646350626,-0.25465333167565,-0.25401571584755,-0.253375130704076,-0.252731889223528,-0.252086286659829,-0.251438601603203,-0.250789096971542,-0.250138020937212,-0.249485607793741,-0.248832078766491,-0.248177642771192,-0.247522497123883,-0.246866828205615,-0.246210812084995,-0.245554615101459,-0.244898394411956,-0.244242298503508,-0.243586467673997,-0.242931034483286,-0.242276124176708,-0.241621855082751,-0.240968338986683,-0.240315681481714,-0.239663982299178,-0.239013335619136,0,-0.0099533736961959,-0.0102068975446678,-0.0104587486826039,-0.0107118306564862,-0.0109674374772022,-0.0112270304592227,-0.011492008727485,-0.0117635737935608,-0.0120426998831749,-0.0123301514615584,-0.0126265180823219,-0.0129322528242874,-0.0132477080976363,-0.013573166338009,-0.0139088650319805,-0.0142550164602197,-0.0146118229355153,-0.0149794884043213,-0.0153582272238944,-0.0157482708098769,-0.016149872718505,-0.0165633126064366,-0.0169888994085678,-0.0174269739919057,-0.0178779114798351,-0.0183421233928978,-0.0188200597162285,-0.0193122109771172,-0.0198191103963537,-0.0203413361621322,-0.0208795138639168,-0.021434319114695,-0.0220064803827142,-0.0225967820475425,-0.0232060676897041,-0.0238352436179525,-0.0244852826332278,-0.0251572280233643,-0.0258521977775468,-0.0265713890042717,-0.0273160825310721,-0.0280876476584468,-0.0288875470342319,-0.0297173416079928,-0.0305786956178403,-0.0314733815543066,-0.0324032850374855,-0.0333704095344599,-0.034376880834038,-0.0354249511849086,-0.0365170029914336,-0.0376555519483574,-0.0388432494816828,-0.040082884347821,-0.0413773832268923,-0.0427298101288084,-0.0441433644126507,-0.0456213772011162,-0.0471673059527727,-0.0487847269360449,-0.0504773253308907,-0.0522488826678752,-0.0541032613008698,-0.0560443856002158,-0.0580762195494811,-0.0602027404327632,-0.0624279083130001,-0.0647556310273368,-0.067189724465879,-0.0697338679578765,-0.0723915546672909,-0.075166037000383,-0.0780602671536607,-0.0810768330827776,-0.0842178903523838,-0.087485090532691,-0.0908795070381069,-0.0944015595520265,-0.0980509384425489,-0.101826530836599,-0.105726350271879,-0.10974747207179,-0.113885976770186,-0.118136904031284,-0.122494219545587,-0.126950797316873,-0.131498419572423,-0.136127796218179,-0.14082860531846,-0.145589555511048,-0.150398470587311,-0.155242395698382,-0.160107723826742,-0.164980340330531,-0.169845782573703,-0.174689410948789,-0.179496587028347,-0.184252854187305,-0.188944115851724,-0.193556806566839,-0.198078051339276,-0.202495809180172,-0.206798997427381,-0.210977594214221,-0.215022717329031,-0.218926678620424,-0.222683013994653,-0.226286489876451,-0.229733087723713,-0.233019968771457,-0.236145421614704,-0.239108795518476,-0.241910422471261,-0.244551530989809,-0.247034154557979,-0.249361037364165,-0.251535539715626,-0.253561545178305,-0.255443371139896,-0.257185684141309,-0.258793420982835,-0.260271716298065,-0.261625837008862,-0.262861123833149,-0.263982939815648,-0.264996625689597,-0.265907461752572,-0.266720635848551,-0.2674412169872,-0.268074134095581,-0.268624159382812,-0.269095895800256,-0.269493768094957,-0.269822016978632,-0.270084695965841,-0.270285670470358,-0.270428618786403,-0.270517034619587,-0.270554230870025,-0.27054334440616,-0.270487341601864,-0.270389024440836,-0.270251037021129,-0.270075872318571,-0.269865879091072,-0.269623268826285,-0.269350122653073,-0.269048398152845,-0.268719936020273,-0.268366466534406,-0.267989615810948,-0.26759091181467,-0.267171790117763,-0.266733599395612,-0.266277606656052,-0.265805002201955,-0.265316904329932,-0.264814363770316,-0.264298367875358,-0.263769844563933,-0.263229666032027,-0.26267865223891,-0.262117574179347,-0.261547156952357,-0.260968082637101,-0.260380992986353,-0.259786491947847,-0.259185148023477,-0.258577496476038,-0.257964041392782,-0.257345257614694,-0.256721592539966,-0.256093467809696,-0.255461280883462,-0.254825406511942,-0.254186198113379,-0.253543989060265,-0.252899093882234,-0.252251809390778,-0.251602415731046,-0.250951177365655,-0.250298343995084,-0.249644151418977,-0.248988822342331,-0.24833256713032,-0.247675584515229,-0.247018062258737,-0.246360177772582,-0.245702098700402,-0.245043983463376,-0.244385981772106,-0.243728235106992,-0.243070877169218,-0.242414034304305,-0.241757825900054,-0.241102364760582,-0.240447757458016,-0.239794104663328,-0.239141501457674,-0.238490037625493,0,-0.0114162578623107,-0.0116739201957909,-0.0119343834065633,-0.0121957993368231,-0.0124591594004444,-0.01272620962128,-0.0129986503610749,-0.0132779146627406,-0.0135651394088712,-0.0138611985211223,-0.0141667532405281,-0.014482302820004,-0.0148082293687935,-0.0151448349709541,-0.0154923711719216,-0.0158510617653819,-0.016221120077123,-0.0166027619229704,-0.0169962152736342,-0.0174017274764011,-0.0178195707053721,-0.0182500461571214,-0.0186934873826215,-0.0191502630478636,-0.0196207793408244,-0.0201054821866133,-0.0206048593913795,-0.0211194428051398,-0.0216498105711474,-0.0221965895124888,-0.0227604576936011,-0.0233421471841077,-0.0239424470439139,-0.024562206541242,-0.0252023386087931,-0.0258638235371594,-0.0265477128987714,-0.0272551336898595,-0.0279872926720232,-0.0287454808889344,-0.0295310783273556,-0.0303455586849752,-0.0311904942004682,-0.0320675604936171,-0.0329785413552136,-0.0339253334177344,-0.0349099506283735,-0.035934528435862,-0.0370013275915322,-0.0381127374532545,-0.0392712786681265,-0.0404796050961221,-0.0417405048223177,-0.0430569000898562,-0.0444318459696075,-0.0458685275657123,-0.0473702555391426,-0.0489404597144671,-0.050582680518702,-0.0523005579861558,-0.0540978180504089,-0.0559782558351109,-0.0579457156504231,-0.0600040674032711,-0.0621571791388831,-0.0644088854504408,-0.0667629515252929,-0.0692230326424964,-0.071792628999897,-0.0744750358319595,-0.0772732888842441,-0.0801901054385238,-0.0832278212350138,-0.0863883238150034,-0.0896729830069114,-0.0930825794982978,-0.0966172326704545,-0.100276329113331,-0.104058453476723,-0.107961323536292,-0.111981731545333,-0.116115494088566,-0.120357412735103,-0.124701247786557,-0.129139707317147,-0.133664453492978,-0.138266127829621,-0.142934396599678,-0.147658017042277,-0.152424924370237,-0.157222338843215,-0.162036891410004,-0.166854765660513,-0.171661853112252,-0.176443918232605,-0.181186769108758,-0.185876429357302,-0.190499306740097,-0.195042354033954,-0.199493217986919,-0.203840372666645,-0.208073234137145,-0.212182254149206,-0.216158991350578,-0.219996159365601,-0.223687651912814,-0.227228545880802,-0.230615083932996,-0.233844638736769,-0.236915661297259,-0.239827616118556,-0.242580906019787,-0.245176789414628,-0.247617292738257,-0.249905120497551,-0.252043565151172,-0.254036418718436,-0.255887887689699,-0.257602512483969,-0.259185092385638,-0.260640616602157,-0.261974201825469,-0.263191036456157,-0.264296331462242,-0.265295277693838,-0.266193009358548,-0.266994573277354,-0.267704903483258,-0.268328800690946,-0.26887091615131,-0.269335739405893,-0.269727589469717,-0.270050608993317,-0.27030876098346,-0.27050582769469,-0.270645411338645,-0.270730936293557,-0.270765652531366,-0.270752640013573,-0.270694813838804,-0.270594929954578,-0.270455591272866,-0.270279254053513,-0.270068234441502,-0.269824715063495,-0.269550751606144,-0.269248279313545,-0.268919119354045,-0.268564985017659,-0.268187487714706,-0.267788142754175,-0.267368374886989,-0.266929523604798,-0.266472848189449,-0.265999532511967,-0.265510689582814,-0.265007365857525,-0.264490545303633,-0.263961153236163,-0.263420059929983,-0.262868084018009,-0.262305995684701,-0.261734519664566,-0.261154338055438,-0.260566092956304,-0.25997038893927,-0.259367795365049,-0.258758848551083,-0.258144053801065,-0.257523887304287,-0.256898797912849,-0.256269208804407,-0.255635519037694,-0.254998105007732,-0.254357321807186,-0.253713504500011,-0.25306696931314,-0.252418014751598,-0.251766922642149,-0.251113959110196,-0.250459375494388,-0.249803409203106,-0.249146284516685,-0.24848821333903,-0.247829395901987,-0.247170021425639,-0.246510268737468,-0.245850306853132,-0.245190295521407,-0.244530385735683,-0.243870720214236,-0.243211433851328,-0.242552654141084,-0.241894501575916,-0.241237090021181,-0.240580527067613,-0.239924914362987,-0.239270347924362,-0.238616918432147,-0.237964711507176,0,-0.0129112180135239,-0.013173563571487,-0.0134423789845416,-0.0137118830055694,-0.0139830527996844,-0.0142579495945429,-0.0145385287496317,-0.0148263928922301,-0.0151227834659239,-0.0154286354005159,-0.015744643722956,-0.0160713255744123,-0.0164090725487039,-0.0167581926119795,-0.0171189425813951,-0.0174915527253076,-0.0178762451110952,-0.0182732471617925,-0.0186828016382647,-0.0191051740138907,-0.0195406579869323,-0.0199895796931084,-0.0204523010373456,-0.0209292224543323,-0.0214207853259085,-0.0219274742231972,-0.0224498190973131,-0.022988397510129,-0.0235438369726013,-0.0241168174400757,-0.0247080740000108,-0.0253183997763719,-0.0259486490656408,-0.0265997407113218,-0.0272726617165204,-0.0279684710873228,-0.0286883038930598,-0.0294333755229312,-0.0302049861117664,-0.0310045251007889,-0.031833475892071,-0.0326934205478109,-0.0335860444775976,-0.0345131410483655,-0.0354766160427305,-0.0364784918817874,-0.0375209115181707,-0.0386061418942072,-0.0397365768482612,-0.0409147393399003,-0.0421432828512752,-0.0434249918081632,-0.0447627808495616,-0.0461596927596778,-0.0476188948608697,-0.0491436736508775,-0.0507374274529662,-0.0524036568339552,-0.0541459525332647,-0.0559679806369544,-0.0578734647253731,-0.0598661647227804,-0.0619498521836671,-0.0641282817652231,-0.0664051586604043,-0.0687841018034238,-0.0712686027113923,-0.0738619798944367,-0.0765673288539435,-0.0793874677963403,-0.0823248793192192,-0.0853816484780571,-0.0885593978146577,-0.0918592201207268,-0.0952816099180368,-0.0988263948548283,-0.102492668438701,-0.106278725739262,-0.11018200388713,-0.114199029355449,-0.118325374120609,-0.122555622844395,-0.126883353185116,-0.131301131216953,-0.135800523704882,-0.140372128642031,-0.145005625008705,-0.149689842166309,-0.15441284867218,-0.159162059617803,-0.163924360885357,-0.1686862480235,-0.173433976803444,-0.17815372197093,-0.182831740295548,-0.187454533765749,-0.192009008705894,-0.196482626708806,-0.200863543578693,-0.20514073294751,-0.209304091834,-0.213344526121558,-0.217254014695883,-0.221025651761723,-0.224653667607421,-0.228133428768906,-0.231461419131385,-0.234635203976339,-0.237653379322131,-0.240515509116515,-0.243222052924513,-0.24577428672808,-0.248174219331814,-0.250424506671541,-0.252528366070716,-0.254489492203286,-0.256311976219441,-0.258000229188093,-0.25955891071988,-0.2609928633664,-0.262307053151847,-0.263506516385994,-0.264596312734028,-0.265581484378678,-0.266467021001583,-0.267257830231178,-0.26795871315012,-0.26857434442284,-0.269109256589494,-0.269567828072871,-0.269954274456484,-0.27027264261219,-0.270526807281783,-0.270720469746951,-0.270857158254057,-0.270940229893057,-0.270972873662321,-0.270958114482574,-0.270898817952861,-0.270797695669145,-0.270657310951541,-0.270480084849301,-0.2702683023133,-0.270024118444242,-0.269749564740959,-0.269446555287369,-0.269116892828936,-0.268762274700001,-0.268384298572405,-0.267984468003421,-0.26756419776746,-0.267124818961315,-0.266667583877175,-0.2661936706412,-0.26570418761839,-0.265200177586795,-0.264682621685944,-0.264152443145751,-0.263610510803229,-0.263057642415057,-0.262494607774585,-0.261922131642151,-0.261340896497712,-0.260751545124855,-0.260154683035095,-0.259550880741262,-0.258940675888508,-0.258324575251192,-0.257703056603614,-0.257076570472192,-0.25644554177638,-0.255810371365227,-0.25517143745614,-0.254529096982074,-0.253883686852992,-0.253235525137137,-0.252584912167308,-0.251932131577021,-0.251277451271156,-0.250621124335367,-0.249963389888302,-0.249304473880379,-0.248644589842666,-0.247983939589132,-0.247322713875364,-0.246661093016617,-0.245999247467872,-0.245337338368406,-0.244675518053214,-0.24401393053345,-0.24335271194791,-0.242691990987476,-0.24203188929424,-0.241372521837,-0.240713997264618,-0.240056418238695,-0.239399881746882,-0.238744479398074,-0.238090297700635,-0.237437418324739,0,-0.0144352191577933,-0.0147047798392279,-0.014981702847665,-0.0152589432275021,-0.015537925715459,-0.0158210565369395,-0.0161104824275317,-0.0164078992205261,-0.0167145849718019,-0.0170314809668731,-0.0173592744616124,-0.0176984702202547,-0.0180494481844116,-0.0184125081549893,-0.0187879035245791,-0.0191758662908046,-0.0195766253819991,-0.019990419992551,-0.0204175092760164,-0.0208581794318087,-0.0213127489636469,-0.0217815726856936,-0.0222650448986782,-0.0227636020441699,-0.0232777250615649,-0.023807941611537,-0.0243548282854845,-0.0249190128881189,-0.0255011768562795,-0.0261020578587749,-0.026722452607725,-0.0273632199002405,-0.0280252838994263,-0.028709637655003,-0.0294173468558713,-0.0301495537993728,-0.0309074815546101,-0.0316924382898074,-0.0325058217261911,-0.0333491236731556,-0.0342239345914663,-0.0351319481228737,-0.0360749655157147,-0.0370548998668009,-0.0380737800900971,-0.0391337545123376,-0.0402370939847848,-0.0413861943887874,-0.0425835784006522,-0.0438318963686386,-0.0451339261416892,-0.0464925716759406,-0.0479108602313082,-0.0493919379567588,-0.0509390636496386,-0.0525556004620752,-0.0542450053166254,-0.0560108157847365,-0.0578566341761553,-0.0597861085862293,-0.0618029106524071,-0.0639107097825933,-0.066113143638028,-0.0684137846838007,-0.0708161026628791,-0.0733234229065654,-0.0759388804674122,-0.0786653701515077,-0.0815054926369291,-0.0844614969947785,-0.0875352200784251,-0.0907280234142188,-0.0940407284104858,-0.0974735508969638,-0.101026036208088,-0.104696996222844,-0.108484449961473,-0.112385569503535,-0.116396633119593,-0.120512987586121,-0.124729021666013,-0.129038152672215,-0.133432827878461,-0.137904542291572,-0.142443873951634,-0.147040537483109,-0.151683456091943,-0.156360851608659,-0.161060351539752,-0.165769111440117,-0.170473950292426,-0.175161496012078,-0.17981833772424,-0.18443118111435,-0.188987002960179,-0.193473200927686,-0.197877734859241,-0.202189256094372,-0.206397221822149,-0.210491992042931,-0.214464907380797,-0.218308346697386,-0.222015764173241,-0.225581706206035,-0.229001809093539,-0.232272778996646,-0.235392356096535,-0.238359265160733,-0.241173154914392,-0.243834528681527,-0.246344668728105,-0.248705556620307,-0.250919791725371,-0.252990509747621,-0.254921302927046,-0.256716143248513,-0.258379309730502,-0.259915320594786,-0.261328870871112,-0.262624775769801,-0.263807919963514,-0.264883212758746,-0.26585554900743,-0.266729775507849,-0.267510662569365,-0.268202880364171,-0.268810979658191,-0.269339376498899,-0.269792340437176,-0.270173985870212,-0.270488266110393,-0.270738969808726,-0.270929719388613,-0.271063971175278,-0.271145016936357,-0.27117598657928,-0.271159851780199,-0.271099430346953,-0.270997391144392,-0.270856259434255,-0.270678422503443,-0.270466135474092,-0.270221527206213,-0.269946606219075,-0.269643266570969,-0.269313293648711,-0.268958369828355,-0.268580079977266,-0.268179916775028,-0.267759285836928,-0.267319510628919,-0.266861837167303,-0.266387438499919,-0.265897418968511,-0.26539281825427,-0.26487461521038,-0.264343731486828,-0.263801034953821,-0.263247342930949,-0.262683425229791,-0.262110007018011,-0.261527771513209,-0.260937362514845,-0.260339386782517,-0.259734416268771,-0.259122990214432,-0.258505617114201,-0.257882776560017,-0.257254920969391,-0.256622477205583,-0.255985848096213,-0.255345413856552,-0.254701533423416,-0.254054545705276,-0.253404770753891,-0.25275251086245,-0.252098051594936,-0.251441662751126,-0.250783599271388,-0.250124102085174,-0.249463398906852,-0.248801704982304,-0.248139223789505,-0.247476147696051,-0.246812658576468,-0.246148928391901,-0.245485119734637,-0.24482138633974,-0.244157873565942,-0.243494718847776,-0.242832052120804,-0.242169996221683,-0.241508667264688,-0.240848174996198,-0.240188623128552,-0.239530109654598,-0.238872727144158,-0.238216563023551,-0.237561699839243,-0.236908215506627,0,-0.0159863651477431,-0.0162664439938598,-0.016551112044193,-0.0168356829036644,-0.0171225032303821,-0.0174143190911454,-0.0177133814416438,-0.0180213895002898,-0.0183395828697765,-0.0186688512269938,-0.0190098313957201,-0.0193629856005432,-0.0197286616933419,-0.0201071382032335,-0.0204986573889268,-0.0209034491662214,-0.0213217482822506,-0.0217538065967438,-0.0221999018822221,-0.0226603441910375,-0.0231354805553656,-0.0236256985749584,-0.0241314292924487,-0.0246531496438817,-0.0251913846916546,-0.0257467097892925,-0.0263197527857995,-0.0269111963467986,-0.0275217804468516,-0.028152305069762,-0.0288036331396257,-0.0294766936937233,-0.0301724852982334,-0.0308920796986306,-0.0316366256881105,-0.0324073531691894,-0.0332055773755437,-0.0340327032130493,-0.0348902296707232,-0.035779754243797,-0.0367029773023668,-0.0376617063299449,-0.0386578599467124,-0.0396934716223235,-0.0407706929727133,-0.041891796524501,-0.0430591778192666,-0.0442753567182467,-0.0455429777558971,-0.0468648093784192,-0.0482437418908843,-0.0496827839242418,-0.0511850572215561,-0.0527537895316711,-0.0543923053886447,-0.056104014547374,-0.0578923978405749,-0.05976099022064,-0.0617133607529351,-0.0637530893360504,-0.0658837399408035,-0.068108830184923,-0.0704317970959715,-0.0728559589628699,-0.0753844732380292,-0.0780202905291059,-0.0807661048130259,-0.0836243001160216,-0.0865968940321908,-0.0896854785989232,-0.0928911592087487,-0.0962144924107978,-0.0996554236366605,-0.103213226068887,-0.106886442047877,-0.110672828574959,-0.114569308605065,-0.118571929919564,-0.122675833415861,-0.126875232633037,-0.13116340624112,-0.135532705046792,-0.13997457480544,-0.144479595778057,-0.149037539536813,-0.153637443016644,-0.158267699249796,-0.162916163629751,-0.167570273958989,-0.172217181973448,-0.176843893538292,-0.18143741430576,-0.185984897343744,-0.190473789103555,-0.194891970108947,-0.199227886917763,-0.203470672224105,-0.207610250414771,-0.211637426442488,-0.215543956498249,-0.219322599620124,-0.222967150030719,-0.226472450616246,-0.2298343885183,-0.233049874282279,-0.23611680637891,-0.239034023179992,-0.241801244625971,-0.244419005877262,-0.246888585204334,-0.249211928257797,-0.251391570685496,-0.2534305608459,-0.255332384122131,-0.257100890083737,-0.258740223486448,-0.260254759854036,-0.261649046158679,-0.262927746912352,-0.264095595804777,-0.265157352874676,-0.266117767080149,-0.266981544039623,-0.267753318644695,-0.268437632197621,-0.269038913696256,-0.269561464874853,-0.270009448607376,-0.270386880288239,-0.270697621821108,-0.270945377867549,-0.271133694032085,-0.27126595668707,-0.271345394168555,-0.271375079102072,-0.271357931644259,-0.271296723451963,-0.27119408221462,-0.271052496607958,-0.270874321547464,-0.270661783638425,-0.270416986735762,-0.27014191754151,-0.269838451180543,-0.269508356706386,-0.269153302498594,-0.268774861521533,-0.26837451642149,-0.267953664445086,-0.267513622167006,-0.267055630019298,-0.266580856618014,-0.266090402885784,-0.265585305971275,-0.265066542968324,-0.264535034438983,-0.263991647745866,-0.263437200199992,-0.262872462030974,-0.262298159186772,-0.261714975970505,-0.261123557521954,-0.260524512151369,-0.259918413533167,-0.259305802766949,-0.25868719031309,-0.258063057809948,-0.257433859779457,-0.256800025227628,-0.256161959146199,-0.255520043921358,-0.254874640655207,-0.254226090405326,-0.253574715347506,-0.252920819866456,-0.252264691579015,-0.251606602294111,-0.250946808913511,-0.250285554277102,-0.249623067956269,-0.248959566998671,-0.248295256627553,-0.247630330898494,-0.246964973316327,-0.246299357414802,-0.245633647301371,-0.244967998169336,-0.244302556779457,-0.243637461912981,-0.242972844797898,-0.242308829510158,-0.24164553335143,-0.240983067204894,-0.240321535870459,-0.239661038380711,-0.239001668298797,-0.238343513999384,-0.237686658933755,-0.237031181880016,-0.236377157179359,0,-0.0175643976772187,-0.0178573465625,-0.0181491417401055,-0.0184406520168817,-0.0187354428297226,-0.0190365275291666,-0.0193461469893991,-0.0196659031312282,-0.0199969185948189,-0.0203399735981002,-0.0206956136044751,-0.0210642304560579,-0.0214461218474976,-0.0218415340946101,-0.0222506924754734,-0.0226738225587913,-0.0231111651226343,-0.0235629865891052,-0.0240295863703283,-0.0245113021230756,-0.0250085136187881,-0.0255216457278451,-0.026051170870098,-0.0265976111806624,-0.0271615405676811,-0.0277435867876922,-0.0283444336275875,-0.0289648232552291,-0.0296055587803833,-0.0302675070515562,-0.0309516017011119,-0.0316588464397191,-0.0323903185910557,-0.0331471728483294,-0.033930645225231,-0.0347420571652043,-0.0355828197642278,-0.0364544380535343,-0.0373585152797695,-0.038296757110931,-0.0392709756869987,-0.0402830934244276,-0.0413351464736046,-0.0424292877179698,-0.0435677891927788,-0.0447530437904642,-0.0459875661083003,-0.0472739922826763,-0.0486150786428646,-0.050013699005922,-0.051472840423532,-0.0529955971815073,-0.05458516284375,-0.0562448201252251,-0.0579779283736031,-0.0597879084374164,-0.0616782247007891,-0.0636523640720715,-0.0657138117272435,-0.0678660234300465,-0.0701123942808807,-0.0724562237870291,-0.0749006771992081,-0.0774487431251832,-0.0801031875114165,-0.0828665041793206,-0.0857408622140692,-0.0887280506308359,-0.0918294208846957,-0.0950458279441214,-0.0983775708106959,-0.101824333534608,-0.105385127940534,-0.109058239433893,-0.112841177394194,-0.116730631769946,-0.120722437557489,-0.124811548862957,-0.12899202420192,-0.13325702457603,-0.137598825673783,-0.14200884527031,-0.146477686550433,-0.150995197656756,-0.155550547282531,-0.160132315605245,-0.164728599314078,-0.169327128949145,-0.173915396271732,-0.178480788951546,-0.183010729516513,-0.187492815285538,-0.191914955911316,-0.196265505207211,-0.200533384118882,-0.204708192018383,-0.208780303927988,-0.212740951798512,-0.216582288542687,-0.220297434126491,-0.223880503618142,-0.227326617656355,-0.230631896301335,-0.233793437654396,-0.236809282962482,-0.239678370156063,-0.242400477903317,-0.244976162305955,-0.24740668832261,-0.249693957897475,-0.251840436609588,-0.25384908045712,-0.255723264165697,-0.257466712173653,-0.259083433211487,-0.260577659166852,-0.26195378871731,-0.263216336025444,-0.264369884627732,-0.265419046510973,-0.266368426257818,-0.267222590054916,-0.267986039291307,-0.268663188428655,-0.269258346795951,-0.269775703946769,-0.270219318214401,-0.270593108106737,-0.270900846196364,-0.27114615518019,-0.271332505805107,-0.271463216380659,-0.271541453624982,-0.271570234615795,-0.271552429643105,-0.271490765784126,-0.271387831043348,-0.271246078921497,-0.271067833296172,-0.270855293514257,-0.270610539611669,-0.27033553758982,-0.270032144690341,-0.269702114620282,-0.269347102689245,-0.268968670827951,-0.268568292464568,-0.268147357240991,-0.267707175556187,-0.267248982927877,-0.266773944167259,-0.266283157364329,-0.265777657683679,-0.265258420972515,-0.264726367184134,-0.264182363621272,-0.263627228004612,-0.263061731372406,-0.262486600817643,-0.261902522069499,-0.261310141925968,-0.260710070544683,-0.260102883598878,-0.259489124305403,-0.258869305331532,-0.258243910587152,-0.257613396908707,-0.256978195641026,-0.256338714122951,-0.255695337082382,-0.255048427946138,-0.254398330069735,-0.253745367891953,-0.253089848018778,-0.252432060241081,-0.251772278490139,-0.251110761734861,-0.25044775482439,-0.249783489279479,-0.249118184035904,-0.248452046142912,-0.247785271419564,-0.247118045071636,-0.24645054227158,-0.245782928703874,-0.245115361077976,-0.244447987610917,-0.243780948481458,-0.243114376257625,-0.242448396299274,-0.241783127137291,-0.241118680830875,-0.240455163304286,-0.239792674664353,-0.239131309499926,-0.23847115716441,-0.237812302042427,-0.237154823801581,-0.236498797630254,-0.235844294462285,0,-0.0191704201077822,-0.0194761057327937,-0.0197741015870448,-0.0200722714169041,-0.0203753652771023,-0.0206865040583153,-0.0210077782575889,-0.0213405855544595,-0.0216858542675771,-0.0220442012503219,-0.0224160443870864,-0.0228016818369278,-0.0232013470522126,-0.0236152465013761,-0.0240435852888306,-0.0244865844510165,-0.0249444926128661,-0.0254175938771676,-0.0259062132366095,-0.0264107203901046,-0.0269315325641987,-0.027469116749573,-0.0280239916338243,-0.0285967294246784,-0.0291879576984794,-0.0297983613676119,-0.0304286848310868,-0.0310797343506547,-0.0317523806777958,-0.0324475619430206,-0.03316628680698,-0.0339096378621974,-0.0346787752643106,-0.0354749405622482,-0.0362994606875135,-0.0371537520535865,-0.0380393247072401,-0.0389577864642512,-0.0399108469524877,-0.0409003214756653,-0.0419281346011404,-0.0429963233649664,-0.0441070399770841,-0.0452625538989829,-0.0464652531555096,-0.047717644731804,-0.0490223538957166,-0.0503821222756762,-0.0517998045140395,-0.0532783633067527,-0.0548208626320303,-0.056430458964172,-0.0581103902641185,-0.0598639625365607,-0.0616945337451292,-0.0636054948832954,-0.0656002480101316,-0.0676821810781176,-0.0698546394059749,-0.0721208936843125,-0.074484104446983,-0.0769472829976982,-0.0795132488507442,-0.0821845838274286,-0.0849635830466883,-0.0878522031590665,-0.0908520082973685,-0.0939641143532059,-0.0971891323338366,-0.100527111704554,-0.103977484773459,-0.107539013321609,-0.111209738814726,-0.114986937644447,-0.118867082927933,-0.122845814434848,-0.126917918200553,-0.131077317315116,-0.135317075242322,-0.139629412816795,-0.144005739789631,-0.148436701446529,-0.152912240415362,-0.157421673324837,-0.161953781490088,-0.16649691430593,-0.171039103548733,-0.175568186349201,-0.180071934226304,-0.184538185290338,-0.188954976549407,-0.193310673201235,-0.197594091866888,-0.201794614922161,-0.205902293396085,-0.209907936316883,-0.213803184870805,-0.217580570271721,-0.221233554790549,-0.224756555935369,-0.228144954279528,-0.231395085884571,-0.234504220640879,-0.237470528140767,-0.240293032901861,-0.24297156087357,-0.245506679191965,-0.247899631107644,-0.25015226790904,-0.252266979513316,-0.254246625212139,-0.256094465853206,-0.257814098522403,-0.259409394575953,-0.260884441665187,-0.262243490204956,-0.26349090456443,-0.264631119108849,-0.265668599093655,-0.266607806308393,-0.267453169285617,-0.268209057828197,-0.268879761564641,-0.269469472214021,-0.269982269227377,-0.270422108468642,-0.270792813603051,-0.271098069872557,-0.271341419954301,-0.271526261618007,-0.271655846920199,-0.271733282696135,-0.271761532133657,-0.271743417236006,-0.271681622002668,-0.271578696178081,-0.271437059437428,-0.2712590058965,-0.271046708848879,-0.270802225648207,-0.270527502666429,-0.27022438027037,-0.269894597769219,-0.269539798294319,-0.269161533580375,-0.268761268623805,-0.268340386199618,-0.267900191223023,-0.267441914946036,-0.26696671898275,-0.266475699159752,-0.265969889190504,-0.265450264174394,-0.264917743922691,-0.264373196114834,-0.263817439289439,-0.263251245675117,-0.262675343866703,-0.2620904213529,-0.26149712690153,-0.260896072808749,-0.260287837018598,-0.259672965119247,-0.259051972222181,-0.258425344730476,-0.25779354200211,-0.25715699791409,-0.256516122332961,-0.255871302497025,-0.255222904315385,-0.254571273588694,-0.253916737156241,-0.253259603973784,-0.252600166126307,-0.251938699779661,-0.251275466074813,-0.250610711968242,-0.249944671021799,-0.249277564145164,-0.248609600293846,-0.247940977125491,-0.247271881617113,-0.246602490645667,-0.245932971534283,-0.245263482566292,-0.244594173469065,-0.24392518586956,-0.243256653723333,-0.242588703718684,-0.241921455657481,-0.241255022814121,-0.240589512273977,-0.239925025252619,-0.239261657396984,-0.238599499069619,-0.237938635617035,-0.237279147623152,-0.236621111148731,-0.235964597957673,-0.23530967573096,0,-0.0208058671594562,-0.0211210265994799,-0.0214240885225161,-0.0217288767672909,-0.022040900850454,-0.0223631433268564,-0.0226973852737804,-0.0230447136436338,-0.0234057915803977,-0.0237810266483106,-0.0241706805805709,-0.0245749411753816,-0.0249939689809416,-0.02542792726753,-0.0258770010714543,-0.0263414092045896,-0.0268214118103347,-0.0273173151532308,-0.0278294747341346,-0.0283582974336384,-0.0289042431358857,-0.0294678261252934,-0.0300496164473163,-0.0306502413595674,-0.0312703869572987,-0.0319108000285578,-0.0325722901737866,-0.0332557322088761,-0.033962068857751,-0.0346923137292487,-0.0354475545626943,-0.0362289567167301,-0.0370377668663982,-0.0378753168640282,-0.0387430277100441,-0.0396424135703069,-0.0405750857670073,-0.0415427566603744,-0.0425472433285792,-0.0435904709431724,-0.0446744757272307,-0.0458014073731374,-0.0469735307866406,-0.0481932270135978,-0.0494629931957471,-0.0507854413920845,-0.052163296093155,-0.0535993902470484,-0.0550966596084104,-0.0566581352157346,-0.0582869337980512,-0.0599862459104265,-0.0617593215990987,-0.0636094534023645,-0.0655399565033544,-0.0675541458665641,-0.0696553102124921,-0.0718466827150602,-0.0741314083458015,-0.0765125078381681,-0.0789928383057409,-0.0815750506204228,-0.0842615437413939,-0.0870544162828313,-0.0899554157177336,-0.0929658857355722,-0.0960867124010109,-0.0993182698967668,-0.10266036677193,-0.106112193752735,-0.109672274299757,-0.11333841920669,-0.117107686623217,-0.120976348939604,-0.124939867984757,-0.128992879954627,-0.133129191396725,-0.137341787424099,-0.141622853115624,-0.145963808779588,-0.150355359418682,-0.154787558345379,-0.159249884470103,-0.163731332337385,-0.16822051353746,-0.17270576769459,-0.177175280851793,-0.181617208756681,-0.186019802324094,-0.190371532423599,-0.194661211123114,-0.198878106617225,-0.203012049276281,-0.207053526559551,-0.210993764926052,-0.21482479732894,-0.218539515369225,-0.222131705686724,-0.225596070655679,-0.228928233907042,-0.232124731600375,-0.235182990701601,-0.238101295779728,-0.240878746012452,-0.243515204188407,-0.246011239518027,-0.248368066023939,-0.250587478186152,-0.252671785378831,-0.254623746466286,-0.25644650573749,-0.258143531161581,-0.259718555750384,-0.261175522625442,-0.262518534211911,-0.263751805823979,-0.264879623768472,-0.265906307976136,-0.266836179073697,-0.267673529733266,-0.26842260007755,-0.269087556877701,-0.269672476253471,-0.2701813295704,-0.27061797222392,-0.270986135003607,-0.27128941774038,-0.271531284953721,-0.271715063233573,-0.271843940111183,-0.27192096419398,-0.271949046360722,-0.271930961834024,-0.271869352967634,-0.271766732604986,-0.271625487883525,-0.271447884375898,-0.271236070474243,-0.270992081937527,-0.270717846534189,-0.270415188723263,-0.270085834326854,-0.269731415155262,-0.269353473553481,-0.268953466844149,-0.268532771647544,-0.268092688063889,-0.267634443707236,-0.267159197583538,-0.266668043808331,-0.266162015161773,-0.26564208648072,-0.265109177889038,-0.26456415786865,-0.264007846174752,-0.263441016599453,-0.262864399588621,-0.262278684717183,-0.261684523028384,-0.261082529242713,-0.26047328384228,-0.259857335036464,-0.259235200614583,-0.258607369691298,-0.257974304350269,-0.257336441191512,-0.256694192787646,-0.256047949054103,-0.255398078538129,-0.254744929631208,-0.25408883170935,-0.253430096205433,-0.252769017617641,-0.252105874457762,-0.251440930142985,-0.250774433834569,-0.250106621226633,-0.249437715288081,-0.248767926960543,-0.248097455815017,-0.247426490669761,-0.24675521017181,-0.246083783344374,-0.245412370102224,-0.244741121737027,-0.244070181374517,-0.243399684405219,-0.242729758890366,-0.242060525944554,-0.241392100096549,-0.240724589629604,-0.240058096902551,-0.239392718652827,-0.238728546282567,-0.238065666128771,-0.23740415971854,-0.236744104010267,-0.236085571621646,-0.235428631045286,-0.234773346852683,0,-0.0224710204871037,-0.0227899667935811,-0.0230970272899056,-0.0234087838775242,-0.023730749573932,-0.0240654611640519,-0.024414225839863,-0.0247777223123666,-0.0251562900011063,-0.0255500932131853,-0.0259592192945102,-0.0263837374117367,-0.0268237331274058,-0.0272793281762762,-0.0277506913741167,-0.0282380443621095,-0.028741664457976,-0.0292618859793416,-0.0297991008448342,-0.0303537589202962,-0.030926368378112,-0.0315174962224795,-0.0321277690677842,-0.0327578742196446,-0.0334085610858714,-0.0340806429301511,-0.0347749989705959,-0.035492576816253,-0.0362343952261431,-0.0370015471669064,-0.0377952031364809,-0.0386166147123592,-0.0394671182738588,-0.0403481388385185,-0.0412611939432116,-0.0422078974908693,-0.0431899634738529,-0.0442092094750375,-0.0452675598375983,-0.0463670483843883,-0.0475098205577167,-0.048698134840382,-0.0499343633090777,-0.0512209911619283,-0.0525606150530895,-0.0539559400592974,-0.0554097750962288,-0.0569250265968922,-0.0585046902603896,-0.0601518406777761,-0.0618696186429439,-0.0636612159611358,-0.0655298575766003,-0.0674787808548482,-0.0695112118748842,-0.0716303386135982,-0.0738392809392113,-0.0761410573742168,-0.0785385486415476,-0.0810344580714624,-0.0836312690214062,-0.086331199547059,-0.089136154659706,-0.092047676612161,-0.0950668937712991,-0.0981944687575778,-0.101430546657631,-0.104774704241063,-0.108225901231921,-0.11178243479308,-0.115441898471163,-0.119201146913381,-0.123056267698216,-0.127002561611786,-0.131034532644356,-0.135145888871269,-0.139329555216141,-0.143577698870408,-0.147881767864391,-0.152232542956427,-0.156620202637623,-0.161034400653146,-0.16546435503276,-0.169898947221971,-0.174326829530547,-0.178736538787496,-0.183116613829457,-0.187455714269051,-0.191742737903048,-0.195966934134047,-0.200118010894867,-0.204186232777026,-0.208162508362861,-0.212038465129288,-0.215806510710632,-0.219459879756424,-0.222992666075257,-0.226399840196068,-0.229677252884236,-0.232821625505766,-0.235830528426913,-0.238702348861493,-0.241436249731277,-0.244032121187638,-0.246490526459804,-0.248812643654518,-0.251000205042919,-0.25305543524355,-0.254980989556369,-0.256779893531563,-0.258455484678297,-0.260011357040213,-0.261451309193084,-0.262779296060573,-0.263999384799999,-0.265115714883622,-0.266132462393172,-0.2670538084562,-0.267883911681607,-0.268626884397132,-0.269286772452023,-0.26986753832172,-0.270373047236208,-0.270807056047946,-0.271173204557021,-0.271475009018889,-0.271715857572179,-0.271899007339384,-0.272027582970651,-0.272104576419507,-0.272132847758449,-0.272115126861309,-0.272054015797825,-0.271951991803435,-0.271811410703961,-0.271634510690212,-0.271423416351676,-0.271180142891327,-0.270906600455153,-0.270604598520328,-0.270275850295161,-0.269921977092035,-0.269544512641602,-0.269144907322699,-0.268724532287752,-0.268284683467992,-0.267826585446764,-0.267351395192454,-0.266860205645427,-0.266354049155623,-0.265833900769474,-0.265300681366329,-0.264755260645904,-0.264198459969315,-0.263631055057039,-0.263053778547825,-0.262467322423019,-0.261872340301129,-0.261269449607697,-0.260659233625674,-0.260042243431575,-0.259418999722689,-0.258789994540583,-0.258155692896064,-0.257516534300613,-0.25687293420923,-0.256225285379404,-0.255573959150799,-0.254919306650058,-0.254261659924926,-0.253601333011726,-0.25293862294003,-0.252273810678168,-0.251607162023055,-0.250938928437617,-0.250269347838935,-0.249598645340062,-0.248927033948276,-0.248254715222416,-0.24758187989177,-0.246908708438847,-0.246235371648231,-0.245562031123588,-0.244888839774765,-0.244215942276804,-0.243543475502606,-0.242871568930825,-0.242200345030533,-0.241529919624062,-0.240860402229353,-0.240191896383061,-0.239524499945597,-0.238858305389188,-0.238193400069994,-0.237529866485241,-0.236867782516281,-0.23620722165841,-0.235548253238257,-0.234890942619461,-0.234235351397367,0,-0.0241638629081135,-0.0244802798635678,-0.0247907489989617,-0.0251103748710245,-0.0254437526784934,-0.0257926485925566,-0.0261577439447948,-0.0265392302271837,-0.0269370826639733,-0.027351203891194,-0.0277815011895597,-0.0282279265675283,-0.0286904958726428,-0.0291692963968613,-0.0296644885226957,-0.0301763045860713,-0.0307050467063794,-0.0312510844983262,-0.0318148531076475,-0.0323968517581331,-0.032997642868707,-0.033617851739928,-0.0342581667856307,-0.0349193402784033,-0.0356021895769212,-0.0363075988036963,-0.0370365209412966,-0.0377899803127971,-0.038569075408098,-0.0393749820120358,-0.0402089565832589,-0.0410723398249319,-0.0419665603797182,-0.042893138572374,-0.0438536901137925,-0.0448499296705908,-0.0458836741944308,-0.0469568458952909,-0.0480714747329616,-0.049229700291229,-0.0504337728896553,-0.0516860537787142,-0.0529890142554643,-0.0543452335291521,-0.0557573951593819,-0.0572282818840699,-0.0587607686506746,-0.0603578136625847,-0.0620224472535486,-0.0637577584072061,-0.0655668787467909,-0.0674529638326173,-0.069419171622842,-0.0714686379770193,-0.0736044491130136,-0.0758296109667246,-0.0781470154516208,-0.0805594036719252,-0.0830693262099546,-0.0856791006848039,-0.0883907668661605,-0.0912060397229544,-0.0941262608906602,-0.0971523491515823,-0.100284750636845,-0.103523389573765,-0.10686762051363,-0.110316183077721,-0.113867160347971,-0.117517942096725,-0.121265194091102,-0.125104834714776,-0.129032020117545,-0.133041139025433,-0.137125818217439,-0.141278939497463,-0.145492668761802,-0.149758497487406,-0.154067296650035,-0.158409382734311,-0.162774595131841,-0.167152383854212,-0.171531906131496,-0.175902130141606,-0.18025194383871,-0.184570266635674,-0.188846161559068,-0.193068945444863,-0.197228294782887,-0.201314344947943,-0.205317780769187,-0.209229916676518,-0.213042765008497,-0.216749091453145,-0.220342457001482,-0.223817246204193,-0.227168681915712,-0.230392827070756,-0.233486574352591,-0.236447624870217,-0.239274457157514,-0.241966287939184,-0.244523026177646,-0.246945221926498,-0.249234011476525,-0.251391060198023,-0.25341850436756,-0.255318893127662,-0.257095131573302,-0.258750425797591,-0.260288230567909,-0.261712200148494,-0.263026142640843,-0.26423397808221,-0.265339700427014,-0.266347343437127,-0.267260950424697,-0.268084547725061,-0.26882212172603,-0.269477599242279,-0.270054830997919,-0.270557577964988,-0.270989500298885,-0.2713541486121,-0.271654957333429,-0.271895239909973,-0.272078185622378,-0.272206857799026,-0.272284193231398,-0.272313002609912,-0.272295971816731,-0.272235663928773,-0.272134521800354,-0.2719948711101,-0.271818923771046,-0.271608781615935,-0.271366440281776,-0.271093793228551,-0.270792635836739,-0.27046466953703,-0.27011150593329,-0.269734670886661,-0.269335608534565,-0.268915685223569,-0.268476193339535,-0.268018355022255,-0.267543325755128,-0.267052197823119,-0.26654600363466,-0.266025718905053,-0.265492265700598,-0.264946515343987,-0.26438929118259,-0.263821371222157,-0.263243490629112,-0.262656344105178,-0.262060588138468,-0.261456843135452,-0.260845695438431,-0.260227699233239,-0.25960337835198,-0.258973227975585,-0.258337716240939,-0.257697285757266,-0.257052355036336,-0.256403319840958,-0.255750554456055,-0.255094412886509,-0.254435229985746,-0.253773322518933,-0.25310899016444,-0.252442516457066,-0.251774169676397,-0.251104203683431,-0.25043285870852,-0.249760362093454,-0.249086928990423,-0.248412763020386,-0.247738056893284,-0.247062992992369,-0.246387743924799,-0.245712473040538,-0.245037334921456,-0.244362475842433,-0.243688034206161,-0.243014140953227,-0.242340919948975,-0.241668488348554,-0.240996956941456,-0.240326430476805,-0.239657007970533,-0.238988782995554,-0.238321843955944,-0.237656274346096,-0.236992152995744,-0.236329554301698,-0.235668548447089,-0.235009201608858,-0.234351576154185,-0.233695730826512,0,-0.0258797528772229,-0.0261888932172744,-0.0265031129405913,-0.0268322020737593,-0.0271789710353235,-0.0275441272468828,-0.0279276065141829,-0.0283290622148123,-0.0287480881735765,-0.0291843253722885,-0.0296375094457875,-0.0301074872160118,-0.0305942177412014,-0.0310977664463727,-0.0316182969305094,-0.0321560627623642,-0.0327114002991572,-0.0332847228826636,-0.0338765164336197,-0.0344873363238021,-0.035117805363216,-0.035768612744404,-0.036440513807916,-0.0371343305177974,-0.0378509525570172,-0.0385913389678948,-0.0393565202717229,-0.0401476010057715,-0.040965762615743,-0.0418122666385621,-0.042688458104961,-0.0435957690843157,-0.0445357222860814,-0.0455099346233315,-0.0465201206345754,-0.0475680956504303,-0.0486557785820231,-0.0497851941983455,-0.0509584747503639,-0.0521778607906281,-0.0534457010286491,-0.0547644510546128,-0.0561366707573262,-0.0575650202569212,-0.0590522541691092,-0.0606012140160671,-0.0622148185997713,-0.0638960521572973,-0.0656479501248233,-0.0674735823484521,-0.0693760335961773,-0.0713583812470919,-0.0734236700620315,-0.0755748839749756,-0.0778149148874359,-0.0801465284993035,-0.082572327269699,-0.0850947106704739,-0.0877158329731127,-0.0904375588964174,-0.0932614175366233,-0.096188555102034,-0.0992196870787814,-0.102355050560158,-0.10559435757564,-0.108936750353038,-0.112380759533369,-0.115924266427603,-0.119564470451812,-0.123297862896456,-0.127120208171181,-0.131026533613428,-0.135011128853615,-0.139067555589005,-0.143188668432317,-0.147366647271305,-0.151593041306322,-0.155858824631465,-0.160154462900805,-0.164469990286721,-0.16879509560627,-0.173119216179067,-0.177431637701634,-0.18172159819334,-0.185978393900656,-0.190191484949759,-0.194350598519004,-0.198445827364854,-0.202467721675495,-0.206407372439125,-0.210256484788413,-0.214007440105295,-0.217653346025172,-0.221188073849652,-0.224606283245245,-0.227903434455757,-0.231075788574794,-0.234120396700446,-0.237035079018983,-0.239818395033672,-0.242469606267329,-0.244988632824618,-0.247376005206659,-0.249632812732286,-0.251760649844725,-0.253761561477673,-0.255637988528839,-0.257392714349971,-0.259028813017237,-0.260549600000764,-0.261958585712349,-0.263259432279595,-0.264455913775946,-0.265551880031055,-0.266551224055467,-0.267457853037931,-0.268275662812301,-0.269008515643023,-0.269660221142529,-0.270234520108935,-0.270735071056996,-0.271165439207648,-0.271529087700428,-0.271829370797157,-0.272069528853426,-0.2722526848455,-0.272381842253437,-0.272459884115687,-0.272489573085618,-0.272473552335756,-0.272414347170699,-0.272314367224322,-0.272175909130863,-0.272001159572544,-0.271792198618596,-0.27155100328169,-0.271279451227943,-0.270979324585886,-0.270652313807988,-0.270300021545666,-0.269923966505224,-0.269525587257839,-0.269106245981736,-0.268667232119022,-0.268209765933397,-0.26773500195821,-0.267244032327071,-0.266737889981585,-0.266217551752746,-0.265683941314204,-0.265137932006978,-0.264580349536347,-0.264011974542553,-0.26343354504771,-0.262845758781915,-0.262249275391975,-0.261644718536556,-0.261032677871774,-0.260413710931434,-0.259788344906215,-0.25915707832617,-0.258520382650866,-0.257878703771506,-0.25723246342927,-0.25658206055403,-0.255927872527506,-0.255270256374777,-0.254609549887946,-0.253946072685615,-0.253280127211668,-0.252611999676736,-0.251941960945537,-0.251270267373161,-0.250597161593208,-0.249922873260551,-0.249247619751354,-0.248571606822823,-0.247895029235067,-0.247218071337275,-0.246540907620346,-0.245863703237929,-0.245186614497775,-0.244509789325155,-0.24383336770002,-0.243157482069463,-0.24248225773697,-0.241807813229837,-0.241134260646074,-0.240461705982007,-0.239790249441746,-0.239119985729594,-0.238451004326415,-0.23778338975092,-0.237117221806765,-0.236452575816301,-0.235789522841767,-0.235128129894668,-0.234468460134034,-0.233810573054202,-0.233154524662748,0,-0.027611958457696,-0.0279125412224184,-0.0282321685400982,-0.0285731034893995,-0.0289357648998196,-0.0293196016181617,-0.0297237350098444,-0.0301472658217417,-0.0305894165406338,-0.0310495867647794,-0.0315273636658332,-0.0320225114147599,-0.0325349526388201,-0.0330647486170672,-0.0336120813137447,-0.0341772383955377,-0.0347606013917916,-0.0353626367153972,-0.0359838891128772,-0.0366249771071036,-0.0372865900517112,-0.0379694864886848,-0.0386744935687342,-0.0394025073496442,-0.04015449382904,-0.0409314905962184,-0.0417346090052031,-0.0425650367804611,-0.0434240409699156,-0.0443129711587536,-0.0452332628533603,-0.046186440938479,-0.0471741231030798,-0.0481980231219388,-0.0492599538709322,-0.0503618299448472,-0.0515056697373347,-0.0526935968337206,-0.0539278405589632,-0.0552107355153394,-0.056544719937717,-0.0579323326887982,-0.0593762087128289,-0.06087907276431,-0.0624437312286233,-0.0640730618546559,-0.0657700012259716,-0.0675375298074004,-0.0693786544186982,-0.071296388006811,-0.0732937266139247,-0.075373623470548,-0.0775389601819825,-0.0797925150232313,-0.0821369284120934,-0.0845746656931229,-0.087107977436268,-0.0897388575330123,-0.0924689994589484,-0.0952997511637262,-0.0982320691454558,-0.101266472364577,-0.104402996748954,-0.107641151133932,-0.11097987556419,-0.114417502953668,-0.117951725150861,-0.12157956448398,-0.125297351859087,-0.129100712449616,-0.132984559943942,-0.136943100206239,-0.140969845053715,-0.145057636661113,-0.14919868287421,-0.153384603452947,-0.157606486979515,-0.161854957866671,-0.166120252598434,-0.170392304041771,-0.174660832397334,-0.178915441123073,-0.183145715978579,-0.187341325210777,-0.191492118840511,-0.195588225019021,-0.199620141503893,-0.203578820452566,-0.207455744941207,-0.211242995877499,-0.214933308275382,-0.218520116183593,-0.221997585893293,-0.225360637378347,-0.228604954231499,-0.231726982639155,-0.234723920177556,-0.237593695407373,-0.240334939388797,-0.242946950334155,-0.245429652661853,-0.247783551717822,-0.250009685394047,-0.25210957380471,-0.254085168085987,-0.255938799272674,-0.25767312808047,-0.259291096292934,-0.26079588032241,-0.262190847388808,-0.263479514642676,-0.264665511451819,-0.265752544975567,-0.266744369068395,-0.267644756485238,-0.268457474304119,-0.269186262436886,-0.269834815065039,-0.270406764813484,-0.270905669459463,-0.271335000965555,-0.271698136623226,-0.271998352095921,-0.272238816156912,-0.272422586926259,-0.27255260942239,-0.272631714256315,-0.272662617309813,-0.272647920252511,-0.272590111766384,-0.272491569359384,-0.272354561662634,-0.272181251117583,-0.271973696970739,-0.27173385850393,-0.271463598437551,-0.271164686452839,-0.270838802787032,-0.270487541862182,-0.270112415914641,-0.269714858597685,-0.269296228534594,-0.268857812803726,-0.2684008303408,-0.267926435246797,-0.26743571999263,-0.266929718514082,-0.266409409192523,-0.265875717718593,-0.265329519837493,-0.264771643975663,-0.264202873749659,-0.263623950358804,-0.263035574863846,-0.262438410354377,-0.261833084008148,-0.261220189045738,-0.260600286584242,-0.259973907393787,-0.259341553560798,-0.25870370006196,-0.258060796252827,-0.257413267275015,-0.256761515385835,-0.256105921214166,-0.255446844946254,-0.254784627445031,-0.254119591306419,-0.253452041855961,-0.252782268088993,-0.252110543557442,-0.251437127206191,-0.250762264161831,-0.250086186476474,-0.249409113829186,-0.248731254187462,-0.248052804431038,-0.247373950940225,-0.246694870150828,-0.246015729077604,-0.245336685808096,-0.244657889968592,-0.243979483163851,-0.243301599392144,-0.24262436543707,-0.241947901237524,-0.241272320237111,-0.240597729714225,-0.239924231093937,-0.239251920242771,-0.238580887747383,-0.237911219178088,-0.237242995338139,-0.236576292499585,-0.23591118262651,-0.235247733586384,-0.234586009350223,-0.233926070182217,-0.233267972819424,-0.232611770642118,0,-0.0293529960435703,-0.029648128196662,-0.0299763448057677,-0.0303323207918339,-0.0307138681834275,-0.0311191031222247,-0.0315463282973548,-0.0319941195525818,-0.0324613676150175,-0.0329472717084125,-0.0334513081383281,-0.0339731908366839,-0.0345128330208103,-0.0350703139600761,-0.0356458519913911,-0.0362397835316994,-0.0368525472690561,-0.0374846725800495,-0.0381367712905596,-0.0388095320423881,-0.0395037166852623,-0.0402201582527399,-0.0409597601916388,-0.0417234965974073,-0.0425124132661071,-0.0433276294123779,-0.0441703399266634,-0.0450418180581382,-0.0459434184153261,-0.0468765801766946,-0.0478428304002443,-0.0488437873154944,-0.0498811634741395,-0.0509567686276489,-0.0520725121916435,-0.0532304051483962,-0.0544325612305735,-0.0556811972216683,-0.056978632201756,-0.0583272855615547,-0.0597296736035967,-0.0611884045469934,-0.0627061717521714,-0.0642857449845103,-0.0659299595414844,-0.0676417030772074,-0.0694238999717491,-0.0712794931108079,-0.0732114229648771,-0.0752226038865194,-0.0773158975803281,-0.0794940837430911,-0.0817598279219664,-0.0841156466963559,-0.0865638703546188,-0.0891066033095281,-0.0917456825758021,-0.0944826347181214,-0.0973186317672238,-0.100254446692968,-0.103290409114071,-0.106426362011433,-0.109661620291988,-0.11299493211868,-0.116424443975183,-0.119947670466715,-0.123561469866247,-0.127262026394468,-0.131044840168328,-0.13490472566439,-0.138835819417987,-0.142831597517655,-0.146884903258301,-0.150987985090036,-0.155132544748445,-0.159309795184001,-0.163510527632985,-0.167725186900208,-0.171943953666821,-0.176156832406007,-0.18035374329663,-0.184524616379715,-0.18865948611281,-0.192748584448136,-0.196782430594221,-0.200751915716647,-0.204648380987441,-0.208463687597523,-0.212190277593005,-0.215821224672496,-0.219350274376476,-0.222771873398334,-0.226081188037392,-0.22927411208592,-0.232347264685262,-0.235297978893381,-0.238124281872346,-0.240824867727097,-0.243399064105868,-0.245846793709811,-0.24816853185813,-0.250365261220214,-0.252438424763433,-0.254389877880556,-0.256221840560186,-0.257936850353062,-0.25953771677179,-0.26102747764619,-0.262409357844774,-0.263686730667872,-0.264863082121848,-0.265941978198062,-0.266927035205579,-0.26782189314328,-0.268630192044792,-0.269355551187948,-0.270001551028423,-0.270571717693941,-0.271069509859754,-0.271498307817035,-0.271861404542219,-0.272161998576262,-0.272403188527251,-0.272587969017019,-0.272719227901658,-0.272799744606447,-0.272832189427197,-0.272819123661941,-0.272763000448901,-0.272666166198508,-0.272530862518663,-0.272359228543343,-0.272153303584909,-0.271915030040003,-0.271646256487739,-0.271348740926953,-0.271024154106568,-0.270674082909729,-0.2703000337583,-0.269903436009532,-0.269485645321409,-0.269047946967291,-0.268591559084046,-0.268117635841055,-0.267627270520153,-0.267121498498966,-0.266601300132105,-0.266067603526408,-0.265521287207893,-0.264963182679315,-0.264394076868254,-0.263814714466511,-0.263225800162313,-0.262628000767356,-0.262021947241216,-0.26140823661598,-0.26078743382423,-0.260160073433709,-0.259526661292144,-0.25888767608577,-0.258243570815157,-0.25759477419193,-0.256941691959977,-0.256284708144659,-0.255624186233485,-0.254960470291647,-0.25429388601568,-0.253624741728438,-0.252953329318452,-0.25227992512663,-0.251604790783123,-0.250928173997083,-0.250250309301901,-0.249571418758411,-0.248891712618404,-0.248211389950711,-0.247530639231976,-0.246849638904142,-0.246168557900571,-0.245487556142604,-0.244806785008281,-0.244126387774839,-0.243446500036527,-0.242767250099169,-0.242088759352849,-0.241411142623995,-0.240734508508083,-0.24005895968408,-0.23938459321172,-0.238711500812605,-0.238039769136095,-0.237369480010864,-0.23670071068297,-0.236033534041226,-0.235368018830608,-0.234704229854406,-0.234042228165754,-0.23338207124917,-0.232723813192674,-0.232067504851026,0,-0.0310962777196628,-0.0313931575036389,-0.0317346464288529,-0.0321096085206583,-0.0325134498409192,-0.0329430209421581,-0.0333958733937531,-0.033870130598741,-0.0343644206847413,-0.034877803195838,-0.0354096941441658,-0.0359597980584563,-0.036528051129726,-0.037114576075863,-0.0377196475849386,-0.0383436665571213,-0.0389871413202846,-0.0396506742157065,-0.0403349522555902,-0.0410407408528021,-0.0417688798770613,-0.0425202814906951,-0.0432959293643051,-0.0440968789768234,-0.0449242587750334,-0.0457792720133162,-0.0466631991222022,-0.0475774004696233,-0.0485233193855339,-0.0495024853215946,-0.0505165170148753,-0.051567125519376,-0.0526561169625724,-0.0537853948768384,-0.0549569619480251,-0.0561729210161161,-0.0574354751561128,-0.0587469266615029,-0.0601096747481886,-0.061526211793979,-0.0629991179280672,-0.0645310537867545,-0.0661247512564801,-0.0677830020334558,-0.0695086438413919,-0.0713045441654566,-0.0731735813822816,-0.0751186231930435,-0.0771425022999154,-0.0792479893059559,-0.08143776286513,-0.0837143771628526,-0.0860802268682407,-0.0885375097669155,-0.0910881873571908,-0.0937339437719079,-0.0964761434717203,-0.099315788241512,-0.102253474107582,-0.105289348876487,-0.108423071073785,-0.111653771128718,-0.114980015705193,-0.118399776116124,-0.121910401773252,-0.125508599614075,-0.12919042040812,-0.132951252774019,-0.136785825635031,-0.140688219703623,-0.144651888416858,-0.148669688546459,-0.152733920485378,-0.156836377972794,-0.160968406769718,-0.165120971546804,-0.169284730004684,-0.173450113025243,-0.1776074094599,-0.181746854007102,-0.185858716523609,-0.189933391058385,-0.193961482897141,-0.197933891960583,-0.201841891007803,-0.205677197253497,-0.209432036206476,-0.213099196768387,-0.216672076885393,-0.220144719310668,-0.223511837301129,-0.226768830327314,-0.229911790111624,-0.232937497519556,-0.235843411005371,-0.23862764745409,-0.241288956364095,-0.243826688379146,-0.246240759207028,-0.248531609957694,-0.250700164900645,-0.252747787584441,-0.254676236185681,-0.256487618865788,-0.258184349816328,-0.259769106571985,-0.261244789068414,-0.262614480823485,-0.263881412527295,-0.265048928240694,-0.266120454325332,-0.267099471160931,-0.267989487647984,-0.268794018446192,-0.269516563860275,-0.270160592254561,-0.270729524855352,-0.271226722784384,-0.271655476157039,-0.272018995074222,-0.272320402336301,-0.272562727710297,-0.272748903586892,-0.27288176187126,-0.272964031960467,-0.272998339669975,-0.272987206982021,-0.272933052499154,-0.272838192496678,-0.272704842477938,-0.272535119146216,-0.272331042716346,-0.272094539497858,-0.271827444689642,-0.271531505333575,-0.271208383381438,-0.270859658835649,-0.270486832929969,-0.270091331321378,-0.26967450726882,-0.269237644778495,-0.268781961698917,-0.268308612752055,-0.26781869248958,-0.267313238165605,-0.266793232519349,-0.266259606462912,-0.265713241670858,-0.265154973069584,-0.26458559122555,-0.264005844632331,-0.263416441897238,-0.262818053828866,-0.26221131542743,-0.261596827780172,-0.260975159864433,-0.260346850261229,-0.259712408782368,-0.25907231801424,-0.258427034781537,-0.257776991534163,-0.257122597660623,-0.256464240731168,-0.255802287673921,-0.255137085887149,-0.254468964290802,-0.253798234320313,-0.253125190865604,-0.252450113158116,-0.251773265608592,-0.25109489859822,-0.250415249225668,-0.249734542012392,-0.249052989568521,-0.24837079322151,-0.247688143609631,-0.2470052212423,-0.246322197029108,-0.245639232779334,-0.24495648167365,-0.244274088709603,-0.24359219112238,-0.242910918782309,-0.242230394570427,-0.24155073473339,-0.240872049218942,-0.240194441993058,-0.239518011339842,-0.238842850145177,-0.238169046165077,-0.237496682279633,-0.236825836733387,-0.236156583362928,-0.235488991812447,-0.234823127737941,-0.23415905300074,-0.233496825850948,-0.232836501101399,-0.232178130292651,-0.231521761849544,0,-0.0328374088367847,-0.0331461431315409,-0.0335068310153697,-0.0339053221347741,-0.0343351549874913,-0.0347921149884688,-0.0352731412102447,-0.0357760203707863,-0.0362992143627184,-0.0368417207603076,-0.0374029563102634,-0.0379826632279232,-0.0385808366528838,-0.0391976701321144,-0.0398335155697481,-0.0404888543303821,-0.0411642767201283,-0.041860467664817,-0.0425781969440242,-0.0433183127804469,-0.0440817379216798,-0.0448694675978613,-0.0456825689117954,-0.0465221813357099,-0.0473895180659002,-0.0482858680350454,-0.049212598410859,-0.0501711574253323,-0.0511630773856269,-0.052189977718741,-0.0532535678995072,-0.0543556501067078,-0.0554981214461274,-0.0566829755729313,-0.0579123035394405,-0.0591882936886632,-0.0605132304092734,-0.0618894915645385,-0.0633195444064084,-0.0648059397870364,-0.0663513044838461,-0.0679583314613815,-0.0696297679040402,-0.0713684008689145,-0.0731770404278474,-0.0750585001929436,-0.077015575150645,-0.0790510167664891,-0.0811675053661536,-0.0833676198485813,-0.0856538048438805,-0.088028335492161,-0.0904932800890221,-0.0930504609182665,-0.0957014136714341,-0.098447345935325,-0.101289095310805,-0.104227087806377,-0.10726129722534,-0.110391206332582,-0.113615770642514,-0.11693338570969,-0.120341858824384,-0.123838386013349,-0.127419535217891,-0.131081236464808,-0.134818779759084,-0.138626821309881,-0.142499398554422,-0.146429954269903,-0.150411369865674,-0.154436007731833,-0.158495762292955,-0.162582119184752,-0.166686221745785,-0.17079894380501,-0.174910967557888,-0.179012865167381,-0.183095182608622,-0.187148524202946,-0.191163636262007,-0.195131488287273,-0.199043350243349,-0.202890864542176,-0.206666111533889,-0.210361667491818,-0.213970654295587,-0.217486780248035,-0.220904371699458,-0.224218395387122,-0.227424471620532,-0.230518878646373,-0.233498548705233,-0.236361056441005,-0.239104600440554,-0.241727978764886,-0.244230559384181,-0.246612246449545,-0.248873443327049,-0.251015013288235,-0.253038238699919,-0.254944779489148,-0.256736631580944,-0.258416085920976,-0.259985688606481,-0.261448202559592,-0.262806571090713,-0.264063883617656,-0.265223343730661,-0.266288239725215,-0.267261917664421,-0.268147756980815,-0.26894914858388,-0.269669475403817,-0.270312095273773,-0.270880326031208,-0.271377432703519,-0.271806616632842,-0.272171006389201,-0.272473650319316,-0.272717510579532,-0.272905458505078,-0.27304027117342,-0.273124629026561,-0.273161114425147,-0.273152211015934,-0.273100303803166,-0.273007679823548,-0.272876529333487,-0.272708947426046,-0.272506936003436,-0.272272406038857,-0.272007180068921,-0.271712994864854,-0.271391504237049,-0.27104428193341,-0.270672824597232,-0.2702785547552,-0.269862823810406,-0.269426915019155,-0.26897204643379,-0.268499373796807,-0.268009993374237,-0.267504944718613,-0.26698521335393,-0.266451733376771,-0.265905389969338,-0.265347021821452,-0.26477742345972,-0.264197347483051,-0.263607506704479,-0.263008576199988,-0.262401195265533,-0.261785969283971,-0.261163471503942,-0.260534244733069,-0.259898802948039,-0.259257632824337,-0.258611195188489,-0.257959926395776,-0.257304239636401,-0.256644526173135,-0.255981156513424,-0.255314481518933,-0.254644833455439,-0.253972526985934,-0.253297860109721,-0.252621115050195,-0.251942559093935,-0.251262445383625,-0.250581013667226,-0.249898491005733,-0.249215092441744,-0.248531021630977,-0.24784647143877,-0.247161624503499,-0.246476653768767,-0.245791722986114,-0.245106987189915,-0.244422593146038,-0.243738679775774,-0.243055378556434,-0.242372813899968,-0.241691103510866,-0.241010358724529,-0.240330684827251,-0.239652181358866,-0.23897494239906,-0.238299056838303,-0.237624608634288,-0.236951677054702,-0.236280336907137,-0.235610658756874,-0.234942709133232,-0.234276550725146,-0.233612242566596,-0.232949840212453,-0.232289395905297,-0.231630958733719,-0.230974574782588,0,-0.0345749912684582,-0.0349069253236325,-0.0352935420030582,-0.0357204730754662,-0.0361801191364501,-0.0366675071719954,-0.0371791652095052,-0.0377126968486249,-0.0382665164642741,-0.038839650154821,-0.0394315833839554,-0.0400421466190081,-0.0406714313719881,-0.0413197297003113,-0.041987491260969,-0.0426752932063668,-0.0433838193395208,-0.044113845900361,-0.04486623210402,-0.045641914110233,-0.0464419015025263,-0.0472672756325008,-0.0481191893705015,-0.0489988679254923,-0.0499076104739478,-0.0508467923844854,-0.0518178678519454,-0.0528223727686332,-0.0538619276661337,-0.0549382405616056,-0.0560531095398167,-0.0572084248978088,-0.0584061706739475,-0.0596484253779771,-0.0609373617341524,-0.0622752452460863,-0.0636644313901438,-0.0651073612444893,-0.0666065553637571,-0.0681646057152484,-0.0697841655020422,-0.0714679367119636,-0.0732186552494461,-0.0750390735304601,-0.0769319404492891,-0.0788999786604334,-0.0809458591596245,-0.083072173195056,-0.0852814015935394,-0.0875758816462354,-0.0899577717645082,-0.0924290141876161,-0.0949912960993569,-0.0976460095890197,-0.100394210971225,-0.103236580057214,-0.106173380044229,-0.109204418756747,-0.112329012030238,-0.115545950071242,-0.118853467653423,-0.122249219014413,-0.125730258299728,-0.129293026355264,-0.132933344597269,-0.136646416587475,-0.140426837811911,-0.144268614006551,-0.148165188194719,-0.152109476404688,-0.156093911827108,-0.160110496957768,-0.16415086305953,-0.168206336076207,-0.172268007948962,-0.176326812130001,-0.180373601965858,-0.184399230538736,-0.188394630512964,-0.19235089253649,-0.1962593407943,-0.200111604399494,-0.203899683434414,-0.207616008613032,-0.211253493719798,-0.214805580181583,-0.218266273339972,-0.221630170202963,-0.224892478660314,-0.228049028338706,-0.231096273445702,-0.234031288100844,-0.236851754775146,-0.239555946554987,-0.242142704012778,-0.244611407505599,-0.246961945736068,-0.249194681399793,-0.251310414713861,-0.253310345574577,-0.255196035033649,-0.256969366713732,-0.258632508710143,-0.260187876448597,-0.261638096891696,-0.262985974411833,-0.264234458576899,-0.265386614029121,-0.266445592577368,-0.267414607569943,-0.268296910568529,-0.269095770304483,-0.269814453865936,-0.270456210037717,-0.271024254695545,-0.271521758140607,-0.271951834249951,-0.272317531311565,-0.272621824409796,-0.272867609226523,-0.273057697125521,-0.273194811391391,-0.27328158449978,-0.273320556301984,-0.273314173014183,-0.273264786909093,-0.273174656615647,-0.273045947940094,-0.272880735129665,-0.272681002507398,-0.272448646413905,-0.272185477398649,-0.271893222609659,-0.271573528336575,-0.27122796266735,-0.270858018224018,-0.270465114947471,-0.270050602905388,-0.269615765101183,-0.269161820265215,-0.268689925612505,-0.268201179553878,-0.26769662434981,-0.267177248698327,-0.266643990250156,-0.266097738045871,-0.265539334871205,-0.264969579527854,-0.264389229018128,-0.263799000642685,-0.263199574011303,-0.262591592967283,-0.261975667426569,-0.261352375133105,-0.260722263332298,-0.260085850364715,-0.259443627182367,-0.258796058790079,-0.258143585614586,-0.257486624804044,-0.25682557146071,-0.256160799809553,-0.255492664305563,-0.254821500682475,-0.25414762694563,-0.253471344311581,-0.252792938097046,-0.252112678559696,-0.251430821693217,-0.250747609978971,-0.250063273096529,-0.249378028595235,-0.248692082528884,-0.248005630055497,-0.247318856004097,-0.246631935410301,-0.245945034022446,-0.245258308779898,-0.244571908265098,-0.243885973130825,-0.243200636504084,-0.242516024367931,-0.24183225592252,-0.241149443926525,-0.240467695020092,-0.239787110030361,-0.23910778426056,-0.238429807763632,-0.237753265601255,-0.237078238089122,-0.236404801029251,-0.235733025930082,-0.235062980215047,-0.234394727420282,-0.2337283273821,-0.233063836414799,-0.232401307479364,-0.231740790343574,-0.231082331733989,-0.230425975480292,0,-0.0363106875182326,-0.0366768364861851,-0.0370963765417451,-0.037556741040261,-0.0380499504744322,-0.0385706484734396,-0.0391152019694006,-0.0396812136264893,-0.0402671842536025,-0.0408722661655011,-0.0414960841919774,-0.0421386078744902,-0.0428000615932952,-0.0434808621612146,-0.0441815759329912,-0.0449028895945442,-0.0456455904718469,-0.0464105534616046,-0.0471987325989195,-0.0480111559149656,-0.0488489226702457,-0.0497132023345809,-0.0506052348688274,-0.051526331978563,-0.052477879080053,-0.0534613377596621,-0.0544782485301882,-0.0555302336983241,-0.0566190001611133,-0.0577463419487412,-0.0589141423281914,-0.0601243752784636,-0.0613791061441018,-0.0626804912704397,-0.0640307764218261,-0.0654322937837072,-0.0668874573513588,-0.0683987565127742,-0.069968747641284,-0.0716000435253915,-0.073295300479576,-0.0750572030009229,-0.076888445862842,-0.0787917135692193,-0.08076965713046,-0.0828248681672259,-0.0849598503983434,-0.0871769886262602,-0.0894785153962338,-0.0918664755735541,-0.0943426891556248,-0.0969087127113744,-0.0995657999175971,-0.102314861738368,-0.105156426867185,-0.108090603119156,-0.111117040519266,-0.114234896879214,-0.117442806686126,-0.120738854138367,-0.124120551153705,-0.127584821140699,-0.131127989263643,-0.13474577984389,-0.138433321425972,-0.142185159897378,-0.145995279888627,-0.149857134499719,-0.153763683205326,-0.157707437590577,-0.161680514369129,-0.16567469494293,-0.169681490586241,-0.173692212182347,-0.177698043316363,-0.181690115436811,-0.185659583746088,-0.18959770246751,-0.193495898164586,-0.197345839854924,-0.201139504763442,-0.204869238692529,-0.208527810144592,-0.212108457508196,-0.215604928805726,-0.219011513690845,-0.222323067571266,-0.225535027910292,-0.22864342292388,-0.231644873034531,-0.234536585565983,-0.237316343261682,-0.239982487284531,-0.242533895405779,-0.244969956118303,-0.247290539415708,-0.249495964966186,-0.2515869683815,-0.253564666239842,-0.255430520469553,-0.257186302641695,-0.258834058655792,-0.260376074237311,-0.261814841599513,-0.263153027558076,-0.264393443325721,-0.265539016157081,-0.266592762961935,-0.267557765958267,-0.268437150395593,-0.269234064343643,-0.26995166051171,-0.270593080039532,-0.271161438180973,-0.2716598117868,-0.272091228481841,-0.272458657424443,-0.272765001531796,-0.273013091053065,-0.273205678372757,-0.273345433929048,-0.273434943135528,-0.273476704199624,-0.273473126736563,-0.273426531083896,-0.273339148228091,-0.273213120261384,-0.273050501293712,-0.272853258751163,-0.272623274998729,-0.272362349231293,-0.272072199582574,-0.271754465407246,-0.271410709696516,-0.271042421592215,-0.270651018968772,-0.270237851056443,-0.269804201082788,-0.269351288912669,-0.268880273669975,-0.268392256326968,-0.267888282249454,-0.26736934368812,-0.266836382208198,-0.266290291051273,-0.265731917424452,-0.265162064713364,-0.264581494616541,-0.263990929199645,-0.263391052868798,-0.262782514262958,-0.262165928065835,-0.261541876738327,-0.260910912172839,-0.260273557271178,-0.259630307447962,-0.258981632061683,-0.258327975775728,-0.25766975985176,-0.257007383377955,-0.256341224434607,-0.255671641199674,-0.254998972996802,-0.254323541288364,-0.253645650616012,-0.252965589491187,-0.252283631237988,-0.25160003479073,-0.25091504544844,-0.250228895588486,-0.249541805341445,-0.24885398322922,-0.248165626768372,-0.247476923040505,-0.2467880492315,-0.246099173141289,-0.245410453665782,-0.244722041252499,-0.244034078331361,-0.243346699722032,-0.242660033019126,-0.241974198956546,-0.241289311752104,-0.240605479433576,-0.239922804147223,-0.239241382449795,-0.238561305584942,-0.237882659744942,-0.237205526318569,-0.236529982125901,-0.235856099640808,-0.235183947201827,-0.234513589212075,-0.233845086328844,-0.233178495643429,-0.232513870851778,-0.231851262416448,-0.231190717720389,-0.230532281212973,-0.229875994548746,0,-0.0380487251659358,-0.0384586985730306,-0.0389178757213645,-0.0394164370201003,-0.0399466772720373,-0.0405032609485291,-0.0410826739219143,-0.0416827164999773,-0.0423021161611747,-0.0429402497333132,-0.0435969499327126,-0.0442723730121351,-0.044966909340944,-0.0456811235645134,-0.0464157148633986,-0.0471714907547676,-0.0479493499976525,-0.0487502716498748,-0.0495753083356675,-0.0504255824519224,-0.0513022844720623,-0.0522066727774541,-0.0531400746122148,-0.0541038878560178,-0.0550995833661601,-0.0561287076709764,-0.0571928858119501,-0.0582938241380173,-0.0594333128565325,-0.0606132281436344,-0.0618355336138687,-0.063102280945965,-0.0644156094594001,-0.0657777444354719,-0.0671909939776434,-0.0686577442094573,-0.0701804526149297,-0.0717616393365504,-0.073403876260374,-0.0751097737366972,-0.0768819648089542,-0.0787230868531269,-0.0806357605655392,-0.0826225662785899,-0.0846860176319274,-0.0868285326807129,-0.0890524025827025,-0.0913597580714008,-0.0937525339926878,-0.0962324322559652,-0.0988008836265033,-0.101459008861406,-0.104207579765187,-0.107046980809701,-0.10997717202424,-0.112997653911686,-0.116107435182644,-0.119305004118029,-0.122588304368868,-0.125954715977369,-0.129401042353855,-0.132923503868702,-0.136517738617062,-0.14017881078793,-0.143901226920364,-0.147678960162074,-0.151505482463978,-0.155373804454452,-0.159276522545653,-0.163205872638521,-0.167153789620073,-0.171111971693471,-0.175071948454164,-0.179025151529447,-0.182962986537873,-0.186876905101223,-0.190758475655783,-0.194599451860214,-0.198391837481532,-0.202127946754419,-0.205800459346923,-0.209402469221428,-0.212927526847188,-0.216369674393036,-0.219723473700009,-0.222984026997798,-0.226146990481417,-0.229208581001279,-0.232165576238237,-0.235015308833153,-0.237755655017492,-0.240385018347212,-0.242902309177789,-0.24530692053488,-0.247598701034847,-0.249777925494289,-0.251845263840247,-0.253801748895236,-0.255648743566124,-0.257387907915313,-0.259021166538784,-0.260550676620115,-0.261978796974189,-0.263308058340262,-0.26454113513249,-0.265680818807606,-0.266729992965,-0.267691610254132,-0.268568671128474,-0.269364204453872,-0.270081249952459,-0.27072284244076,-0.271291997802224,-0.271791700619836,-0.272224893383235,-0.272594467176751,-0.272903253749394,-0.273154018864881,-0.273349456828847,-0.273492186091158,-0.273584745823374,-0.273629593374713,-0.273629102513971,-0.273585562369656,-0.273501176985776,-0.273378065416275,-0.273218262286709,-0.273023718757452,-0.272796303828301,-0.272537805929818,-0.27224993475198,-0.271934323265705,-0.271592529897561,-0.271226040822366,-0.270836272342512,-0.270424573326646,-0.269992227683827,-0.26954045685248,-0.269070422286334,-0.268583227922202,-0.268079922616752,-0.267561502541585,-0.267028913527775,-0.26648305335271,-0.265924773963538,-0.26535488363282,-0.264774149043105,-0.264183297298148,-0.263583017859306,-0.262973964406416,-0.262356756623035,-0.261731981906494,-0.261100197003614,-0.260461929573328,-0.259817679677751,-0.259167921203455,-0.258513103214931,-0.257853651242344,-0.257189968505804,-0.256522437078446,-0.255851418990669,-0.255177257277894,-0.254500276974211,-0.253820786054274,-0.253139076325762,-0.252455424274696,-0.25177009186584,-0.251083327300372,-0.250395365732927,-0.249706429950057,-0.249016731012086,-0.248326468860255,-0.247635832890978,-0.246945002498947,-0.246254147590781,-0.245563429070786,-0.244872999300369,-0.244183002532533,-0.243493575322862,-0.242804846918265,-0.242116939624756,-0.241429969155427,-0.240744044959728,-0.240059270535123,-0.239375743722106,-0.238693556983529,-0.238012797669117,-0.237333548266036,-0.236655886636281,-0.235979886241643,-0.235305616356964,-0.234633142272334,-0.233962525484859,-0.233293823880593,-0.23262709190718,-0.231962380737736,-0.231299738426454,-0.230639210056402,-0.229980837879938,-0.229324661452161,0,-0.0397951623681149,-0.0402566660256183,-0.0407614340344135,-0.0413024148498144,-0.0418726601875531,-0.0424672557163301,-0.0430830959300127,-0.0437183794506158,-0.0443721967925242,-0.0450442410623015,-0.0457346142983241,-0.0464437005053401,-0.0471720834517762,-0.0479204939269802,-0.0486897761516526,-0.0494808665652261,-0.0502947806232853,-0.0511326048346165,-0.0519954922958126,-0.0528846606255488,-0.05380139159309,-0.0547470319677646,-0.0557229952490197,-0.056730764009629,-0.0577718926223551,-0.0588480101579848,-0.0599608232491938,-0.0611121187154486,-0.0623037657422079,-0.0635377174048461,-0.0648160113251325,-0.0661407692465274,-0.0675141953146501,-0.0689385728515872,-0.0704162594178214,-0.0719496799640101,-0.0735413178872102,-0.0751937038229423,-0.0769094020262429,-0.0786909942220097,-0.0805410608378878,-0.0824621595719625,-0.084456801292779,-0.0865274233206989,-0.0886763601971479,-0.0909058121114798,-0.0932178112232782,-0.0956141861899379,-0.0980965252839334,-0.10066613855958,-0.103324019603209,-0.106070807471023,-0.108906749482725,-0.111831665593222,-0.114844915106184,-0.117945366518707,-0.121131371292903,-0.124400742335073,-0.127750737924289,-0.13117805176824,-0.134678809774783,-0.138248574013456,-0.141882354204257,-0.145574626914391,-0.149319362471881,-0.153110059423358,-0.156939786178318,-0.160801229300501,-0.164686747735907,-0.168588432113142,-0.172498168121541,-0.176407702871203,-0.180308713070548,-0.184192873823863,-0.188051926854246,-0.191877746995473,-0.195662405867151,-0.199398231747172,-0.203077864778901,-0.206694306791976,-0.210240965168892,-0.213711690348412,-0.217100806715397,-0.220403136779544,-0.223614018688157,-0.22672931724686,-0.229745428734466,-0.232659279892328,-0.235468321543808,-0.238170517355967,-0.240764328294025,-0.24324869334091,-0.245623007060841,-0.247887094579419,-0.250041184535048,-0.252085880529779,-0.254022131573748,-0.255851201978227,-0.257574641109426,-0.259194253370239,-0.260712068731295,-0.262130314087064,-0.263451385668378,-0.264677822700128,-0.265812282452865,-0.266857516799789,-0.267816350356595,-0.268691660251022,-0.269486357541671,-0.270203370281951,-0.270845628204572,-0.271416048984864,-0.271917526027087,-0.272352917706693,-0.272725037992822,-0.273036648369116,-0.273290450966745,-0.273489082821267,-0.273635111164237,-0.27373102966115,-0.273779255509062,-0.273782127309981,-0.273741903639481,-0.273660762234019,-0.273540799724767,-0.273384031850396,-0.27319239408603,-0.272967742630381,-0.27271185569787,-0.27242643506721,-0.272113107842435,-0.271773428386724,-0.271408880393446,-0.271020879062737,-0.270610773355527,-0.270179848300299,-0.269729327330932,-0.269260374636852,-0.268774097509267,-0.268271548669633,-0.267753728568607,-0.267221587645648,-0.266676028541135,-0.266117908254376,-0.265548040242236,-0.264967196454274,-0.264376109301341,-0.263775473555475,-0.263165948179717,-0.262548158087143,-0.261922695829005,-0.261290123212324,-0.260650972847739,-0.260005749628707,-0.259354932143488,-0.258698974021523,-0.258038305216031,-0.257373333224779,-0.256704444251089,-0.256032004307201,-0.255356360262193,-0.254677840836643,-0.25399675754626,-0.253313405596668,-0.252628064731534,-0.25194100003616,-0.251252462698648,-0.250562690730669,-0.249871909649818,-0.24918033312548,-0.248488163590054,-0.247795592817324,-0.247102802469683,-0.246409964615871,-0.245717242220774,-0.245024789608818,-0.244332752902365,-0.243641270436494,-0.242950473151459,-0.242260484964059,-0.241571423119097,-0.240883398522039,-0.240196516053909,-0.239510874869453,-0.238826568679473,-0.238143686018254,-0.237462310496911,-0.236782521043454,-0.236104392130319,-0.23542799399008,-0.23475339282,-0.23408065097605,-0.233409827157001,-0.232740976579126,-0.232074151142054,-0.231409399586265,-0.23074676764269,-0.230086298174849,-0.229428031313956,-0.228772004587355,0,-0.0415572591055534,-0.0420759514993597,-0.0426311338355872,-0.0432179335267499,-0.0438304721296338,-0.0444646299934402,-0.0451179887689476,-0.0457893328497499,-0.0464782377030615,-0.0471847908265996,-0.0479094132040083,-0.0486527479240946,-0.049415591812014,-0.0501988540061376,-0.0510035311820766,-0.051830692994325,-0.0526814738115052,-0.0535570683935347,-0.0544587301145358,-0.0553877708964428,-0.0563455623354043,-0.0573335376741919,-0.0583531943604968,-0.0594060969706954,-0.0604938802934464,-0.0616182523699034,-0.0627809972842984,-0.0639839774938567,-0.0652291354823487,-0.0665184945181033,-0.0678541582956099,-0.069238309240398,-0.0706732052601634,-0.0721611747315802,-0.0737046095224276,-0.0753059558630831,-0.0769677029006403,-0.0786923687933643,-0.0804824842333597,-0.0823405733215113,-0.0842691317612073,-0.0862706023861296,-0.0883473480923908,-0.0905016223061699,-0.0927355371841694,-0.095051029814777,-0.09744982676156,-0.0999334073660493,-0.102502966301746,-0.105159375943571,-0.107903149183948,-0.110734403385374,-0.113652826206663,-0.116657644072779,-0.119747594073242,-0.12292090006877,-0.126175253757627,-0.12950780140063,-0.132915136825988,-0.136393301232587,-0.139937790184314,-0.14354356804138,-0.147205089911269,-0.150916331026972,-0.154670823279584,-0.158461698452881,-0.162281737536055,-0.166123425334324,-0.169979009462138,-0.173840562695611,-0.177700047584049,-0.181549382177835,-0.18538050572259,-0.18918544319704,-0.192956367632047,-0.196685659237368,-0.200365960475885,-0.203990226356736,-0.207551769362892,-0.211044298578908,-0.214461952735083,-0.21779932702965,-0.221051493726357,-0.224214016647378,-0.22728295978837,-0.230254890372074,-0.233126876728711,-0.235896481445666,-0.23856175026657,-0.24112119724225,-0.243573786644852,-0.245918912153662,-0.248156373808657,-0.250286353207554,-0.252309387395774,-0.254226341867938,-0.256038383065583,-0.257746950719936,-0.259353730351781,-0.260860626203502,-0.262269734841952,-0.263583319635361,-0.264803786273562,-0.265933659468588,-0.266975560942549,-0.267932188781727,-0.268806298210222,-0.269600683813279,-0.270318163219758,-0.270961562234901,-0.271533701398799,-0.272037383932464,-0.27247538502227,-0.272850442384426,-0.273165248044142,-0.2734224412589,-0.273624602511679,-0.27377424849792,-0.273873828029239,-0.273925718777252,-0.273932224782179,-0.273895574652995,-0.273817920388642,-0.273701336753046,-0.273547821140283,-0.273359293870124,-0.27313759885819,-0.272884504609062,-0.272601705484787,-0.272290823205256,-0.271953408540873,-0.271590943161723,-0.271204841611043,-0.270796453374254,-0.270367065017984,-0.26991790237654,-0.269450132766016,-0.268964867208838,-0.268463162653806,-0.267946024178892,-0.267414407165932,-0.266869219438111,-0.266311323352687,-0.265741537842795,-0.265160640403403,-0.264569369017593,-0.263968424020275,-0.263358469897314,-0.262740137018747,-0.262114023305415,-0.261480695828872,-0.260840692344875,-0.260194522761187,-0.259542670540695,-0.258885594041159,-0.25822372779309,-0.257557483717466,-0.256887252285075,-0.256213403619438,-0.255536288545285,-0.254856239584633,-0.254173571902526,-0.253488584204518,-0.252801559587955,-0.252112766349094,-0.251422458748089,-0.250730877733785,-0.250038251630261,-0.249344796786983,-0.248650718194369,-0.247956210066521,-0.247261456392803,-0.246566631459882,-0.245871900345784,-0.245177419387456,-0.244483336623245,-0.243789792211655,-0.243096918827672,-0.242404842037884,-0.24171368065557,-0.241023547076854,-0.24033454759899,-0.239646782721768,-0.238960347432982,-0.238275331478859,-0.237591819620286,-0.236909891875644,-0.236229623750982,-0.235551086458272,-0.23487434712238,-0.234199468977412,-0.233526511553027,-0.232855530851258,-0.232186579514404,-0.231519706984458,-0.230854959654562,-0.230192381012921,-0.229532011779598,-0.228873890036565,-0.228218051351409,0,-0.0433428874858454,-0.0439224800963727,-0.0445315173085615,-0.045166476863647,-0.0458227512465473,-0.0464973481907956,-0.0471887838734421,-0.0478965875438618,-0.0486209169445309,-0.0493623119117059,-0.0501215460869376,-0.0508995407168257,-0.0516973160120674,-0.0525159645845781,-0.0533566375750824,-0.0542205379681695,-0.0551089179737878,-0.0560230787582865,-0.0569643715996584,-0.0579341999640807,-0.0589340222100301,-0.0599653547179172,-0.0610297752738566,-0.0621289265378076,-0.0632645194160929,-0.0644383361449506,-0.0656522328793531,-0.0669081415715217,-0.0682080709169264,-0.069554106142242,-0.0709484074098095,-0.0723932066167839,-0.0738908023746052,-0.075443552966109,-0.0770538670939317,-0.0787241922553607,-0.0804570006058739,-0.0822547722067123,-0.0841199755912179,-0.086055045630501,-0.0880623587312594,-0.0901442054570121,-0.0923027607281639,-0.0945400518253998,-0.0968579244938485,-0.099258007520807,-0.10174167623578,-0.104310015456,-0.106963782470905,-0.109703370722494,-0.112528774891904,-0.115439558142898,-0.118434822296956,-0.121513181719466,-0.12467274167942,-0.127911081904286,-0.131225245985863,-0.13461173720215,-0.138066521205206,-0.141585035888079,-0.145162208588552,-0.148792480618308,-0.152469838928938,-0.156187854547453,-0.15993972724059,-0.163718335706252,-0.167516292448627,-0.171326002376849,-0.175139724080287,-0.178949632680165,-0.182747883138835,-0.186526672924778,-0.190278302981426,-0.193995236027955,-0.197670151325607,-0.201295995168276,-0.204866026494789,-0.208373857166235,-0.211813486598536,-0.215179330582784,-0.218466244258751,-0.221669539326713,-0.224784995686726,-0.227808867781028,-0.230737885984023,-0.233569253435486,-0.236300638747573,-0.238930165036313,-0.241456395735673,-0.243878317649063,-0.246195321681357,-0.248407181676242,-0.250514031760638,-0.252516342571692,-0.254414896713514,-0.256210763761588,-0.257905275103124,-0.259499998872307,-0.260996715210555,-0.262397392054017,-0.263704161623516,-0.264919297766361,-0.266045194274751,-0.267084344282137,-0.268039320816836,-0.268912758571575,-0.269707336928461,-0.270425764261281,-0.271070763521036,-0.271645059096249,-0.272151364926922,-0.272592373840016,-0.272970748064985,-0.273289110880169,-0.27355003933465,-0.27375605798548,-0.273909633586768,-0.274013170665035,-0.274069007914151,-0.274079415343202,-0.274046592111366,-0.27397266498546,-0.273859687357898,-0.273709638765437,-0.273524424852007,-0.273305877722193,-0.273055756635335,-0.272775748993715,-0.272467471581876,-0.272132472017616,-0.271772230378691,-0.271388160972581,-0.27098161421992,-0.270553878625231,-0.270106182811498,-0.269639697597809,-0.269155538101817,-0.26865476585108,-0.268138390889489,-0.267607373866914,-0.267062628102006,-0.266505021609647,-0.265935379086014,-0.2653544838455,-0.264763079704869,-0.264161872811037,-0.263551533409797,-0.262932697553534,-0.262305968746704,-0.261671919528416,-0.261031092991973,-0.260384004241651,-0.25973114178738,-0.259072968878263,-0.258409924776161,-0.257742425970747,-0.257070867337612,-0.256395623241131,-0.255717048583894,-0.255035479804575,-0.254351235826156,-0.253664618956456,-0.252975915742911,-0.252285397783558,-0.251593322496142,-0.250899933847247,-0.250205463043312,-0.249510129185335,-0.248814139889048,-0.248117691872246,-0.247420971510956,-0.246724155365997,-0.246027410681502,-0.245330895856838,-0.244634760893355,-0.243939147817288,-0.243244191080114,-0.242550017937573,-0.241856748808521,-0.241164497614729,-0.240473372102669,-0.239783474148284,-0.239094900045702,-0.238407740780765,-0.23772208229024,-0.237038005707501,-0.236355587595446,-0.235674900167355,-0.234996011496371,-0.234318985714239,-0.233643883199895,-0.232970760758485,-0.232299671791331,-0.231630666457364,-0.230963791826477,-0.230299092025259,-0.229636608375528,-0.228976379526045,-0.228318441577797,-0.227662828203188,0,-0.0451601019636289,-0.0458025145062916,-0.0464673124556921,-0.0471515407831802,-0.0478520352530696,-0.048567213807527,-0.0492967247778151,-0.0500409591161601,-0.0508007207422569,-0.0515770343025239,-0.0523710408049172,-0.0531839447144972,-0.0540169896570447,-0.0548714492389189,-0.0557486253976101,-0.0566498502472449,-0.0575764894150343,-0.0585299459599361,-0.0595116645087609,-0.0605231354813888,-0.061565899352713,-0.0626415508987603,-0.0637517433438091,-0.0648981922872992,-0.0660826792543051,-0.0673070546851944,-0.0685732401595148,-0.0698832296355839,-0.0712390894798444,-0.0726429570580437,-0.0740970376632763,-0.0756035995637371,-0.0771649669657958,-0.0787835107060018,-0.0804616365092294,-0.082201770679786,-0.0840063431282425,-0.0858777676792606,-0.0878184196548456,-0.0898306107831338,-0.0919165615446631,-0.0940783711354422,-0.0963179852980795,-0.0986371623474701,-0.10103743779442,-0.103520088047082,-0.106086093743829,-0.108736103339411,-0.111470397626089,-0.114288855919518,-0.117190924672545,-0.120175589295377,-0.123241349955216,-0.126386202099957,-0.129607622397431,-0.132902560703181,-0.136267438566402,-0.139698154656966,-0.143190097349487,-0.146738164537141,-0.150336790573931,-0.153979980065437,-0.157661348051772,-0.161374165959635,-0.165111412550024,-0.16886582896087,-0.172629976844931,-0.176396298536968,-0.180157178152901,-0.183905002528092,-0.187632220940883,-0.191331402638375,-0.194995291279579,-0.198616855531224,-0.20218933518722,-0.205706282327442,-0.209161597178585,-0.212549558483215,-0.215864848317544,-0.219102571419603,-0.222258269194391,-0.225327928649266,-0.228307986580827,-0.231195329383985,-0.23398728888628,-0.236681634627478,-0.239276563008476,-0.241770683726993,-0.24416300390295,-0.246452910276113,-0.248640149834597,-0.250724809206873,-0.25270729312332,-0.254588302227097,-0.256368810488753,-0.258050042454942,-0.259633450538946,-0.26112069253939,-0.262513609553478,-0.263814204431999,-0.265024620905227,-0.266147123491364,-0.267184078282322,-0.268137934685371,-0.269011208183445,-0.269806464161758,-0.270526302833951,-0.271173345287313,-0.271750220653862,-0.272259554402286,-0.272703957735099,-0.273086018065826,-0.273408290542795,-0.27367329057904,-0.273883487342046,-0.274041298152463,-0.274149083737494,-0.274209144282307,-0.274223716221459,-0.274194969711862,-0.274125006729166,-0.274015859730418,-0.273869490827483,-0.273687791417733,-0.273472582220993,-0.273225613674407,-0.272948566639847,-0.272643053381512,-0.272310618774475,-0.271952741708083,-0.271570836651154,-0.271166255348962,-0.270740288624878,-0.270294168262304,-0.269829068945182,-0.269346110237804,-0.268846358586963,-0.268330829331618,-0.26780048870721,-0.267256255833561,-0.266699004676942,-0.266129565978354,-0.265548729141437,-0.2649572440746,-0.26435582298303,-0.263745142107208,-0.263125843405379,-0.262498536178152,-0.261863798634082,-0.261222179395586,-0.260574198945069,-0.259920351011525,-0.259261103898215,-0.258596901752334,-0.257928165777799,-0.257255295392493,-0.256578669331462,-0.255898646697672,-0.25521556796203,-0.254529755914458,-0.253841516567805,-0.253151140016469,-0.252458901251555,-0.251765060934424,-0.251069866130451,-0.250373551004792,-0.249676337481918,-0.248978435870646,-0.248280045456317,-0.247581355061773,-0.24688254357867,-0.246183780470654,-0.245485226249848,-0.244787032928042,-0.244089344443917,-0.243392297067596,-0.242696019783711,-0.242000634654175,-0.241306257161749,-0.240612996535452,-0.239920956058829,-0.239230233362,-0.238540920698407,-0.237853105207097,-0.237166869161354,-0.236482290204425,-0.235799441573081,-0.23511839230967,-0.234439207463316,-0.233761948280864,-0.233086672388141,-0.232413433962069,-0.231742283894142,-0.231073269945741,-0.230406436895729,-0.229741826680766,-0.229079478528728,-0.228419429085613,-0.227761712536284,-0.227106360719386,0,-0.0470168340067702,-0.0477222814542933,-0.0484431311644776,-0.0491764015118837,-0.0499205874619749,-0.0506757401697946,-0.051442771400514,-0.0522229969731362,-0.0530178907943842,-0.0538289657352025,-0.0546577240993934,-0.0555056438373038,-0.0563741814537546,-0.0572647814461021,-0.0581788872842598,-0.0591179518115447,-0.0600834464140062,-0.0610768689687868,-0.0620997508110941,-0.0631536629759806,-0.0642402218990372,-0.0653610946632721,-0.0665180037875628,-0.0677127314764134,-0.0689471231935605,-0.0702230903815686,-0.0715426121230592,-0.0729077355238171,-0.0743205745914664,-0.0757833073841793,-0.0772981712110809,-0.078867455679257,-0.0804934934015298,-0.0821786482046313,-0.0839253007093267,-0.0857358311926916,-0.0876125996882724,-0.0895579233322466,-0.0915740510227345,-0.0936631355245878,-0.0958272032225107,-0.0980681218001227,-0.100387566200055,-0.102786983298527,-0.105267555804813,-0.107830165969036,-0.110475359747816,-0.113203312133458,-0.116013794395157,-0.118906144007073,-0.121879238044863,-0.124931470816868,-0.128060736456458,-0.131264417137002,-0.134539377480141,-0.137881965612786,-0.141288021190526,-0.144752890548781,-0.148271448972719,-0.151838129898691,-0.155446960680535,-0.15909160438067,-0.162765406885913,-0.166461448508295,-0.17017259911801,-0.173891575773952,-0.177611001770417,-0.181323466008168,-0.185021581623785,-0.188698042870932,-0.192345679337074,-0.195957506693898,-0.199526773313033,-0.203047002223738,-0.206512028038961,-0.209916028623975,-0.213253551421609,-0.216519534474981,-0.219709322298834,-0.222818676841696,-0.225843783851935,-0.22878125501161,-0.231628126233844,-0.234381852534377,-0.237040299888485,-0.239601734473466,-0.242064809677368,-0.244428551229322,-0.246692340778372,-0.248855898218057,-0.250919263025,-0.252882774852449,-0.254747053594888,-0.256512979117831,-0.25818167082769,-0.259754467239921,-0.261232905689183,-0.262618702312385,-0.263913732423868,-0.265120011391045,-0.266239676108231,-0.267274967155876,-0.268228211721741,-0.269101807349687,-0.269898206570651,-0.270619902459162,-0.271269415147513,-0.27184927931866,-0.272362032688174,-0.272810205475383,-0.273196310854306,-0.273522836366294,-0.27379223626851,-0.274006924785612,-0.274169270226308,-0.274281589921756,-0.274346145939194,-0.274365141521526,-0.274340718201922,-0.274274953541613,-0.274169859439004,-0.274027380958804,-0.273849395631023,-0.273637713171333,-0.273394075576301,-0.273120157549314,-0.272817567215564,-0.272487847087126,-0.272132475241955,-0.271752866683408,-0.271350374849684,-0.270926293245325,-0.270481857169549,-0.270018245518737,-0.269536582642813,-0.269037940237529,-0.268523339256808,-0.267993751831262,-0.26745010318084,-0.266893273511246,-0.266324099885278,-0.265743378061647,-0.265151864295071,-0.264550277092574,-0.263939298921922,-0.263319577869014,-0.262691729241838,-0.262056337119297,-0.261413955843792,-0.260765111457012,-0.26011030307878,-0.259450004229243,-0.258784664094972,-0.258114708739846,-0.257440542261796,-0.256762547896696,-0.256081089070801,-0.255396510403284,-0.254709138660485,-0.254019283663564,-0.253327239151276,-0.252633283599624,-0.251937681000152,-0.251240681598622,-0.250542522595808,-0.249843428812131,-0.249143613317791,-0.248443278030045,-0.247742614279213,-0.24704180334496,-0.246341016964338,-0.245640417813023,-0.244940159961133,-0.244240389304953,-0.243541243975824,-0.242842854727424,-0.242145345302594,-0.241448832780804,-0.240753427907324,-0.240059235405092,-0.239366354270221,-0.238674878052065,-0.237984895118669,-0.237296488908434,-0.236609738168755,-0.235924717182351,-0.235241495981966,-0.234560140554105,-0.233880713032394,-0.233203271881146,-0.232527872069682,-0.231854565237906,-0.231183399853623,-0.230514421362056,-0.229847672327985,-0.229183192570908,-0.228521019293614,-0.227861187204514,-0.227203728634073,-0.226548673645662,0,-0.0489203194591267,-0.0496876146834091,-0.0504631573976221,-0.0512438799979006,-0.0520302263597619,-0.0528240288251972,-0.0536275136154847,-0.0544429229261531,-0.0552723805659645,-0.05611786054787,-0.0569811993839792,-0.0578641242810911,-0.0587682840023806,-0.0596952767019583,-0.0606466729587131,-0.0616240341071419,-0.0626289266912872,-0.0636629340053994,-0.0647276655557993,-0.0658247650593393,-0.0669559173715466,-0.0681228545478421,-0.069327361093767,-0.0705712783525792,-0.0718565079041294,-0.0731850138002632,-0.0745588234327221,-0.0759800268147503,-0.0774507740539223,-0.078973270798923,-0.0805497714558982,-0.0821825699899887,-0.0838739881546343,-0.0856263610252361,-0.0874420197549404,-0.089323271518706,-0.091272376667323,-0.0932915231753522,-0.0953827985353874,-0.0975481593246917,-0.0997893987477678,-0.102108112538125,-0.104505663682298,-0.106983146506587,-0.109541350739254,-0.112180726224873,-0.114901349019991,-0.117702889636779,-0.120584584220796,-0.123545209447257,-0.126583061894969,-0.129695942606487,-0.132881147466372,-0.136135463926893,-0.139455174483762,-0.142836067156419,-0.146273453062231,-0.149762190997225,-0.153296718754131,-0.156871090728766,-0.160479021195707,-0.164113932481179,-0.167769007132018,-0.171437243080259,-0.175111510737752,-0.178784610926948,-0.182449332563266,-0.186098509050157,-0.189725072426889,-0.193322104416504,-0.196882883651209,-0.200400928497735,-0.203870035058526,-0.207284310078749,-0.210638198637265,-0.213926506635978,-0.217144418221821,-0.220287508375669,-0.223351750980855,-0.226333522740357,-0.229229603346785,-0.232037172325006,-0.234753802966194,-0.237377453757458,-0.239906457686335,-0.242339509767802,-0.244675653106019,-0.246914263766658,-0.24905503470052,-0.25109795892681,-0.253043312156086,-0.254891635009021,-0.256643714967745,-0.258300568181512,-0.259863421237055,-0.261333692995656,-0.262712976592762,-0.264003021691238,-0.265205717075238,-0.266323073667635,-0.267357208049542,-0.268310326555265,-0.26918471000994,-0.269982699170111,-0.270706680919503,-0.271359075263622,-0.27194232315755,-0.272458875191766,-0.272911181151244,-0.273301680453675,-0.273632793463677,-0.273906913671444,-0.274126400716698,-0.274293574232017,-0.274410708473791,-0.27448002770426,-0.274503702284167,-0.274483845432715,-0.27442251060946,-0.274321689471632,-0.274183310359959,-0.274009237266296,-0.273801269237206,-0.273561140168952,-0.273290518951018,-0.272991009917351,-0.272664153566696,-0.272311427515847,-0.271934247652115,-0.271533969453897,-0.271111889450743,-0.270669246796886,-0.270207224934611,-0.269726953326212,-0.269229509235554,-0.268715919542334,-0.268187162574181,-0.267644169943548,-0.267087828378086,-0.266518981534742,-0.265938431789295,-0.265346941994308,-0.264745237199688,-0.264134006331083,-0.263513903822297,-0.262885551198757,-0.262249538609781,-0.261606426308072,-0.260956746075432,-0.260301002594162,-0.25963967476406,-0.258973216965286,-0.258302060267684,-0.25762661358736,-0.256947264791614,-0.256264381753402,-0.255578313356725,-0.254889390454396,-0.254197926779747,-0.253504219813886,-0.25280855161015,-0.252111189577443,-0.251412387224107,-0.25071238486404,-0.250011410286669,-0.249309679392459,-0.248607396795508,-0.247904756394827,-0.247201941915798,-0.246499127423282,-0.245796477807806,-0.245094149246194,-0.244392289637948,-0.243691039018657,-0.24299052995163,-0.242290887898922,-0.241592231572837,-0.240894673268983,-0.240198319181855,-0.239503269703922,-0.238809619709098,-0.238117458821471,-0.237426871670091,-0.236737938130599,-0.236050733554407,-0.235365328986129,-0.234681791369919,-0.234000183745311,-0.233320565433158,-0.23264299221221,-0.231967516486847,-0.231294187446459,-0.230623051216919,-0.229954151004595,-0.229287527233303,-0.22862321767458,-0.227961257571644,-0.227301679757379,-0.226644514766669,-0.225989790943367,0,-0.0508767980124899,-0.0517036168504485,-0.0525308431127771,-0.0533561190310181,-0.0541821711995503,-0.0550126645031791,-0.0558511003480075,-0.056700583597941,-0.0575638235722626,-0.0584431987976017,-0.0593408332837864,-0.0602586661629739,-0.0611985089608204,-0.0621620901005991,-0.063151088448222,-0.0641671583358109,-0.0652119483671183,-0.0662871158691506,-0.0673943383541011,-0.0685353229059311,-0.0697118140450546,-0.0709256003546805,-0.0721785199605708,-0.073472464825511,-0.0748093837350077,-0.0761912837989485,-0.0776202302657296,-0.0790983444340782,-0.0806277994491976,-0.0822108137813094,-0.0838496422047657,-0.0855465641239681,-0.0873038691281421,-0.0891238397005036,-0.0910087310584533,-0.092960748159941,-0.0949820199765846,-0.0970745712057585,-0.0992402916705637,-0.101480903736833,-0.103797928158224,-0.10619264884168,-0.108666077103414,-0.1112189160571,-0.113851525837792,-0.116563890413932,-0.119355586772106,-0.122225757271813,-0.125173085957471,-0.128195779580004,-0.131291554019092,-0.134457626709206,-0.137690715558613,-0.140987044712845,-0.144342357356128,-0.147751935570953,-0.151210627093284,-0.154712878615941,-0.158252775113079,-0.161824084492092,-0.165420306733373,-0.169034726559625,-0.17266046859059,-0.176290553889767,-0.17991795679905,-0.183535660985117,-0.187136713685708,-0.190714277240682,-0.194261677116315,-0.1977724457749,-0.201240361897741,-0.20465948463038,-0.208024182676776,-0.211329158217424,-0.2145694657593,-0.217740526138761,-0.220838135989157,-0.223858473051741,-0.226798097751494,-0.229653951480289,-0.232423352030701,-0.235103986608123,-0.237693902820239,-0.240191498005207,-0.242595507216901,-0.244904990140575,-0.247119317168358,-0.249238154823238,-0.251261450684487,-0.2531894179376,-0.255022519648374,-0.256761452843467,-0.258407132468205,-0.259960675285732,-0.261423383778673,-0.262796730114473,-0.264082340237106,-0.265281978150207,-0.266397530458902,-0.267430991239012,-0.268384447302535,-0.269260063926965,-0.270060071113028,-0.270786750430863,-0.271442422508609,-0.272029435210104,-0.272550152540218,-0.273006944307477,-0.273402176564542,-0.273738202837934,-0.274017356149542,-0.274241941824053,-0.274414231068724,-0.274536455305042,-0.274610801225789,-0.274639406545997,-0.274624356412196,-0.274567680431197,-0.274471350277411,-0.274337277836298,-0.274167313840854,-0.273963246958074,-0.273726803282892,-0.273459646198187,-0.273163376560906,-0.272839533176136,-0.272489593523018,-0.272114974698549,-0.271717034547678,-0.271297072950422,-0.27085633323916,-0.270396003721557,-0.269917219286915,-0.26942106307593,-0.268908568195963,-0.268380719465921,-0.267838455176733,-0.267282668855138,-0.266714211020136,-0.266133890922917,-0.265542478262469,-0.264940704870272,-0.264329266358615,-0.26370882372807,-0.263080004930551,-0.262443406385172,-0.261799594444845,-0.261149106812135,-0.260492453903466,-0.259830120161217,-0.259162565313648,-0.258490225582958,-0.257813514842037,-0.257132825720747,-0.256448530662747,-0.255760982934052,-0.255070517584649,-0.254377452364569,-0.253682088595939,-0.252984712002543,-0.252285593498483,-0.251584989937551,-0.25088314482491,-0.250180288992701,-0.249476641241147,-0.248772408946729,-0.248067788638947,-0.247362966547172,-0.246658119119036,-0.245953413511749,-0.245249008057725,-0.244545052705799,-0.243841689439309,-0.243139052672241,-0.242437269624592,-0.24173646067805,-0.24103673971305,-0.240338214428206,-0.239640986643071,-0.238945152585136,-0.23825080316192,-0.237558024218984,-0.236866896784629,-0.236177497302011,-0.235489897849381,-0.234804166349086,-0.234120366765964,-0.233438559295713,-0.232758800543792,-0.23208114369536,-0.231405638676768,-0.230732332309043,-0.230061268453819,-0.229392488152116,-0.228726029756363,-0.228061929056021,-0.227400219397156,-0.226740931796289,-0.226084095048819,-0.225429735832315,0,-0.0528915085974389,-0.0537743366334364,-0.0546486295070018,-0.055514389747693,-0.0563769157660611,-0.0572416349239767,-0.0581131897087534,-0.0589954202828573,-0.059891516019331,-0.0608041771739466,-0.0617357518996093,-0.0626883432293349,-0.0636638889358689,-0.0646642195604025,-0.0656911000625409,-0.0667462597817058,-0.0678314143517275,-0.068948282194263,-0.0700985973663924,-0.0712841198842799,-0.0725066441707256,-0.0737680059452425,-0.0750700876552047,-0.0764148224050273,-0.077804196253629,-0.07924024870147,-0.0807250711654622,-0.0822608032353291,-0.0838496265137573,-0.0854937558621776,-0.0871954279027893,-0.0889568866647877,-0.090780366308363,-0.0926680709136872,-0.0946221513834541,-0.0966446795760252,-0.0987376198609643,-0.100902798368436,-0.103141870286888,-0.10545628564753,-0.107847254116819,-0.110315709396516,-0.112862273901744,-0.115487224447256,-0.118190459717433,-0.120971470322689,-0.123829312250895,-0.126762584504225,-0.129769411667514,-0.132847432082544,-0.13599379220377,-0.139205147585992,-0.14247767080627,-0.145807066454919,-0.149188593149356,-0.152617092336388,-0.156087023460869,-0.159592504899345,-0.163127359894484,-0.166685166587106,-0.170259311134144,-0.173843042827934,-0.177429530098148,-0.181011916283784,-0.184583374108013,-0.188137157870471,-0.191666652484847,-0.195165418628146,-0.198627233424177,-0.20204612624967,-0.205416409418796,-0.208732703663059,-0.211989958471752,-0.215183467487892,-0.218308879261647,-0.221362203745377,-0.224339814970593,-0.227238450378112,-0.230055207280431,-0.232787536922782,-0.235433236580295,-0.237990440087222,-0.240457607144641,-0.242833511699353,-0.245117229632707,-0.247308125946676,-0.249405841588342,-0.251410280014478,-0.253321593566282,-0.255140169700706,-0.256866617109074,-0.258501751744906,-0.260046582780177,-0.26150229851126,-0.262870252241202,-0.264151948172471,-0.265349027352674,-0.266463253723848,-0.267496500333066,-0.268450735767494,-0.269328010880442,-0.270130445876043,-0.270860217819041,-0.271519548632916,-0.272110693644371,-0.27263593072551,-0.273097550077129,-0.273497844687811,-0.273839101494366,-0.274123593259939,-0.274353571177038,-0.274531258194192,-0.274658843057042,-0.274738475047537,-0.274772259398762,-0.274762253357643,-0.274710462863545,-0.274618839807418,-0.274489279833783,-0.274323620646214,-0.274123640776188,-0.273891058775021,-0.273627532789006,-0.273334660478832,-0.273013979245642,-0.272666966727758,-0.272295041533952,-0.271899564181235,-0.271481838207262,-0.271043111429711,-0.270584577327235,-0.270107376518788,-0.269612598320334,-0.269101282360002,-0.268574420234799,-0.268032957193848,-0.267477793834917,-0.266909787802662,-0.266329755478541,-0.265738473653747,-0.265136681177827,-0.264525080576793,-0.263904339635606,-0.263275092940856,-0.2626379433803,-0.261993463596682,-0.261342197393929,-0.260684661094375,-0.260021344846191,-0.259352713880652,-0.258679209719214,-0.258001251330732,-0.257319236239409,-0.256633541584287,-0.255944525131297,-0.255252526239025,-0.254557866779473,-0.253860852015197,-0.253161771434275,-0.252460899544587,-0.251758496628951,-0.251054809462657,-0.250350071994945,-0.249644505995971,-0.248938321670779,-0.248231718241788,-0.247524884501248,-0.246817999335103,-0.246111232219644,-0.245404743692306,-0.244698685797894,-0.243993202511506,-0.243288430139329,-0.242584497698497,-0.241881527277074,-0.241179634375244,-0.240478928228708,-0.239779512115229,-0.239081483645262,-0.238384935037512,-0.237689953380256,-0.236996620879199,-0.236305015092616,-0.235615209154458,-0.234927271986103,-0.234241268497366,-0.233557259777367,-0.232875303275802,-0.232195452975156,-0.231517759554351,-0.230842270544295,-0.230169030475772,-0.229498081020101,-0.228829461122936,-0.228163207131599,-0.227499352916277,-0.226837929985421,-0.226178967595652,-0.225522492856462,-0.22486853082999,0,-0.0549687905344236,-0.0559024582758399,-0.056817711834303,-0.0577189433676505,-0.0586141411394471,-0.05951028237626,-0.0604129244591249,-0.061326458861509,-0.0622544153309164,-0.0631997125653106,-0.0641648472321111,-0.0651520307974758,-0.0661632861068742,-0.0672005145985059,-0.0682655429753869,-0.0693601559757988,-0.0704861199496014,-0.0716452004082694,-0.0728391755718296,-0.0740698471267724,-0.075339048859379,-0.07664865346819,-0.0780005776305955,-0.0793967852593913,-0.0808392888057063,-0.0823301484247967,-0.0838714688077225,-0.0854653934867448,-0.0871140964406224,-0.0888197708552136,-0.0905846149335446,-0.0924108146971393,-0.0943005237764813,-0.0962558402525725,-0.0982787806829779,-0.100371251523492,-0.10253501823919,-0.104771672484271,-0.107082597816385,-0.109468934495338,-0.111931543995032,-0.114470973927713,-0.117087424137505,-0.119780714762071,-0.122550257083434,-0.125395027988397,-0.128313548832831,-0.131303869450542,-0.134363557965631,-0.137489696957648,-0.140678886393139,-0.143927253578752,-0.14723047021455,-0.150583776437679,-0.153982011553235,-0.157419650959002,-0.160890848591987,-0.164389484065563,-0.167909213533933,-0.171443523222045,-0.174985784498538,-0.178529309349775,-0.182067405134946,-0.185593427564127,-0.189100830939285,-0.19258321482691,-0.196034366483262,-0.199448298520994,-0.202819281480722,-0.206141871144461,-0.209410930592014,-0.212621647149525,-0.215769544506123,-0.218850490376155,-0.22186070015877,-0.224796737093213,-0.227655509428192,-0.230434265119595,-0.233130584546041,-0.235742371690473,-0.238267844182779,-0.240705522537792,-0.243054218859475,-0.24531302521937,-0.247481301858959,-0.249558665313794,-0.251544976513992,-0.253440328881835,-0.255245036423026,-0.256959621793259,-0.258584804315248,-0.260121487921977,-0.261570749008257,-0.262933824182984,-0.264212097927431,-0.265407090178811,-0.266520443872157,-0.267553912486081,-0.268509347648531,-0.26938868686668,-0.270193941450322,-0.270927184700454,-0.27159054043435,-0.27218617191548,-0.272716271251552,-0.273183049317111,-0.273588726248997,-0.273935522553926,-0.274225650858008,-0.274461308318429,-0.27464466970819,-0.274777881175988,-0.274863054675145,-0.274902263048235,-0.274897535747679,-0.274850855167223,-0.274764153554817,-0.274639310474032,-0.274478150778597,-0.274282443063039,-0.274053898551464,-0.273794170386306,-0.273504853279226,-0.27318748348716,-0.272843539077773,-0.272474440450092,-0.272081551077895,-0.271666178445401,-0.271229575146847,-0.270772940123691,-0.270297420015304,-0.269804110601172,-0.269294058314645,-0.268768261810347,-0.268227673569199,-0.267673201526873,-0.267105710713153,-0.266526024891274,-0.265934928187772,-0.265333166704709,-0.264721450107373,-0.264100453181651,-0.263470817356279,-0.262833152186096,-0.262188036793172,-0.261536021263475,-0.260877627997288,-0.260213353012198,-0.259543667197926,-0.258869017522701,-0.258189828191211,-0.257506501754512,-0.256819420172483,-0.256128945829667,-0.255435422505491,-0.254739176300009,-0.254040516516436,-0.253339736501796,-0.252637114447117,-0.251932914148607,-0.251227385731296,-0.250520766336654,-0.249813280775653,-0.249105142148785,-0.248396552434486,-0.247687703047414,-0.246978775367994,-0.246269941244595,-0.245561363469679,-0.244853196231216,-0.244145585540594,-0.243438669638244,-0.242732579378115,-0.242027438592107,-0.241323364435526,-0.240620467714553,-0.239918853196699,-0.239218619905169,-0.238519861397979,-0.237822666032689,-0.237127117217505,-0.236433293649516,-0.235741269540759,-0.235051114832781,-0.234362895400342,-0.233676673244828,-0.232992506677971,-0.232310450496378,-0.231630556147398,-0.230952871886772,-0.230277442928546,-0.229604311587632,-0.228933517415446,-0.228265097328981,-0.227599085733663,-0.226935514640338,-0.226274413776688,-0.225615810693379,-0.224959730865215,-0.22430619778756,0,-0.0571119225788902,-0.0580890111607061,-0.0590378668702621,-0.0599689219914839,-0.0608926759552591,-0.06181729194629,-0.0627489354541261,-0.0636923210812444,-0.0646511550958721,-0.0656284583696642,-0.0666267936112518,-0.0676484216434201,-0.0686954072267016,-0.0697696902685946,-0.0708731340154704,-0.0720075583111799,-0.0731747633058239,-0.0743765470420435,-0.0756147189945466,-0.0768911107397422,-0.0782075843542375,-0.0795660387810472,-0.0809684141866066,-0.0824166942091731,-0.0839129059362639,-0.0854591174239206,-0.0870574325705978,-0.0887099831755565,-0.0904189180414981,-0.0921863890215472,-0.094014533960471,-0.09590545653859,-0.0978612030936484,-0.099883736570219,-0.10197490782692,-0.104136424617253,-0.106369818648179,-0.108676411209082,-0.111057277949559,-0.113513213464076,-0.116044696411341,-0.118651855952344,-0.121334440329626,-0.124091788427778,-0.126922805148192,-0.12982594139719,-0.132799179424101,-0.13584002415411,-0.138945501040706,-0.142112160816363,-0.145336091351788,-0.148612936648679,-0.151937922795358,-0.155305890516373,-0.15871133375466,-0.162148443546754,-0.165611156296034,-0.16909320542365,-0.172588175287625,-0.176089556212079,-0.179590799462734,-0.183085371041884,-0.186566803253424,-0.19002874310197,-0.193464996733189,-0.196869569287531,-0.200236699718093,-0.203560890306311,-0.206836930788086,-0.21005991716973,-0.213225265461177,-0.216328720677917,-0.219366361559606,-0.222334601520553,-0.225230186385175,-0.228050189471654,-0.230792004572225,-0.233453337342654,-0.236032195561019,-0.238526878651895,-0.240935966801197,-0.243258309914049,-0.245493016597142,-0.247639443281651,-0.24969718354548,-0.251666057646296,-0.253546102240394,-0.255337560237202,-0.257040870724649,-0.258656658895709,-0.260185725909826,-0.261629038632839,-0.262987719213809,-0.264263034474953,-0.265456385110045,-0.266569294705749,-0.267603398618113,-0.268560432751977,-0.269442222303691,-0.270250670536839,-0.270987747666624,-0.271655479931087,-0.272255938926796,-0.272791231283354,-0.273263488745454,-0.273674858723801,-0.274027495367484,-0.274323551200808,-0.274565169357596,-0.274754476436016,-0.27489357598726,-0.274984542642318,-0.275029416872732,-0.275030200373783,-0.274988852052101,-0.274907284594269,-0.274787361588565,-0.274630895168581,-0.274439644144916,-0.274215312589522,-0.273959548836342,-0.273673944861663,-0.273360036007943,-0.273019301015653,-0.27265316232892,-0.272262986642197,-0.271850085656986,-0.271415717019484,-0.270961085412044,-0.270487343773422,-0.269995594624792,-0.269486891480629,-0.268962240325501,-0.26842260113975,-0.267868889458902,-0.267301977953329,-0.266722698016362,-0.266131841350515,-0.265530161542916,-0.264918375622297,-0.264297165591054,-0.263667179926975,-0.26302903505015,-0.262383316751464,-0.261730581579812,-0.261071358185854,-0.260406148620732,-0.259735429588689,-0.259059653652953,-0.258379250394702,-0.257694627525189,-0.25700617195145,-0.256314250796218,-0.255619212372892,-0.254921387116558,-0.254221088472194,-0.253518613741305,-0.252814244888292,-0.252108249307948,-0.251400880555475,-0.25069237904049,-0.249982972686433,-0.249272877556862,-0.248562298450039,-0.247851429463249,-0.247140454528222,-0.246429547919033,-0.245718874733786,-0.245008591351384,-0.244298845864606,-0.243589778490691,-0.242881521960598,-0.242174201888017,-0.241467937119208,-0.240762840064679,-0.240059017013657,-0.239356568432288,-0.238655589246423,-0.237956169109848,-0.237258392658721,-0.236562339752989,-0.235868085705486,-0.235175701499388,-0.234485253994655,-0.233796806124082,-0.233110417079506,-0.232426142488718,-0.231744034583592,-0.231064142359902,-0.230386511729286,-0.229711185663768,-0.22903820433327,-0.228367605236458,-0.227699423325305,-0.227033691123694,-0.226370438840379,-0.22570969447661,-0.225051483928694,-0.22439583108576,-0.223742757922983,0,-0.0593225715825597,-0.0603331235794675,-0.0613073619871419,-0.0622623389560845,-0.0632105094214942,-0.0641607186986026,-0.0651193737534936,-0.0660912570598248,-0.0670800758940454,-0.0680888328421663,-0.0691200733780331,-0.0701760490948875,-0.0712588242961915,-0.0723703456050274,-0.0735124880598653,-0.074687086551906,-0.0758959581863168,-0.0771409189312511,-0.0784237964729308,-0.0797464402850856,-0.0811107293670095,-0.0825185777795415,-0.083971937927182,-0.0854728014422429,-0.0870231974888997,-0.0886251883004679,-0.0902808617800467,-0.0919923210262381,-0.093761670688514,-0.0955910001093587,-0.097482363271737,-0.0994377556401475,-0.101459088060777,-0.103548157969926,-0.1057066182483,-0.107935944149746,-0.11023739882385,-0.11261199803925,-0.115060474794952,-0.117583244576453,-0.120180372068004,-0.122851540167911,-0.125596022166658,-0.128412657934559,-0.131299834924188,-0.134255474721509,-0.137277025778242,-0.140361462827728,-0.143505293330195,-0.146704571115287,-0.149954917195744,-0.153251547523539,-0.156589307256717,-0.159962710910411,-0.163365987587961,-0.16679313033613,-0.170237948549441,-0.173694122268679,-0.17715525718139,-0.180614939139592,-0.184066787061162,-0.187504503173473,-0.190921919685687,-0.194313041132632,-0.19767208181027,-0.20099349791116,-0.204272014158994,-0.207502644925178,-0.210680709979791,-0.213801845177176,-0.216862008498084,-0.21985748196224,-0.222784869986115,-0.225641094790809,-0.228423389466204,-0.231129289273099,-0.233756621719122,-0.236303495881682,-0.238768291377236,-0.241149647295895,-0.243446451338775,-0.245657829316758,-0.247783135097188,-0.249821941022238,-0.251774028771079,-0.253639380598757,-0.255418170857871,-0.257110757694366,-0.258717674804878,-0.260239623148549,-0.261677462519255,-0.26303220290283,-0.264304995566095,-0.265497123848497,-0.266609993651272,-0.267645123641821,-0.268604135211365,-0.269488742241129,-0.270300740745735,-0.271041998472078,-0.271714444537542,-0.272320059193436,-0.272860863798115,-0.273338911080089,-0.273756275764866,-0.274115045630979,-0.274417313051124,-0.274665167064025,-0.27486068601215,-0.275005930769878,-0.27510293857678,-0.275153717481252,-0.275160241391299,-0.275124445721745,-0.275048223620642,-0.274933422752298,-0.274781842609927,-0.274595232327601,-0.274375288958718,-0.274123656186638,-0.273841923432266,-0.273531625323199,-0.273194241489416,-0.272831196651315,-0.272443860967107,-0.272033550608079,-0.271601528531946,-0.271149005426368,-0.270677140796693,-0.27018704417395,-0.269679776421176,-0.269156351118124,-0.268617736006308,-0.268064854478247,-0.267498587096494,-0.266919773129722,-0.266329212094698,-0.265727665294406,-0.265115857343941,-0.264494477676991,-0.263864182026849,-0.263225593876905,-0.262579305876469,-0.261925881218583,-0.261265854977213,-0.260599735401842,-0.259928005168046,-0.259251122583119,-0.258569522746264,-0.257883618663207,-0.25719380231541,-0.256500445684343,-0.255803901731485,-0.255104505334894,-0.254402574183381,-0.253698409629397,-0.252992297501864,-0.252284508880247,-0.251575300831223,-0.250864917109309,-0.250153588822879,-0.249441535066954,-0.248728963524188,-0.248016071035428,-0.24730304414123,-0.246590059595665,-0.245877284853734,-0.245164878533655,-0.24445299085527,-0.243741764055764,-0.243031332783828,-0.242321824473403,-0.241613359698032,-0.240906052506862,-0.240200010743249,-0.239495336346902,-0.238792125640439,-0.238090469601202,-0.237390454119129,-0.236692160241425,-0.235995664404778,-0.235301038655767,-0.234608350860136,-0.233917664901518,-0.233229040870211,-0.232542535242521,-0.231858201051212,-0.231176088047531,-0.230496242855277,-0.22981870911733,-0.229143527635072,-0.228470736501055,-0.227800371225296,-0.227132464855543,-0.226467048091807,-0.225804149395499,-0.225143795093426,-0.22448600947693,-0.223830814896417,-0.223178231851521,0,-0.0616002901781571,-0.0626318634888615,-0.063622962433607,-0.0645961345623123,-0.0655648584061231,-0.0665380531759559,-0.0675219699845032,-0.0685211973682349,-0.0695392703874838,-0.0705790580019919,-0.0716430105044915,-0.0727333161732273,-0.0738519998960456,-0.0750009856781634,-0.0761821372388389,-0.0773972855355496,-0.0786482484729633,-0.0799368457629801,-0.0812649104918211,-0.0826342981134593,-0.0840468931120523,-0.0855046133188027,-0.087009411741947,-0.0885632757180805,-0.0901682231867406,-0.0918262959099309,-0.0935395494943294,-0.0953100401214486,-0.0971398079478406,-0.0990308572026743,-0.100985133083179,-0.103004495628919,-0.105090690842606,-0.107245319416518,-0.109469803517302,-0.111765352175157,-0.114132925912597,-0.116573201329426,-0.119086536429987,-0.121672937531936,-0.124332028628619,-0.127063024085634,-0.129864705533337,-0.132735403768213,-0.135672986396241,-0.138674851840463,-0.14173793019472,-0.144858691239105,-0.148033159745046,-0.151256937995511,-0.154525235236311,-0.157832903566637,-0.161174479579899,-0.164544230888829,-0.167936206520182,-0.171344290051544,-0.174762254291415,-0.178183816277365,-0.181602691386968,-0.185012645420934,-0.188407543623882,-0.191781395749585,-0.195128396446728,-0.198442960429437,-0.2017197520946,-0.204953709445721,-0.208140062371773,-0.211274345501168,-0.214352405998986,-0.217370406795149,-0.220324825819178,-0.223212451872449,-0.226030377792048,-0.22877599155363,-0.231446965927576,-0.234041247247812,-0.236557043780884,-0.238992814099865,-0.241347255778686,-0.243619294632633,-0.245808074644637,-0.247912948638228,-0.249933469689721,-0.251869383216227,-0.253720619633614,-0.255487287449818,-0.257169666643359,-0.258768202173503,-0.260283497475536,-0.261716307810136,-0.263067533357799,-0.264338211975483,-0.265529511561046,-0.266642721999851,-0.267679246695523,-0.268640593711856,-0.269528366574599,-0.270344254799387,-0.271090024225362,-0.271767507242829,-0.272378593007937,-0.272925217738073,-0.273409355179045,-0.273833007329633,-0.274198195501368,-0.274506951782067,-0.274761310961181,-0.274963302964034,-0.275114945830899,-0.275218239266,-0.275275158771245,-0.275287650369956,-0.275257625917356,-0.27518695898704,-0.275077481316262,-0.274930979787589,-0.274749193920205,-0.274533813840961,-0.274286478702939,-0.27400877551784,-0.273702238367803,-0.273368347962141,-0.273008531504936,-0.272624162840349,-0.272216562843704,-0.271787000027944,-0.271336691336766,-0.270866803097606,-0.270378452109547,-0.269872706843241,-0.269350588731861,-0.268813073534067,-0.268261092751812,-0.267695535087661,-0.267117247927941,-0.266527038839703,-0.265925677070949,-0.265313895044944,-0.264692389840771,-0.264061824653378,-0.263422830227498,-0.262776006260727,-0.262121922771933,-0.261461121431945,-0.260794116854124,-0.260121397843048,-0.259443428600071,-0.258760649884948,-0.258073480133171,-0.257382316528947,-0.256687536034087,-0.2559894963733,-0.255288536976607,-0.254584979879742,-0.253879130583577,-0.253171278873677,-0.252461699601227,-0.251750653426593,-0.251038387526846,-0.25032513626861,-0.249611121847598,-0.248896554896206,-0.248181635060546,-0.247466551548247,-0.246751483648368,-0.24603660122472,-0.245322065183861,-0.244608027918987,-0.243894633730937,-0.243182019227423,-0.242470313701629,-0.24175963949122,-0.24105011231878,-0.240341841614672,-0.239634930823235,-0.238929477693207,-0.23822557455323,-0.23752330857323,-0.236822762012446,-0.236124012454824,-0.235427133032469,-0.234732192637802,-0.234039256125043,-0.233348384501598,-0.232659635109901,-0.231973061800235,-0.23128871509502,-0.230606642345028,-0.229926887877973,-0.229249493139871,-0.22857449682958,-0.227901935026867,-0.227231841314356,-0.226564246893687,-0.225899180696179,-0.225236669488299,-0.2245767379722,-0.223919408881592,-0.223264703073176,-0.222612639613883,0,-0.0639416522882412,-0.0649802172634804,-0.0659800477227471,-0.0669663071207387,-0.0679522855514272,-0.0689463215549956,-0.0699541174643075,-0.0709798216297218,-0.0720266400880579,-0.0730972069415358,-0.0741938103573902,-0.0753185292818667,-0.0764733159062731,-0.0776600461772436,-0.0788805520202355,-0.0801366432640603,-0.0814301236761136,-0.082762803363723,-0.0841365085560629,-0.0855530891000926,-0.0870144236536851,-0.0885224223977898,-0.0900790270328909,-0.0916862078249436,-0.093345957495976,-0.0950602818010032,-0.0968311866894493,-0.0986606620133949,-0.100550661815985,-0.102503081311133,-0.104519730750012,-0.106602306459992,-0.108752359436127,-0.110971261961889,-0.113260172831476,-0.115620001837215,-0.118051374268144,-0.120554596235496,-0.123129621692923,-0.12577602204965,-0.128492959279291,-0.131279163402621,-0.134132915166838,-0.137052034655655,-0.140033876444458,-0.143075331764634,-0.146172837964827,-0.149322395359779,-0.152519591346515,-0.155759631451211,-0.159037376757367,-0.16234738696641,-0.165683968164991,-0.169041224227625,-0.172413110676256,-0.175793489755168,-0.179176185463651,-0.182555037320499,-0.185923951712083,-0.189276949794819,-0.192608211077161,-0.195912111987363,-0.199183258932071,-0.202416515557296,-0.205607024127777,-0.208750221133974,-0.211841847409877,-0.214877953193066,-0.217854898676178,-0.220769350683411,-0.223618276156026,-0.226398933147787,-0.229108860017541,-0.231745863465309,-0.234308005995157,-0.236793593308085,-0.239201162036809,-0.241529468137325,-0.243777476154584,-0.245944349486421,-0.248029441684735,-0.250032288759103,-0.251952602387474,-0.253790263892644,-0.255545318812104,-0.257217971872102,-0.258808582173218,-0.260317658402771,-0.26174585390683,-0.263093961479384,-0.264362907755905,-0.265553747131038,-0.266667655153281,-0.267705921381691,-0.26866994171929,-0.269561210263881,-0.270381310738775,-0.271131907582855,-0.271814736791582,-0.272431596607892,-0.272984338164975,-0.273474856181947,-0.273905079809217,-0.274276963713349,-0.274592479482204,-0.274853607420675,-0.275062328795976,-0.275220618579761,-0.275330438722711,-0.27539373198604,-0.27541241634391,-0.275388379961147,-0.275323476742164,-0.275219522439601,-0.275078291304925,-0.274901513258158,-0.274690871549825,-0.274448000885242,-0.274174485979104,-0.273871860507104,-0.273541606420689,-0.273185153591163,-0.27280387974985,-0.272399110692039,-0.271972120713713,-0.271524133251647,-0.271056321699147,-0.270569810371626,-0.270065675598051,-0.269544946916322,-0.269008608352517,-0.268457599765867,-0.26789281824312,-0.267315119527737,-0.266725319470977,-0.266124195493506,-0.265512488047581,-0.264890902071233,-0.264260108427036,-0.263620745319231,-0.262973419683937,-0.262318708548109,-0.261657160353732,-0.260989296244448,-0.26031561131248,-0.259636575804265,-0.258952636283726,-0.258264216752533,-0.257571719727089,-0.256875527272282,-0.256176001992345,-0.25547348797936,-0.254768311720177,-0.254060782962631,-0.2533511955421,-0.252639828169539,-0.251926945182201,-0.251212797258298,-0.25049762209693,-0.249781645064593,-0.24906507980962,-0.248348128845879,-0.247630984107086,-0.24691382747301,-0.246196831268891,-0.245480158739309,-0.244763964497746,-0.244048394953014,-0.243333588713714,-0.242619676971824,-0.241906783866492,-0.241195026829048,-0.240484516910224,-0.239775359090516,-0.239067652574577,-0.238361491070508,-0.237656963054843,-0.236954152024005,-0.236253136732977,-0.235553991421856,-0.234856786030974,-0.234161586405199,-0.233468454488,-0.232777448505844,-0.232088623143439,-0.23140202971034,-0.230717716299363,-0.230035727937263,-0.229356106728103,-0.228678891989684,-0.228004120383429,-0.227331826038056,-0.226662040667385,-0.22599479368257,-0.225330112299068,-0.224668021638604,-0.224008544826409,-0.223351703083955,-0.222697515817443,-0.222046000702229,0,-0.0663394605843099,-0.0673712515865097,-0.0683728387454001,-0.069368112632512,-0.0703688609990257,-0.0713822139471293,-0.0724129737384564,-0.0734646393643373,-0.0745399604174621,-0.0756412568498146,-0.0767706034490918,-0.0779299346873434,-0.0791211041658646,-0.0803459193110765,-0.081606163152342,-0.0829036095157677,-0.0842400347258796,-0.0856172270994796,-0.0870369945702107,-0.088501170329187,-0.0900116161826853,-0.0915702232832001,-0.0931789099139171,-0.0948396160616214,-0.0965542945811651,-0.0983248988282982,-0.100153366714639,-0.102041601218967,-0.103991447473671,-0.106004666634735,-0.108082906837875,-0.110227671641404,-0.112440286455983,-0.114721863559704,-0.117073266390223,-0.119495073889674,-0.121987545748133,-0.124550589442837,-0.127183729998568,-0.129886083395504,-0.132656334521242,-0.135492720501133,-0.13839302014493,-0.141354550118511,-0.144374168289609,-0.147448284510299,-0.15057287889242,-0.153743527412663,-0.15695543446068,-0.160203471725766,-0.163482222615524,-0.166786031223012,-0.170109054715932,-0.173445317919666,-0.176788768810529,-0.18013333362935,-0.183472970368434,-0.186801719474818,-0.190113750744335,-0.193403405547513,-0.196665233720828,-0.19989402466565,-0.203084832412057,-0.206232994615547,-0.209334145652262,-0.212384224154596,-0.215379475477631,-0.218316449703147,-0.221191995869422,-0.224003253160973,-0.226747639804015,-0.229422840393354,-0.232026792328765,-0.234557671968476,-0.237013881019894,-0.239394033588773,-0.24169694420358,-0.243921617027131,-0.246067236367582,-0.248133158509541,-0.250118904806747,-0.252024155912515,-0.253848746974482,-0.255592663586283,-0.257256038270362,-0.258839147261962,-0.260342407372725,-0.26176637273127,-0.263111731225092,-0.26437930050092,-0.265570023416732,-0.266684962875881,-0.267725296010235,-0.26869230771329,-0.26958738355461,-0.270412002132813,-0.27116772694511,-0.271856197866921,-0.272479122345395,-0.273038266416049,-0.273535445652739,-0.273972516158255,-0.274351365696822,-0.274673905061205,-0.274942059756754,-0.275157762073172,-0.27532294360259,-0.275439528250233,-0.275509425771935,-0.275534525861347,-0.275516692799149,-0.275457760667025,-0.275359529120827,-0.275223759710127,-0.275052172725367,-0.274846444548963,-0.274608205482955,-0.274339038023019,-0.27404047554681,-0.273714001383516,-0.273361048231154,-0.27298299788831,-0.272581181267741,-0.27215687866032,-0.271711320219191,-0.271245686635598,-0.270761109979624,-0.270258674680942,-0.269739418626592,-0.269204334354723,-0.268654370325151,-0.268090432249425,-0.267513384464894,-0.266924051338934,-0.266323218691135,-0.2657116352227,-0.26509001394373,-0.264459033590338,-0.263819340024689,-0.263171547612155,-0.262516240570733,-0.261853974288716,-0.261185276607413,-0.260510649066401,-0.259830568109371,-0.259145486249208,-0.258455833191387,-0.257762016915179,-0.257064424712511,-0.256363424184637,-0.255659364197001,-0.254952575792923,-0.254243373066882,-0.25353205399834,-0.252818901247144,-0.252104182911657,-0.251388153250813,-0.250671053371365,-0.2499531118816,-0.249234545512846,-0.248515559710068,-0.247796349192873,-0.247077098488229,-0.246357982436148,-0.245639166669622,-0.244920808070004,-0.244203055199038,-0.243486048708682,-0.242769921729836,-0.242054800241049,-0.241340803418226,-0.240628043966333,-0.239916628434025,-0.239206657512125,-0.23849822631679,-0.237791424658189,-0.237086337295488,-0.236383044178855,-0.235681620679211,-0.234982137806381,-0.234284662416271,-0.233589257407682,-0.232895981909316,-0.232204891457506,-0.231516038165173,-0.230829470882504,-0.230145235349762,-0.229463374342697,-0.228783927810917,-0.228106933009623,-0.227432424625046,-0.226760434893933,-0.226090993717384,-0.225424128769347,-0.224759865600046,-0.224098227734607,-0.223439236767127,-0.222782912450426,-0.222129272781693,-0.221478334084247,0,-0.0687827043551732,-0.0697964817760066,-0.070794725131124,-0.0717963197190319,-0.072810356372545,-0.0738422319580025,-0.0748955737463259,-0.0759730779251279,-0.077076950132117,-0.0782091447228575,-0.0793714908038917,-0.0805657559005158,-0.0817936775363599,-0.0830569797613023,-0.0843573834125493,-0.0856966140972786,-0.0870764093025535,-0.0884985247671612,-0.0899647397042001,-0.0914768602921287,-0.0930367208594783,-0.0946461822712629,-0.0963071271326798,-0.0980214515357879,-0.0997910531799134,-0.101617815795966,-0.103503589900855,-0.105450170003549,-0.107459268481274,-0.109532486443933,-0.111671282006892,-0.113876936495231,-0.116150519203678,-0.118492851432049,-0.120904470601661,-0.123385595329008,-0.125936092384052,-0.128555446486967,-0.131242733894842,-0.133996600695392,-0.136815246655812,-0.139696415370993,-0.142637391317192,-0.145635004247849,-0.148685641172216,-0.151785265941395,-0.154929446238278,-0.158113387537306,-0.161331973376871,-0.164579811082032,-0.167851281897928,-0.17114059435354,-0.174441839578576,-0.177749047248049,-0.181056240832023,-0.184357490881731,-0.187646965184669,-0.190918974764898,-0.194168014882926,-0.197388800392906,-0.200576295033312,-0.203725734450085,-0.206832642968263,-0.209892844329962,-0.21290246679517,-0.215857943150933,-0.218756006289706,-0.221593681096551,-0.224368273427059,-0.227077356964755,-0.229718758721155,-0.232290543887894,-0.234791000673435,-0.237218625662596,-0.239572110131368,-0.241850327638178,-0.244052323101386,-0.246177303466357,-0.248224629968163,-0.250193811911106,-0.252084501816283,-0.253896491734664,-0.255629710486195,-0.257284221564836,-0.258860221444166,-0.26035803802646,-0.261778128997924,-0.263121079881559,-0.264387601614445,-0.265578527515567,-0.266694809551268,-0.26773751384595,-0.268707815423929,-0.269606992203009,-0.270436418290298,-0.27119755665543,-0.271891951275341,-0.272521218858114,-0.273087040261348,-0.273591151723543,-0.274035336025656,-0.274421413695035,-0.274751234355982,-0.275026668321097,-0.275249598505875,-0.275421912736471,-0.275545496507627,-0.275622226234979,-0.275653963033644,-0.275642547043496,-0.275589792311036,-0.275497482228395,-0.275367365521883,-0.275201152775562,-0.275000513469672,-0.274767073509168,-0.274502413214212,-0.274208065741985,-0.273885515907589,-0.273536199371004,-0.273161502156893,-0.272762760474423,-0.272341260805132,-0.271898240228019,-0.271434886952548,-0.27095234103188,-0.270451695230475,-0.269933996022069,-0.26940024469595,-0.268851398551372,-0.268288372161821,-0.267712038692647,-0.267123231257352,-0.266522744299425,-0.265911334988208,-0.265289724618694,-0.2646586000065,-0.264018614870491,-0.263370391196645,-0.262714520577766,-0.262051565524574,-0.261382060744526,-0.260706514385437,-0.260025409241665,-0.259339203921138,-0.258648333972064,-0.257953212968567,-0.257254233554884,-0.256551768448077,-0.255846171399516,-0.255137778115586,-0.254426907138296,-0.253713860686628,-0.252998925459565,-0.252282373401889,-0.25156446243388,-0.250845437146117,-0.250125529460642,-0.249404959259757,-0.248683934983728,-0.247962654198706,-0.247241304136133,-0.246520062204903,-0.245799096477528,-0.245078566151513,-0.24435862198715,-0.243639406722852,-0.242921055469167,-0.242203696082531,-0.241487449519801,-0.240772430174555,-0.240058746196115,-0.239346499792196,-0.238635787516054,-0.237926700538961,-0.237219324908784,-0.236513741795426,-0.235810027723837,-0.235108254795265,-0.234408490897391,-0.233710799903943,-0.233015241864373,-0.232321873184124,-0.231630746796007,-0.230941912323173,-0.230255416234112,-0.229571301990149,-0.228889610185795,-0.228210378682373,-0.227533642735254,-0.226859435115059,-0.226187786223134,-0.225518724201601,-0.224852275038279,-0.224188462666724,-0.223527309061663,-0.222868834330032,-0.222213056797868,-0.221559993093242,-0.220909658225452,0,-0.0712575971657402,-0.0722464350259132,-0.0732386693217814,-0.0742455004987797,-0.0752724566154082,-0.0763228449690136,-0.0773989469314903,-0.0785025718992315,-0.0796353409427368,-0.0807988226149773,-0.0819945885154378,-0.0832242300491504,-0.0844893598377095,-0.0857916094412766,-0.087132628136781,-0.0885140838884122,-0.0899376660055233,-0.0914050883982899,-0.0929180922676564,-0.0944784472070988,-0.0960879499021583,-0.0977484198237409,-0.0994616914986924,-0.101229603101841,-0.103053981251607,-0.10493662201311,-0.106879268225082,-0.108883583374878,-0.110951122352918,-0.113083299525052,-0.115281354668221,-0.117546317419021,-0.119878970982905,-0.122279815939339,-0.124749035050141,-0.127286460029314,-0.129891541257895,-0.132563321422255,-0.135300414015374,-0.138100987565772,-0.140962756347325,-0.143882978176454,-0.146858459724235,-0.149885569565183,-0.152960258958688,-0.156078090122224,-0.159234271517326,-0.162423699440598,-0.165641005003503,-0.168880605406481,-0.172136758274013,-0.175403617724693,-0.178675290808862,-0.181945892957974,-0.185209601153715,-0.188460703637478,-0.191693645135829,-0.194903066766997,-0.198083840007218,-0.20123109432349,-0.204340238309845,-0.207406974387335,-0.210427307333972,-0.213397547091916,-0.216314306449061,-0.219174494306574,-0.221975305320784,-0.224714206746765,-0.227388923313747,-0.22999742093207,-0.232537889972277,-0.235008728774244,-0.237408527943939,-0.239736055883389,-0.241990245881842,-0.244170184978468,-0.246275104694399,-0.248304373628785,-0.250257491823247,-0.252134086724223,-0.253933910514768,-0.255656838546909,-0.257302868582532,-0.258872120543876,-0.260364836482348,-0.261781380494497,-0.263122238344048,-0.264388016586309,-0.265579441033426,-0.266697354443325,-0.267742713359541,-0.268716584071445,-0.269620137703252,-0.270454644474144,-0.271221467200454,-0.271922054133328,-0.272557931241866,-0.27313069406237,-0.273641999239581,-0.274093555886227,-0.274487116883414,-0.274824470237328,-0.275107430597933,-0.275337831033717,-0.275517515143732,-0.275648329574698,-0.275732116997486,-0.275770709584145,-0.275765923014201,-0.275719551027509,-0.275633360530593,-0.275509087254307,-0.275348431952852,-0.275153057127622,-0.274924584254059,-0.274664591485526,-0.274374611805148,-0.274056131594407,-0.273710589586017,-0.273339376168042,-0.272943833006271,-0.272525252952465,-0.272084880207046,-0.271623910706139,-0.271143492704407,-0.270644727526856,-0.270128670464624,-0.269596331791658,-0.2690486778811,-0.268486632402086,-0.267911077579536,-0.267322855501264,-0.266722769458451,-0.266111585307125,-0.265490032839784,-0.264858807157694,-0.264218570035679,-0.263569951272395,-0.26291355002015,-0.262249936089294,-0.261579651223102,-0.260903210339806,-0.260221102739183,-0.259533793271663,-0.258841723468518,-0.258145312632112,-0.257444958885645,-0.256741040182152,-0.256033915272833,-0.255323924635041,-0.25461139136047,-0.253896622004284,-0.253179907396033,-0.252461523413366,-0.251741731719619,-0.25102078046642,-0.250298904962531,-0.24957632831016,-0.248853262009997,-0.24812990653625,-0.24740645188295,-0.24668307808277,-0.245959955699601,-0.245237246296105,-0.244515102877416,-0.243793670312154,-0.24307308573186,-0.242353478909938,-0.241634972621135,-0.240917682982562,-0.240201719777218,-0.239487186760924,-0.238774181953554,-0.238062797915383,-0.237353122009368,-0.236645236650098,-0.235939219540141,-0.235235143894478,-0.234533078653644,-0.233833088686227,-0.23313523498126,-0.232439574831095,-0.23174616200524,-0.231055046915682,-0.230366276774127,-0.229679895741608,-0.228995945070877,-0.22831446324195,-0.227635486091183,-0.226959046934226,-0.226285176683162,-0.225613903958158,-0.224945255193896,-0.22427925474107,-0.223615924963195,-0.222955286328971,-0.222297357500435,-0.221642155417097,-0.220989695376292,-0.220339991109896,0,-0.0737491187021898,-0.0747113553772349,-0.0756976522882005,-0.0767103338700268,-0.0777509735049954,-0.0788206438703891,-0.0799202303718538,-0.0810506483315497,-0.0822129432372553,-0.0834083093938822,-0.0846380691824257,-0.0859036414377835,-0.0872065132213491,-0.0885482199033207,-0.0899303335892179,-0.0913544579137797,-0.0928222267367235,-0.0943353044686052,-0.0958953861835613,-0.097504196130539,-0.0991634836546597,-0.100875015865666,-0.102640566646881,-0.10446190180046,-0.106340760288747,-0.108278831670732,-0.11027772995755,-0.112338964228418,-0.114463906462429,-0.116653757153066,-0.11890950938006,-0.121231912114081,-0.12362143361948,-0.126078225893637,-0.128602091132989,-0.131192451240224,-0.13384832137975,-0.136568288545752,-0.139350496026699,-0.142192634531627,-0.145091940588271,-0.148045202634868,-0.151048775011693,-0.154098599822919,-0.157190236393371,-0.160318897798777,-0.163479493713292,-0.166666678605681,-0.169874904135928,-0.173098474466326,-0.17633160311235,-0.179568469923243,-0.182803276802016,-0.186030300848127,-0.189243943729294,-0.192438776255022,-0.195609577324628,-0.198751366646564,-0.201859430862527,-0.204929342948084,-0.207956974990498,-0.210938504654824,-0.213870415832893,-0.216749494120676,-0.219572817883464,-0.222337745743447,-0.225041901360568,-0.227683156376718,-0.230259612358789,-0.232769582512203,-0.235211573848794,-0.237584270387137,-0.239886517845822,-0.242117310166768,-0.244275778082212,-0.246361179820691,-0.248372893938509,-0.250310414167566,-0.252173346090552,-0.25396140539212,-0.255674417390502,-0.257312317527903,-0.258875152489063,-0.260363081623893,-0.261776378370033,-0.263115431402018,-0.264380745272821,-0.265572940358065,-0.266692751960681,-0.267741028481627,-0.268718728608553,-0.269626917517096,-0.270466762117605,-0.271239525412478,-0.271946560055525,-0.272589301224545,-0.27316925893185,-0.273688009905101,-0.27414718917312,-0.274548481489052,-0.274893612717051,-0.275184341299492,-0.275422449910205,-0.275609737386252,-0.275748011016895,-0.275839079254299,-0.275884744896573,-0.275886798780465,-0.27584701400859,-0.275767140724788,-0.275648901441148,-0.275493986911502,-0.275304052538771,-0.275080715297462,-0.274825551147701,-0.274540092913488,-0.274225828595136,-0.273884200084099,-0.27351660224743,-0.273124382348804,-0.272708839773384,-0.272271226024532,-0.271812744961529,-0.27133455324891,-0.270837760989628,-0.270323432516074,-0.269792587314845,-0.269246201063039,-0.268685206755805,-0.268110495906707,-0.26752291980433,-0.266923290810246,-0.266312383685166,-0.265690936931614,-0.265059654142928,-0.264419205349739,-0.263770228356296,-0.263113330060141,-0.262449087749651,-0.261778050374897,-0.261100739788094,-0.260417651950634,-0.25972925810439,-0.259036005905513,-0.258338320519483,-0.257636605676598,-0.256931244687476,-0.256222601418469,-0.255511021227178,-0.254796831858476,-0.254080344301661,-0.253361853609519,-0.252641639680207,-0.251919968002973,-0.251197090368808,-0.250473245547205,-0.249748659930208,-0.249023548144999,-0.248298113636271,-0.247572549219617,-0.246847037607205,-0.246121751906955,-0.245396856096426,-0.244672505472604,-0.243948847078741,-0.243226020109361,-0.242504156294525,-0.241783380264393,-0.241063809895084,-0.240345556636819,-0.239628725825241,-0.238913416976835,-0.238199724069248,-0.237487735807351,-0.236777535875784,-0.236069203178728,-0.235362812067574,-0.234658432557166,-0.233956130531221,-0.233255967937522,-0.232558002973437,-0.231862290262282,-0.23116888102104,-0.230477823219884,-0.229789161733961,-0.229102938487841,-0.22841919259304,-0.22773796047897,-0.227059276017671,-0.226383170642664,-0.225709673462217,-0.225038811367331,-0.224370609134709,-0.223705089524978,-0.223042273376404,-0.22238217969432,-0.221724825736502,-0.221070227094686,-0.220418397772414,-0.219769350259407,0,-0.0762425274265035,-0.0771819634972011,-0.0781651183388094,-0.0791858958219234,-0.0802420444159372,-0.081332481254034,-0.0824567704418061,-0.0836150025724266,-0.0848077042067041,-0.0860357362866166,-0.0873001981729549,-0.0886023507057481,-0.0899435617248026,-0.0913252713909339,-0.0927489723671493,-0.0942161997957438,-0.0957285267840943,-0.097287562106173,-0.0988949477410702,-0.100552354610394,-0.102261475440529,-0.104024014093533,-0.105841671018562,-0.10771612470726,-0.109649009217749,-0.111641887982238,-0.113696224245934,-0.115813348607962,-0.117994424252144,-0.120240410567052,-0.122552025958541,-0.124929710750014,-0.127373591140664,-0.129883445244287,-0.132458672255374,-0.135098265780064,-0.137800792323372,-0.140564375838588,-0.143386689119438,-0.146264952652159,-0.149195941347093,-0.152175999343706,-0.155201062837504,-0.158266690621828,-0.161368101783231,-0.164500219747713,-0.167657721658217,-0.170835091882131,-0.174026678310476,-0.177226750024848,-0.180429554878414,-0.183629375564702,-0.186820582830636,-0.189997684623785,-0.193155370140561,-0.196288547952921,-0.199392377625061,-0.202462294477225,-0.205494027399443,-0.208483609853039,-0.211427384412383,-0.214322001385687,-0.217164412205722,-0.219951858395164,-0.22268185698513,-0.225352183299555,-0.227960852014213,-0.230506097361023,-0.232986353280274,-0.23540023423114,-0.237746517260261,-0.240024125805475,-0.242232115583114,-0.244369662778378,-0.246436054634491,-0.248430682422098,-0.250353036669392,-0.252202704448606,-0.253979368447528,-0.255682807506474,-0.257312898271795,-0.258869617605459,-0.26035304539523,-0.261763367429218,-0.263100878029713,-0.264365982181438,-0.265559196935952,-0.26668115192406,-0.267732588859219,-0.268714359964882,-0.269627425305393,-0.270472849042186,-0.271251794673313,-0.27196551934427,-0.27261536734127,-0.273202762894641,-0.273729202430235,-0.274196246411082,-0.274605510910853,-0.274958659055607,-0.275257392461811,-0.275503442787425,-0.275698563499825,-0.275844521950131,-0.275943091828855,-0.275996046063119,-0.276005150201559,-0.27597215631966,-0.27589879746606,-0.275786782659318,-0.275637792434977,-0.275453474934488,-0.275235442520596,-0.274985268898194,-0.274704486715212,-0.274394585614869,-0.274057010708278,-0.27369316143504,-0.273304390778792,-0.27289200480469,-0.272457262486329,-0.272001375790573,-0.271525509990055,-0.271030784174656,-0.270518271934985,-0.269989002192738,-0.269443960154695,-0.268884088369053,-0.268310287864673,-0.267723419355703,-0.267124304495799,-0.266513727167895,-0.265892434797061,-0.265261139675518,-0.264620520290252,-0.263971222644966,-0.263313861569314,-0.262649022009391,-0.261977260294461,-0.261299105375771,-0.260615060034079,-0.259925602053207,-0.259231185357591,-0.258532241112278,-0.257829178784355,-0.257122387165161,-0.256412235353021,-0.255699073696512,-0.254983234698578,-0.254265033881959,-0.253544770616646,-0.252822728910191,-0.252099178161803,-0.251374373881295,-0.250648558373985,-0.249921961392723,-0.249194800758248,-0.248467282949097,-0.247739603662299,-0.247011948346091,-0.246284492705876,-0.245557403184628,-0.244830837418925,-0.244104944671775,-0.243379866243341,-0.242655735860664,-0.241932680047441,-0.24121081847485,-0.240490264294419,-0.239771124453859,-0.239053499996751,-0.238337486346955,-0.237623173578531,-0.236910646671973,-0.236199985757469,-0.2354912663459,-0.234784559548237,-0.234079932283961,-0.233377447479108,-0.232677164254494,-0.231979138104665,-0.231283421068051,-0.230590061888831,-0.229899106170927,-0.22921059652457,-0.228524572705822,-0.227841071749447,-0.227160128095464,-0.226481773709732,-0.22580603819888,-0.225132948919863,-0.224462531084447,-0.223794807858865,-0.2231298004589,-0.222467528240634,-0.221808008787071,-0.22115125799085,-0.22049729013324,-0.219846117959603,-0.219197752751496,0,-0.0787249160848642,-0.079650169820347,-0.0806353748873591,-0.0816679123622433,-0.0827423012592157,-0.0838555883524496,-0.0850062065972422,-0.086193560409839,-0.0874177553367231,-0.0886793840096551,-0.0899793630573298,-0.0913188183001099,-0.0926990099995133,-0.0941212877388944,-0.0955870652123937,-0.097097807097397,-0.0986550222258637,-0.100260259009805,-0.101915100411892,-0.10362115672218,-0.105380055086406,-0.107193425209916,-0.109062880998862,-0.110989998145957,-0.112976287856299,-0.115023167063137,-0.11713192561857,-0.119303691068123,-0.121539391733826,-0.123839718937133,-0.126205089287272,-0.128635608037413,-0.131131034564545,-0.133690751053167,-0.136313735452629,-0.138998539728999,-0.141743274342286,-0.144545599748215,-0.147402725552435,-0.150311417738287,-0.153268014153591,-0.156268448186237,-0.159308280293023,-0.162382736783079,-0.165486755008555,-0.168615033893185,-0.171762088545037,-0.174922307562544,-0.178090011559858,-0.181259511412827,-0.184425164761387,-0.187581429395747,-0.190722912297048,-0.193844413290479,-0.196940962489945,-0.200007850957217,-0.203040654252929,-0.206035248810051,-0.208987821301529,-0.211894871392896,-0.214753208459922,-0.217559943004911,-0.220312473619301,-0.223008470413173,-0.225645855864546,-0.228222784034993,-0.230737619056792,-0.233188913725294,-0.235575388933927,-0.237895914574386,-0.240149492397317,-0.242335241195258,-0.244452384535712,-0.246500241143201,-0.248478217909659,-0.250385805406341,-0.252222575680543,-0.25398818204866,-0.255682360544718,-0.257304932650419,-0.258855808918347,-0.26033499310291,-0.26174258643168,-0.263078791680747,-0.264343916758671,-0.265538377551756,-0.266662699835865,-0.267717520114111,-0.268703585293136,-0.269621751161152,-0.270472979676973,-0.271258335119434,-0.27197897918033,-0.272636165110649,-0.273231231049599,-0.273765592678772,-0.27424073535048,-0.274658205840317,-0.275019603870252,-0.275326573540916,-0.27558079480099,-0.27578397506864,-0.275937841105572,-0.276044131229086,-0.276104587932249,-0.276120950967308,-0.276094950933253,-0.276028303395262,-0.275922703551761,-0.275779821454257,-0.275601297775903,-0.275388740116993,-0.275143719829167,-0.274867769335039,-0.274562379916024,-0.274228999938351,-0.273869033485385,-0.273483839363321,-0.273074730447065,-0.272642973333322,-0.272189788268731,-0.271716349321991,-0.271223784770388,-0.270713177672774,-0.270185566602839,-0.26964194651842,-0.269083269744505,-0.268510447049521,-0.267924348796374,-0.26732580615156,-0.266715612337402,-0.26609452391414,-0.265463262080172,-0.264822513980178,-0.264172934012238,-0.263515145126248,-0.262849740107114,-0.262177282837204,-0.261498309533452,-0.260813329955362,-0.260122828580894,-0.259427265747842,-0.258727078758941,-0.258022682949401,-0.257314472716031,-0.256602822507509,-0.255888087775647,-0.255170605887818,-0.254450697000922,-0.253728664897491,-0.253004797784657,-0.252279369056885,-0.251552638023454,-0.25082485060174,-0.25009623997745,-0.249367027232966,-0.248637421945014,-0.247907622752859,-0.247177817898264,-0.246448185738412,-0.245718895233006,-0.244990106406722,-0.244261970788167,-0.243534631826483,-0.242808225286673,-0.242082879624712,-0.241358716343481,-0.240635850330471,-0.239914390178232,-0.23919443848845,-0.238476092160518,-0.237759442665431,-0.237044576305776,-0.236331574462573,-0.235620513829673,-0.234911466636377,-0.23420450085893,-0.233499680421474,-0.232797065387045,-0.232096712139149,-0.231398673554426,-0.230702999166883,-0.230009735324161,-0.229318925336247,-0.228630609617051,-0.227944825819223,-0.227261608962569,-0.226580991556406,-0.225903003716182,-0.22522767327464,-0.224555025887843,-0.223885085136289,-0.223217872621404,-0.222553408057619,-0.221891709360274,-0.221232792729549,-0.220576672730631,-0.219923362370284,-0.219272873170024,-0.218625215236044,0,-0.0811866152092936,-0.0821096470117808,-0.0831039080000111,-0.084152954383016,-0.0852489973550364,-0.0863876611629467,-0.0875665324870317,-0.0887845233351928,-0.0900414470970487,-0.0913377099165235,-0.092674095029198,-0.094051621351022,-0.0954714564996845,-0.0969348665681689,-0.0984431888068359,-0.0999978172410711,-0.101600194429357,-0.10325180492179,-0.104954167628415,-0.106708825426114,-0.10851733108161,-0.110381229069592,-0.112302033207173,-0.114281200269265,-0.116320099934019,-0.118419981558397,-0.120581938415799,-0.122806870147447,-0.125095444288298,-0.12744805782437,-0.129864799816734,-0.132345416182146,-0.134889277745031,-0.137495352664605,-0.140162184289819,-0.142887875400805,-0.1456700796581,-0.148506000902038,-0.151392400728894,-0.154325614524711,-0.157301575871504,-0.160315848964939,-0.163363668410013,-0.166439985504689,-0.169539519893419,-0.17265681528471,-0.175786297788803,-0.178922335350341,-0.182059296730522,-0.185191608534312,-0.18831380887826,-0.191420596447375,-0.194506873886966,-0.197567784706839,-0.200598743128803,-0.203595456571781,-0.206553940729751,-0.20947052744497,-0.212341865802745,-0.215164917066435,-0.217936944226666,-0.220655497053297,-0.223318393611111,-0.225923699231036,-0.228469703920265,-0.2309548991507,-0.233377954890468,-0.235737697643582,-0.238033090144108,-0.240263213219874,-0.242427250202815,-0.244524474124479,-0.246554237801318,-0.248515966789847,-0.250409155080467,-0.252233363303798,-0.253988219146802,-0.255673419619069,-0.257288734772602,-0.258834012460801,-0.260309183722711,-0.261714268395173,-0.263049380585726,-0.264314733680401,-0.265510644609807,-0.266637537151417,-0.267695944102725,-0.268686508216543,-0.269609981843808,-0.270467225279105,-0.271259203848243,-0.271986983814698,-0.272651727212042,-0.273254685732397,-0.273797193816762,-0.274280661102086,-0.274706564382986,-0.275076439243727,-0.275391871509419,-0.275654488655261,-0.275865951299896,-0.276027944894442,-0.276142171703214,-0.276210343156281,-0.276234172638233,-0.27621536876252,-0.276155629166528,-0.276056634849708,-0.27592004506547,-0.275747492767521,-0.27554058060263,-0.275300877434654,-0.275029915378846,-0.274729187320876,-0.274400144891683,-0.274044196866877,-0.273662707958013,-0.273256997962392,-0.272828341238058,-0.272377966471194,-0.271907056704119,-0.271416749593398,-0.270908137869136,-0.270382269968314,-0.269840150816837,-0.269282742736952,-0.268710966458566,-0.268125702214994,-0.267527790905459,-0.266918035308544,-0.266297201332463,-0.265666019289663,-0.265025185184768,-0.264375362006301,-0.263717181013889,-0.263051243013856,-0.262378119617202,-0.26169835447489,-0.26101246448631,-0.2603209409775,-0.259624250846464,-0.258922837673494,-0.258217122794983,-0.257507506339653,-0.25679436822656,-0.256078069124594,-0.255358951373456,-0.254637339866409,-0.253913542895269,-0.253187852958294,-0.2524605475318,-0.251731889806413,-0.251002129388977,-0.250271502971225,-0.249540234966341,-0.248808538114596,-0.248076614059257,-0.247344653893984,-0.246612838682907,-0.245881339954602,-0.245150320171126,-0.244419933173282,-0.24369032460324,-0.242961632305613,-0.24223398670805,-0.241507511182381,-0.240782322387296,-0.240058530593514,-0.239336239992355,-0.238615548988576,-0.237896550478325,-0.237179332112981,-0.236463976549656,-0.235750561689061,-0.235039160901434,-0.234329843241157,-0.233622673650694,-0.232917713154411,-0.232215019042839,-0.231514645047895,-0.23081664150954,-0.230121055534357,-0.229427931146458,-0.228737309431154,-0.228049228671762,-0.227363724479916,-0.226680829919732,-0.226000575626143,-0.225322989917711,-0.224648098904215,-0.223975926589265,-0.223306494968214,-0.222639824121604,-0.22197593230437,-0.221314836031013,-0.220656550156956,-0.220001087956255,-0.219348461195856,-0.218698680206562,-0.218051753950874,0,-0.0836217647828609,-0.0845561914655928,-0.0855675852125066,-0.0866385598086029,-0.0877600839954861,-0.0889269110023508,-0.090136131578655,-0.0913863951917453,-0.0926773696533388,-0.0940093643107731,-0.0953830816640131,-0.0967994634429103,-0.0982596007428036,-0.0997646844875461,-0.101315979351992,-0.102914809876826,-0.104562551579228,-0.106260622636153,-0.108010473537787,-0.109813573280815,-0.111671391421051,-0.113585375788841,-0.115556925991907,-0.117587363055451,-0.119677895719777,-0.121829584055997,-0.124043301183234,-0.126319693980842,-0.128659143785958,-0.131061728145873,-0.133527184750368,-0.136054878694548,-0.138643774211559,-0.14129241196195,-0.143998892869141,-0.146760869347833,-0.149575544586182,-0.152439680317938,-0.155349613264993,-0.158301280153797,-0.161290250922699,-0.164311769454612,-0.167360800904057,-0.170432084452873,-0.173520190136707,-0.176619578244606,-0.179724659713945,-0.182829855926202,-0.185929656356327,-0.189018672636284,-0.192091687755669,-0.195143699329796,-0.198169956107391,-0.201165987153422,-0.204127623415009,-0.207051011647048,-0.209932620927876,-0.212769242224027,-0.215557981658995,-0.218296248298243,-0.220981737378134,-0.223612409978636,-0.226186470169465,-0.228702340649186,-0.231158637850565,-0.233554147408155,-0.235887800781375,-0.238158653704285,-0.240365866998234,-0.242508690141634,-0.244586447848234,-0.246598529766758,-0.248544383285396,-0.250423509308376,-0.252235460771847,-0.253979843584854,-0.255656319619565,-0.257264611333727,-0.258804507586983,-0.260275870210219,-0.261678640901591,-0.263012848051994,-0.264278613143815,-0.265476156416842,-0.266605801551271,-0.267667979176912,-0.268663229077225,-0.269592201014389,-0.270455654155152,-0.271254455125226,-0.271989574761295,-0.272662083663707,-0.27327314667921,-0.273824016461956,-0.274316026272612,-0.274750582180553,-0.275129154833512,-0.275453270953556,-0.275724504708898,-0.27594446909862,-0.276114807472898,-0.276237185295483,-0.276313282238775,-0.276344784685398,-0.276333378694292,-0.276280743474298,-0.276188545394341,-0.276058432546869,-0.275892029870113,-0.275690934825305,-0.275456713616922,-0.275190897937489,-0.274894982213261,-0.274570421323143,-0.274218628760346,-0.273840975204411,-0.273438787470259,-0.273013347800576,-0.272565893468222,-0.272097616656109,-0.271609664583201,-0.271103139846767,-0.270579100952712,-0.270038563007637,-0.269482498548222,-0.26891183848545,-0.268327473143177,-0.267730253372431,-0.267120991724704,-0.266500463669253,-0.265869408841113,-0.265228532308093,-0.264578505846486,-0.26391996921659,-0.263253531430367,-0.262579772004697,-0.26189924219472,-0.26121246620268,-0.260519942358504,-0.259822144269111,-0.259119521934068,-0.258412502825823,-0.257701492933215,-0.256986877767431,-0.256269023329945,-0.255548277042292,-0.254824968637835,-0.2540994110159,-0.253371901058832,-0.252642720412737,-0.251912136232755,-0.251180401893834,-0.250447757668068,-0.249714431369704,-0.248980638968967,-0.24824658517589,-0.247512463995347,-0.246778459254484,-0.246044745103745,-0.245311486492665,-0.244578839621605,-0.243846952370547,-0.243115964706062,-0.24238600906752,-0.241657210733583,-0.240929688169973,-0.240203553359478,-0.239478912115122,-0.238755864377375,-0.23803450449625,-0.237314921499086,-0.23659719934479,-0.235881417165259,-0.235167649494672,-0.234455966487318,-0.233746434124564,-0.233039114411571,-0.232334065564297,-0.231631342187325,-0.230930995443001,-0.230233073212362,-0.229537620248294,-0.228844678321328,-0.228154286358478,-0.227466480575487,-0.226781294602834,-0.22609875960582,-0.225418904399064,-0.224741755555674,-0.224067337511396,-0.223395672663973,-0.222726781467981,-0.222060682525363,-0.221397392671866,-0.220736927059608,-0.22007929923595,-0.219424521218859,-0.218772603568938,-0.218123555458278,-0.217477384736286,0,-0.0860283810312242,-0.0869878423144621,-0.0880247314874279,-0.0891232758572287,-0.0902742331672572,-0.0914720779046396,-0.0927137866414368,-0.0939979899286394,-0.0953243594465228,-0.0966931957974839,-0.0981051708983248,-0.0995611771853189,-0.101062244579906,-0.102609497282828,-0.104204131957489,-0.105847405765098,-0.107540627329972,-0.109285146657723,-0.111082341857545,-0.112933601640625,-0.114840303253176,-0.116803785929756,-0.118825320229129,-0.120906073807418,-0.123047074330527,-0.12524917035087,-0.12751299108164,-0.129838906096752,-0.132226986062882,-0.134676965665626,-0.137188209917527,-0.139759685024624,-0.142389934934496,-0.14507706458892,-0.147818730757007,-0.150612141132107,-0.153454062142549,-0.15634083566051,-0.159268404505228,-0.162232346339129,-0.165227915261882,-0.16825009013249,-0.171293628406997,-0.174353124081826,-0.177423068190425,-0.180497910220946,-0.183572118809062,-0.186640240112695,-0.189696952390924,-0.192737115480702,-0.195755814082539,-0.198748394018331,-0.201710490897922,-0.204638050912599,-0.20752734375054,-0.210374967889637,-0.213177848757045,-0.215933230444466,-0.218638661827842,-0.221291978056722,-0.223891278450842,-0.226434901870579,-0.228921400616361,-0.231349513864055,-0.233718141563716,-0.236026319623697,-0.23827319707714,-0.240458015789496,-0.242580093120217,-0.244638807804865,-0.246633589181089,-0.248563909747913,-0.250429280926674,-0.252229251786973,-0.253963410414559,-0.255631387531693,-0.257232861934822,-0.25876756728917,-0.260235299814061,-0.261635926404821,-0.262969392764647,-0.264235731160244,-0.265435067465421,-0.266567627214087,-0.267633740445276,-0.268633845185097,-0.26956848947127,-0.27043833188314,-0.271244140591835,-0.271986790990436,-0.272667262001765,-0.273286631191207,-0.273846068834023,-0.274346831100989,-0.274790252533643,-0.27517773798166,-0.275510754170721,-0.275790821060784,-0.276019503142735,-0.276198400807027,-0.276329141901887,-0.276413373581809,-0.27645275453001,-0.276448947621794,-0.276403613079874,-0.276318402157929,-0.276194951375189,-0.276034877312923,-0.275839771973274,-0.275611198692063,-0.275350688589821,-0.275059737539439,-0.274739803624216,-0.274392305056716,-0.274018618526528,-0.273620077943627,-0.27319797354343,-0.272753551319711,-0.272288012752155,-0.271802514796346,-0.271298170105399,-0.270776047454039,-0.270237172337748,-0.269682527721515,-0.269113054914669,-0.268529654550264,-0.267933187649445,-0.267324476753099,-0.266704307104933,-0.266073427871864,-0.265432553389206,-0.2647823644197,-0.264123509416819,-0.263456605784085,-0.262782241123336,-0.262100974465926,-0.261413337481864,-0.260719835662736,-0.260020949475031,-0.25931713548124,-0.258608827426634,-0.257896437290228,-0.257180356298886,-0.256460955903908,-0.25573858871984,-0.255013589425493,-0.254286275627465,-0.253556948686616,-0.252825894508184,-0.252093384296326,-0.251359675273997,-0.250625011369195,-0.249889623868637,-0.249153732039998,-0.248417543723871,-0.247681255896645,-0.246945055205476,-0.246209118476552,-0.245473613197824,-0.244738697977366,-0.244004522978508,-0.243271230332843,-0.242538954532195,-0.241807822800585,-0.241077955447216,-0.240349466201431,-0.23962246253059,-0.238897045941751,-0.238173312268012,-0.237451351940324,-0.236731250245557,-0.236013087571551,-0.235296939639857,-0.23458287772683,-0.233870968873709,-0.233161276086277,-0.232453858524666,-0.231748771683845,-0.231046067565285,-0.2303457948403,-0.229647999005476,-0.228952722530655,-0.228260004999838,-0.227569883245405,-0.226882391475992,-0.22619756139838,-0.225515422333684,-0.224836001328159,-0.224159323258897,-0.223485410934671,-0.222814285192189,-0.222145964987967,-0.221480467486074,-0.220817808141924,-0.220158000782327,-0.21950105768199,-0.218846989636619,-0.218195806032807,-0.217547514914853,-0.216902123048659,0,-0.0884082062961305,-0.0894047680897918,-0.0904750795670037,-0.0916066221850816,-0.0927908078118139,-0.0940224084768012,-0.0952986645440301,-0.0966184215904184,-0.09798149244196,-0.0993882462217519,-0.100839366612401,-0.102335719873627,-0.103878287724564,-0.105468135331113,-0.107106396077949,-0.108794262417403,-0.110532976827228,-0.112323819750591,-0.114168093058611,-0.11606709854402,-0.118022111518395,-0.120034349921551,-0.122104939564069,-0.124234876272239,-0.126424985821347,-0.128675882643486,-0.130987928384318,-0.133361191457185,-0.135795408796399,-0.138289951036617,-0.140843792333884,-0.143455485989673,-0.146123146937318,-0.148844441999271,-0.151616588624862,-0.154436362577,-0.157300114760371,-0.160203797084441,-0.163142996945021,-0.166112979603034,-0.169108737453635,-0.172125044927486,-0.175156517562033,-0.178197673634579,-0.181242996668359,-0.18428699711141,-0.187324271545667,-0.190349557906387,-0.193357785372276,-0.196344117814222,-0.199303989952922,-0.20223313565939,-0.205127608123427,-0.207983791900442,-0.210798407114472,-0.213568506334825,-0.216291464847469,-0.218964965204733,-0.221586977054873,-0.224155733325803,-0.226669703865923,-0.229127567632364,-0.23152818446729,-0.233870567421294,-0.236153856475215,-0.238377294384101,-0.240540205225727,-0.242641976087262,-0.244682042173146,-0.24665987547039,-0.248574976969103,-0.250426872310266,-0.252215110622867,-0.253939266221093,-0.255598942760956,-0.257193779405378,-0.258723458517263,-0.260187714390689,-0.261586342539486,-0.262919209087998,-0.264186259848175,-0.265387528717396,-0.266523145089534,-0.267593340034588,-0.268598451066961,-0.269538925386237,-0.270415321535014,-0.271228309473916,-0.271978669122944,-0.272667287459859,-0.273295154299791,-0.273863356905535,-0.274373073595391,-0.274825566525298,-0.275222173825268,-0.275564301267528,-0.275853413636371,-0.276091025958438,-0.276278694738033,-0.276418009325962,-0.276510583533174,-0.276558047582837,-0.276562040477049,-0.276524202837589,-0.276446170264448,-0.276329567241428,-0.276176001605236,-0.275987059583177,-0.275764301394821,-0.275509257404913,-0.275223424808155,-0.274908264821276,-0.274565200353855,-0.274195614126562,-0.27380084720369,-0.273382197905909,-0.272940921068967,-0.272478227614477,-0.271995284399774,-0.271493214315133,-0.270973096598149,-0.270435967336869,-0.269882820135131,-0.269314606915547,-0.268732238837567,-0.268136587310038,-0.267528485079616,-0.266908727378276,-0.266278073114936,-0.265637246097912,-0.264986936276513,-0.264327800991538,-0.263660466225809,-0.262985527847112,-0.262303552837053,-0.261615080500358,-0.260920623650082,-0.260220669764997,-0.259515682116178,-0.258806100860472,-0.258092344099063,-0.257374808899906,-0.256653872283186,-0.255929892169374,-0.255203208289749,-0.254474143059539,-0.253743002414075,-0.253010076608526,-0.252275640981949,-0.251539956686526,-0.25080327138295,-0.250065819903004,-0.249327824880429,-0.248589497351245,-0.247851037324662,-0.247112634325802,-0.246374467911385,-0.245636708159572,-0.244899516135127,-0.244163044331043,-0.243427437087736,-0.242692830990913,-0.241959355249153,-0.24122713205222,-0.240496276911103,-0.2397668989807,-0.239039101366084,-0.238312981413177,-0.23758863098469,-0.236866136722093,-0.236145580294382,-0.235427038634335,-0.23471058416295,-0.233996285002694,-0.233284205180171,-0.232574404818791,-0.231866940321967,-0.231161864547366,-0.230459226972696,-0.229759073853473,-0.229061448373219,-0.228366390786477,-0.227673938555038,-0.226984126477742,-0.226296986814178,-0.225612549402619,-0.224930841772487,-0.224251889251626,-0.223575715068666,-0.222902340450707,-0.222231784716579,-0.221564065365898,-0.220899198164118,-0.220237197223785,-0.219578075082186,-0.218921842775555,-0.218268509910011,-0.217618084729391,-0.216970574180104,-0.216325983973176,0,-0.0907657920672178,-0.091808963557219,-0.0929196096843187,-0.0940889830718764,-0.0953097855782871,-0.0965776027458458,-0.0978902796892806,-0.099247078882244,-0.100648065662357,-0.102093736315692,-0.103584816627728,-0.105122162868227,-0.106706718066276,-0.108339494708168,-0.110021567430422,-0.111754066898954,-0.113538170473392,-0.115375087720041,-0.117266040184847,-0.119212235565256,-0.121214836812897,-0.123274926918252,-0.125393470262837,-0.127571271520874,-0.129808933173425,-0.132106812770947,-0.134464981143719,-0.1368831828069,-0.139360799829155,-0.141896820421401,-0.144489813447266,-0.147137909953586,-0.14983879266507,-0.152589694183306,-0.155387404381307,-0.158228287199145,-0.16110830673556,-0.164023062208478,-0.166967831039928,-0.169937619023676,-0.172927216272655,-0.175931257431661,-0.178944284489918,-0.181960810445859,-0.184975382066434,-0.187982640045233,-0.190977374993175,-0.193954577884522,-0.196909483818526,-0.199837608229971,-0.202734774976145,-0.205597136028793,-0.208421182793801,-0.211203749356358,-0.213942008194953,-0.216633459115784,-0.219275912324656,-0.221867466673215,-0.224406484189821,-0.226891562033831,-0.229321502998624,-0.231695285637671,-0.234012035004644,-0.236270994888822,-0.238471502297069,-0.240612964789774,-0.242694841126244,-0.244716625521241,-0.246677835663649,-0.248578004505742,-0.250416675701172,-0.25219340245507,-0.25390774945326,-0.255559297461269,-0.257147650128578,-0.258672442499634,-0.260133350719723,-0.26153010242971,-0.262862487366736,-0.2641303677258,-0.265333687886881,-0.266472483170757,-0.267546887350874,-0.268557138715442,-0.269503584540575,-0.270386683899302,-0.271207008790509,-0.271965243624776,-0.272662183149456,-0.27329872893255,-0.273875884553694,-0.274394749671004,-0.274856513145176,-0.275262445407603,-0.275613890258463,-0.275912256274523,-0.276159007995952,-0.276355657047667,-0.276503753334705,-0.276604876433582,-0.276660627283498,-0.276672620263052,-0.276642475720611,-0.276571813009769,-0.276462244066082,-0.276315367547316,-0.276132763547287,-0.275915988882702,-0.275666572943513,-0.275386014089891,-0.27507577657305,-0.274737287952595,-0.274371936979795,-0.273981071913914,-0.273565999237456,-0.273127982735705,-0.272668242906067,-0.272187956663451,-0.271688257309069,-0.271170234731475,-0.270634935810372,-0.270083364995594,-0.269516485035631,-0.268935217832066,-0.268340445398331,-0.267733010903169,-0.267113719781105,-0.266483340894079,-0.26584260773016,-0.265192219626876,-0.264532843008251,-0.26386511262605,-0.263189632797022,-0.262506978629151,-0.261817697230966,-0.261122308898956,-0.260421308279014,-0.259715165498581,-0.259004327266894,-0.25828921794131,-0.257570240558248,-0.256847777827714,-0.256122193090835,-0.255393831240106,-0.25466301960241,-0.253930068785087,-0.253195273485538,-0.252458913265043,-0.251721253287593,-0.250982545024659,-0.250243026926907,-0.249502925063933,-0.248762453733139,-0.248021816038916,-0.247281204443294,-0.246540801289247,-0.245800779297833,-0.245061302040327,-0.244322524386495,-0.243584592930138,-0.242847646393001,-0.242111816008097,-0.24137722588349,-0.240643993347517,-0.239912229276417,-0.239182038405255,-0.238453519623057,-0.237726766252947,-0.237001866318124,-0.236278902794411,-0.235557953850115,-0.234839093073871,-0.23412238969113,-0.233407908769905,-0.232695711416348,-0.231985854960727,-0.231278393134302,-0.230573376237616,-0.229870851300642,-0.229170862235237,-0.228473449980314,-0.227778652640119,-0.227086505615975,-0.22639704173185,-0.22571029135406,-0.22502628250542,-0.224345040974138,-0.223666590417708,-0.222990952462071,-0.222318146796274,-0.221648191262867,-0.220981101944236,-0.220316893245088,-0.219655577971266,-0.218997167405079,-0.218341671377313,-0.217689098336092,-0.217039455412716,-0.216392748484647,-0.215748982235755,0,-0.0931073733404866,-0.0942038206549282,-0.0953603036002224,-0.0965714428332928,-0.0978316458192427,-0.0991377368823068,-0.100488440856947,-0.101883587560818,-0.103323569222212,-0.104809043608046,-0.106340794265158,-0.107919675593507,-0.109546597522816,-0.111222524649946,-0.112948476985749,-0.114725526329181,-0.116554785918759,-0.118437392854203,-0.120374483680433,-0.122367163946934,-0.124416472745308,-0.126523343315148,-0.128688560857884,-0.130912718739479,-0.133196174305612,-0.135539005575445,-0.137940970114411,-0.140401467401597,-0.142919505991811,-0.145493676716235,-0.148122133061101,-0.150802579707319,-0.153532270005475,-0.156308012904668,-0.159126189558546,-0.161982779509714,-0.164873396018978,-0.167793329775179,-0.17073759991155,-0.173701010982072,-0.176678214330742,-0.179663772129771,-0.18265222227762,-0.185638142338226,-0.188616210768411,-0.19158126381628,-0.194528346671039,-0.197452757692227,-0.200350084830235,-0.20321623365513,-0.206047446722319,-0.208840314307129,-0.211591776823522,-0.214299119494259,-0.216959960053039,-0.219572230428102,-0.222134153478673,-0.224644215930032,-0.227101138681602,-0.22950384564833,-0.231851432243525,-0.234143134526476,-0.236378299926629,-0.23855636032404,-0.240676808119501,-0.242739175773207,-0.244743019133843,-0.24668790472582,-0.248573401015894,-0.250399073545707,-0.252164483697344,-0.253869190757657,-0.255512756865736,-0.25709475436769,-0.258614775064226,-0.260072440818897,-0.261467414997077,-0.262799414226053,-0.264068220002472,-0.265273689722175,-0.266415766765933,-0.267494489339803,-0.268509997837441,-0.269462540560921,-0.270352477703786,-0.271180283562862,-0.271946547002054,-0.272651970240683,-0.273297366079861,-0.273883653712787,-0.274411853288556,-0.274883079414504,-0.275298533789943,-0.27565949716517,-0.275967320814899,-0.276223417705719,-0.276429253523992,-0.27658633771468,-0.276696214663934,-0.276760455139692,-0.276780648085758,-0.276758392846456,-0.276695291881431,-0.276592944013894,-0.276452938240782,-0.27627684812012,-0.276066226739372,-0.275822602258754,-0.275547474015354,-0.275242309167281,-0.274908539851944,-0.274547560828673,-0.274160727573263,-0.273749354790285,-0.273314715308262,-0.272858039322667,-0.272380513952257,-0.271883283075234,-0.271367447413079,-0.270834064831547,-0.270284150830165,-0.269718679193508,-0.269138582779562,-0.268544754422549,-0.267938047929588,-0.267319279152554,-0.266689227118406,-0.266048635203044,-0.265398212335484,-0.264738634220713,-0.26407054457108,-0.263394556337431,-0.262711252932447,-0.262021189439771,-0.261324893803536,-0.260622867993826,-0.259915589144424,-0.25920351065993,-0.258487063289976,-0.257766656168841,-0.257042677819252,-0.256315497119598,-0.255585464234147,-0.254852911506181,-0.254118154314224,-0.253381491891779,-0.252643208111153,-0.251903572232136,-0.251162839616398,-0.250421252408575,-0.249679040185098,-0.248936420571854,-0.248193599831843,-0.247450773423965,-0.246708126534141,-0.245965834579926,-0.24522406368979,-0.244482971158208,-0.243742705877712,-0.243003408748976,-0.24226521307003,-0.241528244905642,-0.240792623437846,-0.240058461298614,-0.239325864885574,-0.238594934661672,-0.23786576543963,-0.237138446651996,-0.236413062607572,-0.235689692734944,-0.234968411813813,-0.234249290194787,-0.233532394008261,-0.232817785362976,-0.232105522534818,-0.231395660146381,-0.230688249337808,-0.229983337929365,-0.229280970576196,-0.228581188915695,-0.227884031707864,-0.227189534969055,-0.22649773209942,-0.225808654004428,-0.22512232921074,-0.224438783976738,-0.223758042397987,-0.223080126507897,-0.222405056373809,-0.221732850188758,-0.221063524359112,-0.220397093588306,-0.219733570956849,-0.219072967998801,-0.218415294774875,-0.217760559942344,-0.217108770821883,-0.216459933461514,-0.215814052697772,-0.215171132214227,0,-0.0954400167835951,-0.0965936451476882,-0.0977998432977834,-0.0990555827899524,-0.100357232253541,-0.101703170261814,-0.103093187130005,-0.104527764442083,-0.106007651440283,-0.107533674421236,-0.109106674835169,-0.110727505254959,-0.112397044358531,-0.114116212177245,-0.11588597775016,-0.117707356714382,-0.119581398834512,-0.121509166506386,-0.123491705633947,-0.125530010355371,-0.127624983068,-0.129777391154044,-0.131987821774466,-0.134256636085458,-0.13658392423608,-0.138969462515533,-0.141412674019674,-0.143912594184052,-0.146467842471719,-0.149076601398341,-0.151736603918896,-0.154445129988132,-0.157199012844881,-0.15999465526624,-0.16282805570409,-0.165694843868533,-0.168590324978076,-0.171509531572835,-0.174447281501951,-0.177398240465526,-0.180356987327042,-0.183318080322968,-0.186276122286248,-0.189225823068779,-0.192162057489824,-0.195079917343276,-0.197974756254452,-0.200842226472131,-0.203678306998153,-0.20647932277937,-0.209241955000394,-0.211963242807365,-0.214640577052212,-0.217271686865575,-0.219854620039392,-0.222387718324513,-0.224869588824417,-0.227299072694933,-0.229675212345386,-0.231997218283479,-0.234264436660033,-0.236476318456509,-0.23863239112431,-0.240732233336318,-0.242775453354163,-0.244761671354833,-0.246690505902859,-0.248561564604067,-0.250374438838023,-0.252128702342283,-0.253823913315318,-0.255459619618532,-0.257035366592492,-0.258550706958916,-0.260005212257756,-0.261398485267034,-0.262730172870089,-0.263999978868484,-0.265207676286149,-0.266353118768499,-0.267436250746004,-0.268457116101819,-0.26941586515463,-0.270312759837966,-0.271148177023506,-0.271922609996377,-0.272636668143654,-0.273291074962109,-0.273886664527355,-0.27442437659361,-0.274905250511809,-0.27533041816417,-0.275701096116443,-0.276018577185954,-0.276284221615105,-0.276499448027531,-0.276665724328405,-0.276784558692727,-0.276857490766446,-0.276886083185946,-0.276871913502267,-0.276816566578075,-0.276721627508154,-0.276588675098441,-0.27641927592443,-0.276214978977392,-0.275977310896148,-0.27570777177319,-0.275407831516609,-0.275078926743497,-0.274722458176077,-0.274339788508627,-0.273932240711205,-0.273501096735027,-0.273047596583988,-0.272572937717146,-0.272078274747793,-0.271564719406021,-0.271033340733216,-0.270485165478748,-0.269921178671047,-0.269342324337293,-0.268749506348021,-0.268143589365016,-0.267525399872877,-0.266895727276604,-0.266255325049413,-0.265604911916775,-0.264945173064302,-0.264276761358666,-0.263600298572152,-0.262916376602746,-0.262225558682846,-0.261528380570771,-0.260825351720195,-0.260116956423506,-0.259403654925879,-0.258685884507502,-0.257964060532024,-0.257238577459822,-0.256509809825109,-0.255778113176348,-0.255043824979747,-0.254307265485896,-0.253568738559881,-0.252828532475378,-0.252086920673423,-0.251344162486685,-0.250600503830167,-0.249856177859351,-0.249111405596886,-0.248366396528916,-0.247621349172228,-0.246876451613372,-0.246131882020944,-0.245387809132184,-0.244644392715065,-0.243901784006986,-0.243160126131209,-0.242419554492091,-0.241680197150191,-0.240942175178239,-0.240205602998962,-0.239470588705701,-0.238737234366715,-0.238005636314036,-0.237275885417699,-0.23654806734612,-0.235822262813383,-0.235098547814126,-0.234376993846706,-0.233657668125283,-0.232940633781415,-0.232225950055736,-0.231513672480269,-0.230803853051855,-0.230096540397204,-0.229391779930005,-0.228689614000529,-0.227990082038118,-0.227293220686946,-0.226599063935412,-0.225907643239487,-0.225218987640344,-0.224533123876563,-0.22385007649119,-0.22316986793392,-0.222492518658645,-0.221818047216603,-0.221146470345351,-0.220477803053769,-0.219812058703285,-0.219149249085515,-0.218489384496482,-0.217832473807583,-0.21717852453346,-0.216527542896921,-0.215879533891039,-0.215234501338575,-0.214592447948841,0,-0.0977707616840968,-0.0989831793371303,-0.100241285548262,-0.101543260189354,-0.102887605076551,-0.104274446003095,-0.105704718881478,-0.107179566962984,-0.108700079710961,-0.110267231886546,-0.111881908546887,-0.113544953491006,-0.115257213007806,-0.117019564791007,-0.118832930133617,-0.120698270807115,-0.122616573065331,-0.124588821323984,-0.126615963859754,-0.12869887260281,-0.130838298860911,-0.133034826640248,-0.135288825117322,-0.137600401753895,-0.139969357514325,-0.142395145620544,-0.144876835244382,-0.147413081472131,-0.150002102768444,-0.152641667007117,-0.155329086921663,-0.158061225561367,-0.160834512026336,-0.163644967410416,-0.166488240519594,-0.169359652574039,-0.172254249763407,-0.175166862226034,-0.178092167779809,-0.181024758559162,-0.183959208617896,-0.186890140545809,-0.189812289217548,-0.192720560939343,-0.195610086473465,-0.198476266688345,-0.201314809888826,-0.204121760209648,-0.206893516789406,-0.209626843766649,-0.212318871441002,-0.214967089209203,-0.217569331110732,-0.220123754994876,-0.222628816448326,-0.225083238699603,-0.227485979745972,-0.229836197933736,-0.232133217168797,-0.234376492846997,-0.236565579478996,-0.23870010084874,-0.240779723394066,-0.242804133338715,-0.244773017942537,-0.246686051076216,-0.248542883173138,-0.250343135468147,-0.252086398304527,-0.253772233179449,-0.255400178106659,-0.256969755804689,-0.258480484170215,-0.259931888469276,-0.261323514673008,-0.262654943378061,-0.263925803782632,-0.265135787234603,-0.266284659925631,-0.267372274370949,-0.268398579385984,-0.26936362834441,-0.270267585575126,-0.271110730825244,-0.27189346178032,-0.272616294690183,-0.273279863197493,-0.273884915506065,-0.274432310056639,-0.274923009899457,-0.275358075966164,-0.27573865944897,-0.276065993493625,-0.276341384405694,-0.276566202557897,-0.276741873171076,-0.276869867123677,-0.27695169192543,-0.276988882971047,-0.276982995169919,-0.276935595028589,-0.276848253244604,-0.276722537853641,-0.276560007956635,-0.276362208040308,-0.276130662892879,-0.275866873106978,-0.275572311153674,-0.275248418005056,-0.274896600277796,-0.274518227866439,-0.274114632032642,-0.273687103915089,-0.273236893424169,-0.27276520848556,-0.272273214597552,-0.271762034668052,-0.271232749098684,-0.270686396085165,-0.270123972105052,-0.269546432565985,-0.268954692589655,-0.268349627908826,-0.267732075856798,-0.267102836430719,-0.266462673412081,-0.265812315529554,-0.265152457651047,-0.26448376199348,-0.263806859340226,-0.263122350257564,-0.262430806302714,-0.261732771217157,-0.261028762099967,-0.260319270556787,-0.259604763820906,-0.258885685843611,-0.258162458351622,-0.257435481870002,-0.256705136709374,-0.255971783916758,-0.255235766189661,-0.254497408753379,-0.253757020201737,-0.253014893301707,-0.252271305762526,-0.251526520970088,-0.250780788687502,-0.250034345722807,-0.249287416564887,-0.248540213988715,-0.247792939631058,-0.247045784537803,-0.246298929684098,-0.245552546468452,-0.244806797181981,-0.244061835453925,-0.243317806674568,-0.242574848396646,-0.241833090716303,-0.241092656634633,-0.240353662400778,-0.239616217837554,-0.238880426650494,-0.238146386721211,-0.237414190385882,-0.236683924699679,-0.235955671687876,-0.235229508584374,-0.234505508058309,-0.233783738429399,-0.233064263872641,-0.232347144612932,-0.231632437110169,-0.230920194235333,-0.230210465438062,-0.229503296906155,-0.228798731717452,-0.228096809984497,-0.227397568992358,-0.226701043329991,-0.226007265015457,-0.225316263615343,-0.224628066358668,-0.223942698245571,-0.223260182151048,-0.222580538923978,-0.221903787481695,-0.221229944900317,-0.220559026501038,-0.219891045932603,-0.219226015250123,-0.218563944990439,-0.21790484424417,-0.217248720724626,-0.216595580833725,-0.215945429725047,-0.215298271364175,-0.214654108586429,-0.214012943152123,0,-0.100106001198434,-0.101377171725168,-0.10268774103897,-0.10403638954758,-0.105423896281192,-0.106852193870064,-0.108323329499349,-0.109839042003177,-0.111400699683797,-0.113009381862957,-0.114665991335574,-0.116371351219765,-0.118126272495694,-0.119931592193837,-0.121788186737305,-0.123696965707934,-0.125658850765954,-0.127674743624393,-0.129745486223285,-0.131871815661327,-0.134054316024542,-0.136293368973607,-0.138589104778396,-0.140941355384704,-0.143349611031549,-0.145812981878696,-0.148330166028468,-0.150899425214262,-0.153518569267484,-0.156184950258543,-0.158895466936569,-0.161646579773403,-0.164434336562279,-0.167254408147091,-0.170102133483334,-0.172972572877255,-0.175860567935303,-0.178760806499566,-0.181667890660799,-0.18457640583888,-0.187480988905732,-0.190376393397265,-0.19325755001291,-0.196119620823529,-0.19895804588696,-0.201768581289019,-0.204547327968953,-0.207290751035036,-0.209995689611943,-0.212659357573053,-0.215279335786364,-0.217853556734199,-0.220380282548961,-0.222858077637698,-0.225285777147241,-0.227662452551787,-0.229987375629776,-0.232259982042226,-0.23447983563604,-0.236646594479634,-0.238759979500833,-0.240819746444601,-0.242825661706756,-0.244777482434896,-0.246674941124495,-0.248517734781085,-0.25030551857284,-0.252037903765142,-0.253714459612985,-0.25533471879051,-0.256898185861339,-0.258404348239478,-0.259852689058689,-0.261242701357611,-0.2625739029975,-0.263845851757054,-0.265058160092172,-0.266210509104588,-0.267302661329089,-0.268334472021136,-0.269305898701997,-0.270217008793825,-0.2710679852499,-0.271859130152999,-0.272590866315842,-0.273263736970359,-0.273878403676273,-0.274435642613897,-0.274936339451042,-0.275381482990055,-0.275772157808897,-0.276109536110777,-0.276394868991248,-0.276629477320976,-0.276814742427729,-0.276952096743647,-0.277043014564449,-0.27708900304699,-0.277091593551016,-0.277052333411024,-0.276972778205003,-0.276854484569175,-0.276699003591721,-0.276507874804146,-0.276282620776435,-0.276024742311493,-0.275735714225482,-0.275416981693475,-0.275069957134213,-0.274696017603507,-0.274296502662877,-0.273872712688111,-0.273425907581468,-0.272957305851104,-0.272468084021742,-0.271959376341607,-0.271432274752031,-0.270887829087812,-0.270327047478317,-0.269750896921347,-0.269160304003893,-0.268556155746039,-0.267939300546399,-0.267310549209515,-0.266670676037642,-0.266020419971248,-0.265360485764309,-0.26469154518219,-0.264014238211398,-0.263329174271976,-0.262636933424549,-0.261938067565265,-0.261233101602922,-0.260522534613533,-0.25980684096846,-0.259086471432981,-0.258361854232859,-0.257633396087066,-0.256901483205317,-0.256166482249554,-0.255428741258873,-0.254688590537732,-0.253946343507582,-0.25320229752226,-0.252456734647709,-0.251709922406745,-0.250962114489722,-0.250213551432043,-0.249464461259557,-0.248715060102924,-0.247965552782095,-0.247216133362057,-0.246466985681015,-0.245718283852185,-0.244970192740371,-0.244222868414469,-0.243476458577025,-0.242731102971962,-0.241986933771532,-0.241244075943548,-0.240502647599881,-0.239762760327199,-0.239024519500872,-0.238288024582921,-0.237553369404867,-0.236820642436284,-0.236089927039821,-0.235361301713436,-0.234634840320514,-0.233910612308553,-0.233188682917019,-0.232469113374965,-0.231751961088982,-0.231037279821984,-0.230325119863354,-0.229615528190885,-0.228908548624987,-0.228204221975554,-0.227502586181897,-0.226803676446098,-0.226107525360149,-0.225414163027186,-0.224723617177132,-0.224035913277045,-0.223351074636432,-0.22266912250779,-0.221990076182622,-0.221313953083141,-0.220640768849889,-0.219970537425467,-0.219303271134568,-0.218638980760485,-0.217977675618276,-0.217319363624735,-0.216664051365321,-0.216011744158192,-0.215362446115467,-0.214716160201866,-0.214072888290812,-0.21343263121815,0,-0.102451205601,-0.103780012457411,-0.105142082318344,-0.106536745212928,-0.107967180637016,-0.109437043313031,-0.110949342693864,-0.11250627712046,-0.11410939497509,-0.115759818477097,-0.117458435036127,-0.119206032918877,-0.121003384545351,-0.122851287992738,-0.12475057738486,-0.126702110907063,-0.128706743098513,-0.130765286384,-0.132878465578698,-0.135046868254906,-0.137270893302836,-0.139550699664162,-0.141886156999947,-0.144276799919624,-0.14672178730088,-0.149219868136276,-0.151769355223842,-0.154368107856817,-0.157013524451371,-0.159702545778231,-0.162431669139627,-0.165196973468584,-0.167994154940072,-0.170818572293138,-0.173665300691497,-0.176529192618753,-0.179404944032581,-0.18228716380561,-0.18517044437011,-0.188049431464268,-0.190918890949255,-0.193773770822387,-0.196609256781598,-0.19942081998549,-0.20220425598415,-0.204955714150512,-0.207671717301979,-0.210349171550593,-0.21298536674269,-0.215577968133926,-0.218125000184508,-0.220624823547057,-0.223076106453688,-0.225477791790092,-0.227829061175307,-0.230129297350826,-0.232378046127228,-0.234574979046689,-0.236719857802116,-0.238812501314596,-0.240852756216641,-0.242840471325306,-0.244775476522031,-0.246657566290117,-0.248486488000686,-0.250261934887687,-0.25198354351582,-0.253650895424833,-0.255263522532216,-0.256820915795458,-0.258322536575856,-0.259767830108833,-0.261156240470322,-0.262487226434076,-0.263760277638874,-0.264974930525341,-0.266130783556571,-0.267227511301916,-0.26826487703587,-0.269242743580639,-0.270161082198618,-0.271019979416699,-0.27181964173561,-0.272560398242281,-0.273242701200051,-0.273867124739277,-0.274434361809098,-0.274945219579662,-0.275400613503379,-0.275801560254293,-0.276149169767478,-0.276444636596413,-0.276689230796743,-0.276884288530913,-0.277031202570939,-0.277131412857162,-0.27718639725015,-0.277197662591858,-0.277166736171347,-0.277095157670409,-0.2769844716458,-0.27683622058765,-0.276651938578333,-0.276433145562609,-0.276181342228295,-0.275898005487029,-0.275584584536748,-0.275242497481206,-0.274873128477047,-0.274477825375495,-0.274057897823412,-0.273614615787184,-0.273149208462471,-0.27266286353308,-0.272156726743113,-0.271631901747749,-0.271089450209682,-0.27053039211009,-0.269955706245007,-0.269366330880134,-0.268763164539247,-0.268147066903548,-0.267518859801388,-0.266879328269874,-0.266229221671788,-0.265569254853117,-0.264900109328228,-0.264222434481306,-0.263536848774195,-0.262843940952126,-0.262144271240042,-0.261438372523392,-0.260726751508244,-0.260009889856495,-0.259288245292741,-0.25856225268011,-0.257832325062972,-0.25709885467499,-0.256362213911467,-0.25562275626535,-0.254880817226603,-0.254136715144976,-0.253390752056429,-0.252643214473723,-0.25189437414181,-0.251144488758859,-0.250393802663809,-0.249642547491476,-0.248890942796276,-0.2481391966457,-0.247387506184671,-0.246636058171982,-0.245885029489964,-0.245134587628571,-0.244384891145035,-0.243636090100228,-0.242888326472854,-0.242141734552532,-0.241396441312855,-0.240652566765405,-0.239910224295725,-0.239169520982183,-0.23843055789862,-0.237693430401647,-0.236958228403416,-0.236225036630637,-0.235493934870594,-0.234764998204852,-0.234038297231345,-0.233313898275448,-0.232591863590665,-0.231872251549478,-0.23115511682489,-0.230440510563185,-0.229728480548368,-0.229019071358726,-0.228312324515955,-0.227608278627232,-0.226906969520613,-0.226208430374112,-0.225512691838792,-0.224819782156176,-0.224129727270283,-0.223442550934551,-0.222758274813919,-0.222076918582311,-0.221398500015749,-0.220723035081314,-0.220050538022162,-0.219381021438788,-0.218714496366715,-0.218050972350781,-0.217390457516196,-0.2167329586365,-0.216078481198595,-0.215427029464954,-0.214778606533166,-0.214133214392923,-0.21349085398056,-0.212851525231274,0,-0.104810843786194,-0.106195436227797,-0.107606699875772,-0.109045800889857,-0.110518372337929,-0.112029552598528,-0.113583058985259,-0.11518135657004,-0.116826049176319,-0.118518230748447,-0.120258738194955,-0.122048311501243,-0.123887682411188,-0.125777612292616,-0.127718895173141,-0.12971233740913,-0.131758722008541,-0.133858763245725,-0.136013055628622,-0.138222020261857,-0.140485851008955,-0.142804462463103,-0.145177441495382,-0.147604003993407,-0.150082958279837,-0.152612676570091,-0.155191075664481,-0.157815607854867,-0.160483262753358,-0.163190580423044,-0.165933675818833,-0.168708274146962,-0.17150975634572,-0.174333213500509,-0.177173508656626,-0.18002534420414,-0.182883332797994,-0.185742069655056,-0.188596204044282,-0.191440507856093,-0.194269939296431,-0.197079699988188,-0.199865284062368,-0.202622518165171,-0.205347591675875,-0.208037076804615,-0.210687938601391,-0.213297535242458,-0.215863609255617,-0.218384270593153,-0.22085797265495,-0.223283482502638,-0.225659846589295,-0.22798635336119,-0.230262494073,-0.232487923101713,-0.234662418953391,-0.236785847037831,-0.238858125145437,-0.240879192404632,-0.242848982332736,-0.244767400423875,-0.246634306549052,-0.248449502280529,-0.250212723099037,-0.251923635301697,-0.253581837303753,-0.255186864920904,-0.25673820013299,-0.258235282765301,-0.259677524481415,-0.261064324461104,-0.262395086137521,-0.26366923438822,-0.264886232612207,-0.266045599177731,-0.267146922789658,-0.268189876397907,-0.269174229346185,-0.27009985753984,-0.270966751490134,-0.271775022166848,-0.272524904659746,-0.273216759710222,-0.273851073226248,-0.274428453935924,-0.274949629367106,-0.275415440363196,-0.275826834358552,-0.276184857642183,-0.276490646836258,-0.276745419807817,-0.276950466218965,-0.277107137904073,-0.277216839243134,-0.277281017679476,-0.27730115450844,-0.277278756042093,-0.277215345234244,-0.277112453830424,-0.276971615089343,-0.276794357106096,-0.276582196752892,-0.276336634240648,-0.276059148294225,-0.275751191925349,-0.275414188780289,-0.27504953003395,-0.274658571798046,-0.274242633008281,-0.273802993753826,-0.273340894011622,-0.272857532748108,-0.272354067351594,-0.271831613359698,-0.27129124444775,-0.27073399264593,-0.270160848754868,-0.269572762931617,-0.268970645420032,-0.268355367401844,-0.267727761946848,-0.267088625042732,-0.266438716687098,-0.265778762026141,-0.265109452526231,-0.26443144716635,-0.263745373640859,-0.263051829563501,-0.262351383664861,-0.261644576976668,-0.260931923997385,-0.260213913834503,-0.259491011319787,-0.258763658094487,-0.258032273662204,-0.257297256407647,-0.256558984580067,-0.255817817240574,-0.255074095172923,-0.254328141757673,-0.253580263809923,-0.252830752381011,-0.252079883524808,-0.251327919029344,-0.250575107114658,-0.249821683097859,-0.249067870026436,-0.248313879280941,-0.247559911148192,-0.24680615536615,-0.246052791641658,-0.245299990142221,-0.244547911962983,-0.243796709570051,-0.2430465272213,-0.24229750136574,-0.241549761022524,-0.240803428140615,-0.240058617940106,-0.239315439236147,-0.2385739947464,-0.237834381382881,-0.237096690529033,-0.236361008302825,-0.235627415806627,-0.234895989364583,-0.234166800748159,-0.233439917390514,-0.232715402590302,-0.231993315705478,-0.231273712337659,-0.230556644507546,-0.229842160821901,-0.229130306632522,-0.228421124187662,-0.227714652776282,-0.227010928865528,-0.226309986231795,-0.2256118560857,-0.224916567191299,-0.224224145979837,-0.223534616658313,-0.222848001313133,-0.222164320009087,-0.221483590883894,-0.220805830238535,-0.220131052623576,-0.219459270921687,-0.218790496426529,-0.218124738918196,-0.217462006735362,-0.216802306844306,-0.216145644904943,-0.215492025334009,-0.214841451365529,-0.214193925108696,-0.21354944760326,-0.21290801887257,-0.212269637974334,0,-0.107188787211578,-0.108626287555071,-0.110083321096234,-0.111564617729195,-0.113078154033951,-0.114630157655258,-0.116224713472309,-0.117864323572285,-0.11955051140122,-0.121284271467285,-0.123066358638615,-0.124897454834866,-0.126778251385803,-0.128709476005453,-0.130691884232952,-0.132726228497224,-0.134813213511386,-0.136953443868418,-0.139147367940406,-0.141395221093854,-0.143696970571701,-0.146052263995255,-0.148460383195713,-0.150920204917449,-0.153430169787626,-0.155988260779538,-0.158591992185185,-0.161238409843513,-0.163924103043517,-0.166645228144647,-0.169397543547216,-0.172176455224463,-0.174977071620229,-0.177794266346818,-0.180622746809426,-0.183457126655539,-0.186291999813286,-0.18912201384893,-0.191941940440641,-0.194746740927223,-0.197531625134488,-0.200292101992317,-0.203024020812605,-0.205723602481922,-0.208387460212334,-0.211012609870801,-0.213596470255843,-0.216136853997021,-0.218631950009226,-0.221080298634495,-0.223480760747166,-0.225832482184657,-0.228134854899347,-0.230387476212079,-0.232590107490727,-0.234742633484974,-0.236845023427651,-0.238897294870535,-0.24089948106466,-0.242851602527851,-0.24475364327075,-0.246605531981786,-0.24840712830583,-0.250158214194506,-0.251858490161716,-0.253507576148972,-0.255105016594067,-0.256650289205475,-0.258142816875022,-0.259581982113651,-0.260967143369475,-0.262297652583212,-0.263572873352219,-0.264792199108616,-0.265955070767042,-0.267060993360326,-0.268109551253694,-0.269100421606565,-0.270033385832289,-0.270908338887189,-0.271725296298079,-0.272484398909732,-0.273185915398578,-0.273830242654825,-0.27441790418138,-0.274949546694011,-0.275425935133226,-0.275847946314838,-0.276216561453911,-0.27653285779673,-0.276797999588823,-0.277013228594988,-0.277179854371105,-0.277299244468296,-0.277372814728887,-0.277402019811582,-0.277388344061005,-0.277333292815197,-0.277238384224002,-0.277105141632266,-0.276935086564381,-0.276729732331309,-0.276490578267813,-0.276219104596131,-0.275916767902853,-0.275584997207997,-0.275225190599269,-0.274838712399935,-0.274426890835513,-0.273991016162497,-0.273532339221218,-0.273052070374798,-0.272551378796572,-0.272031392069397,-0.271493196061711,-0.270937835046943,-0.270366312034887,-0.269779589285757,-0.269178588979864,-0.268564194018095,-0.267937248930555,-0.267298560872934,-0.266648900692212,-0.26598900404531,-0.265319572556138,-0.264641274998268,-0.263954748492041,-0.263260599706431,-0.262559406057331,-0.261851716895172,-0.261138054675903,-0.260418916110356,-0.259694773287922,-0.258966074771257,-0.258233246659448,-0.257496693617671,-0.256756799871929,-0.256013930167919,-0.255268430693474,-0.254520629964389,-0.253770839673708,-0.253019355504821,-0.252266457908903,-0.251512412847418,-0.250757472500509,-0.250001875942256,-0.249245849783813,-0.248489608785537,-0.24773335643923,-0.24697728552168,-0.246221578620666,-0.245466408634609,-0.24471193924705,-0.243958325377104,-0.243205713607033,-0.242454242588036,-0.241704043425351,-0.240955240043693,-0.240207949534043,-0.239462282482762,-0.238718343283938,-0.237976230435883,-0.237236036822597,-0.23649784998103,-0.235761752354903,-0.23502782153581,-0.234296130492312,-0.233566747787656,-0.23283973778676,-0.232115160853038,-0.231393073535623,-0.230673528747508,-0.229956575935107,-0.229242261239692,-0.228530627651137,-0.227821715154403,-0.227115560869133,-0.226412199182725,-0.225711661877236,-0.225013978250428,-0.224319175231269,-0.223627277490171,-0.222938307544235,-0.222252285857754,-0.221569230938218,-0.220889159428042,-0.220212086192217,-0.219538024402114,-0.218866985615587,-0.218198979853588,-0.217534015673436,-0.216872100238915,-0.216213239387334,-0.2155574376937,-0.21490469853213,-0.214255024134636,-0.213608415647389,-0.212964873184581,-0.212324395879999,-0.211686981936392,0,-0.109588465429232,-0.111074343895682,-0.112572902745542,-0.114093787682743,-0.115646941131924,-0.117239141708044,-0.118874445416686,-0.120555149383919,-0.122282566096781,-0.124057529193484,-0.125880688727718,-0.127752664814077,-0.129674111805966,-0.131645727582165,-0.133668229773738,-0.135742312578908,-0.137868592813131,-0.140047550843124,-0.142279470267154,-0.144564379145355,-0.146901994961829,-0.149291675133941,-0.151732374655551,-0.154222612289109,-0.156760446551055,-0.159343462529258,-0.161968770310305,-0.16463301547225,-0.167332401720989,-0.170062725331242,-0.172819420618572,-0.175597615243004,-0.178392193754692,-0.181197867462942,-0.184009248462796,-0.186820925503545,-0.18962753933927,-0.192423855263615,-0.195204830693397,-0.197965675915823,-0.200701906434966,-0.203409385724151,-0.206084357590302,-0.20872346776246,-0.211323774709745,-0.213882750057041,-0.216398269286272,-0.218868593677909,-0.221292344655888,-0.223668471847569,-0.225996216260096,-0.228275070009158,-0.230504734021265,-0.232685075072746,-0.234816083434878,-0.236897832272036,-0.238930439795346,-0.240914035014545,-0.242848727761451,-0.244734583484896,-0.246571603143911,-0.248359708357668,-0.250098731810893,-0.251788412765567,-0.253428397396703,-0.255018243554346,-0.256557429457792,-0.258045365752855,-0.259481410309802,-0.260864885108602,-0.262195094549016,-0.263471344534609,-0.26469296171036,-0.265859312280707,-0.266969819895842,-0.268023982165646,-0.269021385439465,-0.269961717572624,-0.270844778483787,-0.271670488388206,-0.272438893667696,-0.27315017040702,-0.273804625686374,-0.274402696770001,-0.274944948370998,-0.27543206820205,-0.275864861041608,-0.27624424155549,-0.276571226116117,-0.276846923856666,-0.277072527186609,-0.277249301979616,-0.277378577625917,-0.277461737120017,-0.27750020733224,-0.277495449589717,-0.277448950670038,-0.277362214289228,-0.277236753145686,-0.277074081563324,-0.276875708760725,-0.276643132758734,-0.276377834926529,-0.276081275155842,-0.275754887644526,-0.275400077263947,-0.275018216479538,-0.274610642790171,-0.274178656649531,-0.273723519831291,-0.27324645419943,-0.27274864084526,-0.272231219553627,-0.271695288562068,-0.271141904578415,-0.270572083024273,-0.26998679847393,-0.269386985260495,-0.268773538223301,-0.268147313572889,-0.267509129852107,-0.26685976897398,-0.266199977319069,-0.265530466876966,-0.264851916418381,-0.264164972685962,-0.26347025159353,-0.26276833942486,-0.262059794024403,-0.26134514597353,-0.260624899746943,-0.259899534844815,-0.259169506897096,-0.258435248737122,-0.257697171442357,-0.256955665340652,-0.256211100980895,-0.255463830067361,-0.254714186357463,-0.253962486522862,-0.253209030974226,-0.252454104650088,-0.25169797777048,-0.25094090655613,-0.250183133914167,-0.249424890091322,-0.24866639329573,-0.247907850288447,-0.247149456945855,-0.246391398794133,-0.245633851516973,-0.24487698143774,-0.244120945977214,-0.243365894088099,-0.242611966667381,-0.241859296947662,-0.241108010868501,-0.240358227428798,-0.239610059021191,-0.238863611749431,-0.238118985729603,-0.237376275376095,-0.2366355696731,-0.235896952432464,-0.2351605025386,-0.234426294181189,-0.233694397076319,-0.232964876676717,-0.232237794371644,-0.231513207677039,-0.230791170416437,-0.230071732893155,-0.22935494205423,-0.228640841646551,-0.227929472365603,-0.227220871997216,-0.226515075552698,-0.225812115397691,-0.225112021375086,-0.224414820922311,-0.223720539183261,-0.223029199115173,-0.222340821590686,-0.221655425495322,-0.220973027820637,-0.220293643753236,-0.219617286759869,-0.218943968668785,-0.218273699747536,-0.217606488777393,-0.216942343124532,-0.216281268808146,-0.215623270565624,-0.214968351914928,-0.214316515214297,-0.213667761719398,-0.213022091638044,-0.21237950418257,-0.211739997619991,-0.211103569320021,0,-0.112012213768615,-0.113540199101016,-0.115075603539975,-0.116633433411838,-0.118224880251393,-0.119856624266816,-0.121532278731173,-0.123253708924731,-0.125021907396222,-0.126837503976237,-0.12870103403754,-0.130613059733474,-0.132574205236303,-0.13458514273011,-0.136646550845458,-0.138759058423004,-0.140923181467498,-0.14313925829326,-0.14540738623059,-0.147727362333321,-0.15009863000019,-0.152520233116493,-0.154990779121865,-0.157508412238025,-0.160070797896376,-0.162675119159437,-0.165318085620013,-0.167995954889881,-0.170704566369723,-0.173439386546668,-0.176195564622731,-0.178967996866053,-0.181751397725042,-0.184540375476913,-0.187329510014208,-0.190113430315558,-0.192886889202043,-0.195644833142167,-0.198382465123884,-0.201095298943286,-0.203779203644787,-0.206430437263701,-0.209045669446066,-0.21162199293109,-0.214156924260898,-0.216648394415906,-0.219094730352521,-0.221494628637156,-0.223847122525164,-0.226151543926675,-0.228407481737682,-0.230614737999954,-0.23277328329449,-0.234883212677795,-0.236944703345718,-0.238957975063096,-0.240923254235523,-0.242840742328199,-0.244710589161148,-0.24653287143483,-0.248307576669437,-0.250034592578514,-0.251713701746374,-0.253344581341879,-0.254926807481116,-0.256459863750466,-0.257943153321085,-0.259376014027192,-0.260757735744034,-0.262087579387063,-0.26336479686065,-0.264588651311118,-0.265758437082854,-0.266873498835021,-0.26793324934681,-0.268937185618005,-0.269884902955336,-0.270776106820328,-0.271610622298089,-0.272388401125772,-0.273109526292139,-0.273774214283894,-0.274382815108937,-0.274935810270852,-0.27543380890244,-0.275877542289301,-0.276267857027949,-0.276605707067604,-0.276892144881816,-0.27712831200663,-0.277315429167435,-0.277454786198169,-0.277547731935404,-0.277595664247121,-0.277600020332568,-0.277562267406427,-0.277483893858068,-0.277366400955647,-0.277211295145347,-0.277020080978664,-0.276794254685166,-0.276535298394871,-0.276244675003136,-0.275923823661664,-0.275574155871798,-0.275197052150553,-0.274793859235577,-0.274365887792348,-0.273914410585169,-0.273440661072724,-0.272945832389042,-0.272431076671348,-0.271897504697565,-0.271346185797803,-0.270778148006084,-0.270194378420704,-0.269595823743815,-0.268983390973146,-0.268357948221074,-0.267720325638527,-0.267071316423397,-0.266411677895263,-0.265742132620231,-0.265063369571545,-0.264376045313422,-0.263680785197149,-0.26297818455997,-0.262268809918657,-0.261553200150883,-0.26083186765862,-0.260105299508776,-0.259373958547172,-0.258638284482746,-0.257898694939553,-0.257155586474753,-0.256409335561278,-0.255660299534349,-0.254908817501404,-0.25415521121531,-0.253399785911052,-0.252642831106279,-0.251884621366341,-0.251125417034555,-0.250365464928607,-0.249604999004068,-0.248844240986106,-0.248083400970498,-0.247322677995125,-0.246562260583102,-0.245802327258765,-0.245043047037682,-0.244284579891871,-0.243527077191388,-0.242770682123423,-0.242015530089997,-0.241261749085341,-0.240509460053999,-0.239758777230633,-0.239009808462514,-0.238262655515593,-0.23751741436505,-0.236774175471134,-0.236033024041119,-0.235294040278105,-0.234557299617396,-0.233822872951135,-0.233090826841834,-0.232361223725412,-0.231634122104307,-0.230909576731219,-0.23018763878398,-0.229468356032039,-0.228751772995019,-0.228037931093763,-0.227326868794285,-0.226618621744988,-0.225913222907516,-0.225210702681575,-0.224511089024023,-0.223814407562545,-0.223120681704177,-0.222429932738943,-0.221742179938856,-0.221057440652506,-0.220375730395469,-0.219697062936716,-0.219021450381244,-0.218348903249092,-0.217679430550916,-0.217013039860296,-0.216349737382917,-0.215689528022765,-0.215032415445495,-0.21437840213907,-0.21372748947182,-0.213079677748021,-0.212434966261103,-0.211793353344605,-0.211154836420955,-0.210519412048186,0,-0.114460919390868,-0.116023227033453,-0.117590838486906,-0.119183260437869,-0.120811876946023,-0.122482565862486,-0.124198111298478,-0.125959762107454,-0.127768117961121,-0.129623587182008,-0.131526596035206,-0.13347766055296,-0.135477384345386,-0.137526417515515,-0.139625396092776,-0.141774872949388,-0.143975246640023,-0.146226692165069,-0.148529096332812,-0.150881999677268,-0.15328454649798,-0.155735444362105,-0.158232934243731,-0.160774772303421,-0.163358224091227,-0.165980071668855,-0.168636633788879,-0.171323798852887,-0.174037069918797,-0.176771620569509,-0.17952236002266,-0.182284005485407,-0.185051159465665,-0.187818389562408,-0.190580308184295,-0.193331649691453,-0.196067342614206,-0.198782574861994,-0.20147285017677,-0.204134034484892,-0.206762391235164,-0.209354605253644,-0.211907795075521,-0.214419514111451,-0.216887741355142,-0.219310862630236,-0.221687643601824,-0.22401719593942,-0.226298938115932,-0.228532552365414,-0.230717939307867,-0.23285517168937,-0.234944448588529,-0.236986051313418,-0.238980302064283,-0.240927526273015,-0.242828019356745,-0.244682018445107,-0.24648967946323,-0.248251059779403,-0.249966106461055,-0.251634650028391,-0.253256403454484,-0.2548309660364,-0.256357831656106,-0.257836400864332,-0.259265996156361,-0.260645879766749,-0.261975273290124,-0.263253378437042,-0.264479398255895,-0.265652558192251,-0.266772126413144,-0.267837432892742,-0.268847886834232,-0.269802992087126,-0.270702360306191,-0.271545721684454,-0.27233293317541,-0.273063984196027,-0.273738999870554,-0.274358241933909,-0.274922107461753,-0.275431125631866,-0.275885952748265,-0.27628736577614,-0.276636254643012,-0.276933613560686,-0.277180531614669,-0.277378182854228,-0.277527816098395,-0.277630744652218,-0.277688336104661,-0.277702002355632,-0.277673189995762,-0.277603371139203,-0.277494034787725,-0.277346678783903,-0.277162802392695,-0.276943899534267,-0.276691452676613,-0.276406927384355,-0.276091767509997,-0.275747391005749,-0.275375186327594,-0.274976509398539,-0.274552681094558,-0.274104985214641,-0.273634666895242,-0.273142931429227,-0.272630943449921,-0.272099826441951,-0.271550662542098,-0.270984492595229,-0.270402316432492,-0.269805093341179,-0.269193742697997,-0.268569144739831,-0.267932141448404,-0.267283537527507,-0.266624101453646,-0.265954566583028,-0.265275632299756,-0.264587965191923,-0.263892200243987,-0.263188942035351,-0.262478765936501,-0.261762219295331,-0.261039822607455,-0.260312070665344,-0.259579433682055,-0.258842358386155,-0.258101269085152,-0.257356568695418,-0.256608639737107,-0.255857845293093,-0.255104529931336,-0.254349020590475,-0.253591627428709,-0.252832644636326,-0.252072351212405,-0.251311011706416,-0.250548876925585,-0.249786184608976,-0.249023160069351,-0.248260016803915,-0.247496957075111,-0.246734172462634,-0.245971844387869,-0.245210144611953,-0.244449235708637,-0.243689271513133,-0.242930397548078,-0.242172751427762,-0.241416463241673,-0.24066165591844,-0.239908445571172,-0.239156941825175,-0.238407248128973,-0.237659462049533,-0.236913675552539,-0.236169975268532,-0.235428442745677,-0.234689154689902,-0.233952183193084,-0.233217595949947,-0.232485456464303,-0.231755824245188,-0.231028754993486,-0.230304300779527,-0.229582510212172,-0.228863428599834,-0.228147098103877,-0.227433557884796,-0.22672284424157,-0.226014990744543,-0.225310028362175,-0.224607985581987,-0.223908888525991,-0.223212761060906,-0.222519624903399,-0.221829499720627,-0.221142403226302,-0.220458351272499,-0.219777357937424,-0.219099435609327,-0.218424595066764,-0.217752845555351,-0.217084194861212,-0.216418649381242,-0.215756214190356,-0.215096893105848,-0.214440688748997,-0.213787602604045,-0.213137635074653,-0.212490785537964,-0.211847052396364,-0.21120643312704,-0.210568924329441,-0.209934521770727,0,-0.116933477710554,-0.11852165040399,-0.120117410381501,-0.12174265182228,-0.12340764463802,-0.125116783320252,-0.126871710301336,-0.128672939673674,-0.130520652071799,-0.132415045671217,-0.134356459172642,-0.136345381477044,-0.138382406813465,-0.140468165073757,-0.142603242608946,-0.144788101582614,-0.147023002420664,-0.149307932108226,-0.151642540181155,-0.154026083808706,-0.156457383136936,-0.158934787925885,-0.161456156383641,-0.164018846924787,-0.166619723331587,-0.169255173466103,-0.171921141279731,-0.174613171415873,-0.177326465232483,-0.180055946619182,-0.182796335583006,-0.185542227258275,-0.188288173783211,-0.191028766393385,-0.193758715115068,-0.196472923595407,-0.199166556868283,-0.201835100204925,-0.204474407612677,-0.207080738997374,-0.20965078546816,-0.212181682714015,-0.214671012798025,-0.217116795082261,-0.219517467301948,-0.221871858046063,-0.224179152070999,-0.226438849976456,-0.228650723813338,-0.230814770179098,-0.232931162294847,-0.235000202459044,-0.237022276143204,-0.238997808843367,-0.24092722663417,-0.242810921196217,-0.244649219907269,-0.246442361408106,-0.248190476878403,-0.24989357709018,-0.251551545149108,-0.253164134690009,-0.254730973164655,-0.256251569749611,-0.257725327311199,-0.259151557795068,-0.260529500360269,-0.26185834155236,-0.263137236806609,-0.264365332589711,-0.265541788524829,-0.266665798897941,-0.267736613010401,-0.268753553920258,-0.269716035199534,-0.270623575423075,-0.271475810193162,-0.272272501589866,-0.273013545017352,-0.273698973488844,-0.274328959456068,-0.274903814341597,-0.275423985974214,-0.275890054157968,-0.276302724625675,-0.276662821637813,-0.276971279489211,-0.277229133179879,-0.277437508494024,-0.277597611714169,-0.277710719176622,-0.277778166851471,-0.277801340106048,-0.277781663786186,-0.277720592725464,-0.27761960276964,-0.277480182381951,-0.27730382487541,-0.2770920213007,-0.276846254002991,-0.276567990847846,-0.276258680105444,-0.275919745973355,-0.275552584711035,-0.275158561353818,-0.274739006970286,-0.274295216424365,-0.273828446602036,-0.273339915062085,-0.27283079907063,-0.272302234980068,-0.27175531791455,-0.271191101725856,-0.270610599185634,-0.27001478238219,-0.269404583292385,-0.26878089450155,-0.268144570046737,-0.267496426360917,-0.26683724329801,-0.266167765220757,-0.265488702135454,-0.264800730859499,-0.264104496209417,-0.263400612198668,-0.262689663236027,-0.261972205316664,-0.261248767199273,-0.260519851563694,-0.259785936144459,-0.25904747483655,-0.258304898770434,-0.257558617354117,-0.256809019280554,-0.256056473499247,-0.255301330151331,-0.254543921467809,-0.253784562630926,-0.253023552598936,-0.252261174894762,-0.251497698359201,-0.250733377869518,-0.249968455024346,-0.24920315879595,-0.248437706150932,-0.24767230264056,-0.246907142961871,-0.246142411490775,-0.245378282788349,-0.244614922081529,-0.243852485719376,-0.243091121606085,-0.24233096961187,-0.241572161962829,-0.240814823610855,-0.240059072584624,-0.239305020322654,-0.238552771989383,-0.237802426775166,-0.237054078181073,-0.236307814289303,-0.235563718019995,-0.234821867375197,-0.234082335670679,-0.233345191756267,-0.232610500225336,-0.23187832161404,-0.231148712590863,-0.230421726136999,-0.229697411718084,-0.228975815447728,-0.228256980243303,-0.227540945974404,-0.226827749604365,-0.226117425325209,-0.225410004686368,-0.224705516717506,-0.224003988045751,-0.223305443007616,-0.222609903755888,-0.22191739036173,-0.22122792091225,-0.220541511603738,-0.219858176830815,-0.219177929271658,-0.218500779969515,-0.217826738410681,-0.217155812599088,-0.21648800912769,-0.215823333246766,-0.215161788929307,-0.214503378933593,-0.213848104863113,-0.213195967223922,-0.212546965479563,-0.211901098103658,-0.211258362630257,-0.210618755702066,-0.209982273116616,-0.209348909870479,0,-0.119426677523466,-0.121032736406977,-0.122653706043304,-0.124310790968019,-0.126011764518816,-0.127758969516067,-0.129552710489737,-0.131392732277446,-0.133278822682811,-0.135211010481196,-0.137189582683595,-0.139215025105765,-0.141287933428647,-0.143408915967939,-0.145578497827222,-0.147797031031889,-0.150064613003493,-0.152381014750865,-0.154745619740273,-0.157157374251055,-0.159614749967188,-0.162115719505734,-0.164657745481734,-0.167237783522739,-0.169852299363201,-0.172497299776712,-0.175168376664933,-0.177860763148923,-0.18056940003995,-0.183289010641696,-0.186014181489253,-0.188739446390234,-0.19145937101798,-0.194168635323686,-0.196862111180168,-0.199534932932284,-0.202182558887359,-0.204800822207823,-0.207385970139433,-0.209934690993646,-0.212444128775691,-0.214911885788284,-0.217336013927213,-0.219714995707107,-0.222047716306901,-0.224333428103067,-0.226571709266876,-0.228762418045244,-0.230905644330786,-0.233001660064147,-0.235050869909828,-0.237053763514245,-0.239010870499953,-0.240922719179989,-0.242789799797325,-0.244612532911723,-0.246391243374243,-0.248126140151838,-0.249817302094233,-0.251464669575254,-0.253068041793612,-0.254627079386159,-0.256141311891889,-0.257610149509446,-0.259032898515925,-0.260408779661601,-0.261736948824217,-0.263016519197546,-0.264246584301326,-0.265426241131793,-0.266554612821766,-0.267630870243873,-0.268654252066872,-0.26962408285967,-0.270539788927042,-0.271400911651752,-0.272207118206465,-0.272958209582654,-0.273654125960318,-0.274294949509725,-0.27488090477344,-0.275412356822796,-0.275889807417573,-0.276313889421248,-0.276685359737513,-0.277005091037722,-0.277274062544866,-0.277493350128805,-0.27766411595127,-0.277787597878868,-0.277865098859349,-0.277897976431738,-0.2778876325158,-0.277835503601324,-0.277743051433758,-0.277611754270197,-0.277443098759072,-0.277238572478289,-0.276999657150242,-0.276727822538004,-0.276424521015116,-0.276091182791613,-0.275729211771123,-0.275339982007839,-0.27492483472775,-0.274485075875515,-0.274021974146551,-0.273536759463148,-0.273030621853495,-0.272504710693264,-0.271960134270732,-0.271397959638124,-0.270819212713897,-0.270224878602937,-0.269615902103978,-0.268993188375992,-0.268357603737717,-0.267709976576874,-0.267051098347931,-0.26638172463949,-0.265702576294476,-0.265014340568237,-0.26431767231154,-0.263613195167102,-0.262901502769851,-0.262183159942524,-0.261458703879493,-0.26072864531285,-0.259993469655804,-0.25925363811939,-0.258509588799262,-0.257761737730086,-0.257010479905664,-0.256256190263449,-0.255499224632621,-0.254739920645241,-0.253978598610396,-0.253215562351503,-0.252451100007199,-0.251685484796437,-0.250918975748572,-0.250151818399351,-0.249384245453823,-0.24861647741726,-0.247848723195238,-0.247081180664058,-0.246314037212717,-0.245547470257634,-0.244781647731354,-0.244016728546409,-0.243252863035528,-0.242490193369342,-0.241728853952698,-0.240968971800678,-0.240210666895358,-0.239454052524329,-0.238699235601926,-0.237946316974112,-0.237195391707885,-0.236446549366054,-0.235699874268179,-0.234955445738438,-0.234213338341146,-0.233473622104585,-0.232736362733817,-0.23200162181306,-0.231269456998222,-0.230539922200121,-0.229813067758904,-0.229088940610137,-0.228367584443034,-0.227649039851226,-0.226933344476493,-0.226220533145807,-0.225510638002066,-0.224803688628829,-0.22409971216937,-0.223398733440351,-0.222700775040375,-0.222005857453688,-0.221313999149264,-0.220625216675519,-0.219939524750842,-0.21925693635017,-0.218577462787784,-0.217901113796511,-0.217227897603501,-0.21655782100273,-0.215890889424403,-0.215227107001364,-0.214566476632684,-0.213909000044527,-0.213254677848428,-0.212603509597098,-0.21195549383785,-0.211310628163769,-0.210668909262706,-0.210030332964195,-0.209394894284385,-0.208762587469059,0,-0.121935449367061,-0.12355312337092,-0.125197936305969,-0.126886794727844,-0.128623745223478,-0.130408711570428,-0.13224061256048,-0.134118481764503,-0.136041792244119,-0.138010470139341,-0.140024797254819,-0.142085282247806,-0.14419253034291,-0.146347122054516,-0.14854950422398,-0.150799894222661,-0.153098197444353,-0.155443938094506,-0.157836203372612,-0.16027360127946,-0.162754232384602,-0.165275675912983,-0.167834990423712,-0.17042872914706,-0.173052969724884,-0.175703357687976,-0.178375162536895,-0.181063344813204,-0.183762632100024,-0.186467601515057,-0.189172765988949,-0.191872661479669,-0.194561932270217,-0.197235411631359,-0.199888195391076,-0.202515706317365,-0.205113747663952,-0.207678544719361,-0.210206773708127,-0.212695577890377,-0.215142571168176,-0.217545829914959,-0.219903874084723,-0.222215638923377,-0.224480438793503,-0.226697924738604,-0.228868037459397,-0.230990957361254,-0.233067053267902,-0.23509683129181,-0.2370808852158,-0.239019849581894,-0.24091435650995,-0.242764997086426,-0.244572287978133,-0.246336643741181,-0.248058355115235,-0.249737573420508,-0.251374301012293,-0.252968387597706,-0.254519532083736,-0.2560272895069,-0.25749108249452,-0.258910216627514,-0.260283899015881,-0.261611259361325,-0.262891372767049,-0.264123283561845,-0.265306029433161,-0.266438665209795,-0.267520285696746,-0.268550047039454,-0.269527186178907,-0.270451038049141,-0.271321050261149,-0.272136795108566,-0.272897978817807,-0.273604448045896,-0.274256193700987,-0.274853352222073,-0.275396204504657,-0.275885172697938,-0.276320815126418,-0.27670381960548,-0.277034995427214,-0.277315264290892,-0.277545650443262,-0.277727270278651,-0.277861321629241,-0.277949072952957,-0.277991852601609,-0.27799103832619,-0.27794804715053,-0.277864325719594,-0.277741341205176,-0.277580572829961,-0.277383504051266,-0.277151615428342,-0.276886378182007,-0.276589248442532,-0.276261662171071,-0.275905030731353,-0.275520737081653,-0.275110132552073,-0.274674534168671,-0.274215222483781,-0.273733439870777,-0.273230389241371,-0.272707233144115,-0.272165093203955,-0.271605049864344,-0.271028142395377,-0.270435369133667,-0.269827687922024,-0.269206016719485,-0.26857123435467,-0.267924181397934,-0.267265661130111,-0.266596440587979,-0.265917251668688,-0.265228792277487,-0.264531727504943,-0.263826690821632,-0.263114285279878,-0.262395084713617,-0.261669634928766,-0.260938454877713,-0.260202037812608,-0.259460852413116,-0.258715343885123,-0.25796593502766,-0.257213027265967,-0.256457001649194,-0.255698219811714,-0.254937024897498,-0.254173742447312,-0.253408681248846,-0.252642134150129,-0.251874378836792,-0.251105678573933,-0.250336282913456,-0.249566428367896,-0.248796339051793,-0.248026227291775,-0.247256294206507,-0.246486730257753,-0.245717715773731,-0.244949421446014,-0.24418200880117,-0.243415630648335,-0.242650431503893,-0.241886547994387,-0.241124109238779,-0.24036323721111,-0.239604047084589,-0.238846647558101,-0.238091141166067,-0.237337624572556,-0.236586188850514,-0.235836919746915,-0.235089897934611,-0.23434519925161,-0.233602894928487,-0.232863051804572,-0.232125732533532,-0.231390995778947,-0.230658896400415,-0.229929485630713,-0.229202811244491,-0.228478917718981,-0.227757846387125,-0.227039635583548,-0.22632432078375,-0.225611934736873,-0.224902507592388,-0.22419606702101,-0.223492638330145,-0.222792244574142,-0.222094906659616,-0.221400643446097,-0.220709471842216,-0.220021406897674,-0.219336461891172,-0.218654648414518,-0.217975976453081,-0.217300454462768,-0.216628089443683,-0.215958887010627,-0.215292851460573,-0.214629985837269,-0.213970291993076,-0.213313770648187,-0.212660421447319,-0.212010243014013,-0.211363233002616,-0.210719388148074,-0.210078704313609,-0.209441176536373,-0.208806799071169,-0.208175565432321,0,-0.124453220408223,-0.126079254755497,-0.12774839092968,-0.12946983746521,-0.131243071548492,-0.133065502290534,-0.134934779524868,-0.136849374015073,-0.138808567259015,-0.1408122687231,-0.142860806625945,-0.144954736317101,-0.147094675275193,-0.149281163540439,-0.151514546457937,-0.153794876986212,-0.156121835620627,-0.158494666697234,-0.160912130396181,-0.16337247015649,-0.165873395448531,-0.168412079923496,-0.170985174870543,-0.173588837674026,-0.176218774601552,-0.178870296808081,-0.181538387959641,-0.184217781413034,-0.186903044482836,-0.18958866702357,-0.192269151381597,-0.194939100743027,-0.197593303022439,-0.200226807691585,-0.202834993316571,-0.205413624028227,-0.207958893661218,-0.210467456830283,-0.212936446735794,-0.215363479979159,-0.217746649100492,-0.22008450391203,-0.222376022982776,-0.224620576830788,-0.226817884501864,-0.228967965263796,-0.231071087132575,-0.233127713881352,-0.235138452075147,-0.237103999534407,-0.239025096467819,-0.240902480337139,-0.242736845330994,-0.244528807135827,-0.246278873504781,-0.247987420942736,-0.24965467765063,-0.251280712707134,-0.252865431312765,-0.254408575782713,-0.255909731851936,-0.257368339751372,-0.25878370942891,-0.260155039224615,-0.261481437267276,-0.262761944839222,-0.263995560958048,-0.265181267446562,-0.266318053804086,-0.267404941250996,-0.268441005391046,-0.269425397019373,-0.270357360694483,-0.271236250786421,-0.272061544807128,-0.272832853919575,-0.273549930606696,-0.274212673557257,-0.27482112989175,-0.275375494906238,-0.275876109555089,-0.276323455924941,-0.276718150972321,-0.277060938807102,-0.277352681804488,-0.277594350820812,-0.277787014774539,-0.277931829834935,-0.278030028438252,-0.278082908326333,-0.278091821776349,-0.278058165163953,-0.277983368976358,-0.277868888367235,-0.277716194322487,-0.277526765485165,-0.277302080669271,-0.277043612076007,-0.276752819212224,-0.276431143499279,-0.276080003551139,-0.275700791093154,-0.275294867487333,-0.274863560825947,-0.274408163552663,-0.273929930568982,-0.273430077783322,-0.272909781060445,-0.272370175530004,-0.271812355214487,-0.271237372938796,-0.270646240485886,-0.270039928965262,-0.269419369363637,-0.268785453249542,-0.268139033606186,-0.267480925769336,-0.266811908449283,-0.266132724818262,-0.265444083646762,-0.264746660474177,-0.264041098801042,-0.263328011291817,-0.262607980978705,-0.261881562458395,-0.261149283074886,-0.260411644082692,-0.259669121785717,-0.258922168648019,-0.258171214373466,-0.257416666951961,-0.256658913670573,-0.255898322088382,-0.255135240974337,-0.254370001207814,-0.253602916641861,-0.252834284929428,-0.252064388313097,-0.251293494378995,-0.250521856775775,-0.249749715899607,-0.248977299546267,-0.248204823531456,-0.247432492280521,-0.246660499388813,-0.245889028153883,-0.245118252080773,-0.244348335361616,-0.243579433330741,-0.242811692896487,-0.242045252950864,-0.241280244758189,-0.24051679232377,-0.239755012743697,-0.23899501653673,-0.238236907959239,-0.237480785304126,-0.236726741184591,-0.235974862803579,-0.235225232209685,-0.234477926540284,-0.23373301825257,-0.232990575343188,-0.232250661557092,-0.23151333658621,-0.230778656258488,-0.230046672717841,-0.229317434595509,-0.228590987173275,-0.227867372539004,-0.227146629734895,-0.226428794898858,-0.225713901399352,-0.22500197996406,-0.224293058802695,-0.223587163724251,-0.222884318248988,-0.222184543715412,-0.221487859382494,-0.220794282527382,-0.220103828538811,-0.219416511006428,-0.218732341806228,-0.218051331182285,-0.21737348782495,-0.216698818945685,-0.216027330348688,-0.215359026499448,-0.214693910590384,-0.214031984603674,-0.213373249371429,-0.212717704633305,-0.212065349091666,-0.211416180464425,-0.210770195535633,-0.210127390203932,-0.209487759528955,-0.208851297775757,-0.208217998457366,-0.207587854375519,0,-0.12697257584165,-0.128607870848498,-0.130303674417686,-0.132059247486055,-0.133869233354094,-0.135728741265797,-0.137634429979391,-0.139584433268947,-0.141577996755145,-0.143615108774586,-0.145696194048342,-0.147821872061773,-0.149992767270338,-0.152209358756613,-0.154471860441007,-0.156780126019712,-0.159133574956696,-0.161531137281554,-0.163971215878769,-0.166451665545135,-0.168969788414769,-0.171522345442203,-0.174105583522081,-0.176715277543751,-0.179346786276538,-0.181995120511128,-0.184655021402868,-0.187321046529593,-0.189987660837779,-0.192649329441753,-0.195300609182193,-0.197936235947505,-0.200551205006154,-0.20314084196879,-0.205700862467006,-0.208227419166388,-0.210717135289906,-0.21316712437986,-0.215574996543615,-0.217938851886895,-0.220257262222668,-0.222529242444339,-0.224754213166599,-0.226931956368636,-0.229062565829358,-0.231146394132578,-0.233183997952842,-0.235176083221258,-0.237123451626257,-0.239026949736652,-0.240887421851985,-0.242705667495032,-0.244482404268899,-0.246218236610626,-0.247913630787995,-0.249568896308728,-0.251184173743841,-0.252759428811266,-0.254294452424052,-0.255788866281117,-0.257242133469562,-0.258653573457586,-0.260022380787493,-0.26134764673025,-0.262628383137163,-0.263863547720348,-0.265052070011189,-0.266192877283365,-0.267284919782216,-0.268327194672435,-0.269318768198128,-0.270258795639636,-0.271146538746483,-0.271981380421803,-0.272762836527217,-0.273490564765358,-0.274164370677603,-0.274784210865083,-0.275350193600426,-0.275862577045226,-0.276321765323701,-0.276728302726876,-0.277082866334566,-0.277386257345548,-0.277639391400997,-0.277843288173747,-0.277999060477996,-0.278107903131801,-0.278171081779816,-0.278189921857091,-0.278165797847749,-0.278100122965639,-0.27799433935849,-0.277849908913126,-0.277668304717404,-0.277451003214862,-0.277199477070802,-0.276915188753733,-0.276599584823565,-0.276254090907775,-0.275880107338572,-0.275479005417877,-0.275052124272363,-0.274600768257718,-0.274126204869508,-0.273629663117272,-0.27311233231865,-0.272575361271203,-0.272019857761038,-0.271446888369186,-0.270857478538889,-0.270252612869286,-0.269633235603528,-0.269000251281896,-0.268354525533044,-0.267696885979007,-0.267028123232032,-0.266348991963615,-0.265660212028309,-0.264962469626927,-0.264256418495667,-0.26354268110945,-0.262821849889357,-0.262094488405546,-0.261361132568316,-0.260622291801215,-0.259878450191121,-0.259130067611203,-0.258377580813481,-0.257621404488452,-0.2568619322899,-0.256099537823539,-0.25533457559866,-0.254567381942332,-0.253798275876073,-0.253027559955194,-0.252255521071285,-0.251482431218484,-0.250708548224359,-0.249934116446354,-0.249159367434847,-0.248384520563954,-0.24760978363126,-0.24683535342769,-0.246061416278766,-0.245288148558484,-0.244515717177054,-0.24374428004372,-0.242973986505865,-0.242204977765575,-0.241437387274792,-0.240671341110161,-0.239906958328636,-0.239144351304864,-0.23838362605132,-0.237624882522125,-0.236868214901453,-0.236113711877348,-0.235361456901776,-0.234611528437668,-0.233864000193664,-0.233118941347265,-0.232376416757,-0.231636487164261,-0.230899209385331,-0.230164636494179,-0.229432817996516,-0.228703799995582,-0.227977625350122,-0.227254333824974,-0.226533962234655,-0.22581654458032,-0.225102112180446,-0.22439069379557,-0.223682315747382,-0.222977002032464,-0.222274774430954,-0.221575652610378,-0.2208796542249,-0.220186795010209,-0.219497088874261,-0.218810547984067,-0.218127182848724,-0.217447002398862,-0.216770014062672,-0.216096223838677,-0.215425636365388,-0.214758254987995,-0.214094081822215,-0.213433117815435,-0.212775362805252,-0.212120815575541,-0.211469473910144,-0.210821334644289,-0.21017639371383,-0.209534646202407,-0.2088960863866,-0.208260707779179,-0.207628503170507,-0.206999464668187,0,-0.129486755067095,-0.131136489729598,-0.132862887974368,-0.134654560524156,-0.136501728893781,-0.138397724142407,-0.140338628412176,-0.14232251843066,-0.144348775027555,-0.146417559140017,-0.148529433391305,-0.150685088199252,-0.152885139455694,-0.155129976034317,-0.157419643735361,-0.159753757565516,-0.162131437447914,-0.164551264398576,-0.167011255401067,-0.169508855924114,-0.172040949385421,-0.174603882938824,-0.177193508805367,-0.179805240038604,-0.182434119174417,-0.185074897733759,-0.187722124088985,-0.190370236828625,-0.193013660506049,-0.195646900562505,-0.19826463428502,-0.200861794888755,-0.203433646181707,-0.20597584574713,-0.20848449512928,-0.210956176092872,-0.213387972609176,-0.215777478769893,-0.218122793318194,-0.220422501896564,-0.222675648433086,-0.224881697318259,-0.227040488166302,-0.229152185015438,-0.231217221811385,-0.233236245949339,-0.235210061534514,-0.237139573871785,-0.239025736521748,-0.240869502072713,-0.242671777583011,-0.244433385451306,-0.246155030278546,-0.247837272097039,-0.249480506162142,-0.251084949332256,-0.252650632904739,-0.254177401630725,-0.255664918502192,-0.257112674791718,-0.258520004730784,-0.259886104137806,-0.261210052253462,-0.262490836009211,-0.263727375945312,-0.264918553006788,-0.266063235478416,-0.267160305371066,-0.268208683639099,-0.269207353688867,-0.270155382728217,-0.271051940602633,-0.271896315861448,-0.272687928894047,-0.273426342067794,-0.274111266883967,-0.274742568243086,-0.275320265975006,-0.275844533841307,-0.276315696257323,-0.276734223008928,-0.277100722255572,-0.27741593211705,-0.277680711138373,-0.277896027916337,-0.278062950154424,-0.278182633391069,-0.278256309621439,-0.278285276006054,-0.278270883831915,-0.278214527864301,-0.27811763620082,-0.277981660714248,-0.277808068147626,-0.277598331904278,-0.277353924557034,-0.277076311085056,-0.276766942833199,-0.276427252177719,-0.276058647873231,-0.275662511048869,-0.275240191816452,-0.274793006449932,-0.27432223509315,-0.27382911995191,-0.273314863926292,-0.27278062963979,-0.272227538823202,-0.271656672012954,-0.271069068525697,-0.27046572667336,-0.269847604185384,-0.269215618807443,-0.268570649048586,-0.26791353505127,-0.267245079561292,-0.266566048976989,-0.265877174459359,-0.265179153086891,-0.26447264904085,-0.263758294808635,-0.263036692394469,-0.262308414528247,-0.261574005864726,-0.260833984166514,-0.260088841465424,-0.259339045197754,-0.258585039309933,-0.257827245331772,-0.257066063415203,-0.256301873337005,-0.255535035464525,-0.254765891683828,-0.253994766290098,-0.253221966840406,-0.252447784969254,-0.251672497167493,-0.250896365525404,-0.250119638440867,-0.249342551293661,-0.248565327087008,-0.247788177057552,-0.247011301254983,-0.246234889092559,-0.245459119869776,-0.244684163268442,-0.243910179823391,-0.243137321369045,-0.242365731463033,-0.241595545788009,-0.240826892532796,-0.240059892753937,-0.239294660718687,-0.238531304230447,-0.237769924937593,-0.237010618626599,-0.236253475500328,-0.235498580442303,-0.234746013267739,-0.233995848962071,-0.23324815790767,-0.232503006099415,-0.231760455349723,-0.231020563483634,-0.230283384524498,-0.229548968870773,-0.228817363464433,-0.228088611951426,-0.227362754834632,-0.226639829619698,-0.225919870954158,-0.225202910760165,-0.224488978361189,-0.223778100602983,-0.223070301969112,-0.22236560469133,-0.221664028855051,-0.220965592500166,-0.220270311717439,-0.219578200740679,-0.218889272034918,-0.218203536380763,-0.217521002955108,-0.216841679408385,-0.2161655719385,-0.215492685361614,-0.214823023179904,-0.214156587646451,-0.213493379827366,-0.212833399661286,-0.212176646016352,-0.211523116744778,-0.210872808735101,-0.210225717962239,-0.209581839535411,-0.208941167744045,-0.208303696101728,-0.207669417388295,-0.207038323690131,-0.206410406438749,0,-0.131990760773916,-0.133663792290913,-0.135425727549618,-0.137255520531461,-0.139140040788266,-0.141071620964069,-0.143046273889444,-0.145062322354446,-0.147119449119324,-0.14921806771562,-0.151358904519389,-0.153542713357639,-0.155770074088274,-0.158041246961772,-0.160356066603802,-0.162713866229023,-0.165113426516884,-0.167552945802639,-0.170030029556234,-0.172541697870139,-0.175084410015032,-0.177654105143184,-0.180246257999284,-0.182855948113941,-0.185477940485743,-0.188106775281552,-0.190736863671646,-0.193362586621853,-0.195978393326471,-0.19857889600084,-0.20115895795938,-0.203713772265441,-0.206238928722967,-0.208730467548288,-0.211184918671979,-0.213599326235426,-0.215971258428934,-0.218298803339257,-0.220580551914016,-0.222815569496657,-0.225003357634401,-0.227143808015837,-0.229237150462119,-0.23128389688755,-0.233284783074724,-0.235240709989967,-0.237152686209513,-0.239021772847246,-0.240849032180685,-0.242635480970974,-0.244382049271002,-0.246089545317657,-0.247758626912749,-0.24938977951453,-0.250983301089529,-0.25253929361405,-0.254057660967469,-0.255538112826812,-0.256980174055524,-0.258383198980468,-0.259746389871577,-0.261068818879525,-0.262349452649363,-0.263587178812711,-0.264780833567644,-0.265929229582997,-0.26703118351084,-0.268085542454907,-0.269091208821029,-0.270047163064551,-0.270952483945795,-0.271806366003962,-0.272608134058886,-0.27335725464533,-0.274053344373174,-0.274696175286393,-0.275285677362544,-0.275821938351246,-0.276305201194516,-0.276735859303684,-0.277114449987669,-0.277441646336459,-0.277718247862987,-0.277945170197721,-0.278123434114559,-0.278254154145792,-0.278338527019197,-0.27837782012339,-0.278373360179335,-0.278326522267675,-0.278238719333985,-0.278111392267892,-0.277946000627827,-0.277744014061158,-0.277506904449944,-0.277236138795556,-0.276933172840933,-0.276599445417201,-0.27623637349161,-0.275845347886113,-0.275427729630117,-0.274984846906875,-0.274517992550332,-0.274028422047864,-0.273517352003989,-0.272985959020595,-0.272435378950434,-0.2718667064823,-0.271280995018383,-0.270679256806661,-0.270062463293728,-0.269431545666065,-0.268787395550433,-0.268130865846712,-0.267462771669047,-0.266783891373665,-0.266094967654041,-0.265396708686348,-0.264689789310125,-0.263974852231065,-0.263252509234552,-0.262523342400163,-0.261787905308851,-0.261046724235769,-0.260300299322947,-0.259549105727003,-0.258793594738065,-0.258034194866851,-0.257271312897598,-0.25650533490515,-0.255736627235047,-0.254965537445937,-0.254192395214008,-0.253417513199506,-0.25264118787564,-0.251863700320453,-0.251085316972398,-0.25030629035052,-0.249526859740267,-0.24874725184604,-0.247967681411664,-0.247188351810003,-0.246409455602969,-0.245631175073197,-0.244853682728647,-0.244077141781387,-0.243301706601793,-0.242527523149384,-0.241754729381446,-0.240983455640616,-0.2402138250225,-0.239445953724401,-0.238679951376159,-0.23791592135409,-0.237153961078926,-0.236394162298668,-0.235636611357154,-0.234881389449163,-0.234128572862789,-0.233378233209807,-0.232630437644689,-0.231885249072904,-0.231142726349112,-0.230402924465787,-0.22966589473282,-0.228931684948579,-0.228200339562904,-0.227471899832466,-0.226746403968907,-0.226023887280142,-0.22530438230518,-0.224587918942819,-0.223874524574516,-0.223164224181738,-0.222457040458082,-0.221752993916414,-0.221052102991284,-0.220354384136848,-0.219659851920514,-0.218968519112516,-0.218280396771622,-0.217595494327135,-0.216913819657387,-0.216235379164863,-0.215560177848125,-0.214888219370673,-0.214219506126878,-0.213554039305125,-0.212891818948279,-0.212232844011587,-0.211577112418143,-0.210924621112002,-0.210275366109048,-0.209629342545714,-0.208986544725636,-0.208346966164336,-0.207710599632006,-0.207077437194468,-0.206447470252402,-0.205820689578886,0,-0.134481871306152,-0.13618983243672,-0.137992478108786,-0.139862025311615,-0.141783587206288,-0.143749446739709,-0.145756089483853,-0.147802375437787,-0.149888431494192,-0.152014978929361,-0.154182912378653,-0.156393024557325,-0.158645819062335,-0.160941380223592,-0.163279283010961,-0.165658533361208,-0.168077533268616,-0.17053406723884,-0.173025308007797,-0.175547840124305,-0.178097700257089,-0.180670433022017,-0.183261160827727,-0.185864665800339,-0.18847548136261,-0.191087990593636,-0.19369652815125,-0.196295482349602,-0.198879393975601,-0.201443048604062,-0.203981559517274,-0.206490438819828,-0.208965654923552,-0.211403675215714,-0.213801493372044,-0.216156641395049,-0.218467187015438,-0.220731717566904,-0.222949311818306,-0.225119501517349,-0.227242224568529,-0.229317771843782,-0.231346729618881,-0.233329919556574,-0.235268338033495,-0.237163096446133,-0.239015363944258,-0.240826313838786,-0.242597074723449,-0.244328687142179,-0.246022066431335,-0.247677972170656,-0.249296984491294,-0.25087948731464,-0.252425658433075,-0.253935466194173,-0.255408672414533,-0.256844841029487,-0.258243351882104,-0.259603418970579,-0.260924112408816,-0.262204383311925,-0.263443090797135,-0.26463903029152,-0.265790962360191,-0.266897641311031,-0.267957842892435,-0.268970390476185,-0.269934179205266,-0.270848197682363,-0.271711546875347,-0.272523456017298,-0.273283295377162,-0.273990585869716,-0.274645005557601,-0.2752463931717,-0.275794748837768,-0.276290232246209,-0.276733158538122,-0.277123992204637,-0.277463339308952,-0.277751938342565,-0.277990650020335,-0.278180446304854,-0.278322398930561,-0.278417667673843,-0.278467488588252,-0.278473162395412,-0.278436043193147,-0.278357527613943,-0.27823904453957,-0.278082045452369,-0.277887995480497,-0.277658365173739,-0.277394623028366,-0.277098228763966,-0.276770627342189,-0.27641324370669,-0.276027478215135,-0.27561470272773,-0.275176257312055,-0.274713447520908,-0.274227542198115,-0.273719771766557,-0.273191326953003,-0.272643357905291,-0.272076973659,-0.2714932419128,-0.270893189073948,-0.270277800537989,-0.269648021169338,-0.26900475595216,-0.268348870783624,-0.267681193384277,-0.267002514302816,-0.266313587994959,-0.265615133958418,-0.264907837908112,-0.264192352977755,-0.263469300935769,-0.262739273405153,-0.262002833078471,-0.261260514920474,-0.26051282735211,-0.25976025341079,-0.259003251882745,-0.258242258404156,-0.257477686528528,-0.256709928758416,-0.255939357540188,-0.255166326221001,-0.2543911699676,-0.253614206646886,-0.25283573766851,-0.252056048790012,-0.251275410885185,-0.250494080676571,-0.24971230143306,-0.248930303633717,-0.248148305599001,-0.24736651409061,-0.24658512488121,-0.245804323295325,-0.245024284722667,-0.244245175105181,-0.243467151399061,-0.242690362012947,-0.241914947223532,-0.241141039569706,-0.240368764226389,-0.239598239359102,-0.238829576460338,-0.238062880668706,-0.237298251071799,-0.23653578099368,-0.23577555826785,-0.23501766549649,-0.234262180296762,-0.233509175534886,-0.232758719548664,-0.232010876359119,-0.231265705871841,-0.230523264068609,-0.229783603189839,-0.229046771908353,-0.228312815494945,-0.227581775976193,-0.226853692284936,-0.226128600403795,-0.225406533502132,-0.224687522066761,-0.223971594026764,-0.223258774872696,-0.222549087770473,-0.221842553670216,-0.221139191410286,-0.220439017816763,-0.21974204779859,-0.219048294438577,-0.218357769080476,-0.217670481412307,-0.21698643954611,-0.216305650094285,-0.215628118242678,-0.214953847820563,-0.214282841367645,-0.213615100198233,-0.212950624462694,-0.212289413206309,-0.211631464425644,-0.210976775122537,-0.210325341355812,-0.209677158290795,-0.209032220246747,-0.208390520742285,-0.207752052538871,-0.20711680768246,-0.206484777543373,-0.205855952854466,-0.205230323747667,0,-0.13696072791607,-0.138716027555307,-0.140563898795591,-0.142474022605573,-0.144431654942842,-0.14643002925831,-0.148466615467862,-0.15054105493828,-0.152654018203808,-0.154806555570975,-0.156999709029862,-0.159234267318243,-0.161510604958202,-0.16382857519208,-0.166187440883916,-0.168585834475129,-0.17102174177385,-0.173492506416707,-0.17599485299724,-0.178524927420847,-0.18107835318312,-0.183650302091919,-0.186235577570981,-0.18882870820052,-0.191424048667639,-0.194015884901554,-0.196598539918883,-0.19916647684067,-0.201714395677584,-0.204237320801887,-0.206730676504754,-0.209190348633572,-0.211612730967675,-0.213994755674187,-0.216333907844011,-0.218628224705205,-0.220876280620322,-0.223077159379526,-0.225230415595897,-0.227336027195238,-0.229394341078442,-0.231406014033004,-0.233371950897067,-0.235293241850635,-0.237171100539763,-0.239006804544421,-0.240801639490971,-0.24255684789483,-0.244273583604723,-0.245952872511611,-0.247595579985857,-0.249202385317345,-0.250773763256093,-0.252309972586072,-0.253811051513236,-0.25527681951091,-0.256706885142822,-0.25810065927755,-0.259457373019479,-0.260776099612067,-0.262055779520541,-0.263295247874208,-0.264493263443562,-0.265648538344176,-0.266759767696847,-0.267825658529817,-0.268844957281583,-0.269816475348706,-0.270739112218506,-0.27161187582786,-0.272433899892544,-0.273204458053049,-0.273922974779249,-0.274589033064738,-0.275202379019982,-0.275762923539931,-0.27627074127552,-0.276726067179261,-0.277129290923081,-0.277480949502533,-0.277781718346494,-0.278032401246982,-0.278233919411159,-0.278387299918721,-0.278493663844132,-0.278554214276178,-0.278570224438392,-0.278543026084216,-0.278473998311445,-0.278364556912167,-0.278216144347911,-0.278030220415295,-0.2778082536456,-0.277551713462344,-0.277262063104351,-0.276940753307722,-0.276589216728626,-0.27620886307954,-0.27580107494448,-0.275367204233509,-0.274908569233209,-0.274426452207653,-0.273922097503415,-0.273396710112214,-0.272851454645596,-0.272287454677521,-0.271705792412678,-0.271107508640646,-0.270493602938549,-0.269865034087545,-0.269222720671235,-0.268567541826827,-0.267900338122624,-0.267221912537978,-0.266533031524417,-0.265834426128994,-0.26512679316312,-0.264410796402263,-0.263687067803736,-0.262956208731595,-0.262218791179236,-0.261475358981718,-0.260726429011144,-0.259972492349564,-0.25921401543493,-0.258451441176494,-0.257685190036881,-0.256915661078728,-0.256143232974432,-0.255368264978006,-0.254591097858565,-0.253812054795276,-0.253031442233967,-0.252249550705842,-0.25146665560896,-0.250683017953332,-0.249898885070607,-0.249114491289447,-0.248330058577757,-0.247545797153012,-0.246761906061934,-0.245978573730821,-0.245195978487815,-0.244414289058398,-0.243633665035395,-0.242854257324726,-0.242076208568123,-0.241299653543999,-0.240524719547616,-0.239751526751639,-0.238980188548139,-0.238210811873059,-0.237443497514102,-0.236678340402949,-0.235915429892705,-0.235154850021368,-0.234396679762124,-0.233640993261202,-0.232887860063982,-0.232137345330022,-0.231389510037613,-0.230644411178463,-0.229902101943031,-0.229162631897053,-0.22842604714973,-0.22769239051403,-0.226961701659541,-0.226234017258258,-0.225509371123702,-0.224787794343701,-0.224069315407169,-0.223353960325204,-0.222641752746782,-0.221932714069319,-0.221226863544372,-0.220524218378696,-0.219824793830911,-0.21912860330396,-0.218435658433587,-0.217745969173001,-0.217059543873915,-0.216376389364124,-0.215696511021778,-0.215019912846499,-0.214346597527481,-0.213676566508712,-0.213009820051438,-0.212346357293983,-0.211686176309053,-0.211029274158614,-0.210375646946459,-0.20972528986855,-0.209078197261237,-0.20843436264743,-0.207793778780819,-0.207156437688216,-0.206522330710086,-0.205891448539361,-0.205263781258583,-0.204639318375458,0,-0.139431486535074,-0.141244914628779,-0.143141010173967,-0.145091369940582,-0.147083324404319,-0.149111980336181,-0.151176209484622,-0.153276601235771,-0.155414412559134,-0.157591004313323,-0.159807517667438,-0.162064676358627,-0.164362661666089,-0.166701034450225,-0.169078690993047,-0.171493845243382,-0.173944033098744,-0.176426136031928,-0.178936422272404,-0.181470604121506,-0.184023909953795,-0.186591169151996,-0.18916690775704,-0.191745452102724,-0.194321037248423,-0.196887916703472,-0.199440469805517,-0.201973303195205,-0.204481343116249,-0.206959915735912,-0.209404813283322,-0.211812344490054,-0.214179368535817,-0.216503312402364,-0.218782172179589,-0.221014499418411,-0.223199374066052,-0.225336365842394,-0.22742548612236,-0.229467132487363,-0.231462028112652,-0.233411158083603,-0.235315704600304,-0.237176982853209,-0.238996379148314,-0.240775292641057,-0.242515081813825,-0.244217016609973,-0.245882236922478,-0.24751171793085,-0.249106242587279,-0.250666381373038,-0.252192479279115,-0.253684649811328,-0.255142775680138,-0.256566515709892,-0.257955317392456,-0.25930843441747,-0.260624948437422,-0.261903794271766,-0.263143787721551,-0.264343655155227,-0.2655020640374,-0.266617653604593,-0.267689064944028,-0.268714969800743,-0.269694097522036,-0.270625259642821,-0.271507371717164,-0.272339472106114,-0.273120737536167,-0.273850495342739,-0.274528232405805,-0.275153600867923,-0.275726420796347,-0.276246680009601,-0.276714531334403,-0.277130287591051,-0.277494414625146,-0.277807522711737,-0.278070356655954,-0.278283784903627,-0.278448787957701,-0.278566446373307,-0.278637928577489,-0.278664478730479,-0.278647404815139,-0.278588067111007,-0.278487867180021,-0.278348237463345,-0.278170631563061,-0.277956515259393,-0.277707358293598,-0.277424626928882,-0.277109777286639,-0.276764249442751,-0.276389462258657,-0.275986808913975,-0.275557653101635,-0.275103325842314,-0.274625122872382,-0.274124302558247,-0.273602084289754,-0.273059647305897,-0.272498129907465,-0.271918629013076,-0.271322200017318,-0.270709856912242,-0.270082572636156,-0.269441279616455,-0.268786870476038,-0.268120198875646,-0.267442080467132,-0.266753293935297,-0.26605458210836,-0.265346653119448,-0.264630181603634,-0.263905809917063,-0.263174149366493,-0.262435781439275,-0.261691259025276,-0.260941107623617,-0.260185826528314,-0.259425889987972,-0.258661748335667,-0.257893829085966,-0.257122537996772,-0.256348260094351,-0.255571360660405,-0.254792186180563,-0.254011065254056,-0.25322830946467,-0.252444214213364,-0.251659059513183,-0.25087311074727,-0.250086619390925,-0.249299823698821,-0.248512949358516,-0.247726210111509,-0.246939808343115,-0.246153935642452,-0.245368773333864,-0.244584492981064,-0.243801256865314,-0.24301921843889,-0.242238522755085,-0.241459306875944,-0.240681700258905,-0.23990582512346,-0.239131796798916,-0.238359724054286,-0.237589709411298,-0.236821849441445,-0.236056235047993,-0.235292951733752,-0.234532079855448,-0.233773694865427,-0.233017867541404,-0.232264664204946,-0.231514146929298,-0.230766373737166,-0.230021398789004,-0.229279272562343,-0.228540042022635,-0.2278037507861,-0.227070439274988,-0.22634014486568,-0.225612902029995,-0.224888742470076,-0.224167695247176,-0.223449786904676,-0.222735041585609,-0.222023481144986,-0.221315125257178,-0.220609991518589,-0.219908095545865,-0.219209451069844,-0.218514070025447,-0.217821962637719,-0.217133137504173,-0.216447601673629,-0.215765360721695,-0.215086418823045,-0.214410778820638,-0.213738442292003,-0.213069409612737,-0.21240368001731,-0.211741251657319,-0.211082121657271,-0.21042628616803,-0.20977374041799,-0.209124478762105,-0.208478494728828,-0.207835781065071,-0.207196329779255,-0.206560132182524,-0.205927178928206,-0.20529746004958,-0.20467096499603,-0.204047682667628,0,-0.141901003090988,-0.14377969662594,-0.145724810432832,-0.147713677704239,-0.149737398512896,-0.151793676961986,-0.15388305657632,-0.156007141795752,-0.158167753903897,-0.160366503969804,-0.16260455748296,-0.164882495773461,-0.167200233620313,-0.169556974483679,-0.17195119390582,-0.174380645731461,-0.176842387908794,-0.179332825798544,-0.181847771491818,-0.184382517762344,-0.186931925063454,-0.189490519541502,-0.192052599499361,-0.194612347224457,-0.197163942694241,-0.199701675457479,-0.202220050998512,-0.204713888127778,-0.207178404381858,-0.209609287016895,-0.212002747885286,-0.214355561238433,-0.216665084242561,-0.218929260682972,-0.221146608928717,-0.223316195711447,-0.225437597628265,-0.227510852508735,-0.229536402899483,-0.231515033930614,-0.233447807754571,-0.235335996609466,-0.237181016373937,-0.238984362266052,-0.240747548108724,-0.242472050349543,-0.244159257791858,-0.245810427771625,-0.247426649304184,-0.24900881352811,-0.250557591590162,-0.252073419946058,-0.253556492896103,-0.25500676203279,-0.256423942149742,-0.257807523048676,-0.259156786584767,-0.2604708282123,-0.261748582233449,-0.26298884991464,-0.264190329618314,-0.265351648103179,-0.266471392172918,-0.267548139900533,-0.268580490720993,-0.269567093765913,-0.27050667390721,-0.271398055078334,-0.272240180547752,-0.273032129926021,-0.273773132791198,-0.274462578914351,-0.275100025154659,-0.275685199170089,-0.276218000153389,-0.276698496853427,-0.277126923178738,-0.277503671703869,-0.277829285410741,-0.278104447998068,-0.278329973083362,-0.278506792605903,-0.278635944716923,-0.278718561416812,-0.278755856169846,-0.278749111696248,-0.278699668110341,-0.278608911543259,-0.278478263359804,-0.278309170052203,-0.278103093869136,-0.277861504216631,-0.277585869848493,-0.277277651847732,-0.276938297386924,-0.276569234244477,-0.276171866045105,-0.275747568186256,-0.275297684407552,-0.274823523957234,-0.274326359307895,-0.273807424373263,-0.273267913178211,-0.272708978935336,-0.272131733483198,-0.271537247043535,-0.270926548257261,-0.270300624461768,-0.269660422174893,-0.269006847753772,-0.268340768199634,-0.267663012082398,-0.266974370561563,-0.266275598482473,-0.265567415529389,-0.264850507419076,-0.264125527120647,-0.263393096089337,-0.262653805503599,-0.261908217496496,-0.261156866373782,-0.26040025981234,-0.259638880033778,-0.25887318494899,-0.258103609270369,-0.257330565589158,-0.256554445416055,-0.255775620183836,-0.25499444221119,-0.254211245627458,-0.253426347258265,-0.252640047472388,-0.251852630990425,-0.251064367656033,-0.250275513170681,-0.249486309792984,-0.248696987003779,-0.247907762138177,-0.247118840985878,-0.246330418361055,-0.245542678643144,-0.244755796289841,-0.243969936323647,-0.243185254793225,-0.242401899210852,-0.241620008967167,-0.240839715724436,-0.240061143789443,-0.239284410467128,-0.238509626396022,-0.237736895866475,-0.236966317122637,-0.23619798264911,-0.235431979443114,-0.234668389273005,-0.233907288923898,-0.233148750431134,-0.232392841302266,-0.231639624728222,-0.230889159784248,-0.230141501621189,-0.22939670164767,-0.228654807703651,-0.227915864225851,-0.227179912405472,-0.226446990338636,-0.22571713316994,-0.224990373229466,-0.224266740163617,-0.223546261060078,-0.222828960567217,-0.222114861008195,-0.221403982490062,-0.22069634300807,-0.219991958545462,-0.219290843168927,-0.218593009119949,-0.217898466902229,-0.217207225365372,-0.216519291785007,-0.215834671939497,-0.215153370183409,-0.214475389517856,-0.213800731657887,-0.213129397097025,-0.212461385169083,-0.21179669410738,-0.211135321101459,-0.210477262351418,-0.209822513119949,-0.209171067782174,-0.208522919873382,-0.207878062134744,-0.20723648655708,-0.206598184422773,-0.205963146345891,-0.205331362310593,-0.204702821707887,-0.204077513370806,-0.203455425608059,0,-0.14437737395185,-0.146323646908648,-0.148315959653185,-0.15034015849444,-0.152392347889258,-0.154473258128305,-0.156585191118353,-0.158730722897255,-0.160912150601109,-0.163131235238046,-0.165389068092771,-0.167685997556683,-0.170021592734147,-0.172394633882382,-0.174803124593502,-0.177244322654418,-0.179714787598511,-0.182210443559663,-0.184726656242525,-0.187258322677149,-0.189799972012702,-0.192345875040024,-0.19489015954354,-0.197426928085913,-0.19995037451237,-0.202454895378724,-0.204935192673378,-0.207386364601639,-0.209803981788011,-0.212184146970592,-0.214523537046846,-0.216819427119457,-0.219069696930515,-0.221272820720046,-0.223427842072914,-0.225534335712435,-0.227592358457917,-0.229602391695195,-0.231565277729224,-0.233482152315617,-0.235354375524635,-0.23718346289728,-0.238971018627279,-0.240718672260581,-0.242428020157672,-0.244100572722422,-0.245737708170082,-0.247340633389782,-0.248910352254746,-0.250447641546764,-0.251953034489598,-0.253426811728489,-0.254868999449329,-0.256279374201373,-0.257657473872251,-0.259002614164522,-0.260313909840504,-0.261590299938256,-0.262830576117806,-0.264033413274256,-0.265197401553793,-0.266321078929909,-0.267402963539247,-0.268441585037862,-0.269435514316612,-0.270383391005832,-0.271283948300597,-0.272136034744842,-0.27293863272131,-0.273690873500902,-0.274392048806017,-0.275041618934876,-0.275639217575293,-0.276184653505279,-0.276677909433143,-0.277119138271345,-0.277508657166271,-0.277846939621468,-0.278134606055682,-0.278372413130917,-0.278561242171253,-0.278702086972132,-0.278796041273841,-0.278844286143667,-0.278848077480052,-0.27880873382035,-0.278727624602488,-0.278606159000818,-0.278445775428402,-0.278247931772266,-0.278014096405163,-0.277745739997202,-0.277444328133349,-0.277111314728253,-0.276748136217907,-0.276356206498174,-0.27593691257292,-0.275491610869226,-0.275021624173526,-0.274528239140487,-0.274012704325518,-0.273476228692043,-0.2729199805456,-0.27234508684853,-0.271752632871108,-0.271143662137484,-0.270519176627499,-0.269880137198327,-0.26922746419277,-0.268562038203996,-0.267884700969322,-0.267196256368411,-0.266497471503897,-0.265789077844915,-0.265071772416339,-0.264346219018703,-0.263613049465737,-0.262872864828282,-0.262126236674996,-0.261373708301735,-0.260615795942849,-0.259852989958811,-0.259085755995661,-0.258314536112668,-0.257539749875456,-0.256761795412525,-0.255981050433737,-0.255197873209855,-0.25441260351268,-0.253625563515726,-0.252837058655672,-0.252047378455123,-0.251256797307409,-0.250465575224337,-0.249673958547948,-0.248882180627444,-0.248090462462501,-0.247299013314284,-0.246508031285465,-0.245717703870603,-0.244928208478208,-0.244139712925842,-0.243352375909557,-0.242566347448949,-0.241781769309096,-0.24099877540057,-0.240217492158704,-0.239438038903232,-0.238660528179372,-0.237885066081387,-0.23711175255959,-0.236340681711736,-0.23557194205966,-0.234805616812022,-0.234041784113925,-0.233280517284155,-0.232521885040752,-0.231765951715556,-0.231012777458362,-0.230262418431258,-0.229514926993701,-0.228770351878828,-0.228028738361505,-0.227290128418552,-0.22655456088156,-0.22582207158272,-0.225092693494009,-0.2243664568601,-0.223643389325308,-0.22292351605489,-0.222206859850977,-0.221493441263412,-0.220783278695738,-0.220076388506582,-0.219372785106659,-0.218672481051585,-0.217975487130726,-0.217281812452243,-0.216591464524515,-0.21590444933411,-0.215220771420455,-0.214540433947345,-0.213863438771436,-0.213189786507858,-0.212519476593059,-0.211852507345002,-0.211188876020838,-0.210528578872139,-0.209871611197811,-0.209217967394772,-0.208567641006492,-0.207920624769474,-0.207276910657764,-0.206636489925573,-0.205999353148078,-0.205365490260478,-0.204734890595373,-0.204107542918536,-0.203483435463137,-0.202862555962476,0,-0.146868869237838,-0.148879467847883,-0.150914477776529,-0.152969506168314,-0.155046283252122,-0.157148641568213,-0.159280531472536,-0.161445348350395,-0.163645715839826,-0.165883410426636,-0.168159332171748,-0.170473497370227,-0.17282504823528,-0.175212278538328,-0.177632674427312,-0.180082969593265,-0.182559214028115,-0.185056855648323,-0.1875708338836,-0.190095683907893,-0.192625649584814,-0.195154802528622,-0.197677164072018,-0.20018682649111,-0.202678069638243,-0.205145469205404,-0.207583993176066,-0.209989083581781,-0.212356721400705,-0.214683473248231,-0.21696651934459,-0.219203663038432,-0.221393322869576,-0.223534508734597,-0.225626784157499,-0.227670216960452,-0.229665320784115,-0.231612989939188,-0.233514430001571,-0.235371086415929,-0.237184573169222,-0.238956603357558,-0.240688923213981,-0.242383250905089,-0.244041221150676,-0.245664336479246,-0.247253925706831,-0.248811110018435,-0.250336776840484,-0.251831561518064,-0.253295836651303,-0.254729708800141,-0.256133022135494,-0.257505368497686,-0.25884610322074,-0.260154365995059,-0.261429105972722,-0.262669110270662,-0.263873034998859,-0.265039437934193,-0.266166811976072,-0.267253618556774,-0.268298320236242,-0.269299411785498,-0.270255449152024,-0.271165075800667,-0.272027046031017,-0.272840244982637,-0.273603705149021,-0.274316619325975,-0.274978350017086,-0.275588435405425,-0.276146592074726,-0.276652714723773,-0.277106873164155,-0.277509306924011,-0.277860417799624,-0.278160760703843,-0.278411033156762,-0.27861206375155,-0.278764799908553,-0.278870295205462,-0.278929696542265,-0.278944231368228,-0.278915195165776,-0.278843939353911,-0.2787318597427,-0.278580385641012,-0.278390969692779,-0.278165078492663,-0.277904184010648,-0.277609755836472,-0.277283254239211,-0.276926124024341,-0.276539789160296,-0.276125648138455,-0.275685070024568,-0.275219391155523,-0.274729912432791,-0.274217897162706,-0.273684569393659,-0.273131112701036,-0.272558669372308,-0.271968339946682,-0.271361183066188,-0.270738215597812,-0.270100412989136,-0.269448709822938,-0.268784000539186,-0.268107140295745,-0.267418945942019,-0.266720197082402,-0.266011637209047,-0.26529397488581,-0.264567884967527,-0.263834009840805,-0.26309296067442,-0.262345318669151,-0.261591636298399,-0.260832438532383,-0.260068224039931,-0.259299466362993,-0.258526615060012,-0.257750096815107,-0.256970316510827,-0.256187658262846,-0.255402486415541,-0.254615146497907,-0.25382596613961,-0.253035255947392,-0.252243310342263,-0.251450408358197,-0.250656814403207,-0.249862778983836,-0.249068539394219,-0.248274320370953,-0.247480334715059,-0.246686783882387,-0.245893858543817,-0.245101739116603,-0.244310596268236,-0.243520591394136,-0.242731877070499,-0.241944597483568,-0.241158888836551,-0.240374879735399,-0.239592691554567,-0.238812438783871,-0.238034229357485,-0.237258164966071,-0.236484341352996,-0.235712848595543,-0.234943771371948,-0.234177189215089,-0.233413176753576,-0.232651803940958,-0.23189313627372,-0.231137234998708,-0.230384157310568,-0.229633956539771,-0.22888668233173,-0.228142380817516,-0.22740109477662,-0.226662863792199,-0.225927724399216,-0.225195710225835,-0.224466852128439,-0.223741178320602,-0.223018714496315,-0.222299483947774,-0.221583507677989,-0.220870804508473,-0.220161391182263,-0.21945528246248,-0.218752491226654,-0.218053028557012,-0.217356903826906,-0.216664124783575,-0.21597469762739,-0.215288627087753,-0.214605916495789,-0.213926567853975,-0.213250581902838,-0.21257795818485,-0.211908695105634,-0.211242789992599,-0.210580239151101,-0.209921037918251,-0.209265180714445,-0.208612661092724,-0.207963471786044,-0.207317604752541,-0.206675051218876,-0.206035801721728,-0.205399846147515,-0.20476717377041,-0.204137773288719,-0.203511632859688,-0.202888740132798,-0.2022690822816,0,-0.14938209236473,-0.151448696752825,-0.15351950153902,-0.155599824991153,-0.15769696292933,-0.159817562342973,-0.161966926687996,-0.16414902355082,-0.166366604413858,-0.168621301485994,-0.170913694937129,-0.173243366570291,-0.175608952764044,-0.178008203507695,-0.180438050477611,-0.182894685264448,-0.185373648076136,-0.187869926764563,-0.190378065488939,-0.19289228164421,-0.195406588908498,-0.197914923518958,-0.20041127029336,-0.202889784567782,-0.205344906168222,-0.207771461779215,-0.210164752580832,-0.212520624734535,-0.214835521131556,-0.21710651369577,-0.219331316384392,-0.221508279795906,-0.223636368934373,-0.225715126169039,-0.227744621761081,-0.229725394511562,-0.231658385132542,-0.23354486487912,-0.235386361829184,-0.237184586984839,-0.238941362117912,-0.240658551011048,-0.242337995471066,-0.24398145722358,-0.245590566544633,-0.247166778250105,-0.248711335448427,-0.250225241266223,-0.251709238578685,-0.253163797615039,-0.254589111163003,-0.255985096963642,-0.257351406769319,-0.258687441432925,-0.259992371307415,-0.261265161162348,-0.262504598770351,-0.263709326282767,-0.264877873501458,-0.266008692163259,-0.267100190384926,-0.268150766468272,-0.269158841335734,-0.27012288895305,-0.27104146419454,-0.271913227713862,-0.272736967494908,-0.27351161686952,-0.274236268897174,-0.274910187103155,-0.275532812663178,-0.276103768201779,-0.276622858437556,-0.277090067959869,-0.277505556458746,-0.277869651753181,-0.278182840973626,-0.278445760253825,-0.278659183276713,-0.278824009000851,-0.278941248869355,-0.279012013774513,-0.27903750101962,-0.279018981486614,-0.278957787184991,-0.278855299325248,-0.278712937029589,-0.278532146764307,-0.278314392552656,-0.278061147004255,-0.277773883177316,-0.277454067273169,-0.277103152148581,-0.276722571620097,-0.276313735525753,-0.275878025502908,-0.275416791436218,-0.274931348526782,-0.274422974931917,-0.273892909924618,-0.273342352522365,-0.272772460536287,-0.272184349993667,-0.271579094889151,-0.270957727222757,-0.270321237285665,-0.269670574157788,-0.269006646384174,-0.268330322800255,-0.267642433478923,-0.266943770775196,-0.266235090446901,-0.26551711283231,-0.264790524067991,-0.264055977332294,-0.263314094101865,-0.262565465410376,-0.261810653100309,-0.261050191060075,-0.260284586440075,-0.259514320842486,-0.258739851480567,-0.257961612304206,-0.257180015089217,-0.256395450488589,-0.255608289044475,-0.254818882160226,-0.254027563032214,-0.253234647541532,-0.252440435105984,-0.251645209493019,-0.250849239594461,-0.250052780164056,-0.249256072518973,-0.248459345206505,-0.247662814637264,-0.246866685686221,-0.24607115226296,-0.245276397852535,-0.244482596028287,-0.243689910937995,-0.242898497764687,-0.242108503163405,-0.241320065675189,-0.240533316119495,-0.239748377966218,-0.238965367688434,-0.238184395096946,-0.237405563657638,-0.23662897079262,-0.235854708166081,-0.235082861955718,-0.234313513110561,-0.233546737595981,-0.232782606626599,-0.232021186887799,-0.231262540746471,-0.230506726451615,-0.229753798325357,-0.229003806944921,-0.228256799316056,-0.22751281903838,-0.226771906463098,-0.226034098843484,-0.225299430478527,-0.224567932850096,-0.22383963475396,-0.223114562424992,-0.222392739656825,-0.221674187916277,-0.220958926452768,-0.220246972402997,-0.219538340891101,-0.218833045124511,-0.218131096485702,-0.217432504620044,-0.216737277519908,-0.216045421605225,-0.215356941800633,-0.214671841609371,-0.21399012318407,-0.213311787394559,-0.212636833892831,-0.211965261175273,-0.211297066642287,-0.210632246655404,-0.209970796591992,-0.209312710897669,-0.208657983136491,-0.208006606039033,-0.207358571548424,-0.206713870864427,-0.206072494485642,-0.205434432249908,-0.204799673372967,-0.204168206485464,-0.203540019668345,-0.202915100486724,-0.202293436022267,-0.201675012904151,0,-0.151920624960023,-0.154031245857196,-0.156129138476653,-0.15822862321496,-0.160341839096605,-0.162477632548373,-0.164642213037558,-0.166839802415639,-0.16907304828062,-0.171343264597945,-0.173650579219194,-0.175994039677139,-0.178371704305172,-0.180780731414033,-0.183217472217407,-0.18567757009072,-0.188156067333833,-0.190647519713502,-0.193146118206472,-0.195645816447688,-0.19814046148084,-0.200623924633802,-0.203090228811648,-0.205533668285557,-0.207948917177168,-0.210331123268105,-0.212675984441648,-0.214979805905312,-0.217239537260644,-0.219452789396564,-0.221617832015892,-0.223733573311077,-0.225799523854138,-0.227815747146266,-0.229782799488687,-0.231701661904512,-0.233573666785106,-0.2354004217814,-0.237183733238249,-0.238925531204038,-0.240627797760153,-0.242292500123021,-0.243921529687801,-0.245516647915672,-0.247079439720523,-0.248611274787094,-0.250113277050835,-0.25158630238812,-0.253030924401752,-0.254447428038961,-0.255835810645642,-0.257195789940713,-0.258526818288307,-0.259828102553729,-0.261098628753314,-0.262337190650046,-0.263542421407955,-0.264712827400232,-0.265846823269662,-0.266942767365532,-0.267998996727877,-0.269013860856134,-0.26998575358255,-0.270913142467589,-0.271794595241558,-0.272628802929316,-0.273414599409228,-0.274150977269292,-0.274837099929016,-0.275472310091965,-0.276056134678515,-0.276588286459501,-0.277068662668234,-0.277497340910408,-0.277874572719262,-0.278200775117789,-0.278476520552228,-0.278702525553057,-0.278879638463134,-0.279008826549198,-0.279091162784588,-0.279127812559342,-0.279120020540403,-0.279069097870734,-0.278976409862856,-0.2788433643106,-0.278671400513188,-0.278461979078857,-0.278216572551085,-0.27793665687948,-0.277623703739381,-0.27727917368912,-0.276904510141693,-0.276501134117822,-0.27607043974007,-0.275613790422317,-0.275132515705415,-0.274627908687851,-0.274101223999527,-0.273553676267135,-0.272986439020802,-0.272400643993502,-0.271797380767109,-0.27117769672162,-0.270542597247031,-0.269893046180358,-0.269229966433442,-0.268554240780192,-0.267866712774986,-0.267168187776797,-0.266459434056399,-0.265741183966587,-0.265014135157759,-0.264278951823489,-0.263536265962728,-0.262786678647197,-0.262030761284208,-0.261269056866721,-0.260502081203783,-0.25973032412576,-0.258954250659825,-0.258174302172157,-0.25739089747411,-0.256604433890363,-0.255815288287681,-0.255023818063453,-0.254230362093646,-0.253435241640182,-0.252638761218092,-0.251841209423038,-0.251042859720043,-0.25024397119442,-0.249444789266025,-0.24864554636809,-0.24784646259192,-0.247047746298835,-0.246249594700724,-0.245452194410634,-0.244655721964764,-0.243860344317266,-0.2430662193092,-0.242273496112968,-0.241482315653514,-0.240692811007529,-0.239905107781866,-0.23911932447229,-0.238335572803684,-0.237553958052733,-0.236774579354092,-0.235997529990971,-0.235222897671029,-0.234450764788421,-0.233681208672792,-0.232914301825953,-0.232150112146967,-0.231388703146275,-0.230630134149511,-0.229874460491566,-0.229121733701457,-0.228372001678515,-0.227625308860355,-0.226881696383099,-0.226141202234247,-0.225403861398609,-0.22466970599765,-0.223938765422604,-0.223211066461667,-0.222486633421579,-0.221765488243879,-0.221047650616085,-0.220333138078061,-0.219621966123798,-0.218914148298825,-0.21820969629346,-0.217508620032096,-0.216810927758693,-0.216116626118657,-0.215425720237271,-0.214738213794815,-0.214054109098534,-0.213373407151581,-0.212696107719069,-0.212022209391354,-0.211351709644658,-0.210684604899147,-0.210020890574577,-0.209360561143587,-0.208703610182751,-0.208050030421476,-0.207399813788822,-0.206752951458342,-0.206109433891009,-0.205469250876304,-0.204832391571549,-0.204198844539542,-0.203568597784563,-0.202941638786822,-0.202317954535393,-0.201697531559715,-0.201080355959691,0,-0.154484839196273,-0.15662514733113,-0.158740443356528,-0.160852877120546,-0.162978141425743,-0.165126418680762,-0.167304276784266,-0.169515834126754,-0.171763388529687,-0.174047759642278,-0.176368495043175,-0.178724016713386,-0.181111743768597,-0.18352820749269,-0.18596916591833,-0.188429721465094,-0.190904443366214,-0.19338749540669,-0.195872768373054,-0.198354015511454,-0.200824988299864,-0.203279569087387,-0.205711896733841,-0.208116481337794,-0.210488304457104,-0.212822901844281,-0.215116426552162,-0.217365691214113,-0.219568189271237,-0.22172209582447,-0.223826249570283,-0.22588011789607,-0.227883747647984,-0.229837704341506,-0.231743002679161,-0.233601031195293,-0.235413473694593,-0.237182229919588,-0.238909337601349,-0.240596897741741,-0.242247004664514,-0.2438616820707,-0.245442826050642,-0.24699215574568,-0.248511172118739,-0.250001125084186,-0.251462989061136,-0.252897446848096,-0.254304881567751,-0.25568537629654,-0.257038720873142,-0.25836442527259,-0.259661738839053,-0.260929674591507,-0.262167037754274,-0.263372457620673,-0.264544421834401,-0.265681312171016,-0.266781440921606,-0.267843087021956,-0.26886453113208,-0.269844088950568,-0.270780142142836,-0.271671166368305,-0.272515756004718,-0.273312645283922,-0.274060725668269,-0.274759059406471,-0.275406889308925,-0.276003644872351,-0.276548944960276,-0.277042597307997,-0.277484595167903,-0.277875111443478,-0.278214490678821,-0.27850323927631,-0.278742014309703,-0.278931611285295,-0.279072951181593,-0.279167067070217,-0.279215090589132,-0.279218238505492,-0.279177799570717,-0.279095121836118,-0.27897160056442,-0.278808666841619,-0.278607776965207,-0.278370402659414,-0.27809802214569,-0.277792112077441,-0.277454140331807,-0.277085559638001,-0.276687802011092,-0.276262273951995,-0.275810352368436,-0.275333381167596,-0.274832668468736,-0.274309484383017,-0.273765059307849,-0.273200582684104,-0.272617202166224,-0.272016023157568,-0.271398108665961,-0.270764479437356,-0.270116114328607,-0.269453950883482,-0.268778886079211,-0.268091777213951,-0.267393442908523,-0.266684664198635,-0.265966185696493,-0.265238716803219,-0.264502932955826,-0.26375947689465,-0.26300895993911,-0.262251963261445,-0.261489039149683,-0.260720712252552,-0.259947480800331,-0.259169817796765,-0.258388172178197,-0.257602969936943,-0.256814615206698,-0.256023491308439,-0.255229961755851,-0.254434371219795,-0.253637046451751,-0.252838297166499,-0.252038416884611,-0.25123768373552,-0.250436361222173,-0.249634698948364,-0.248832933309994,-0.248031288151565,-0.247229975389286,-0.246429195602188,-0.245629138592672,-0.244829983917904,-0.244031901393463,-0.243235051570634,-0.242439586188678,-0.24164564860341,-0.240853374193343,-0.240062890744618,-0.239274318815901,-0.238487772084355,-0.237703357673761,-0.23692117646581,-0.236141323395503,-0.235363887731603,-0.234588953342976,-0.233816598951635,-0.233046898373266,-0.232279920745931,-0.23151573074765,-0.230754388803471,-0.229995951282638,-0.229240470686407,-0.228487995827032,-0.227738571998415,-0.226992241138867,-0.226249041986415,-0.225509010227052,-0.2247721786363,-0.224038577214451,-0.22330823331579,-0.222581171772129,-0.221857415010921,-0.221136983168244,-0.220419894196876,-0.219706163969735,-0.218995806378872,-0.218288833430248,-0.217585255334481,-0.216885080593749,-0.216188316085024,-0.215494967139797,-0.214805037620456,-0.214118529993455,-0.213435445399411,-0.212755783720272,-0.212079543643664,-0.211406722724542,-0.21073731744426,-0.210071323267156,-0.209408734694759,-0.208749545317717,-0.208093747865529,-0.207441334254173,-0.206792295631714,-0.206146622421971,-0.205504304366316,-0.20486533056368,-0.204229689508842,-0.203597369129056,-0.202968356819086,-0.202342639474718,-0.201720203524797,-0.201101034961845,-0.200485119371334,0,-0.157072087560926,-0.159226535251523,-0.161349525821568,-0.163469162216195,-0.165602991919881,-0.167761530798144,-0.16995111851349,-0.172175406260206,-0.174436101412122,-0.176733363060848,-0.179066042923612,-0.181431860125681,-0.18382754830222,-0.18624899160212,-0.188691357201997,-0.191149228222131,-0.193616739038281,-0.196087713561024,-0.19855580572317,-0.20101464018065,-0.203457950217168,-0.205879709169694,-0.208274251430475,-0.210636379237619,-0.212961451989655,-0.215245455619554,-0.217485050530721,-0.219677597620537,-0.22182116289832,-0.223914502068204,-0.22595702714328,-0.227948757660577,-0.229890259374549,-0.231782573433843,-0.233627139018347,-0.235425712262879,-0.237180284054242,-0.238892998991682,-0.24056607747509,-0.24220174255284,-0.243802152838706,-0.245369342505693,-0.246905169089949,-0.248411269592256,-0.249889025147193,-0.251339534338359,-0.252763595068652,-0.254161694743993,-0.255534008394269,-0.25688040423438,-0.258200456060354,-0.25949346178041,-0.260758467299685,-0.261994294911693,-0.263199575301332,-0.264372782235357,-0.265512269008227,-0.266616305724956,-0.267683116538218,-0.268710916013421,-0.269697943871033,-0.270642497447218,-0.271542961318362,-0.27239783364826,-0.273205748934264,-0.27396549694628,-0.274676037765973,-0.275336512939371,-0.275946252851179,-0.276504780511223,-0.277011812011184,-0.277467253962259,-0.277871198261759,-0.27822391455947,-0.278525840804042,-0.278777572247244,-0.278979849271429,-0.279133544384849,-0.279239648702533,-0.279299258199052,-0.279313559985409,-0.279283818826963,-0.279211364084035,-0.279097577222697,-0.278943880010956,-0.278751723485854,-0.278522577750103,-0.278257922633182,-0.277959239231257,-0.277628002322924,-0.277265673643365,-0.276873695987985,-0.276453488107586,-0.276006440350494,-0.27553391100235,-0.275037223271438,-0.274517662865938,-0.27397647610933,-0.273414868540957,-0.272834003950329,-0.272235003795946,-0.271618946962018,-0.270986869809419,-0.27033976648027,-0.269678589418809,-0.269004250074385,-0.268317619755585,-0.267619530607607,-0.26691077668789,-0.266192115117848,-0.265464267291129,-0.264727920121265,-0.263983727313825,-0.263232310650221,-0.262474261272179,-0.261710140957602,-0.260940483380022,-0.260165795345236,-0.25938655799988,-0.25860322800779,-0.257816238690909,-0.257026001132311,-0.256232905239628,-0.255437320767751,-0.254639598300213,-0.253840070189084,-0.253039051453573,-0.252236840637853,-0.251433720628853,-0.250629959434968,-0.249825810926806,-0.249021515541194,-0.248217300949759,-0.247413382693486,-0.246609964784641,-0.245807240277531,-0.245005391809517,-0.244204592113726,-0.243405004504863,-0.242606783339506,-0.241810074452223,-0.241015015568797,-0.240221736697825,-0.239430360501875,-0.238641002649354,-0.237853772148166,-0.237068771662226,-0.236286097811777,-0.235505841458472,-0.234728087976091,-0.233952917507719,-0.233180405210168,-0.232410621486381,-0.231643632206513,-0.230879498918319,-0.230118279047475,-0.229360026088387,-0.228604789786033,-0.22785261630932,-0.227103548416436,-0.226357625612628,-0.225614884300808,-0.224875357925379,-0.224139077109623,-0.223406069787006,-0.222676361326676,-0.221949974653495,-0.221226930362828,-0.220507246830382,-0.219790940317315,-0.219078025070852,-0.218368513420611,-0.217662415870837,-0.216959741188745,-0.216260496489131,-0.215564687315421,-0.214872317717328,-0.214183390325242,-0.213497906421515,-0.212815866008752,-0.212137267875259,-0.211462109657734,-0.210790387901346,-0.210122098117291,-0.209457234837924,-0.20879579166958,-0.208137761343164,-0.207483135762598,-0.206831906051218,-0.206184062596197,-0.205539595091065,-0.204898492576413,-0.204260743478841,-0.20362633564822,-0.20299525639334,-0.202367492515995,-0.201743030343575,-0.201121855760223,-0.200503954236597,-0.199889310858318,0,-0.159676890111846,-0.161829861948329,-0.163951780107162,-0.166073839252968,-0.168213540526901,-0.170380715851575,-0.172580913783594,-0.174816980858782,-0.177089816316088,-0.17939877297426,-0.181741910424218,-0.184116186329112,-0.186517620693381,-0.188941447740929,-0.191382262360916,-0.19383416492439,-0.196290906448994,-0.198746034533471,-0.20119303900451,-0.203625494916155,-0.206037199569519,-0.208422299687389,-0.210775404820598,-0.213091683445457,-0.215366938945241,-0.217597663634266,-0.219781070053542,-0.221915099826149,-0.223998411315112,-0.226030348112259,-0.228010890968509,-0.229940596145527,-0.231820523337853,-0.233652156309824,-0.235437319247464,-0.237178091579236,-0.238876723707091,-0.240535555742138,-0.242156940983233,-0.243743175530956,-0.245296435106649,-0.246818719853601,-0.248311807637724,-0.249777216137443,-0.251216173814079,-0.252629599680753,-0.254018091635534,-0.255381922989432,-0.256721046699135,-0.258035106706344,-0.25932345568986,-0.260585178453705,-0.261819120106101,-0.263023918131901,-0.264198037427262,-0.265339807351685,-0.266447459860384,-0.267519167809686,-0.268553082579328,-0.269547370226597,-0.270500245475722,-0.27141000294853,-0.272275045155067,-0.273093906881435,-0.273865275732009,-0.274588008700243,-0.275261144752578,-0.275883913510247,-0.276455740201448,-0.276976247129713,-0.277445251962276,-0.277862763184757,-0.27822897309583,-0.278544248728926,-0.278809121088761,-0.279024273080421,-0.279190526489725,-0.279308828347657,-0.279380236980674,-0.279405908014455,-0.279387080562763,-0.279325063796934,-0.279221224056169,-0.279076972625257,-0.278893754275178,-0.278673036633812,-0.278416300428773,-0.278125030622581,-0.277800708441707,-0.277444804285544,-0.277058771488777,-0.276644040900792,-0.27620201623831,-0.275734070162169,-0.275241541025753,-0.274725730240736,-0.274187900205291,-0.273629272740474,-0.273051027981916,-0.272454303676025,-0.271840194832479,-0.271209753687702,-0.270563989937143,-0.26990387119744,-0.269230323662823,-0.268544232923371,-0.267846444915899,-0.267137766981288,-0.266418969004968,-0.265690784619953,-0.264953912454375,-0.264209017407791,-0.263456731942662,-0.262697657379375,-0.261932365184929,-0.261161398246999,-0.260385272126498,-0.259604476283056,-0.258819475268885,-0.258030709887564,-0.257238598315038,-0.256443537180962,-0.255645902609073,-0.254846051215899,-0.2540443210675,-0.253241032594399,-0.252436489465126,-0.251630979419099,-0.250824775059761,-0.250018134609081,-0.249211302624621,-0.248404510680528,-0.247597978013809,-0.24679191213735,-0.245986509421123,-0.245181955643057,-0.244378426511024,-0.243576088157376,-0.242775097607438,-0.241975603223333,-0.241177745124456,-0.240381655585867,-0.239587459415851,-0.238795274313793,-0.238005211209493,-0.237217374584994,-0.236431862779912,-0.235648768281243,-0.234868177998523,-0.234090173525214,-0.233314831387102,-0.232542223278455,-0.231772416286664,-0.231005473106009,-0.230241452241176,-0.229480408201124,-0.228722391683807,-0.227967449752301,-0.227215626002785,-0.226466960724822,-0.225721491054372,-0.224979251119902,-0.224240272181978,-0.223504582766658,-0.222772208793023,-0.222043173695122,-0.221317498538627,-0.220595202132448,-0.219876301135554,-0.219160810159229,-0.21844874186498,-0.217740107058292,-0.217034914778427,-0.216333172384441,-0.215634885637589,-0.214940058780275,-0.214248694611701,-0.213560794560345,-0.212876358753419,-0.212195386083417,-0.211517874271891,-0.210843819930544,-0.21017321861978,-0.209506064904784,-0.208842352409255,-0.208182073866868,-0.20752522117056,-0.206871785419738,-0.206221756965465,-0.205575125453726,-0.204931879866838,-0.204292008563076,-0.203655499314586,-0.203022339343649,-0.202392515357366,-0.201766013580812,-0.201142819788735,-0.200522919335836,-0.199906297185708,-0.199292937938462,0,-0.162290712787372,-0.164428319694963,-0.166542211036596,-0.168663275307774,-0.170807108235543,-0.172981946680539,-0.175192064821549,-0.17743922032421,-0.179723324010323,-0.182042805852387,-0.184394861940885,-0.186775652252146,-0.18918047547876,-0.19160393179703,-0.194040079181164,-0.196482586630238,-0.198924886025878,-0.201360322705085,-0.203782303265825,-0.20618443782465,-0.208560673087195,-0.210905412258847,-0.213213618007782,-0.215480895315746,-0.217703551987686,-0.219878635695923,-0.222003947570647,-0.224078033401838,-0.226100154405827,-0.228070240184359,-0.2299888269484,-0.231856984301133,-0.233676233901112,-0.235448463194041,-0.237175837151354,-0.238860710625744,-0.240505543564095,-0.24211282093621,-0.24368497886565,-0.245224338101969,-0.246733045660165,-0.24821302517688,-0.249665936292921,-0.251093143165081,-0.252495692032129,-0.253874297605392,-0.25522933791876,-0.256560857152666,-0.257868575839074,-0.259151907758833,-0.260409982758922,-0.261641674646557,-0.262845633261529,-0.264020319789822,-0.265164044362612,-0.266275004986657,-0.267351326875948,-0.268391101300039,-0.269392423130697,-0.270353426353217,-0.271272316908886,-0.272147402346793,-0.27297711788226,-0.273760048581025,-0.274494947508598,-0.275180749798784,-0.275816582700717,-0.276401771756957,-0.276935843344313,-0.277418523872653,-0.277849735984833,-0.278229592133046,-0.278558385924475,-0.278836581633309,-0.279064802268843,-0.279243816572278,-0.27937452529015,-0.279457947041868,-0.279495204064628,-0.279487508082584,-0.279436146510178,-0.279342469163055,-0.279207875615142,-0.279033803307917,-0.278821716488126,-0.278573096023675,-0.278289430124125,-0.277972205972334,-0.27762290225706,-0.277242982582748,-0.276833889721924,-0.276397040667402,-0.275933822435548,-0.275445588567881,-0.274933656276021,-0.274399304174112,-0.273843770543178,-0.273268252073078,-0.272673903029705,-0.27206183479757,-0.27143311575081,-0.270788771408799,-0.270129784835848,-0.269457097247809,-0.268771608791763,-0.268074179468172,-0.267365630168078,-0.266646743800861,-0.265918266490906,-0.265180908824158,-0.264435347127955,-0.26368222476978,-0.262922153462595,-0.262155714566272,-0.2613834603763,-0.260605915392441,-0.259823577561307,-0.259036919488046,-0.258246389613317,-0.257452413352658,-0.25665539419612,-0.255855714766743,-0.25505373783698,-0.254249807302724,-0.253444249114961,-0.252637372169439,-0.251829469155023,-0.251020817361635,-0.250211679448847,-0.24940230417637,-0.248592927097743,-0.247783771218646,-0.246975047621273,-0.246166956056259,-0.245359685503636,-0.244553414704321,-0.243748312663576,-0.242944539127896,-0.242142245036711,-0.241341572950258,-0.240542657454934,-0.239745625547376,-0.238950596998472,-0.238157684698444,-0.237366994984098,-0.236578627949258,-0.235792677739381,-0.23500923283125,-0.234228376298641,-0.233450186064757,-0.232674735142213,-0.231902091861297,-0.231132320087162,-0.230365479426605,-0.229601625425023,-0.228840809754083,-0.228083080390647,-0.22732848178743,-0.226577055035827,-0.225828838021365,-0.225083865572147,-0.224342169600664,-0.223603779239338,-0.222868720970087,-0.222137018748244,-0.221408694121096,-0.220683766341308,-0.219962252475484,-0.219244167508099,-0.218529524441011,-0.217818334388765,-0.217110606669879,-0.216406348894294,-0.215705567047157,-0.215008265569092,-0.214314447433125,-0.213624114218395,-0.212937266180783,-0.212253902320604,-0.211574020447465,-0.210897617242414,-0.210224688317496,-0.209555228272803,-0.208889230751135,-0.208226688490355,-0.207567593373541,-0.206911936477001,-0.206259708116264,-0.205610897890089,-0.204965494722607,-0.204323486903636,-0.203684862127262,-0.203049607528731,-0.202417709719748,-0.201789154822205,-0.201163928500435,-0.200542015992022,-0.199923402137241,-0.199308071407165,-0.198696007930503,0,-0.164903012655183,-0.167014431218234,-0.169115817559725,-0.17123407547016,-0.173381323159481,-0.175563498271791,-0.177783238526093,-0.180041000638747,-0.18233557408109,-0.184664384565688,-0.187023722094968,-0.189408937589566,-0.191814622616924,-0.194234778404383,-0.196662978075751,-0.199092524828123,-0.201516607309313,-0.203928451775394,-0.206321469014642,-0.208689392806131,-0.21102640600968,-0.21332725030485,-0.215587316053436,-0.217802709626559,-0.219970296655056,-0.222087720869645,-0.224153399355624,-0.226166496050693,-0.228126876098227,-0.230035044203519,-0.231892070429724,-0.233699506938561,-0.23545929906709,-0.237173693881252,-0.238845149004443,-0.240476244125998,-0.242069597184099,-0.243627786816136,-0.245153282294841,-0.246648381830943,-0.248115159827235,-0.249555423414305,-0.250970678381512,-0.252362104432715,-0.253730539538927,-0.255076473023936,-0.256400046899246,-0.257701064858334,-0.258979008245154,-0.260233058227978,-0.261462123337659,-0.262664871471193,-0.263839765419183,-0.264985100951848,-0.266099046494502,-0.267179683441257,-0.268225046195514,-0.269233161086773,-0.270202083393836,-0.271129931801594,-0.272014919728837,-0.272855383083622,-0.273649804126083,-0.274396831241785,-0.275095294547271,-0.275744217359772,-0.276342823661735,-0.276890541775714,-0.277387004534625,-0.277832046285684,-0.2782256971037,-0.278568174611334,-0.278859873811956,-0.279101355336254,-0.279293332488924,-0.27943665745845,-0.279532307023329,-0.279581368054023,-0.279585023073164,-0.279544536098826,-0.279461238958093,-0.279336518222076,-0.27917180287948,-0.27896855283467,-0.278728248288106,-0.278452380032327,-0.278142440675421,-0.277799916785957,-0.277426281938646,-0.277022990628225,-0.276591473009986,-0.276133130418687,-0.275649331613055,-0.275141409690294,-0.274610659613795,-0.274058336297272,-0.27348565318954,-0.272893781306024,-0.272283848655477,-0.271656940013264,-0.271014096995709,-0.270356318393365,-0.269684560724428,-0.268999738972972,-0.26830272748,-0.267594360958531,-0.266875435607072,-0.266146710298675,-0.265408907825574,-0.26466271618187,-0.263908789869094,-0.263147751211579,-0.262380191670537,-0.261606673147429,-0.260827729268834,-0.260043866646364,-0.259255566106434,-0.258463283885787,-0.257667452789587,-0.256868483309766,-0.256066764702001,-0.255262666020304,-0.254456537108738,-0.25364870955023,-0.25283949757277,-0.252029198913642,-0.251218095642541,-0.250406454944642,-0.249594529864831,-0.248782560014442,-0.247970772241896,-0.247159381268724,-0.246348590292474,-0.245538591558004,-0.244729566898693,-0.24392168824904,-0.243115118130137,-0.242310010109429,-0.241506509236148,-0.240704752453771,-0.239904868990757,-0.239106980730826,-0.238311202563922,-0.237517642718986,-0.236726403079597,-0.235937579483479,-0.235151262006817,-0.234367535234268,-0.233586478515511,-0.232808166209126,-0.232032667914521,-0.231260048692623,-0.230490369275963,-0.229723686268773,-0.228960052337649,-0.228199516393327,-0.227442123764045,-0.226687916360977,-0.225936932836147,-0.225189208733246,-0.224444776631714,-0.223703666284447,-0.22296590474945,-0.222231516515751,-0.221500523623859,-0.220772945781027,-0.22004880047159,-0.219328103062592,-0.21861086690494,-0.217897103430281,-0.217186822243805,-0.216480031213151,-0.215776736553596,-0.215076942909677,-0.214380653433413,-0.21368786985927,-0.212998592575994,-0.21231282069546,-0.211630552118641,-0.210951783598837,-0.210276510802246,-0.20960472836602,-0.208936429953862,-0.208271608309305,-0.207610255306731,-0.206952362000232,-0.206297918670403,-0.20564691486913,-0.204999339462466,-0.204355180671657,-0.203714426112399,-0.203077062832387,-0.202443077347222,-0.201812455674744,-0.201185183367842,-0.200561245545809,-0.199940626924297,-0.199323311843913,-0.198709284297528,-0.19809852795633,0,-0.167502291913935,-0.169580740424909,-0.171667987400971,-0.173783299296606,-0.175934235736453,-0.17812400394555,-0.180353387075294,-0.182621410311255,-0.184925661208477,-0.187262518208752,-0.189627353547102,-0.192014723768768,-0.194418549767765,-0.196832287883428,-0.199249094367602,-0.20166198520012,-0.204063991898101,-0.206448312251047,-0.208808453358511,-0.211138363289685,-0.2134325472702,-0.215686164523393,-0.217895102638703,-0.220056027439077,-0.222166407586866,-0.224224514434707,-0.226229398761158,-0.228180846942232,-0.230079319755369,-0.231925877385757,-0.23372209432864,-0.235469967795637,-0.237171822987624,-0.238830218241896,-0.240447852643824,-0.242027478252181,-0.243571818653165,-0.245083495151958,-0.246564961545252,-0.248018448099333,-0.249445915086129,-0.250849016000703,-0.252229070392035,-0.253587046077911,-0.254923550377617,-0.256238829877357,-0.257532778138389,-0.258804950664405,-0.260054586361437,-0.261280634651159,-0.262481787338343,-0.263656514287664,-0.26480310193659,-0.26591969366194,-0.267004331029639,-0.268054994991018,-0.269069646144557,-0.270046263257757,-0.270982879337574,-0.271877614645993,-0.27272870617594,-0.273534533227133,-0.274293638847154,-0.275004747025344,-0.275666775642151,-0.276278845280696,-0.276840284098053,-0.277350629029063,-0.27780962365461,-0.278217213108918,-0.278573536427136,-0.27887891674648,-0.279133849773028,-0.279338990913835,-0.279495141452419,-0.279603234116967,-0.279664318356828,-0.279679545605933,-0.279650154773311,-0.279577458162368,-0.279462827983163,-0.279307683586542,-0.279113479516274,-0.278881694445765,-0.278613821039803,-0.278311356759068,-0.277975795605975,-0.27760862079448,-0.277211298313695,-0.276785271345185,-0.27633195548638,-0.275852734727341,-0.275348958124843,-0.274821937116094,-0.2742729434141,-0.273703207427513,-0.273113917149442,-0.272506217462057,-0.271881209806621,-0.271239952171743,-0.270583459356019,-0.269912703464669,-0.26922861460328,-0.268532081735201,-0.267823953672445,-0.267105040173171,-0.266376113121815,-0.265637907770783,-0.264891124025247,-0.264136427755009,-0.263374452119608,-0.262605798894892,-0.261831039791066,-0.261050717753884,-0.26026534824211,-0.259475420475667,-0.258681398650035,-0.257883723113465,-0.257082811504447,-0.256279059847613,-0.255472843606923,-0.254664518695531,-0.253854422442165,-0.253042874514304,-0.252230177798679,-0.251416619239978,-0.25060247063875,-0.249787989409758,-0.248973419302078,-0.248158991082396,-0.247344923182971,-0.246531422315792,-0.245718684054469,-0.244906893385401,-0.244096225229732,-0.243286844937602,-0.242478908756152,-0.241672564272691,-0.240867950834403,-0.240065199945897,-0.239264435645869,-0.238465774864064,-0.237669327759687,-0.236875198042345,-0.236083483276537,-0.235294275170671,-0.234507659851506,-0.233723718124888,-0.232942525723572,-0.232164153542898,-0.231388667865028,-0.230616130572386,-0.229846599350956,-0.22908012788398,-0.228316766036626,-0.227556560032111,-0.226799552619763,-0.226045783235455,-0.225295288154822,-0.224548100639652,-0.223804251077794,-0.223063767116931,-0.222326673792525,-0.221592993650221,-0.22086274686299,-0.220135951343262,-0.219412622850293,-0.218692775092975,-0.217976419828328,-0.21726356695584,-0.216554224607861,-0.215848399236218,-0.215146095695222,-0.21444731732121,-0.213752066008788,-0.21306034228389,-0.212372145373809,-0.211687473274307,-0.211006322813933,-0.210328689715647,-0.209654568655884,-0.208983953321125,-0.208316836462107,-0.207653209945737,-0.206993064804812,-0.206336391285637,-0.205683178893599,-0.205033416436805,-0.204387092067829,-0.203744193323664,-0.203104707163934,-0.202468620007437,-0.201835917767081,-0.201206585883275,-0.200580609355838,-0.199957972774475,-0.199338660347882,-0.198722655931525,-0.19810994305416,-0.197500504943117,0,-0.170076714902095,-0.172120511052379,-0.174194855041851,-0.176308638296804,-0.178464401478289,-0.180662485999582,-0.182901748843983,-0.18517973449062,-0.187492800701094,-0.189836274645963,-0.192204630427316,-0.194591670879731,-0.196990704355332,-0.199394714286165,-0.201796522541811,-0.204188947815076,-0.20656495894043,-0.208917821315275,-0.211241233148279,-0.213529447444283,-0.215777375543499,-0.217980668589861,-0.220135774339318,-0.222239968025463,-0.224291357374734,-0.226288863139471,-0.228232177576899,-0.230121704080795,-0.231958481651424,-0.233744098085798,-0.235480595725334,-0.237170373365255,-0.238816087566334,-0.240420556168146,-0.24198666632921,-0.243517288949117,-0.245015200885903,-0.246483015984507,-0.247923125586337,-0.249337648896931,-0.250728393344812,-0.25209682486358,-0.253444047863291,-0.25477079451867,-0.256077422883642,-0.257363923238851,-0.258629931987447,-0.259874752332861,-0.261097380900305,-0.26229653940264,-0.263470710403191,-0.264618176195696,-0.26573705980736,-0.266825367137203,-0.267881029269682,-0.268901944053372,-0.269886016105247,-0.270831194490859,-0.271735507436311,-0.272597093545464,-0.27341422912078,-0.274185351313932,-0.274909076958041,-0.275584217052949,-0.276209786984382,-0.276785012654416,-0.277309332782017,-0.277782397697412,-0.278204065002235,-0.27857439249913,-0.278893628810794,-0.279162202110791,-0.279380707378784,-0.279549892573135,-0.279670644086285,-0.279743971815039,-0.27977099414087,-0.279752923076305,-0.279691049794013,-0.279586730716562,-0.279441374308006,-0.27925642867428,-0.279033370048238,-0.278773692207548,-0.278478896849491,-0.278150484926195,-0.277789948926675,-0.277398766078188,-0.276978392428451,-0.276530257762067,-0.276055761298577,-0.275556268115778,-0.275033106239789,-0.274487564342777,-0.273920889989751,-0.27333428837736,-0.272728921509827,-0.272105907759923,-0.271466321766041,-0.270811194619778,-0.270141514301997,-0.269458226328853,-0.268762234572832,-0.268054402227237,-0.267335552885872,-0.266606471712819,-0.265867906680084,-0.265120569853695,-0.264365138711296,-0.263602257476648,-0.262832538458519,-0.262056563383385,-0.261274884713055,-0.260488026939872,-0.259696487853525,-0.258900739774663,-0.258101230751618,-0.257298385717397,-0.256492607604968,-0.255684278419488,-0.254873760266755,-0.254061396337624,-0.253247511848576,-0.252432414938942,-0.251616397525576,-0.250799736116008,-0.249982692581267,-0.249165514889711,-0.248348437803294,-0.24753168353778,-0.246715462388433,-0.245899973322771,-0.245085404541927,-0.244271934012188,-0.243459729968239,-0.242648951389588,-0.241839748451645,-0.241032262952837,-0.24022662871911,-0.239422971987108,-0.238621411767258,-0.237822060187923,-0.237025022821747,-0.236230398995225,-0.2354382820825,-0.234648759784317,-0.233861914393009,-0.233077823044342,-0.232296557956993,-0.231518186660388,-0.230742772211559,-0.229970373401688,-0.229201044952889,-0.228434837705814,-0.227671798798578,-0.226911971837496,-0.226155397060067,-0.22540211149064,-0.22465214908914,-0.223905540893222,-0.223162315154194,-0.222422497467024,-0.221686110894729,-0.220953176087426,-0.220223711396292,-0.219497732982696,-0.218775254922713,-0.218056289307234,-0.217340846337891,-0.216628934418959,-0.215920560245431,-0.215215728887423,-0.214514443871078,-0.213816707256099,-0.213122519710071,-0.212431880579689,-0.211744787959035,-0.211061238755007,-0.210381228750022,-0.209704752662105,-0.20903180420246,-0.208362376130624,-0.207696460307303,-0.207034047744965,-0.206375128656302,-0.205719692500614,-0.205067728028212,-0.204419223322917,-0.203774165842716,-0.203132542458651,-0.202494339492013,-0.201859542749898,-0.201228137559192,-0.200600108799039,-0.199975440931863,-0.199354118032979,-0.198736123818869,-0.198121441674159,-0.197510054677353,-0.196901945625371,0,-0.172614998835219,-0.174628345155808,-0.176693580751095,-0.178808535889167,-0.180970923331112,-0.183178357754714,-0.185427828955858,-0.187715424795719,-0.190036294467067,-0.192384747237453,-0.194754408896359,-0.197138393993128,-0.199529476655249,-0.201920255552308,-0.204303313218932,-0.206671370252395,-0.209017433441602,-0.211334935152723,-0.21361786004112,-0.215860854668612,-0.2180593158902,-0.220209454785315,-0.222308334220395,-0.22435387960427,-0.226344863827801,-0.228280868610247,-0.230162225413819,-0.231989939698581,-0.233765602581086,-0.235491293972288,-0.237169481060852,-0.238802915640725,-0.240394533317669,-0.241947357121327,-0.243464407539242,-0.244948620507421,-0.246402774457661,-0.247829427144682,-0.249230862658186,-0.250609048762999,-0.251965604497548,-0.253301777788517,-0.25461843269872,-0.255916045807872,-0.257194711125428,-0.258454152846167,-0.259693745180189,-0.260912538418474,-0.262109290334086,-0.263282501969422,-0.264430456824286,-0.265551262440812,-0.266642893381963,-0.267703234622153,-0.268730124412406,-0.269721395747814,-0.270674915650396,-0.271588621582912,-0.272460554425123,-0.273288887568958,-0.274071951818356,-0.274808255908326,-0.275496502581513,-0.276135600275259,-0.276724670574414,-0.27726305167263,-0.277750298155922,-0.278186177476218,-0.278570663519643,-0.278903927695189,-0.27918632797559,-0.279418396315565,-0.279600824855043,-0.279734451288892,-0.279820243752043,-0.279859285531951,-0.279852759880853,-0.279801935159922,-0.279708150507631,-0.279572802186427,-0.279397330726075,-0.279183208949408,-0.278931930936953,-0.278645001961303,-0.278323929400171,-0.277970214618595,-0.277585345795797,-0.277170791660203,-0.27672799608706,-0.276258373506468,-0.275763305065195,-0.275244135483105,-0.274702170543973,-0.274138675160784,-0.273554871956848,-0.272951940306203,-0.272331015779442,-0.271693189944234,-0.271039510473197,-0.270370981515356,-0.269688564291046,-0.268993177873716,-0.268285700125617,-0.267566968757771,-0.266837782487839,-0.266098902272546,-0.265351052594181,-0.264594922783312,-0.263831168362271,-0.263060412396165,-0.262283246840181,-0.261500233873722,-0.26071190721355,-0.259918773399526,-0.259121313047795,-0.258319982067392,-0.257515212837206,-0.256707415341076,-0.255896978259531,-0.25508427001729,-0.254269639786179,-0.253453418443542,-0.252635919486617,-0.251817439903618,-0.250998261002522,-0.250178649198759,-0.249358856763123,-0.248539122531351,-0.247719672576902,-0.246900720848479,-0.246082469773905,-0.245265110831943,-0.244448825093642,-0.243633783734777,-0.242820148520904,-0.242008072266517,-0.241197699269735,-0.240389165723909,-0.239582600107447,-0.238778123553146,-0.237975850198204,-0.237175887516064,-0.23637833663116,-0.235583292617583,-0.234790844782619,-0.234001076936066,-0.233214067646163,-0.232429890482937,-0.231648614249692,-0.230870303203349,-0.230095017264275,-0.229322812216205,-0.22855373989683,-0.227787848379566,-0.227025182147005,-0.226265782256496,-0.225509686498292,-0.224756929546649,-0.224007543104264,-0.22326155604038,-0.222518994522892,-0.221779882144754,-0.221044240044962,-0.220312087024387,-0.219583439656695,-0.218858312394586,-0.218136717671572,-0.2174186659995,-0.216704166061993,-0.215993224804017,-0.215285847517714,-0.214582037924681,-0.213881798254834,-0.213185129322007,-0.21249203059641,-0.211802500274093,-0.211116535343508,-0.210434131649316,-0.209755283953526,-0.209079985994078,-0.208408230540975,-0.207740009450045,-0.207075313714446,-0.20641413351397,-0.20575645826227,-0.205102276652042,-0.20445157669829,-0.203804345779699,-0.203160570678228,-0.202520237616959,-0.201883332296293,-0.201249839928536,-0.200619745270951,-0.199993032657322,-0.199369686028102,-0.198749688959178,-0.198133024689332,-0.197519676146423,-0.196909625972358,-0.19630285654689,0,-0.175108236911505,-0.17710064986046,-0.179162519878736,-0.181282238648268,-0.183453450101238,-0.185671396592659,-0.187931360446262,-0.190228056470664,-0.192555489279749,-0.194907017622169,-0.197275496582283,-0.199653440381749,-0.202033185140134,-0.204407046709267,-0.206767473488363,-0.209107194027234,-0.211419357528825,-0.213697663684394,-0.215936477300478,-0.218130923087191,-0.220276956679481,-0.222371409227985,-0.224412004451313,-0.22639734863217,-0.228326895465441,-0.230200888797271,-0.232020287068681,-0.233786673691485,-0.235502157675028,-0.237169268650704,-0.238790850078451,-0.240369953935314,-0.241909739642523,-0.243413379434087,-0.244883971843037,-0.246324464504882,-0.24773758706402,-0.249125794621494,-0.250491221878606,-0.251835647903284,-0.253160471265311,-0.254466695142313,-0.255754921881352,-0.257025356402985,-0.258277817749752,-0.259511758005485,-0.260726287743903,-0.261920207105042,-0.263092041547753,-0.264240081288509,-0.265362423414124,-0.266457015651494,-0.267521700793495,-0.268554260817966,-0.269552459796363,-0.270514084769114,-0.271436983863501,-0.272319101043637,-0.273158507006503,-0.273953425868401,-0.274702257417543,-0.275403594836196,-0.276056237915447,-0.276659201893669,-0.27721172214334,-0.277713255008099,-0.278163475151868,-0.278562269824405,-0.278909730473435,-0.279206142143853,-0.279451971101076,-0.279647851100594,-0.279794568701262,-0.279893047988187,-0.279944335034304,-0.27994958238995,-0.279910033848589,-0.279827009695917,-0.279701892610013,-0.279536114342938,-0.27933114327995,-0.279088472941685,-0.278809611467481,-0.278496072094615,-0.278149364628492,-0.277770987882555,-0.277362423053697,-0.276925127988952,-0.27646053229181,-0.275970033211476,-0.27545499225525,-0.274916732462839,-0.274356536281317,-0.273775643980571,-0.273175252550982,-0.272556515027701,-0.271920540188983,-0.271268392579428,-0.270601092812603,-0.269919618111186,-0.269224903046489,-0.268517840442825,-0.267799282415686,-0.267070041516053,-0.266330891956314,-0.265582570896207,-0.264825779769965,-0.26406118563834,-0.263289422551491,-0.262511092910814,-0.261726768819659,-0.260936993414597,-0.260142282170353,-0.259343124172907,-0.25853998335638,-0.257733299700396,-0.256923490385455,-0.256110950904653,-0.255296056130709,-0.254479161337851,-0.253660603178546,-0.252840700615477,-0.252019755809465,-0.251198054964319,-0.250375869129775,-0.249553454963869,-0.248731055456179,-0.247908900613492,-0.247087208109459,-0.246266183899885,-0.24544602280525,-0.244626909062113,-0.243809016844964,-0.242992510760105,-0.242177546313069,-0.241364270351055,-0.24055282148177,-0.239743330470063,-0.238935920613613,-0.23813070809892,-0.237327802338752,-0.236527306292166,-0.235729316768122,-0.234933924713695,-0.234141215487789,-0.233351269121222,-0.232564160563999,-0.23177995992052,-0.23099873267345,-0.230220539896885,-0.229445438459467,-0.228673481217994,-0.22790471720208,-0.227139191790362,-0.226376946878713,-0.225618021040913,-0.224862449682161,-0.224110265185827,-0.223361497053773,-0.222616172040601,-0.2218743142821,-0.221135945418206,-0.220401084710728,-0.219669749156092,-0.218941953593341,-0.218217710807602,-0.21749703162924,-0.216779925028872,-0.216066398208447,-0.215356456688533,-0.214650104392007,-0.213947343724272,-0.213248175650155,-0.212552599767628,-0.211860614378471,-0.21117221655601,-0.210487402210033,-0.209806166149009,-0.20912850213971,-0.20845440296433,-0.207783860475209,-0.20711686564725,-0.206453408628112,-0.205793478786266,-0.205137064757003,-0.20448415448646,-0.203834735273745,-0.203188793811234,-0.202546316223102,-0.201907288102165,-0.20127169454509,-0.200639520186033,-0.200010749228772,-0.199385365477387,-0.198763352365543,-0.198144692984433,-0.197529370109425,-0.196917366225475,-0.196308663551339,-0.195703244062646,0,-0.177551709152422,-0.179535889740224,-0.181601267057197,-0.183729776096969,-0.185912131953721,-0.188141690138627,-0.190412248524848,-0.192717275392752,-0.195049729744644,-0.197402116732943,-0.199766622758905,-0.202135269160821,-0.204500065235842,-0.206853156920021,-0.209186971089918,-0.211494354534373,-0.213768704671408,-0.216004087546531,-0.218195338055539,-0.220338137713533,-0.222429066432395,-0.224465626367668,-0.226446237644995,-0.228370207419158,-0.230237675076888,-0.232049537371847,-0.233807357852668,-0.235513265142536,-0.237169844514763,-0.238780026862161,-0.24034697865885,-0.241873995933936,-0.243364404676285,-0.244821469512512,-0.246248311975446,-0.24764783922398,-0.249022683692965,-0.250375153841552,-0.251707195922564,-0.253020366503787,-0.254315815323032,-0.255594277941371,-0.256856077563577,-0.25810113531406,-0.259328988185418,-0.260538813812572,-0.261729461167841,-0.262899486222562,-0.264047191581514,-0.265170669070564,-0.266267844248892,-0.267336521827537,-0.268374431007731,-0.269379269806237,-0.270348747510036,-0.271280624497305,-0.272172748772591,-0.273023088687332,-0.273829761447775,-0.27459105714584,-0.275305458179762,-0.275971654055687,-0.276588551675059,-0.277155281312277,-0.277671198570647,-0.278135882670762,-0.278549131473753,-0.278910953672822,-0.279221558601237,-0.279481344105172,-0.279690882917478,-0.279850907945877,-0.279962296858481,-0.280026056313206,-0.280043306137654,-0.280015263724208,-0.279943228863103,-0.279828569195306,-0.279672706428299,-0.27947710342199,-0.279243252219532,-0.278972663069088,-0.278666854457651,-0.278327344156888,-0.277955641263454,-0.277553239202145,-0.277121609649193,-0.276662197324865,-0.276176415598693,-0.275665642847072,-0.275131219501044,-0.27457444572176,-0.273996579641883,-0.273398836113022,-0.272782385901749,-0.272148355279817,-0.271497825957591,-0.270831835313339,-0.270151376874791,-0.269457401013147,-0.268750815813415,-0.268032488088595,-0.267303244508665,-0.266563872818594,-0.265815123122691,-0.265057709215419,-0.264292309941462,-0.263519570570198,-0.262740104171952,-0.261954492985347,-0.261163289766841,-0.260367019115141,-0.259566178764543,-0.258761240842509,-0.257952653087863,-0.257140840026907,-0.256326204105607,-0.255509126776639,-0.254689969540736,-0.25386907494221,-0.253046767519006,-0.252223354707916,-0.251399127705914,-0.25057436228877,-0.249749319588253,-0.248924246829414,-0.248099378029465,-0.247274934659898,-0.246451126273455,-0.245628151097649,-0.244806196596442,-0.243985440001754,-0.243166048816369,-0.242348181289806,-0.241531986868665,-0.240717606622877,-0.239905173649271,-0.239094813453758,-0.238286644313412,-0.237480777619634,-0.236677318203532,-0.235876364644588,-0.235078009563611,-0.234282339900931,-0.233489437180704,-0.232699377762177,-0.231912233078677,-0.231128069865053,-0.23034695037425,-0.229568932583646,-0.228794070391744,-0.22802241380576,-0.227254009120628,-0.22648889908989,-0.225727123088922,-0.224968717270902,-0.224213714715908,-0.223462145573498,-0.222714037199122,-0.221969414284657,-0.221228298983363,-0.220490711029544,-0.219756667853146,-0.219026184689544,-0.218299274684734,-0.217575948996144,-0.216856216889255,-0.216140085830212,-0.215427561574612,-0.214718648252614,-0.214013348450541,-0.213311663289114,-0.212613592498444,-0.211919134489939,-0.211228286425221,-0.210541044282192,-0.20985740291835,-0.209177356131468,-0.20850089671773,-0.207828016527434,-0.207158706518343,-0.206492956806778,-0.20583075671654,-0.205172094825744,-0.204516959011637,-0.203865336493484,-0.203217213873587,-0.202572577176517,-0.201931411886615,-0.201293702983836,-0.200659434977997,-0.200028591941481,-0.199401157540471,-0.198777115064753,-0.198156447456162,-0.197539137335701,-0.196925167029401,-0.196314518592967,-0.19570717383525,-0.195103114340601,0,-0.179944874953252,-0.181934579697676,-0.184010576804322,-0.186151874502654,-0.188347538103512,-0.190589559935219,-0.192870501662468,-0.195182738164788,-0.197518308750012,-0.199868986375179,-0.202226411140442,-0.204582234772439,-0.206928262492824,-0.20925659100703,-0.211559742751608,-0.213830794560358,-0.21606349671038,-0.218252377032309,-0.220392824659411,-0.222481148888453,-0.224514610203017,-0.226491422400374,-0.22841072664064,-0.230272539860461,-0.232077681219345,-0.233827681021698,-0.23552467689851,-0.237171302002764,-0.238770569658531,-0.240325758397494,-0.241840300703241,-0.243317678133748,-0.244761324859504,-0.246174541074861,-0.247560417234457,-0.248921769643127,-0.250261087585678,-0.251580491914678,-0.252881704808756,-0.254166030258033,-0.255434344714519,-0.256687097252391,-0.257924318506927,-0.259145637595099,-0.260350306161574,-0.261537228639976,-0.2627049977713,-0.263851934381841,-0.264976130394906,-0.266075494037588,-0.267147796208991,-0.268190717002095,-0.269201891419051,-0.270178953389226,-0.271119577289147,-0.272021516271139,-0.272882636828868,-0.273700949158871,-0.274474633012251,-0.275202058865132,-0.275881804365306,-0.276512666131528,-0.277093667087704,-0.277624059604066,-0.2781033247899,-0.278531168336714,-0.278907513347145,-0.279232490604433,-0.279506426741394,-0.279729830758582,-0.27990337932088,-0.280027901232557,-0.280104361455078,-0.280133844991903,-0.280117540922161,-0.280056726822053,-0.279952753770656,-0.279807032096527,-0.279621017984038,-0.279396201024259,-0.279134092764821,-0.278836216286726,-0.278504096813448,-0.278139253338841,-0.277743191245089,-0.277317395869871,-0.276863326972862,-0.276382414045131,-0.275876052400796,-0.27534559998792,-0.274792374854892,-0.274217653209073,-0.273622668006112,-0.273008608010664,-0.27237661727226,-0.271727794963466,-0.271063195531119,-0.270383829115239,-0.269690662194077,-0.268984618417566,-0.268266579595146,-0.267537386807523,-0.266797841615292,-0.266048707340542,-0.265290710400526,-0.264524541675195,-0.263750857892944,-0.262970283021136,-0.262183409650109,-0.261390800361145,-0.260592989070611,-0.259790482343884,-0.258983760674017,-0.258173279721217,-0.257359471510191,-0.256542745583279,-0.255723490108041,-0.254902072938552,-0.25407884263023,-0.253254129408439,-0.252428246091469,-0.251601488968801,-0.250774138635814,-0.249946460786234,-0.249118706963813,-0.248291115274791,-0.24746391106278,-0.246637307547744,-0.245811506430766,-0.244986698466281,-0.244163064003459,-0.243340773498351,-0.242519987998411,-0.241700859600924,-0.240883531886827,-0.240068140331352,-0.239254812692841,-0.238443669381034,-0.237634823806057,-0.236828382709267,-0.236024446477055,-0.235223109438626,-0.234424460148745,-0.233628581656334,-0.232835551759796,-0.232045443249833,-0.231258324140529,-0.230474257889375,-0.229693303606881,-0.228915516256392,-0.228140946844648,-0.227369642603634,-0.226601647164182,-0.225837000721795,-0.225075740195102,-0.224317899377344,-0.223563509081247,-0.222812597277634,-0.222065189228074,-0.221321307611882,-0.220580972647734,-0.219844202210154,-0.219111011941125,-0.218381415357031,-0.217655423951161,-0.216933047291955,-0.216214293117195,-0.215499167424297,-0.214787674556895,-0.21407981728784,-0.213375596898795,-0.212675013256537,-0.21197806488612,-0.211284749041008,-0.210595061770307,-0.209908997983203,-0.209226551510725,-0.208547715164919,-0.207872480795546,-0.207200839344395,-0.206532780897294,-0.20586829473392,-0.205207369375469,-0.204549992630296,-0.203896151637569,-0.203245832909038,-0.202599022368973,-0.201955705392346,-0.201315866841325,-0.200679491100137,-0.200046562108367,-0.199417063392753,-0.198790978097527,-0.198168289013367,-0.197548978605003,-0.196933029037541,-0.19632042220154,-0.195711139736906,-0.195105163055633,-0.194502473363454,0,-0.182290737278133,-0.184299031900904,-0.186392177942695,-0.18854981697288,-0.190760545014669,-0.193015468572799,-0.195306154087876,-0.197624048966653,-0.19996041836483,-0.202306443707803,-0.204653357059436,-0.206992575564252,-0.209315830969608,-0.21161529586791,-0.213883706793213,-0.216114481241524,-0.218301823412893,-0.220440812612404,-0.22252746871737,-0.224558790565242,-0.226532765104708,-0.228448347271015,-0.230305412473529,-0.23210468511098,-0.233847647561444,-0.235536434625372,-0.237173718489617,-0.238762589022072,-0.240306433705391,-0.241808820874423,-0.243273389220047,-0.244703745827508,-0.246103374374991,-0.247475554555089,-0.248823293309898,-0.250149268090263,-0.251455782053922,-0.252744730893927,-0.254017580823483,-0.255275357121807,-0.256518642554734,-0.257747584912576,-0.258961912848254,-0.260160959145624,-0.261343690499139,-0.262508742841264,-0.263654461215662,-0.264778943164952,-0.265880084585692,-0.266955627003689,-0.26800320524272,-0.269020394501273,-0.270004755915377,-0.270953879770367,-0.271865425627989,-0.272737158754344,-0.27356698236429,-0.274352965334089,-0.275093365171184,-0.275786646162916,-0.276431492750252,-0.277026818284343,-0.277571769420012,-0.278065726479201,-0.278508300177956,-0.278899325152682,-0.279238850745968,-0.279527129520638,-0.279764603964757,-0.279951891832356,-0.280089770537029,-0.280179160980596,-0.280221111159162,-0.280216779846034,-0.280167420607074,-0.28007436636062,-0.279939014652336,-0.279762813776268,-0.279547249837589,-0.279293834820438,-0.279004095696196,-0.278679564583385,-0.278321769950193,-0.277932228834061,-0.277512440039675,-0.277063878266646,-0.2765879891109,-0.276086184878863,-0.275559841150687,-0.275010294027604,-0.274438837998728,-0.273846724364005,-0.273235160152264,-0.272605307476194,-0.271958283269491,-0.271295159355027,-0.270616962796835,-0.269924676492551,-0.269219239966916,-0.268501550330731,-0.26777246337335,-0.267032794760302,-0.266283321310924,-0.265524782333969,-0.264757881002006,-0.263983285748034,-0.263201631670126,-0.262413521932067,-0.261619529149908,-0.260820196756068,-0.260016040334188,-0.259207548919292,-0.258395186259,-0.257579392032581,-0.256760583025567,-0.255939154258373,-0.255115480068081,-0.254289915143079,-0.253462795510712,-0.25263443947851,-0.251805148529856,-0.250975208175217,-0.250144888760255,-0.249314446232291,-0.248484122866712,-0.247654147954967,-0.246824738455851,-0.245996099611818,-0.245168425532028,-0.244341899743843,-0.243516695714433,-0.242692977344152,-0.241870899433227,-0.241050608123314,-0.240232241315366,-0.239415929065215,-0.23860179395819,-0.23778995146404,-0.236980510273343,-0.236173572616536,-0.235369234566608,-0.234567586326473,-0.233768712501933,-0.232972692361113,-0.232179600081182,-0.231389504983129,-0.230602471755279,-0.229818560666246,-0.229037827767907,-0.228260325088986,-0.227486100819783,-0.226715199488535,-0.225947662129869,-0.22518352644579,-0.22442282695959,-0.223665595163043,-0.222911859657257,-0.222161646287474,-0.22141497827214,-0.220671876326509,-0.219932358781059,-0.219196441694946,-0.21846413896474,-0.217735462428641,-0.217010421966391,-0.216289025595062,-0.2155712795609,-0.214857188427389,-0.214146755159691,-0.213439981205626,-0.212736866573308,-0.212037409905593,-0.211341608551449,-0.210649458634385,-0.209960955118034,-0.209276091869021,-0.208594861717196,-0.207917256513358,-0.207243267184541,-0.206572883786975,-0.205906095556788,-0.205242890958553,-0.204583257731747,-0.203927182935209,-0.203274652989663,-0.202625653718386,-0.201980170386084,-0.201338187736051,-0.200699690025666,-0.200064661060296,-0.199433084225666,-0.19880494251875,-0.198180218577243,-0.197558894707669,-0.196940952912169,-0.19632637491403,-0.195715142182003,-0.195107235953448,-0.194502637256363,-0.193901326930334,0,-0.18459556482784,-0.186632922238514,-0.188748511632793,-0.190925266763469,-0.193152205398532,-0.195419917172034,-0.197719184722458,-0.20004069700479,-0.202375104129207,-0.204713150825083,-0.207045810581603,-0.209364408464253,-0.211660737372556,-0.21392717196265,-0.216156779900289,-0.218343426179111,-0.220481864141563,-0.222567806565336,-0.224597971307472,-0.226570097994967,-0.228482934594186,-0.230336194954463,-0.232130490308467,-0.233867239065625,-0.235548560016225,-0.237177154319946,-0.238756181482048,-0.240289134042657,-0.241779715037208,-0.243231721531366,-0.244648936771614,-0.246035032779532,-0.247393484588343,-0.24872749679112,-0.250039942644178,-0.251333315639648,-0.252609693215489,-0.253870712093366,-0.255117554608699,-0.256350945307505,-0.257571157018574,-0.258778025557025,-0.259970972169713,-0.261149032790703,-0.262310893135211,-0.263454928624565,-0.26457924810574,-0.265681740310728,-0.266760121997451,-0.267811986728517,-0.268834853279512,-0.269826212725843,-0.270783573336268,-0.271704502500281,-0.272586665032573,-0.273427857326518,-0.27422603696526,-0.274979347538231,-0.275686138547542,-0.276344980417914,-0.276954674741397,-0.277514259990841,-0.278023013021547,-0.278480446747558,-0.27888630442715,-0.279240551022064,-0.279543362107849,-0.279795110810508,-0.279996353229371,-0.280147812780376,-0.280250363860077,-0.280305015191051,-0.280312893166308,-0.280275225465536,-0.280193325171408,-0.280068575570951,-0.279902415786271,-0.279696327341382,-0.279451821738166,-0.279170429084692,-0.278853687793441,-0.278503135345326,-0.278120300097551,-0.277706694099079,-0.277263806866463,-0.276793100064661,-0.276296003031833,-0.275773909083745,-0.27522817253174,-0.274660106348208,-0.274070980414582,-0.273462020288987,-0.272834406433462,-0.272189273844034,-0.271527712030567,-0.270850765297267,-0.270159433278656,-0.269454671689879,-0.268737393254102,-0.268008468773558,-0.267268728314432,-0.266518962479189,-0.265759923743133,-0.264992327834972,-0.264216855143885,-0.263434152138053,-0.262644832781913,-0.261849479941395,-0.261048646768235,-0.260242858056092,-0.2594326115626,-0.258618379292782,-0.25780060874032,-0.256979724084149,-0.256156127338665,-0.255330199456527,-0.254502301383627,-0.253672775066323,-0.252841944411413,-0.252010116199672,-0.251177580954076,-0.250344613763998,-0.24951147506687,-0.248678411388903,-0.24784565604654,-0.247013429810378,-0.246181941533321,-0.245351388744706,-0.244521958212166,-0.243693826472931,-0.242867160336244,-0.242042117358517,-0.24121884629278,-0.240397487513934,-0.239578173421234,-0.238761028819364,-0.23794617127941,-0.237133711480929,-0.236323753536307,-0.235516395298445,-0.23471172865284,-0.233909839794974,-0.23311080949394,-0.232314713343121,-0.2315216219987,-0.230731601406746,-0.229944713019531,-0.229161014001724,-0.22838055742704,-0.227603392465885,-0.226829564564516,-0.226059115616171,-0.225292084124621,-0.224528505360532,-0.223768411511033,-0.223011831822831,-0.2222587927392,-0.221509318031154,-0.220763428923078,-0.220021144213096,-0.219282480388412,-0.218547451735856,-0.217816070447859,-0.217088346724054,-0.216364288868696,-0.215643903384074,-0.214927195060101,-0.214214167060217,-0.213504821003779,-0.212799157045062,-0.212097173949015,-0.211398869163905,-0.210704238890952,-0.210013278151095,-0.209325980848981,-0.208642339834289,-0.207962346960495,-0.207285993141158,-0.206613268403847,-0.205944161941764,-0.205278662163179,-0.204616756738734,-0.20395843264672,-0.203303676216371,-0.202652473169282,-0.202004808658996,-0.20136066730884,-0.200720033248071,-0.200082890146401,-0.199449221246952,-0.198819009397714,-0.198192237081548,-0.197568886444799,-0.196948939324574,-0.196332377274726,-0.195719181590604,-0.195109333332613,-0.194502813348631,-0.19389960229533,-0.19329968065844,0,-0.186867400181206,-0.188940748955481,-0.191082429450071,-0.193280072680063,-0.195523608960588,-0.197803340342925,-0.200109437609646,-0.202431998291544,-0.204761225474979,-0.207087591364711,-0.209401966806931,-0.211695730448622,-0.213960871213422,-0.216190089807108,-0.218376897773685,-0.2205157082712,-0.222601911123693,-0.224631925184903,-0.226603222887592,-0.228514324364833,-0.230364761146159,-0.232155011738346,-0.233886413153055,-0.235561053549624,-0.237181651645525,-0.238751428508295,-0.240273976914762,-0.241753132784471,-0.243192852387904,-0.244597098194882,-0.245969735435441,-0.247314440739102,-0.248634623621948,-0.249933361110205,-0.25121334541839,-0.252476844326217,-0.253725673704023,-0.254961181503236,-0.25618424243878,-0.257395262529135,-0.25859419261509,-0.259780549941287,-0.260953446850616,-0.262111625608291,-0.263253498340835,-0.264377191047909,-0.26548059062574,-0.266561393834197,-0.267617157149319,-0.268645346472547,-0.269643385718942,-0.270608703379793,-0.271538776248976,-0.272431169614746,-0.273283573345324,-0.274093833433066,-0.274859978702804,-0.275580242529826,-0.276253079546773,-0.27687717744202,-0.277451464061151,-0.277975110115272,-0.278447527873539,-0.278868366271641,-0.279237502903572,-0.279555033381805,-0.279821258552702,-0.280036670041864,-0.280201934580493,-0.280317877531264,-0.280385465993082,-0.280405791820858,-0.280380054850992,-0.280309546577504,-0.28019563447914,-0.280039747155382,-0.279843360390114,-0.279607984226145,-0.279335151102298,-0.2790264050775,-0.278683292143077,-0.278307351605307,-0.277900108504759,-0.277463067026906,-0.276997704849432,-0.276505468365357,-0.275987768717031,-0.275445978573984,-0.274881429587192,-0.27429541045313,-0.273689165522934,-0.273063893894661,-0.272420748929926,-0.27176083813988,-0.271085223389429,-0.270394921372649,-0.269690904316443,-0.268974100873515,-0.26824539716964,-0.267505637973945,-0.266755627964481,-0.265996133064657,-0.265227881829215,-0.264451566861246,-0.263667846244362,-0.262877344976493,-0.262080656393904,-0.26127834357595,-0.260470940722774,-0.259658954499669,-0.258842865343151,-0.258023128724956,-0.257200176371156,-0.256374417434495,-0.255546239618764,-0.254716010254657,-0.253884077327114,-0.253050770454553,-0.252216401820795,-0.251381267060731,-0.250545646101061,-0.249709803957571,-0.24887399149055,-0.248038446120074,-0.247203392502896,-0.246369043172736,-0.245535599145786,-0.244703250493187,-0.243872176882255,-0.243042548088164,-0.242214524477747,-0.241388257467023,-0.240563889953986,-0.239741556728132,-0.238921384858124,-0.238103494058918,-0.237287997039618,-0.236474999833233,-0.235664602109461,-0.234856897471539,-0.234051973738147,-0.233249913211275,-0.232450792930925,-0.23165468491742,-0.230861656402096,-0.230071770047047,-0.229285084154576,-0.22850165286695,-0.227721526357014,-0.226944751010183,-0.226171369598289,-0.22540142144573,-0.224634942588332,-0.223871965925316,-0.223112521364717,-0.222356635962593,-0.221604334056335,-0.220855637392363,-0.220110565248475,-0.219369134551104,-0.218631359987716,-0.217897254114566,-0.217166827460023,-0.21644008862365,-0.215717044371223,-0.214997699725867,-0.214282058055452,-0.213570121156427,-0.212861889334209,-0.21215736148028,-0.211456535146123,-0.210759406614098,-0.210065970965413,-0.209376222145258,-0.208690153025245,-0.208007755463235,-0.207329020360652,-0.206653937717394,-0.205982496684398,-0.205314685613985,-0.204650492108032,-0.203989903064076,-0.203332904719412,-0.202679482693269,-0.202029622027124,-0.201383307223236,-0.200740522281458,-0.200101250734389,-0.199465475680942,-0.198833179818367,-0.198204345472807,-0.197578954628434,-0.196956988955213,-0.196338429835359,-0.195723258388536,-0.195111455495831,-0.194503001822577,-0.193897877840044,-0.193296063846068,-0.192697539984632,0,-0.189115084376584,-0.191227273863082,-0.193396888397061,-0.195616074803794,-0.197875745288053,-0.200166005345311,-0.202476548556484,-0.204797045139658,-0.207117424642546,-0.209428055683352,-0.211719864232627,-0.213984427157736,-0.216214060951573,-0.218401911167796,-0.220542039176912,-0.222629498692565,-0.22466039372514,-0.226631910992815,-0.228542322376174,-0.230390955959693,-0.232178136984296,-0.23390510227266,-0.23557389321124,-0.237187233165122,-0.238748395354546,-0.240261066881722,-0.241729213925218,-0.243156952265984,-0.244548426396186,-0.245907699578933,-0.247238656431773,-0.248544918930795,-0.24982977618587,-0.251096127916758,-0.252346441250753,-0.253582720246571,-0.254806487405474,-0.256018776339361,-0.257220134708887,-0.25841063650818,-0.259589902745769,-0.26075712954709,-0.261911122679157,-0.263050337472554,-0.264172923091987,-0.265276770088044,-0.266359560154069,-0.267418817017658,-0.268451957420172,-0.269456341182371,-0.270429319421096,-0.271368280070319,-0.272270689967773,-0.273134132892365,-0.273956343073004,-0.274735233831271,-0.275468921162917,-0.276155742201223,-0.276794268633978,-0.277383315261119,-0.277921943978932,-0.278409463557064,-0.278845425635476,-0.279229617409985,-0.279562051498031,-0.279842953482356,-0.28007274762152,-0.280252041195012,-0.280381607919662,-0.280462370835682,-0.280495385017424,-0.280481820417939,-0.280422945109623,-0.28032010913725,-0.280174729155708,-0.279988273983777,-0.279762251168035,-0.279498194617652,-0.279197653341911,-0.278862181297502,-0.278493328332009,-0.278092632193256,-0.277661611561009,-0.277201760047507,-0.276714541106205,-0.276201383783396,-0.27566367924479,-0.275102778008282,-0.274519987814701,-0.273916572070024,-0.273293748795107,-0.272652690022206,-0.271994521581225,-0.271320323222578,-0.270631129027705,-0.269927928062415,-0.269211665232381,-0.268483242304127,-0.267743519058712,-0.26699331454898,-0.266233408434692,-0.265464542373065,-0.26468742144519,-0.263902715601539,-0.263111061112203,-0.262313062009763,-0.261509291514698,-0.26070029343498,-0.25988658353316,-0.259068650855574,-0.258246959019577,-0.257421947455736,-0.256594032602859,-0.255763609054506,-0.254931050656304,-0.254096711553948,-0.253260927192238,-0.25242401526589,-0.251586276623155,-0.250747996123558,-0.249909443451211,-0.249070873885359,-0.248232529029849,-0.247394637503338,-0.246557415592055,-0.245721067866957,-0.244885787767098,-0.244051758151022,-0.243219151817928,-0.24238813200032,-0.241558852829786,-0.240731459777489,-0.239906090070884,-0.239082873088099,-0.238261930731343,-0.237443377780637,-0.236627322229084,-0.235813865600822,-0.235003103252734,-0.234195124660931,-0.233390013692935,-0.232587848866452,-0.231788703595545,-0.230992646424984,-0.230199741253459,-0.229410047546346,-0.228623620538603,-0.227840511428401,-0.227060767561982,-0.226284432610264,-0.225511546737626,-0.224742146763308,-0.223976266315807,-0.22321393598064,-0.222455183441806,-0.221700033617271,-0.220948508788753,-0.220200628726094,-0.219456410806463,-0.218715870128638,-0.217979019622579,-0.217245870154499,-0.216516430627645,-0.21579070807895,-0.215068707771743,-0.214350433284678,-0.213635886597028,-0.212925068170498,-0.212217977027691,-0.211514610827357,-0.210814965936551,-0.210119037499815,-0.209426819505503,-0.208738304849345,-0.20805348539537,-0.207372352034272,-0.206694894739316,-0.206021102619883,-0.205350963972731,-0.204684466331065,-0.204021596511488,-0.203362340658913,-0.202706684289522,-0.202054612331826,-0.201406109165908,-0.200761158660918,-0.200119744210873,-0.199481848768842,-0.198847454879559,-0.198216544710539,-0.197589100081745,-0.196965102493859,-0.196344533155222,-0.195727373007484,-0.195113602750012,-0.19450320286312,-0.193896153630148,-0.193292435158452,-0.192692027399339,-0.192094910166987,0,-0.191346563536778,-0.193497014902587,-0.195694674486288,-0.197934925946584,-0.200209377753691,-0.20250792128669,-0.20481988207314,-0.207134666217181,-0.20944210595816,-0.211732635674485,-0.213997391635574,-0.216228288658584,-0.218418095798679,-0.22056051443254,-0.222650252747482,-0.224683087354202,-0.226655903081883,-0.228566704370588,-0.230414594907966,-0.23219972544978,-0.233923212578124,-0.235587033199236,-0.237193900784501,-0.238747129782361,-0.240250494430138,-0.241708087560275,-0.243124184105521,-0.244503113014101,-0.24584914030227,-0.247166365073742,-0.248458629565639,-0.249729443655598,-0.25098192378268,-0.252218745881999,-0.253442111689039,-0.25465372761139,-0.255854795270325,-0.257046012761543,-0.25822758565649,-0.259399246749702,-0.260560283544946,-0.261709572458556,-0.262845618701187,-0.263966600780637,-0.265070418552067,-0.26615474373253,-0.267217071799142,-0.268254774209008,-0.269265149917616,-0.270245475232698,-0.271193051122921,-0.272105247203643,-0.272979541742459,-0.273813557161041,-0.274605090651804,-0.275352139672595,-0.276052922224431,-0.276705891951174,-0.277309748221385,-0.277863441458198,-0.278366174070197,-0.278817397403952,-0.279216805186535,-0.279564323954883,-0.279860100979595,-0.280104490185706,-0.28029803655454,-0.280441459461552,-0.280535635367614,-0.280581580238193,-0.280580432018388,-0.280533433444121,-0.28044191542239,-0.280307281167979,-0.280130991241291,-0.279914549592858,-0.279659490685021,-0.279367367730562,-0.279039742061649,-0.278678173620355,-0.27828421254392,-0.277859391803536,-0.27740522084447,-0.276923180167349,-0.276414716785031,-0.275881240486336,-0.275324120836641,-0.274744684845536,-0.274144215233254,-0.273523949229947,-0.272885077845069,-0.272228745547719,-0.2715560503028,-0.270868043912035,-0.270165732613102,-0.269450077894398,-0.268721997487071,-0.267982366499952,-0.267232018666795,-0.26647174767883,-0.265702308578935,-0.264924419196842,-0.264138761607612,-0.263345983598186,-0.262546700129152,-0.261741494780992,-0.260930921175903,-0.260115504368,-0.259295742196142,-0.258472106594924,-0.257645044860514,-0.256814980868946,-0.255982316245369,-0.255147431483389,-0.254310687014314,-0.253472424226545,-0.252632966435812,-0.251792619807254,-0.250951674230631,-0.250110404150141,-0.249269069350495,-0.248427915700978,-0.247587175859333,-0.246747069937319,-0.245907806129824,-0.245069581309408,-0.244232581588108,-0.243396982848312,-0.242562951244466,-0.241730643677287,-0.240900208242128,-0.240071784653028,-0.239245504643947,-0.238421492348575,-0.23759986466005,-0.236780731571836,-0.235964196500936,-0.235150356594543,-0.234339303021167,-0.233531121247205,-0.232725891299849,-0.231923688017176,-0.231124581286202,-0.230328636269627,-0.229535913621945,-0.228746469695537,-0.227960356737349,-0.227177623076668,-0.226398313304516,-0.225622468445114,-0.224850126119847,-0.224081320704134,-0.223316083477568,-0.222554442767664,-0.221796424087552,-0.221042050267891,-0.220291341583289,-0.219544315873494,-0.218800988659588,-0.218061373255401,-0.217325480874381,-0.216593320732089,-0.215864900144521,-0.215140224622428,-0.214419297961795,-0.213702122330641,-0.212988698352276,-0.212279025185164,-0.21157310059952,-0.210870921050766,-0.210172481749963,-0.209477776731343,-0.208786798917033,-0.208099540179088,-0.207415991398936,-0.206736142524309,-0.20605998262378,-0.205387499938973,-0.204718681934539,-0.204053515345982,-0.203391986225408,-0.202734079985276,-0.202079781440226,-0.201429074847054,-0.200781943942896,-0.200138371981697,-0.199498341769028,-0.198861835695303,-0.198228835767469,-0.197599323639212,-0.196973280639758,-0.196350687801293,-0.195731525885084,-0.195115775406332,-0.194503416657815,-0.193894429732367,-0.193288794544235,-0.19268649084937,-0.192087498264684,-0.191491796286314,0,-0.19356770259189,-0.19575384992639,-0.197978177423974,-0.200237939982515,-0.202524935189883,-0.204828762986971,-0.207138481862638,-0.209443399329629,-0.211733426743996,-0.213999229787483,-0.216232303497077,-0.218425032001943,-0.22057075259745,-0.222663823442455,-0.224699685816577,-0.226674910108354,-0.228587216420383,-0.230435464035535,-0.23221960779907,-0.233940622953957,-0.235600402667507,-0.237201634226023,-0.238747660675488,-0.240242334704014,-0.241689871008027,-0.243094702475926,-0.244461344449008,-0.245794270224787,-0.24709779995128,-0.24837600418016,-0.249632622627121,-0.250870998131193,-0.252094025397652,-0.25330411382949,-0.254503163574271,-0.255692553810689,-0.256873142248233,-0.258045274793936,-0.259208804336291,-0.260363117596975,-0.261507168999194,-0.262639520494803,-0.263758386281346,-0.264861681328087,-0.265947072621628,-0.267012032042118,-0.268053889795543,-0.269069887360285,-0.27005722895991,-0.271013130650014,-0.271934866204256,-0.272819809100929,-0.273665470042757,-0.274469529584135,-0.275229865586125,-0.275944575364625,-0.276611992535673,-0.277230698689194,-0.277799530134633,-0.27831758005606,-0.278784196488862,-0.279198976584332,-0.279561757662816,-0.279872605571829,-0.280131800864571,-0.280339823298915,-0.280497335129826,-0.280605163631974,-0.280664283246648,-0.280675797700368,-0.280640922394039,-0.280560967312892,-0.280437320660358,-0.280271433374567,-0.280064804645188,-0.279818968511479,-0.279535481589817,-0.279215911950967,-0.278861829143605,-0.278474795341168,-0.278056357573445,-0.277608040992314,-0.277131343112095,-0.276627728958888,-0.276098627059479,-0.275545426198638,-0.274969472873511,-0.274372069375016,-0.273754472428375,-0.27311789232797,-0.272463492505294,-0.271792389472759,-0.271105653090345,-0.270404307106387,-0.269689329928154,-0.268961655582061,-0.268222174827544,-0.267471736392468,-0.266711148301702,-0.265941179273911,-0.265162560164858,-0.264375985438434,-0.263582114649334,-0.262781573923743,-0.261974957426596,-0.261162828805925,-0.260345722606592,-0.259524145647201,-0.258698578355407,-0.257869476057948,-0.257037270222819,-0.256202369651845,-0.25536516162267,-0.25452601297983,-0.253685271175078,-0.2528432652576,-0.252000306815081,-0.251156690866894,-0.250312696710888,-0.249468588725433,-0.248624617128473,-0.247781018695464,-0.246938017438068,-0.246095825245552,-0.245254642490771,-0.244414658602654,-0.243576052607029,-0.242738993637586,-0.241903641418727,-0.241070146721963,-0.240238651797465,-0.239409290782281,-0.238582190086673,-0.237757468759934,-0.236935238836968,-0.236115605666859,-0.235298668224538,-0.234484519406633,-0.23367324631249,-0.232864930511273,-0.232059648296032,-0.231257470925514,-0.230458464854482,-0.22966269195322,-0.228870209716866,-0.228081071465178,-0.227295326533265,-0.226513020453812,-0.225734195131254,-0.224958889008354,-0.224187137225573,-0.223418971773623,-0.222654421639543,-0.221893512946626,-0.221136269088498,-0.220382710857625,-0.219632856568521,-0.218886722175879,-0.218144321387883,-0.217405665774881,-0.216670764873643,-0.215939626287383,-0.215212255781715,-0.214488657376719,-0.213768833435271,-0.213052784747779,-0.212340510613469,-0.211632008918362,-0.210927276210052,-0.210226307769422,-0.2095290976794,-0.208835638890876,-0.208145923285871,-0.20745994173808,-0.206777684170858,-0.206099139612768,-0.205424296250759,-0.204753141481082,-0.204085661958,-0.203421843640393,-0.202761671836331,-0.20210513124568,-0.201452206000825,-0.200802879705566,-0.200157135472272,-0.199514955957341,-0.198876323395034,-0.198241219629757,-0.197609626146824,-0.196981524101786,-0.196356894348358,-0.195735717465016,-0.195117973780302,-0.194503643396895,-0.193892706214494,-0.193285141951561,-0.192680930165969,-0.192080050274599,-0.191482481571925,-0.190888203247639,0,-0.195782866012403,-0.198000777543936,-0.200249228070474,-0.20252597337868,-0.204822425741271,-0.207127812793029,-0.209431037169092,-0.211721478336576,-0.213989300493721,-0.216225558275332,-0.218422243567872,-0.220572329900536,-0.222669826957262,-0.224709838922508,-0.226688614399271,-0.228603575934301,-0.23045332040533,-0.232237585819115,-0.233957184304824,-0.235613904584412,-0.237210389633709,-0.238749996564494,-0.240236646095084,-0.241674668568568,-0.243068652582178,-0.244423301142847,-0.245743299048403,-0.247033194040836,-0.248297293266252,-0.249539575742684,-0.25076362088914,-0.251972552694636,-0.253168998780717,-0.254355063406255,-0.255532313349368,-0.256701775550534,-0.257863945389637,-0.259018804478672,-0.260165846867267,-0.261304112571234,-0.26243222734056,-0.263548447582403,-0.264650709349002,-0.265736680294869,-0.266803813507465,-0.267849402126749,-0.268870633696329,-0.269864643236216,-0.270828564096344,-0.271759575741094,-0.272654947726355,-0.273512079258702,-0.274328533866457,-0.275102068859274,-0.27583065940054,-0.276512517159819,-0.277146103645454,-0.277730138436114,-0.278263602631217,-0.278745737921687,-0.279176041743487,-0.279554259016837,-0.279880370995188,-0.280154581751387,-0.280377302816593,-0.280549136462774,-0.280670858084888,-0.280743398096853,-0.280767823708557,-0.280745320901917,-0.28067717687422,-0.280564763168353,-0.280409519663342,-0.28021293955582,-0.279976555424252,-0.279701926433363,-0.279390626706415,-0.279044234867626,-0.278664324736084,-0.278252457135592,-0.277810172771695,-0.277338986117267,-0.276840380241126,-0.276315802509694,-0.275766661089481,-0.275194322177594,-0.274600107888463,-0.273985294726935,-0.273351112580865,-0.272698744169848,-0.272029324890702,-0.271343943004611,-0.270643640115188,-0.269929411891159,-0.269202208991728,-0.268462938156898,-0.267712463429091,-0.266951607476226,-0.266181152990027,-0.265401844136636,-0.264614388039725,-0.263819456279077,-0.263017686390166,-0.262209683352586,-0.261396021057219,-0.260577243743887,-0.25975386740286,-0.258926381134996,-0.258095248466581,-0.257260908615983,-0.256423777710174,-0.255584249949994,-0.254742698723661,-0.253899477668634,-0.253054921682378,-0.25220934788297,-0.251363056520783,-0.250516331842733,-0.249669442910745,-0.248822644376228,-0.247976177212449,-0.247130269406729,-0.24628513661444,-0.245440982776741,-0.244598000704008,-0.243756372626847,-0.242916270716544,-0.242077857576738,-0.24124128670804,-0.240406702947223,-0.239574242882582,-0.238744035246914,-0.237916201289551,-0.237090855128746,-0.236268104085678,-0.235448049001229,-0.234630784536627,-0.233816399458975,-0.233004976912622,-0.232196594677249,-0.231391325413499,-0.230589236896913,-0.229790392240878,-0.228994850109241,-0.228202664919204,-0.227413887035053,-0.226628562953248,-0.225846735479348,-0.225068443897233,-0.224293724131015,-0.223522608900035,-0.222755127867304,-0.2219913077817,-0.221231172614243,-0.220474743688725,-0.219722039806964,-0.218973077368921,-0.218227870487916,-0.217486431101164,-0.216748769075813,-0.216014892310701,-0.215284806833983,-0.214558516896816,-0.213836025063244,-0.213117332296447,-0.212402438041484,-0.211691340304671,-0.210984035729718,-0.210280519670749,-0.209580786262319,-0.208884828486539,-0.208192638237419,-0.207504206382526,-0.206819522822052,-0.206138576545396,-0.20546135568534,-0.204787847569909,-0.204118038772006,-0.203451915156886,-0.202789461927568,-0.202130663668239,-0.201475504385745,-0.200823967549219,-0.200176036127927,-0.199531692627394,-0.198890919123874,-0.198253697297229,-0.197620008462266,-0.196989833598609,-0.196363153379145,-0.195739948197105,-0.195120198191834,-0.194503883273301,-0.193890983145397,-0.19328147732807,-0.192675345178337,-0.192072565910234,-0.191473118613729,-0.190876982272649,-0.19028413578167,0,-0.197995138894609,-0.200239822911371,-0.202508999364868,-0.204799341687394,-0.207101375076913,-0.209403922292934,-0.211695866320274,-0.213966834823025,-0.216207412300324,-0.218409188184064,-0.220564775782139,-0.222667844578241,-0.224713167650213,-0.22669667154731,-0.228615473477603,-0.230467893344559,-0.232253432887917,-0.233972719258925,-0.235627414815995,-0.237220098242257,-0.238754124095896,-0.24023346870103,-0.241662570117211,-0.243046169091974,-0.244389156693211,-0.245696432974161,-0.246972779714767,-0.24822274911598,-0.249450569352625,-0.250660067130854,-0.251854606837553,-0.253037045486007,-0.254209702422217,-0.255374342625488,-0.256532172383449,-0.25768384611746,-0.258829483156801,-0.259968693292083,-0.261100609968399,-0.262223930000683,-0.263336958705578,-0.264437659347682,-0.265523705797498,-0.26659253729963,-0.267641414258824,-0.268667473974238,-0.26966778529336,-0.270639401219239,-0.271579408589098,-0.272484974048008,-0.273353385665223,-0.274182089678794,-0.274968722000834,-0.275711134265442,-0.27640741434795,-0.277055901422326,-0.277655195748575,-0.278204163490052,-0.278701936949323,-0.279147910679149,-0.279541733972115,-0.279883300259249,-0.280172733956189,-0.280410375287264,-0.280596763595935,-0.280732619617065,-0.280818827145304,-0.28085641448717,-0.280846536034548,-0.280790454246468,-0.280689522275974,-0.280545167430936,-0.280358875613027,-0.280132176838371,-0.279866631907091,-0.279563820257358,-0.279225329012524,-0.278852743207426,-0.27844763716167,-0.278011566953309,-0.277546063935451,-0.277052629230549,-0.276532729131997,-0.275987791339819,-0.275419201956282,-0.274828303167869,-0.274216391541864,-0.273584716868553,-0.272934481483549,-0.272266840008672,-0.271582899454142,-0.270883719629265,-0.270170313813304,-0.269443649642734,-0.268704650175355,-0.267954195096004,-0.267193122032501,-0.266422227954234,-0.265642270629246,-0.264853970118878,-0.26405801029197,-0.263255040343289,-0.262445676303251,-0.261630502528191,-0.260810073162336,-0.259984913564375,-0.259155521693012,-0.258322369447192,-0.257485903957869,-0.256646548829131,-0.255804705327364,-0.254960753517851,-0.254115053348782,-0.253267945683175,-0.252419753279585,-0.251570781722828,-0.250721320306191,-0.249871642866795,-0.249022008575927,-0.24817266268626,-0.247323837237922,-0.246475751725428,-0.245628613727477,-0.244782619501609,-0.243937954545656,-0.243094794127905,-0.242253303787802,-0.241413639808961,-0.24057594966618,-0.239740372448066,-0.238907039256799,-0.238076073586491,-0.237247591681487,-0.236421702875895,-0.235598509915553,-0.234778109263539,-0.233960591390287,-0.233146041049271,-0.232334537539181,-0.231526154953414,-0.23072096241768,-0.229919024316435,-0.229120400508823,-0.228325146534737,-0.227533313811586,-0.226744949822285,-0.225960098294974,-0.225178799374913,-0.224401089788976,-0.223627003003128,-0.222856569373254,-0.222089816289673,-0.22132676831564,-0.22056744732013,-0.219811872605174,-0.219060061027995,-0.218312027118166,-0.217567783190034,-0.216827339450579,-0.216090704102934,-0.215357883445718,-0.214628881968367,-0.213903702442615,-0.213182346010279,-0.212464812267491,-0.211751099345511,-0.211041203988247,-0.210335121626611,-0.209632846449826,-0.208934371473785,-0.208239688606594,-0.207548788711369,-0.206861661666417,-0.206178296422872,-0.205498681059891,-0.204822802837491,-0.204150648247115,-0.203482203060007,-0.202817452373478,-0.202156380655137,-0.201498971785157,-0.200845209096655,-0.200195075414253,-0.199548553090884,-0.198905624042909,-0.198266269783611,-0.197630471455123,-0.196998209858851,-0.196369465484453,-0.195744218537416,-0.195122448965307,-0.194504136482727,-0.193889260595033,-0.193277800620874,-0.192669735713587,-0.192065044881493,-0.191463707007153,-0.190865700865609,-0.190271005141663,-0.189679598446232,0,-0.200206071104565,-0.202472050414302,-0.204757962480243,-0.207057769114716,-0.209360789288801,-0.211655494674182,-0.213930917864263,-0.216177114379254,-0.218385245908606,-0.220547567129748,-0.222657421397087,-0.224709265624539,-0.226698713149263,-0.228622575628735,-0.230478886700683,-0.232266895288028,-0.233987022485887,-0.235640781584083,-0.23723066520947,-0.238760006500603,-0.240232822671511,-0.241653649523005,-0.24302737476486,-0.244359076775589,-0.245653873952128,-0.246916788316009,-0.248152625691704,-0.249365873635234,-0.250560617393971,-0.25174047351515,-0.252908540264127,-0.2540673637274,-0.255218918320874,-0.256364600363756,-0.257505233379881,-0.258641083824485,-0.259771885984542,-0.260896874850392,-0.262014825796829,-0.263124099939488,-0.264222694047969,-0.26530829390434,-0.26637833000027,-0.267430034474732,-0.268460498213358,-0.269466727065867,-0.270445696193287,-0.271394401634044,-0.272309908277182,-0.273189393549966,-0.274030186262024,-0.27482980019395,-0.275585962169108,-0.276296634497167,-0.276960031820889,-0.277574632528734,-0.278139185010881,-0.278652709132132,-0.279114493370343,-0.279524088122706,-0.279881295715063,-0.280186157662797,-0.280438939727796,-0.280640115297157,-0.280790347578346,-0.280890471065525,-0.280941472685296,-0.280944472979839,-0.280900707633616,-0.280811509598309,-0.28067829202106,-0.280502532134537,-0.280285756224727,-0.280029525754099,-0.279735424684317,-0.279405048013892,-0.279039991522057,-0.278641842690438,-0.278212172758438,-0.277752529856294,-0.277264433151048,-0.276749367934817,-0.276208781581293,-0.275644080294988,-0.275056626577977,-0.27444773734046,-0.273818682584075,-0.273170684590261,-0.272504917549916,-0.271822507574886,-0.271124533036345,-0.270412025179693,-0.269685968970203,-0.268947304128101,-0.268196926316075,-0.26743568844631,-0.266664402078028,-0.265883838880079,-0.26509473213651,-0.264297778276053,-0.263493638409299,-0.262682939859819,-0.261866277677793,-0.261044216126695,-0.260217290135423,-0.259386006709803,-0.258550846298837,-0.257712264112217,-0.256870691386712,-0.256026536599911,-0.255180186630556,-0.254332007865352,-0.253482347252654,-0.252631533303883,-0.251779877043842,-0.250927672911423,-0.250075199612358,-0.24922272092587,-0.248370486467152,-0.247518732407698,-0.246667682155529,-0.245817546997368,-0.244968526704809,-0.244120810106475,-0.243274575628127,-0.242429991802604,-0.241587217751421,-0.240746403639762,-0.239907691106535,-0.239071213671045,-0.238237097117797,-0.237405459860815,-0.236576413288797,-0.235750062092348,-0.234926504574438,-0.234105832945166,-0.233288133601826,-0.232473487395221,-0.231661969883073,-0.230853651571341,-0.230048598144191,-0.229246870683297,-0.228448525877121,-0.227653616220742,-0.226862190206802,-0.226074292508038,-0.225289964151899,-0.224509242687645,-0.22373216234635,-0.222958754194153,-0.222189046279117,-0.221423063771996,-0.220660829101209,-0.219902362082291,-0.219147680042077,-0.218396797937846,-0.217649728471657,-0.216906482200068,-0.216167067639453,-0.215431491367069,-0.214699758118069,-0.21397187087861,-0.213247830975211,-0.212527638160496,-0.211811290695478,-0.211098785428494,-0.210390117870925,-0.209685282269813,-0.208984271677501,-0.208287078018382,-0.207593692152883,-0.206904103938765,-0.206218302289852,-0.205536275232262,-0.204858009958249,-0.204183492877726,-0.203512709667557,-0.2028456453187,-0.202182284181281,-0.20152261000766,-0.200866605993583,-0.200214254817466,-0.199565538677908,-0.198920439329462,-0.198278938116768,-0.197641016007079,-0.197006653621255,-0.196375831263279,-0.195748528948356,-0.195124726429641,-0.194504403223656,-0.193887538634451,-0.193274111776542,-0.192664101596701,-0.192057486894612,-0.191454246342474,-0.190854358503559,-0.190257801849801,-0.189664554778427,-0.189074595627693,0,-0.202415428918895,-0.204697647314307,-0.206995884676914,-0.209300366939848,-0.21159914146264,-0.213880487457087,-0.216133788845642,-0.218349706635222,-0.220520121214799,-0.222638064513743,-0.224697700976843,-0.22669435054248,-0.228624529129531,-0.230485982412378,-0.232277694666892,-0.233999861891646,-0.235653825503344,-0.237241968753116,-0.23876758214516,-0.240234706479121,-0.241647962895913,-0.243012378865747,-0.244333217845041,-0.245615818732308,-0.246865449570753,-0.248087178377844,-0.249285762642168,-0.250465557960832,-0.251630445496052,-0.252783777379775,-0.253928338849117,-0.255066325708102,-0.256199335639168,-0.257328371892841,-0.258453857933661,-0.259575661690148,-0.260693128128095,-0.261805118928504,-0.262910058098314,-0.264005982372967,-0.265090595287851,-0.266161323806232,-0.267215376401516,-0.268249801508662,-0.269261545289854,-0.270247507708133,-0.27120459597267,-0.272129774511555,-0.273020110741124,-0.273872816031695,-0.274685281413407,-0.275455107717002,-0.276180129996541,-0.276858436228365,-0.277488380417384,-0.278068590363489,-0.278597970444126,-0.279075699851456,-0.279501226783325,-0.279874259126464,-0.280194752189216,-0.280462894041584,-0.28067908900496,-0.280843939805387,-0.280958228865561,-0.281022899164827,-0.28103903504595,-0.28100784329472,-0.280930634765659,-0.280808806775841,-0.28064382644039,-0.280437215078672,-0.280190533779922,-0.279905370181684,-0.279583326483794,-0.279226008694903,-0.278835017087281,-0.278411937818677,-0.277958335666893,-0.277475747813043,-0.276965678602828,-0.276429595211006,-0.275868924132362,-0.275285048422291,-0.27467930561143,-0.274052986221155,-0.273407332810067,-0.272743539485443,-0.272062751817961,-0.27136606710254,-0.270654534912836,-0.269929157901582,-0.269190892803571,-0.268440651602515,-0.267679302827246,-0.266907672946744,-0.266126547837191,-0.265336674297759,-0.264538761594997,-0.263733483018603,-0.262921477434022,-0.26210335081967,-0.261279677778716,-0.260451003017247,-0.259617842782313,-0.258780686254798,-0.257939996893353,-0.257096213726729,-0.256249752592777,-0.255401007323203,-0.254550350873842,-0.253698136400761,-0.252844698282988,-0.251990353093017,-0.25113540051655,-0.250280124223159,-0.249424792689724,-0.248569659978619,-0.2477149664727,-0.246860939569197,-0.246007794334595,-0.245155734122626,-0.244304951157397,-0.243455627083687,-0.242607933486349,-0.241762032380682,-0.240918076675586,-0.240076210611181,-0.239236570172544,-0.238399283481065,-0.237564471164893,-0.236732246709813,-0.235902716791828,-0.235075981592641,-0.234252135099132,-0.233431265387873,-0.232613454895629,-0.231798780676743,-0.230987314648209,-0.230179123823227,-0.229374270533903,-0.228572812643786,-0.227774803750805,-0.226980293381191,-0.226189327174879,-0.225401947062865,-0.22461819143696,-0.223838095312338,-0.223061690483256,-0.222289005672289,-0.221520066673393,-0.220754896489106,-0.21999351546215,-0.219235941401697,-0.218482189704527,-0.217732273471319,-0.216986203618261,-0.216243988984191,-0.215505636433443,-0.214771150954568,-0.214040535755104,-0.213313792352534,-0.212590920661584,-0.211871919077999,-0.211156784558925,-0.210445512700026,-0.209738097809446,-0.209034532978742,-0.208334810150889,-0.207638920185456,-0.206946852921072,-0.206258597235257,-0.205574141101728,-0.204893471645258,-0.204216575194182,-0.20354343733063,-0.202874042938574,-0.202208376249753,-0.201546420887573,-0.200888159909034,-0.200233575844775,-0.199582650737287,-0.198935366177379,-0.198291703338949,-0.197651643012127,-0.197015165634856,-0.196382251322962,-0.195752879898775,-0.195127030918358,-0.194504683697399,-0.193885817335807,-0.193270410741081,-0.192658442650484,-0.192049891652088,-0.191444736204713,-0.190842954656826,-0.190244525264431,-0.189649426208,-0.189057635608471,-0.188469131542376,0,-0.204621756482545,-0.206916048923209,-0.209221853804833,-0.211525635615965,-0.213814380100081,-0.216076434531665,-0.218301759020895,-0.220481787577287,-0.222609240576743,-0.224678018523114,-0.226683179666977,-0.228620966607104,-0.230488845754245,-0.232285532017144,-0.234010981027849,-0.235666340469555,-0.237253859788254,-0.238776763288845,-0.240239095177188,-0.241645546678966,-0.24300127534901,-0.24431172558659,-0.245582457679055,-0.24681899080178,-0.248026663581325,-0.249210514243003,-0.250375181086241,-0.251524823071446,-0.252663059633303,-0.253792928411339,-0.254916859356719,-0.256036663583621,-0.257153535338542,-0.2582680655237,-0.259380265300981,-0.26048959839893,-0.261595020832055,-0.262695026811361,-0.263787699674936,-0.264870766699576,-0.265941656674028,-0.266997559128603,-0.268035484132438,-0.269052321596018,-0.27004489905886,-0.271010037004759,-0.271944600831629,-0.272845548709447,-0.273709974685626,-0.274535146537971,-0.275318538025858,-0.276057855344026,-0.276751057734314,-0.277396372352762,-0.277992303617711,-0.278537637374996,-0.279031440306217,-0.279473055074062,-0.279862091744638,-0.280198416051486,-0.280482135071367,-0.280713580870311,-0.280893292652609,-0.281021997908507,-0.281100593011166,-0.281130123662884,-0.281111765537204,-0.281046805409425,-0.280936623015229,-0.280782673826804,-0.280586472889288,-0.280349579818127,-0.280073585020498,-0.279760097171527,-0.279410731948453,-0.279027102003136,-0.27861080813488,-0.278163431611265,-0.277686527573927,-0.277181619458725,-0.276650194354922,-0.276093699225512,-0.275513537910289,-0.274911068834182,-0.274287603345623,-0.273644404612824,-0.272982687009693,-0.272303615927369,-0.271608307952012,-0.270897831354177,-0.270173206839898,-0.269435408518312,-0.268685365045228,-0.267923960906407,-0.267152037808486,-0.26637039614934,-0.265579796543309,-0.264780961380007,-0.263974576398515,-0.263161292261483,-0.262341726116168,-0.261516463131683,-0.260686058003689,-0.259851036419539,-0.25901189647842,-0.258169110062384,-0.257323124155315,-0.256474362107908,-0.255623224847547,-0.254770092032735,-0.253915323152281,-0.253059258569988,-0.252202220515946,-0.251344514025894,-0.250486427830321,-0.249628235195186,-0.24877019471627,-0.247912551069246,-0.247055535717609,-0.246199367580624,-0.245344253663438,-0.244490389651471,-0.243637960471154,-0.242787140819012,-0.241938095661016,-0.241090980704067,-0.240245942841359,-0.23940312057329,-0.238562644405519,-0.237724637225636,-0.236889214659857,-0.236056485411045,-0.235226551579288,-0.234399508966161,-0.233575447363744,-0.232754450829376,-0.231936597947053,-0.231121962076316,-0.230310611589422,-0.229502610097495,-0.228698016666349,-0.227896886022576,-0.227099268750485,-0.226305211480398,-0.225514757068792,-0.224727944770736,-0.223944810405027,-0.223165386512402,-0.222389702507191,-0.221617784822711,-0.220849657050725,-0.22008534007523,-0.219324852200839,-0.218568209275991,-0.21781542481123,-0.217066510092736,-0.216321474291333,-0.215580324567137,-0.214843066170033,-0.214109702536126,-0.213380235380341,-0.212654664785305,-0.211932989286649,-0.211215205954869,-0.210501310473868,-0.209791297216297,-0.20908515931581,-0.208382888736345,-0.207684476338538,-0.206989911943365,-0.206299184393113,-0.205612281609777,-0.204929190650969,-0.20424989776343,-0.203574388434223,-0.202902647439703,-0.202234658892328,-0.201570406285396,-0.200909872535784,-0.200253040024752,-0.1995998906369,-0.198950405797319,-0.198304566507034,-0.197662353376775,-0.197023746659156,-0.196388726279313,-0.195757271864067,-0.195129362769663,-0.194504978108136,-0.193884096772375,-0.193266697459914,-0.192652758695519,-0.192042258852605,-0.191435176173545,-0.190831488788901,-0.190231174735632,-0.189634211974321,-0.189040578405456,-0.188450251884811,-0.187863210237959,0,-0.206823259385052,-0.209126070246787,-0.211434315933115,-0.213731485651297,-0.216003957219223,-0.218240485814406,-0.220431839187627,-0.222570372167691,-0.224649741949332,-0.226664787063156,-0.22861151412433,-0.230487132654002,-0.232290093623942,-0.234020103140188,-0.235678095755381,-0.237266162332124,-0.238787435222979,-0.240245938741568,-0.241646415621186,-0.242994140806775,-0.244294733082929,-0.245553973306116,-0.246777635897632,-0.247971338139924,-0.249140409935366,-0.250289785146429,-0.251423914467863,-0.252546698960286,-0.253661442848884,-0.254770823899205,-0.255876879563691,-0.256981007093436,-0.258083975884119,-0.259185950437245,-0.260286522440703,-0.261384750587738,-0.262479206849835,-0.263568027991954,-0.264648971168873,-0.265719472473464,-0.266776707328722,-0.26781765163364,-0.268839142596828,-0.26983793822848,-0.27081077451637,-0.271754419388234,-0.272665722661894,-0.273541661304206,-0.27437937945673,-0.275176222834691,-0.275929767260278,-0.2766378412451,-0.27729854268347,-0.277910249852649,-0.27847162703368,-0.27898162516393,-0.279439478007908,-0.279844694385892,-0.280197047030946,-0.280496558655583,-0.280743485801921,-0.280938301026539,-0.281081673936245,-0.281174451546862,-0.281217638386702,-0.281212376712438,-0.281159927149911,-0.281061650017952,-0.280918987541227,-0.280733447109493,-0.280506585696383,-0.280239995511389,-0.279935290924287,-0.279594096671932,-0.279218037332865,-0.278808728035364,-0.278367766348949,-0.277896725297526,-0.277397147423941,-0.27687053983015,-0.276318370114115,-0.275742063123523,-0.275142998447044,-0.274522508565807,-0.273881877590754,-0.273222340515283,-0.272545082916852,-0.271851241045859,-0.271141902244899,-0.270418105646377,-0.269680843101293,-0.26893106029667,-0.268169658023669,-0.267397493562677,-0.266615382155699,-0.265824098540134,-0.265024378521494,-0.264216920565748,-0.263402387394926,-0.262581407572178,-0.261754577064831,-0.260922460776093,-0.260085594037878,-0.259244484058859,-0.25839961132329,-0.257551430937338,-0.256700373920762,-0.255846848442652,-0.25499124100073,-0.254133917544313,-0.253275224541632,-0.25241548999255,-0.251555024388129,-0.250694121618736,-0.249833059832563,-0.248972102246621,-0.248111497912329,-0.24725148243788,-0.246392278669615,-0.24553409733459,-0.244677137646516,-0.243821587877201,-0.242967625895543,-0.24211541967608,-0.241265127778983,-0.240416899803312,-0.239570876815268,-0.238727191753056,-0.2378859698099,-0.237047328796651,-0.236211379485337,-0.235378225934907,-0.23454796580035,-0.23372069062628,-0.23289648612599,-0.232075432446919,-0.231257604423403,-0.230443071817498,-0.229631899548627,-0.228824147912725,-0.22801987279152,-0.227219125852518,-0.226421954740228,-0.22562840325913,-0.224838511548827,-0.224052316251796,-0.223269850674139,-0.222491144939673,-0.221716226137703,-0.220945118464767,-0.220177843360643,-0.219414419638886,-0.218654863612127,-0.217899189212362,-0.217147408106457,-0.216399529807042,-0.215655561779009,-0.214915509541764,-0.214179376767409,-0.213447165375009,-0.21271887562109,-0.211994506186508,-0.211274054259812,-0.21055751561725,-0.209844884699513,-0.209136154685347,-0.208431317562146,-0.207730364193617,-0.20703328438464,-0.206340066943398,-0.205650699740899,-0.204965169767951,-0.204283463189712,-0.203605565397865,-0.202931461060533,-0.202261134169995,-0.20159456808829,-0.200931745590775,-0.200272648907722,-0.199617259764021,-0.19896555941705,-0.198317528692794,-0.197673148020265,-0.197032397464297,-0.19639525675676,-0.195761705326282,-0.195131722326504,-0.19450528666295,-0.193882377018547,-0.193262971877865,-0.192647049550114,-0.192034588190961,-0.191425565823196,-0.190819960356316,-0.190217749605058,-0.189618911306927,-0.18902342313876,-0.188431262732376,-0.187842407689339,-0.187256835594878,0,-0.209018105671869,-0.211326005479108,-0.21363111623917,-0.21591527347522,-0.218164873914968,-0.220369462378713,-0.222520831301014,-0.224612374906194,-0.226638756633937,-0.228595800678148,-0.230480499474967,-0.232291059489121,-0.234026937373689,-0.235688839769649,-0.237278675033237,-0.238799456039436,-0.240255160642406,-0.241650560695848,-0.242991032187783,-0.244282358669574,-0.245530538484093,-0.246741603984135,-0.2479214584882,-0.249075734478173,-0.250209674676552,-0.251328036207349,-0.252435017027258,-0.253534203155211,-0.254628534856607,-0.255720289780507,-0.256811081038676,-0.257901868299651,-0.258992980105755,-0.260084145773323,-0.261174535383496,-0.262262806498304,-0.263347156337397,-0.264425378223555,-0.265494921153709,-0.266552951383482,-0.267596414935906,-0.268622099968128,-0.269626697962108,-0.270606862753335,-0.271559266479971,-0.272480651625697,-0.273367878442127,-0.274217967168258,-0.275028134610194,-0.275795824798444,-0.276518733595864,-0.277194827280277,-0.277822355266016,-0.278399857253096,-0.278926165197725,-0.279400400580944,-0.279821967512536,-0.280190542244932,-0.280506059688294,-0.280768697515138,-0.280978858423685,-0.281137151096528,-0.281244370348367,-0.281301476906547,-0.281309577213784,-0.281269903586236,-0.281183795004196,-0.281052678758741,-0.280878053127109,-0.280661471203167,-0.280404525967824,-0.280108836647834,-0.279776036380185,-0.279407761173115,-0.279005640133423,-0.278571286912752,-0.278106292312592,-0.277612217978304,-0.277090591106126,-0.276542900083381,-0.27597059098058,-0.275375064814352,-0.274757675501839,-0.274119728429983,-0.273462479566786,-0.272787135045855,-0.272094851160184,-0.271386734705994,-0.270663843622399,-0.269927187877606,-0.269177730557169,-0.268416389114497,-0.267644036748221,-0.266861503875217,-0.266069579671956,-0.265269013660495,-0.26446051731868,-0.263644765697203,-0.262822399028829,-0.261994024317616,-0.261160216898099,-0.260321521956372,-0.259478456006719,-0.258631508318927,-0.257781142292725,-0.256927796776928,-0.256071887331784,-0.255213807433888,-0.254353929623657,-0.25349260659596,-0.252630172234926,-0.251766942594342,-0.250903216825342,-0.250039278053267,-0.249175394205804,-0.248311818794536,-0.247448791652183,-0.24658653962776,-0.245725277241944,-0.24486520730487,-0.244006521498544,-0.243149400926001,-0.242294016629251,-0.241440530077977,-0.240589093630863,-0.239739850971312,-0.238892937519261,-0.238048480820649,-0.237206600916038,-0.236367410689772,-0.235531016200976,-0.234697516997595,-0.233867006414602,-0.233039571857416,-0.232215295071482,-0.231394252398926,-0.23057651502308,-0.229762149201661,-0.228951216489281,-0.228143773949943,-0.227339874360118,-0.226539566402938,-0.225742894854012,-0.224949900759327,-0.224160621605662,-0.223375091483892,-0.222593341245573,-0.221815398653102,-0.221041288523798,-0.220271032868165,-0.21950465102261,-0.218742159776866,-0.217983573496338,-0.217228904239602,-0.216478161871235,-0.215731354170184,-0.214988486933838,-0.214249564077972,-0.213514587732718,-0.21278355833471,-0.21205647471555,-0.21133333418672,-0.210614132621069,-0.209898864530998,-0.209187523143467,-0.208480100471914,-0.207776587385218,-0.207076973673796,-0.206381248112923,-0.205689398523403,-0.205001411829646,-0.204317274115262,-0.203636970676265,-0.202960486071942,-0.202287804173502,-0.201618908210564,-0.200953780815562,-0.200292404066148,-0.199634759525663,-0.198980828281746,-0.198330590983142,-0.19768402787479,-0.197041118831243,-0.196401843388489,-0.195766180774224,-0.195134109936657,-0.194505609571875,-0.193880658149851,-0.19325923393913,-0.192641315030257,-0.192026879357987,-0.191415904722335,-0.190808368808513,-0.190204249205792,-0.189603523425344,-0.189006168917098,-0.188412163085657,-0.187821483305318,-0.18723410693423,-0.186650011327724,0,-0.211204593525764,-0.213513681412602,-0.215809538304914,-0.21807384997746,-0.220293741249108,-0.222459924552067,-0.224565397672993,-0.226604675727233,-0.228573469332148,-0.230468615533401,-0.232288114764239,-0.234031187741614,-0.235698306048014,-0.23729117429041,-0.238812657366324,-0.2402666568583,-0.241657947070295,-0.242991984313855,-0.244274703452804,-0.245512314267532,-0.246711107735085,-0.247877279519218,-0.249016775294417,-0.250135160254505,-0.251237513384756,-0.252328345804458,-0.253411541654039,-0.254490319521661,-0.255567212190515,-0.256644062460245,-0.257722032887181,-0.25880162744588,-0.259882723298964,-0.260964611045281,-0.262046041979487,-0.26312528102945,-0.264200164138063,-0.265268158925852,-0.266326427516238,-0.267371890435651,-0.268401290525536,-0.269411255832469,-0.270398360484181,-0.271359182619408,-0.272290358521485,-0.27318863221017,-0.274050899871264,-0.274874248645287,-0.275655989448839,-0.276393683659094,-0.277085163646099,-0.277728547283027,-0.278322246695618,-0.278864971624496,-0.279355727864974,-0.279793811316783,-0.280178798220845,-0.28051053218271,-0.28078910858451,-0.281014856972029,-0.281188321973558,-0.281310243266047,-0.281381535054664,-0.281403265477304,-0.281376636288545,-0.281302963120205,-0.281183656559987,-0.281020204237094,-0.280814154055242,-0.280567098669785,-0.280280661267257,-0.27995648267239,-0.279596209779763,-0.279201485284199,-0.27877393866568,-0.278315178370341,-0.277826785118652,-0.277310306264673,-0.276767251125877,-0.27619908720089,-0.275607237192405,-0.274993076753848,-0.274357932881034,-0.273703082873514,-0.273029753794555,-0.272339122363298,-0.271632315217555,-0.270910409490751,-0.27017443365156,-0.269425368559713,-0.268664148696275,-0.267891663531239,-0.267108758995639,-0.266316239029387,-0.265514867179825,-0.264705368229415,-0.263888429834133,-0.263064704157018,-0.262234809483855,-0.261399331810306,-0.260558826391842,-0.259713819249602,-0.258864808626935,-0.258012266392703,-0.257156639388664,-0.256298350719217,-0.255437800982699,-0.254575369444121,-0.253711415149831,-0.252846277985102,-0.251980279676014,-0.25111372473732,-0.250246901368227,-0.249380082298184,-0.248513525584886,-0.247647475366806,-0.246782162572544,-0.245917805589343,-0.245054610893057,-0.244192773641824,-0.243332478235631,-0.242473898843888,-0.241617199903024,-0.240762536586051,-0.239910055245917,-0.239059893834389,-0.238212182298094,-0.237367042953257,-0.236524590840561,-0.235684934061466,-0.234848174097247,-0.234014406111882,-0.233183719239885,-0.232356196860055,-0.231531916856074,-0.23071095186478,-0.229893369512909,-0.22907923264301,-0.228268599529197,-0.227461524083344,-0.226658056052282,-0.225858241206496,-0.225062121520814,-0.224269735347504,-0.223481117582184,-0.222696299822909,-0.22191531052278,-0.221138175136378,-0.22036491626032,-0.2195955537682,-0.218830104940166,-0.218068584587358,-0.217311005171437,-0.216557376919391,-0.215807707933805,-0.215062004298796,-0.214320270181744,-0.213582507931008,-0.212848718169757,-0.212118899886064,-0.211393050519392,-0.210671166043608,-0.20995324104664,-0.209239268806902,-0.208529241366582,-0.207823149601925,-0.207120983290594,-0.206422731176225,-0.205728381030256,-0.20503791971114,-0.204351333221022,-0.203668606759969,-0.202989724777845,-0.202314671023901,-0.201643428594174,-0.200975979976757,-0.200312307095034,-0.199652391348937,-0.198996213654304,-0.198343754480407,-0.197694993885716,-0.197049911551966,-0.196408486816589,-0.195770698703567,-0.195136525952788,-0.194505947047928,-0.193878940242952,-0.193255483587262,-0.19263555494956,-0.192019132040469,-0.191406192433974,-0.190796713587713,-0.190190672862187,-0.189588047538916,-0.188988814837593,-0.188392951932282,-0.187800435966697,-0.187211244068595,-0.186625353363338,-0.186042740986646,0,-0.21338105052731,-0.215686468229781,-0.217966341988838,-0.220203620813306,-0.222386854402066,-0.224508250175851,-0.22656213629491,-0.228544188518942,-0.230451178221409,-0.232280964648111,-0.234032565525707,-0.235706222158831,-0.237303419554975,-0.238826846523124,-0.240280295633588,-0.241668512292277,-0.242997007252957,-0.244271848476873,-0.245499447286025,-0.246686351248225,-0.247839053066485,-0.248963821576127,-0.250066558176711,-0.251152679822171,-0.252227028089167,-0.253293802780147,-0.254356517894123,-0.255417977506961,-0.256480269045556,-0.257544771534436,-0.258612176574415,-0.259682520032458,-0.26075522264517,-0.26182913794243,-0.262902606069077,-0.263973512215851,-0.265039348466892,-0.266097277935558,-0.267144200102107,-0.268176816296364,-0.269191694296532,-0.270185331051601,-0.271154212586756,-0.272094870223974,-0.273003932345485,-0.273878171045218,-0.274714543149437,-0.275510225237319,-0.276262642448754,-0.276969491023294,-0.277628754664189,-0.278238714958765,-0.278797956206188,-0.279305365102374,-0.279760125807505,-0.280161710973558,-0.280509869338327,-0.280804610500107,-0.281046187476277,-0.281235077622198,-0.281371962447656,-0.281457706819589,-0.281493337985321,-0.281480024792706,-0.281419057424996,-0.281311827910817,-0.281159811615085,-0.280964549866076,-0.280727633828016,-0.280450689687986,-0.280135365190711,-0.279783317525011,-0.279396202540978,-0.278975665257104,-0.278523331601073,-0.278040801316401,-0.277529641958944,-0.276991383902164,-0.276427516267327,-0.275839483694217,-0.275228683868997,-0.274596465728199,-0.273944128261235,-0.273272919837906,-0.272584037992029,-0.271878629597238,-0.271157791376135,-0.2704225706891,-0.269673966554147,-0.268912930854135,-0.268140369692375,-0.267357144862137,-0.266564075399761,-0.265761939194973,-0.264951474635597,-0.264133382267149,-0.263308326450778,-0.262476937005716,-0.261639810824819,-0.260797513453909,-0.259950580627554,-0.259099519755565,-0.258244811355952,-0.25738691043135,-0.256526247786965,-0.255663231289065,-0.254798247063742,-0.253931660636377,-0.253063818012716,-0.252195046702909,-0.2513256566902,-0.250455941346205,-0.249586178294899,-0.248716630227572,-0.247847545671103,-0.246979159711911,-0.246111694677992,-0.245245360781385,-0.244380356723405,-0.243516870264872,-0.242655078763546,-0.241795149680825,-0.240937241059724,-0.240081501976011,-0.239228072964303,-0.238377086420795,-0.237528666984215,-0.236682931896472,-0.235839991344388,-0.234999948783781,-0.234162901247113,-0.233328939635781,-0.232498148998085,-0.231670608793814,-0.230846393146305,-0.230025571082788,-0.229208206763738,-0.228394359701923,-0.227584084971745,-0.226777433409472,-0.225974451804856,-0.225175183084634,-0.224379666488349,-0.223587937736885,-0.222800029194111,-0.22201597002195,-0.221235786329219,-0.2204595013145,-0.219687135403345,-0.218918706380037,-0.21815422951417,-0.217393717682228,-0.216637181484405,-0.215884629356829,-0.21513606767937,-0.21439150087922,-0.213650931530372,-0.212914360449179,-0.212181786786109,-0.211453208113844,-0.210728620511855,-0.210008018647558,-0.209291395854192,-0.208578744205513,-0.207870054587426,-0.207165316766641,-0.206464519456486,-0.205767650379932,-0.205074696329966,-0.204385643227374,-0.203700476176036,-0.203019179515812,-0.202341736873114,-0.20166813120923,-0.200998344866488,-0.200332359612335,-0.199670156681406,-0.199011716815651,-0.198357020302599,-0.197706047011815,-0.19705877642963,-0.1964151876922,-0.195775259616961,-0.195138970732535,-0.194506299307155,-0.193877223375664,-0.193251720765142,-0.192629769119206,-0.192011345921068,-0.191396428515354,-0.190784994128781,-0.190177019889707,-0.189572482846612,-0.188971359985565,-0.1883736282467,-0.187779264539758,-0.187188245758735,-0.186600548795667,-0.186016150553598,-0.185435027958764,0,-0.215545948469778,-0.217841263258757,-0.220097803868327,-0.222300618523767,-0.224440277940023,-0.226510719971125,-0.228507659195204,-0.230427929581082,-0.232269352914163,-0.234030805770848,-0.235712322314426,-0.237315161551721,-0.238841810686686,-0.240295918394006,-0.241682164938836,-0.243006083655573,-0.244273851547175,-0.245492066644412,-0.246667527401761,-0.247807025914308,-0.248917163006988,-0.250004189856035,-0.251073878047886,-0.252131417943814,-0.253181343848131,-0.254227483658983,-0.255272930281759,-0.256320031982596,-0.257370398950612,-0.258424923541785,-0.259483811935095,-0.260546625200062,-0.261612328025663,-0.262679343576418,-0.26374561311401,-0.264808659151183,-0.265865650993421,-0.266913471581789,-0.267948784588113,-0.268968100743263,-0.269967842411673,-0.270944405469689,-0.271894217608579,-0.272813792268623,-0.273699777519236,-0.274548999329156,-0.275358498815918,-0.27612556321879,-0.276847750497305,-0.27752290761119,-0.278149182680548,-0.278725031351977,-0.279249217802857,-0.279720810899692,-0.280139176086064,-0.28050396361167,-0.280815093727622,-0.281072739466947,-0.281277307605968,-0.281429418365396,-0.281529884362696,-0.28157968927303,-0.281579966597719,-0.281531978879382,-0.281437097643857,-0.281296784292457,-0.281112572115377,-0.28088604954901,-0.280618844757179,-0.280312611578987,-0.279969016854246,-0.279589729110999,-0.279176408578217,-0.2787306984699,-0.278254217474094,-0.277748553371237,-0.277215257700269,-0.276655841387614,-0.276071771253077,-0.275464467307326,-0.274835300757762,-0.274185592642815,-0.273516613018668,-0.272829580627077,-0.272125662977869,-0.271405976784908,-0.270671588699546,-0.269923516290758,-0.269162729226246,-0.268390150613637,-0.267606658465547,-0.266813087256621,-0.266010229544694,-0.265198837632002,-0.264379625245743,-0.263553269220473,-0.262720411167581,-0.261881659119675,-0.261037589139923,-0.260188746888421,-0.259335649139409,-0.258478785244678,-0.257618618539862,-0.256755587691433,-0.2558901079832,-0.255022572541929,-0.254153353502376,-0.253282803112603,-0.252411254780883,-0.251539024065881,-0.250666409612031,-0.249793694032303,-0.248921144740625,-0.248049014736374,-0.247177543343361,-0.246306956905768,-0.245437469443467,-0.244569283269107,-0.243702589569294,-0.242837568952116,-0.241974391963157,-0.241113219572074,-0.240254203631678,-0.239397487311382,-0.238543205506737,-0.237691485226709,-0.236842445960209,-0.235996200023307,-0.235152852888443,-0.234312503496881,-0.23347524455552,-0.232641162819125,-0.231810339358939,-0.230982849818578,-0.230158764658004,-0.229338149386358,-0.228521064784324,-0.227707567116663,-0.226897708335503,-0.226091536274909,-0.225289094837232,-0.22449042417168,-0.22369556084552,-0.222904538008298,-0.222117385549418,-0.221334130249405,-0.220554795925139,-0.219779403569352,-0.219007971484619,-0.218240515412093,-0.2174770486552,-0.216717582198492,-0.215962124821856,-0.215210683210255,-0.214463262059168,-0.213719864175887,-0.212980490576832,-0.212245140581004,-0.211513811899736,-0.210786500722854,-0.210063201801378,-0.209343908526885,-0.208628613007637,-0.20791730614159,-0.207209977686393,-0.20650661632647,-0.205807209737288,-0.205111744646905,-0.204420206894895,-0.203732581488727,-0.2030488526577,-0.202369003904508,-0.201693018054524,-0.20102087730287,-0.200352563259373,-0.199688056991458,-0.199027339065071,-0.198370389583688,-0.197717188225491,-0.19706771427878,-0.196421946675667,-0.195779864024147,-0.195141444638581,-0.194506666568668,-0.193875507626956,-0.193247945414952,-0.192623957347896,-0.19200352067823,-0.191386612517836,-0.190773209859089,-0.190163289594762,-0.189556828536847,-0.188953803434325,-0.18835419098994,-0.187757967876013,-0.187165110749334,-0.186575596265191,-0.185989401090551,-0.185406501916443,-0.184826875469584,0,-0.217696944640509,-0.219974453246302,-0.222199766164987,-0.224360586803578,-0.226449939784049,-0.228463606749771,-0.230398670744877,-0.232253083500894,-0.234025688408103,-0.235716364559253,-0.237326154306945,-0.238857323824419,-0.240313342381241,-0.2416987840831,-0.243019166230459,-0.244280743749795,-0.245490280284117,-0.24665481459654,-0.247781437226117,-0.248877087997027,-0.249948380852384,-0.251001459031002,-0.252041881000557,-0.253074535779188,-0.254103585192618,-0.255132430064286,-0.256163697166374,-0.257199243839142,-0.258240177412886,-0.25928688686641,-0.260339084475431,-0.261395855508748,-0.262455714297239,-0.263516665219672,-0.26457626731666,-0.265631701363342,-0.266679838310612,-0.267717308055144,-0.268740567532743,-0.269745967160093,-0.270729814687907,-0.271688435582194,-0.272618229125372,-0.273515719527296,-0.274377601456875,-0.275200779544149,-0.275982401554618,-0.276719885095501,-0.27741093787001,-0.278053571643753,-0.278646110220874,-0.279187191841821,-0.279675766506387,-0.280111088793259,-0.280492706790612,-0.280820447772326,-0.281094401253405,-0.281314900038941,-0.28148249984676,-0.28159795803829,-0.281662211938359,-0.281676357166013,-0.281641626337518,-0.281559368442187,-0.281431029133095,-0.281258132119928,-0.281042261800896,-0.280785047225634,-0.280488147441608,-0.280153238242756,-0.279782000310833,-0.279376108716836,-0.278937223731634,-0.278466982880952,-0.277966994169715,-0.277438830393959,-0.27688402445449,-0.276304065584846,-0.275700396406368,-0.275074410725035,-0.274427451987708,-0.273760812319356,-0.273075732067379,-0.272373399784132,-0.271654952583989,-0.270921476816585,-0.270174009003214,-0.269413536988533,-0.268641001264744,-0.267857296430195,-0.267063272748857,-0.266259737781322,-0.265447458061865,-0.264627160799702,-0.263799535585826,-0.262965236089748,-0.262124881733145,-0.261279059329774,-0.260428324683112,-0.259573204135059,-0.258714196060609,-0.257851772304875,-0.256986379559986,-0.256118440680463,-0.25524835593653,-0.254376504205537,-0.2535032441023,-0.252628915049605,-0.251753838290561,-0.250878317844745,-0.250002641410321,-0.24912708121448,-0.248251894814648,-0.247377325852946,-0.246503604766436,-0.24563094945565,-0.244759565913856,-0.243889648819465,-0.243021382093902,-0.242154939427149,-0.241290484773117,-0.240428172816832,-0.239568149415378,-0.238710552014366,-0.237855510041639,-0.237003145279774,-0.236153572218857,-0.235306898390896,-0.234463224687133,-0.23362264565943,-0.232785249806809,-0.231951119848138,-0.231120332981883,-0.230292961133764,-0.229469071193087,-0.228648725238464,-0.227831980753567,-0.227018890833505,-0.226209504382381,-0.225403866302517,-0.224602017675807,-0.223803995937615,-0.22300983504361,-0.222219565629877,-0.221433215166649,-0.220650808105931,-0.219872366023329,-0.219097907754298,-0.218327449525083,-0.217561005078551,-0.216798585795125,-0.216040200809013,-0.215285857119916,-0.214535559700367,-0.213789311598889,-0.21304711403909,-0.212308966514865,-0.211574866881825,-0.210844811445087,-0.210118795043553,-0.209396811130789,-0.208678851852621,-0.207964908121565,-0.207254969688186,-0.206549025209491,-0.205847062314464,-0.205149067666827,-0.204455027025122,-0.203764925300216,-0.203078746610302,-0.202396474333487,-0.201718091158057,-0.201043579130483,-0.200372919701265,-0.199706093768686,-0.199043081720531,-0.198383863473884,-0.197728418513025,-0.197076725925542,-0.196428764436686,-0.195784512442068,-0.195143948038733,-0.194507049054689,-0.193873793076954,-0.193244157478158,-0.192618119441789,-0.191995655986104,-0.191376743986783,-0.190761360198369,-0.190149481274544,-0.189541083787284,-0.188936144244956,-0.188334639109384,-0.187736544811945,-0.187141837768717,-0.186550494394749,-0.185962491117459,-0.185377804389232,-0.184796410699225,-0.184218286584436,0,-0.219830523120262,-0.222081888187761,-0.224267700573652,-0.226379076815313,-0.228411731033354,-0.230363265080571,-0.232232042959794,-0.234017064206877,-0.235718153462736,-0.237336172041462,-0.238873157346315,-0.24033236574831,-0.24171822007915,-0.243036175634294,-0.244292525761438,-0.245494170775107,-0.246648372781931,-0.247762515259665,-0.248843881298249,-0.249899459421638,-0.250935781581596,-0.251958794567738,-0.252973763744382,-0.253985206574438,-0.254996852629366,-0.256011626515543,-0.25703165020252,-0.258058261486733,-0.259092045670092,-0.260132877910542,-0.261179974067628,-0.262231948193071,-0.263286875089525,-0.264342356574709,-0.265395590244806,-0.266443439637808,-0.267482504765698,-0.268509192027269,-0.26951978254485,-0.270510498001044,-0.2714775630962,-0.272417263811259,-0.273326000747604,-0.27420033692612,-0.275037039559123,-0.275833115456024,-0.276585839879919,-0.2772927788302,-0.277951804878395,-0.278561106824136,-0.279119193559866,-0.279624892632836,-0.280077344068728,-0.280475990072238,-0.280820561246876,-0.281111059980914,-0.281347741631676,-0.281531094109302,-0.281661816417429,-0.281740796655284,-0.281769089926872,-0.281747896541196,-0.281678540825363,-0.281562450812071,-0.281401139005911,-0.281196184380404,-0.280949215710381,-0.280661896302702,-0.280335910152437,-0.279972949521463,-0.27957470391163,-0.279142850384886,-0.278679045167463,-0.278184916464007,-0.277662058399826,-0.277112026004633,-0.276536331148997,-0.275936439344504,-0.275313767320149,-0.274669681290268,-0.274005495833079,-0.273322473303432,-0.27262182370831,-0.271904704978902,-0.271172223578495,-0.270425435390815,-0.269665346838807,-0.268892916188961,-0.268109055001263,-0.267314629689464,-0.266510463160752,-0.265697336507956,-0.264875990731128,-0.264047128468763,-0.263211415721993,-0.26236948355791,-0.261521929780603,-0.260669320560769,-0.259812192016666,-0.25895105174091,-0.258086380269087,-0.25721863248746,-0.25634823897811,-0.255475607300814,-0.254601123211714,-0.253725151819477,-0.252848038680186,-0.251970110832585,-0.251091677775653,-0.250213032390714,-0.249334451810456,-0.248456198237375,-0.247578519714181,-0.246701650848777,-0.24582581349637,-0.244951217401252,-0.244078060800736,-0.243206530993619,-0.242336804875498,-0.241469049443116,-0.240603422269839,-0.239740071954231,-0.238879138543587,-0.238020753934174,-0.237165042249801,-0.236312120200228,-0.235462097420851,-0.234615076794936,-0.233771154759628,-0.232930421596843,-0.232092961710073,-0.231258853888027,-0.230428171556005,-0.229600983015761,-0.22877735167461,-0.227957336264424,-0.227140991051139,-0.226328366035317,-0.22551950714428,-0.224714456416274,-0.223913252177098,-0.223115929209578,-0.222322518916256,-0.221533049475606,-0.220747545992104,-0.2199660306404,-0.219188522803882,-0.218415039207844,-0.217645594047499,-0.21688019911103,-0.216118863897878,-0.215361595732448,-0.214608399873399,-0.213859279618685,-0.21311423640648,-0.212373269912163,-0.211636378141458,-0.210903557519896,-0.210174802978703,-0.209450108037232,-0.208729464882069,-0.208012864442904,-0.207300296465293,-0.206591749580395,-0.205887211371802,-0.205186668439537,-0.20449010646134,-0.20379751025131,-0.203108863816008,-0.202424150408094,-0.201743352577591,-0.201066452220862,-0.200393430627363,-0.199724268524265,-0.199058946119018,-0.198397443139928,-0.197739738874811,-0.197085812207817,-0.196435641654468,-0.195789205394989,-0.195146481305993,-0.194507446990587,-0.193872079806953,-0.193240356895472,-0.192612255204443,-0.191987751514449,-0.191366822461442,-0.190749444558574,-0.190135594216851,-0.189525247764641,-0.188918381466094,-0.188314971538517,-0.187714994168746,-0.187118425528569,-0.186525241789234,-0.185935419135076,-0.185348933776323,-0.184765761961096,-0.184185879986657,-0.183609264209927,0,-0.221942546676298,-0.224158902473541,-0.226296792309352,-0.2283515543932,-0.23032160827498,-0.232206218002757,-0.234004885121652,-0.235717569342439,-0.237345032222684,-0.23888909567565,-0.240352776086497,-0.241740297354536,-0.243056999186514,-0.244309164125405,-0.24550379054199,-0.246648338662889,-0.247750473216745,-0.248817820839731,-0.249857754437365,-0.250877211298968,-0.251882547451999,-0.252879427667289,-0.253872748571284,-0.254866591260622,-0.255864199399117,-0.256867978788426,-0.257879514669787,-0.258899603411754,-0.259928295683601,-0.260964948651486,-0.262008285130916,-0.263056457965881,-0.264107118174351,-0.265157485601925,-0.266204420966941,-0.267244498272287,-0.268274076615555,-0.269289370464989,-0.270286517498534,-0.271261643139675,-0.272210920976322,-0.273130628323637,-0.274017196290643,-0.274867253832336,-0.275677665409612,-0.276445562032374,-0.277168365619106,-0.277843806761381,-0.278469936126833,-0.279045129863013,-0.279568089472569,-0.280037836714357,-0.280453704144171,-0.280815321943022,-0.281122601691798,-0.28137571774133,-0.281575086799506,-0.281721346315673,-0.2818153321908,-0.281858056283196,-0.281850684117091,-0.281794513137988,-0.281690951796464,-0.281541499682938,-0.28134772888111,-0.281111266658149,-0.280833779565805,-0.280516958988604,-0.28016250814314,-0.279772130505863,-0.27934751962543,-0.278890350259037,-0.278402270759752,-0.27788489663319,-0.27733980517632,-0.276768531108352,-0.276172563103005,-0.275553341132579,-0.274912254536823,-0.274250640733198,-0.273569784489525,-0.272870917685012,-0.272155219490909,-0.271423816907545,-0.270677785600018,-0.269918150980245,-0.269145889488379,-0.268361930031706,-0.267567155543903,-0.266762404632098,-0.265948473283377,-0.265126116606238,-0.264296050586074,-0.263458953836982,-0.262615469335116,-0.261766206121411,-0.260911740963846,-0.260052619971442,-0.259189360154031,-0.258322450923375,-0.257452355532587,-0.256579512451977,-0.255704336680396,-0.254827220992038,-0.253948537119278,-0.253068636872739,-0.252187853200197,-0.251306501186287,-0.25042487899525,-0.249543268759138,-0.248661937414025,-0.247781137486863,-0.246901107835627,-0.246022074345407,-0.245144250583054,-0.244267838412946,-0.243393028576325,-0.242520001236611,-0.241648926492936,-0.240779964864077,-0.239913267744826,-0.239048977836713,-0.238187229554891,-0.237328149412865,-0.23647185638663,-0.23561846225968,-0.23476807195023,-0.233920783821897,-0.233076689978993,-0.232235876547472,-0.231398423942518,-0.230564407123648,-0.229733895838148,-0.22890695485359,-0.228083644180103,-0.227264019283031,-0.226448131286532,-0.225636027168648,-0.224827749948313,-0.224023338864735,-0.223222829549551,-0.222426254192113,-0.221633641698238,-0.220845017842735,-0.220060405415982,-0.21927982436482,-0.218503291927996,-0.217730822766391,-0.216962429088227,-0.21619812076945,-0.215437905469478,-0.214681788742473,-0.213929774144308,-0.213181863335368,-0.212438056179335,-0.211698350838104,-0.210962743862935,-0.210231230281993,-0.209503803684375,-0.20878045630075,-0.208061179080719,-0.207345961767006,-0.206634792966575,-0.205927660218781,-0.205224550060652,-0.204525448089391,-0.203830339022196,-0.203139206753489,-0.202452034409627,-0.201768804401204,-0.201089498473003,-0.200414097751694,-0.199742582791354,-0.199074933616881,-0.198411129765382,-0.197751150325604,-0.197094973975486,-0.196442579017895,-0.195793943414613,-0.195149044818646,-0.194507860604921,-0.19387036789942,-0.19323654360683,-0.192606364436754,-0.191979806928546,-0.191356847474824,-0.19073746234372,-0.190121627699911,-0.189509319624486,-0.188900514133705,-0.188295187196679,-0.187693314752043,-0.187094872723642,-0.186499837035287,-0.185908183624624,-0.185319888456144,-0.184734927533388,-0.184153276910369,-0.183574912702268,-0.182999811095406,0,-0.224029077695927,-0.226200385848544,-0.228282046697756,-0.230273515510836,-0.232175694529499,-0.233989237516487,-0.235714605442885,-0.237352626559794,-0.238904958323934,-0.240374363663313,-0.241764820149802,-0.243081491008067,-0.244330587790244,-0.245519156587382,-0.246654819997416,-0.247745504055778,-0.248799173585922,-0.24982359250113,-0.250826118915228,-0.251813539381374,-0.252791942508053,-0.253766629547926,-0.254742058067038,-0.255721814168998,-0.256708608685003,-0.257704293018401,-0.258709890788002,-0.259725641937681,-0.260751056501423,-0.261784975691012,-0.262825638385164,-0.263870751433578,-0.264917562445997,-0.26596293392069,-0.267003417689448,-0.268035328731779,-0.269054817455436,-0.270057939570105,-0.271040722710631,-0.271999229007547,-0.272929612864109,-0.273828173284805,-0.274691400210673,-0.275516014448673,-0.276299000930136,-0.277037635189618,-0.277729503112303,-0.278372514147729,-0.278964908323052,-0.279505257505025,-0.279992461452575,-0.280425739269293,-0.280804616907198,-0.281128911390783,-0.281398712426042,-0.281614362035907,-0.281776432824928,-0.281885705425768,-0.281943145621809,-0.281949881577207,-0.281907181541079,-0.281816432328533,-0.281679118819994,-0.281496804663153,-0.281271114309871,-0.281003716474159,-0.280696309057071,-0.280350605550169,-0.27996832290074,-0.279551170798915,-0.279100842328804,-0.278619005912083,-0.278107298462813,-0.277567319665821,-0.27700062728751,-0.27640873342676,-0.275793101614336,-0.275155144671474,-0.274496223241775,-0.273817644914819,-0.273120663864846,-0.272406480933168,-0.271676244088525,-0.270931049205189,-0.270171941104206,-0.269399914808611,-0.26861591696865,-0.267820847418042,-0.267015560826999,-0.266200868422065,-0.265377539746911,-0.264546304441883,-0.263707854023523,-0.262862843648302,-0.262011893847561,-0.261155592223109,-0.260294495095069,-0.259429129095488,-0.25855999270289,-0.257687557714375,-0.256812270653103,-0.255934554110079,-0.255054808019985,-0.254173410871593,-0.253290720853847,-0.252407076939218,-0.251522799906283,-0.25063819330379,-0.249753544358668,-0.248869124830594,-0.247985191815792,-0.247101988502823,-0.246219744883061,-0.245338678418577,-0.244458994670049,-0.243580887887268,-0.24270454156468,-0.241830128964331,-0.240957813608438,-0.240087749743707,-0.239220082779376,-0.238354949700865,-0.237492479460758,-0.236632793348742,-0.235776005342021,-0.234922222437576,-0.23407154496757,-0.233224066899078,-0.23237987611923,-0.231539054706757,-0.23070167919087,-0.229867820798289,-0.229037545689196,-0.228210915182816,-0.227387985973242,-0.2265688103361,-0.225753436326587,-0.224941907969343,-0.224134265440626,-0.223330545243166,-0.222530780374087,-0.221735000486221,-0.220943232043128,-0.220155498468112,-0.219371820287477,-0.21859221526829,-0.217816698550856,-0.217045282776116,-0.216277978208173,-0.215514792852113,-0.214755732567304,-0.214000801176326,-0.213250000569679,-0.212503330806433,-0.211760790210924,-0.211022375465663,-0.210288081700551,-0.209557902578542,-0.208831830377858,-0.208109856070869,-0.207391969399748,-0.206678158949004,-0.20596841221499,-0.205262715672494,-0.204561054838497,-0.203863414333196,-0.203169777938385,-0.202480128653279,-0.201794448747865,-0.201112719813871,-0.200434922813425,-0.199761038125496,-0.199091045590182,-0.198424924550933,-0.197762653894776,-0.197104212090615,-0.196449577225681,-0.195798727040199,-0.195151638960332,-0.194508290129481,-0.193868657437997,-0.193232717551358,-0.192600446936894,-0.191971821889096,-0.191346818553578,-0.190725412949741,-0.190107580992204,-0.189493298511034,-0.188882541270847,-0.188275284988815,-0.187671505351627,-0.187071178031456,-0.186474278700976,-0.185880783047458,-0.185290666786008,-0.184703905671967,-0.184120475512528,-0.183540352177586,-0.182963511609885,-0.182389929834464,0,-0.226084942265351,-0.228200871781395,-0.230218416757533,-0.232140605795809,-0.233970374672422,-0.235709415902039,-0.237358963018772,-0.23892063084046,-0.240396941138084,-0.241791582489817,-0.243109474438759,-0.244356685382177,-0.245540244872929,-0.246667888926454,-0.247747774083227,-0.248788190184154,-0.249797294010371,-0.250782877836422,-0.251752179877153,-0.252711738222819,-0.253667286237921,-0.254623685298939,-0.255584889787962,-0.256553939070948,-0.257532971466085,-0.258523255728052,-0.259525236190846,-0.260538588334235,-0.261562282114182,-0.26259465089753,-0.263633464253198,-0.264676003173791,-0.265719136537797,-0.266759397784115,-0.267793060872055,-0.268816214658343,-0.269824834855784,-0.270814852763082,-0.271782219986126,-0.27272296841876,-0.273633264822158,-0.274509459438799,-0.275348128197982,-0.276146108210128,-0.276900526399769,-0.277608821284063,-0.278268758056566,-0.278878437277375,-0.279436297594305,-0.279941113020961,-0.280391985373739,-0.280788332519994,-0.281129873114585,-0.281416608503746,-0.281648802456637,-0.281826959349605,-0.281951801379839,-0.282024245327566,-0.282045379322749,-0.282016440006455,-0.281938790411488,-0.28181389882354,-0.281643318824656,-0.281428670666447,-0.281171624071845,-0.280873882521646,-0.280537169045732,-0.280163213508474,-0.279753741353009,-0.279310463749577,-0.278835069078106,-0.278329215664467,-0.277794525682532,-0.277232580129928,-0.276644914783621,-0.276033017041814,-0.275398323560559,-0.274742218596737,-0.27406603297323,-0.273371043586965,-0.272658473385877,-0.271929491746358,-0.271185215188532,-0.27042670837232,-0.269654985322867,-0.268871010839268,-0.26807570204565,-0.267269930048546,-0.266454521668994,-0.265630261222003,-0.264797892319912,-0.263958119679658,-0.263111610917197,-0.262258998315175,-0.261400880552542,-0.260537824387042,-0.259670366283567,-0.258799013983088,-0.257924248008407,-0.257046523104287,-0.25616626961064,-0.255283894768366,-0.25439978395825,-0.253514301873953,-0.25262779363063,-0.251740585811165,-0.250852987452267,-0.249965290972943,-0.249077773048011,-0.248190695429401,-0.247304305718052,-0.246418838089223,-0.24553451397399,-0.244651542699642,-0.243770122091643,-0.242890439039665,-0.242012670030162,-0.241136981647768,-0.240263531047722,-0.239392466401379,-0.238523927316727,-0.237658045235722,-0.236794943810121,-0.235934739257353,-0.235077540697884,-0.23422345047539,-0.233372564460972,-0.232524972342518,-0.23168075790025,-0.230839999269401,-0.230002769190863,-0.22916913525061,-0.228339160108594,-0.227512901717778,-0.226690413533891,-0.225871744716447,-0.225056940321526,-0.224246041486748,-0.223439085608876,-0.222636106514393,-0.221837134623413,-0.221042197107236,-0.220251318039821,-0.219464518543459,-0.218681816928879,-0.21790322883001,-0.217128767333619,-0.216358443104003,-0.215592264502939,-0.214830237705036,-0.214072366808675,-0.213318653942672,-0.212569099368808,-0.211823701580378,-0.211082457396871,-0.210345362054911,-0.209612409295592,-0.208883591448304,-0.208158899511171,-0.207438323228206,-0.206721851163298,-0.20600947077111,-0.205301168465008,-0.20459692968211,-0.203896738945546,-0.203200579924022,-0.202508435488776,-0.201820287768017,-0.20113611819893,-0.200455907577328,-0.199779636105031,-0.199107283435057,-0.198438828714701,-0.197774250626572,-0.197113527427664,-0.19645663698654,-0.195803556818688,-0.19515426412013,-0.194508735799332,-0.193866948507507,-0.193228878667341,-0.192594502500242,-0.191963796052129,-0.191336735217859,-0.190713295764324,-0.190093453352272,-0.18947718355693,-0.188864461887442,-0.18825526380521,-0.187649564741163,-0.187047340112,-0.186448565335472,-0.185853215844723,-0.185261267101748,-0.184672694610002,-0.184087473926204,-0.183505580671362,-0.182926990541077,-0.182351679315135,-0.181779622866446,0,-0.228103741844472,-0.230154668124432,-0.232100947354139,-0.233948738495649,-0.235702381155628,-0.237364225439125,-0.23893610891518,-0.240420372469065,-0.241820384204867,-0.243140747944385,-0.244387303929007,-0.245566984668918,-0.246687574344635,-0.247757415142243,-0.248785098130174,-0.249779167897921,-0.250747860626739,-0.251698886373241,-0.252639259254821,-0.253575174283012,-0.254511926613343,-0.255453867533987,-0.256404391122547,-0.25736594575115,-0.258340065210977,-0.259327414956858,-0.260327849717984,-0.261340479413769,-0.262363740919675,-0.26339547373155,-0.264432997975925,-0.265473193512606,-0.266512579085416,-0.267547390611989,-0.268573657782008,-0.269587278174494,-0.270584088127666,-0.271559929616458,-0.272510712426521,-0.273432470968747,-0.274321415159666,-0.275173974900644,-0.275986837819169,-0.276756980082226,-0.277481690246829,-0.278158586267598,-0.278785625927496,-0.279361111088544,-0.279883686268939,-0.280352332138036,-0.280766354579505,-0.281125370005814,-0.281429287615517,-0.281678289271565,-0.281872807647279,-0.282013503240682,-0.282101240801468,-0.28213706565166,-0.282122180314393,-0.282057921798095,-0.281945739817983,-0.281787176175062,-0.281583845455965,-0.281337417165923,-0.28104959936222,-0.280722123816919,-0.280356732705195,-0.279955166789067,-0.2795191550451,-0.279050405668419,-0.278550598373354,-0.278021377902839,-0.277464348653672,-0.276881070322371,-0.276273054476225,-0.275641761955747,-0.274988601017721,-0.27431492613205,-0.273622037350457,-0.272911180170337,-0.272183545822731,-0.271440271919159,-0.270682443397813,-0.269911093715362,-0.269127206236086,-0.268331715775403,-0.267525510259819,-0.266709432470044,-0.265884281838384,-0.265050816275536,-0.264209754005587,-0.263361775391386,-0.262507524735432,-0.261647612044171,-0.260782614745945,-0.259913079354987,-0.259039523075706,-0.258162435343106,-0.257282279296587,-0.256399493185552,-0.255514491706253,-0.254627667270144,-0.253739391204678,-0.252850014888084,-0.251959870820046,-0.251069273630589,-0.250178521029708,-0.249287894700449,-0.248397661138275,-0.247508072439594,-0.24661936704235,-0.245731770421529,-0.244845495742411,-0.243960744474275,-0.243077706967211,-0.242196562994536,-0.241317482263226,-0.240440624894613,-0.239566141877498,-0.238694175495662,-0.237824859731656,-0.236958320648591,-0.236094676751555,-0.23523403933013,-0.234376512783382,-0.233522194928596,-0.232671177294897,-0.231823545402826,-0.230979379030836,-0.230138752469588,-0.22930173476486,-0.228468389949792,-0.227638777267141,-0.226812951382144,-0.225990962586559,-0.225172856994355,-0.224358676729542,-0.223548460106523,-0.222742241803374,-0.221940053028379,-0.221141921680143,-0.220347872501574,-0.219557927227996,-0.218772104729636,-0.217990421148718,-0.21721289003137,-0.216439522454533,-0.215670327148068,-0.214905310612212,-0.214144477230565,-0.213387829378743,-0.212635367528845,-0.211887090349877,-0.211142994804253,-0.210403076240507,-0.209667328482327,-0.20893574391404,-0.208208313562643,-0.207485027176501,-0.206765873300809,-0.206050839349931,-0.205339911676698,-0.204633075638776,-0.203930315662199,-0.203231615302142,-0.202536957301048,-0.201846323644179,-0.20115969561268,-0.200477053834256,-0.199798378331513,-0.199123648568077,-0.198452843492548,-0.197785941580371,-0.197122920873704,-0.196463759019349,-0.195808433304825,-0.19515692069264,-0.194509197852851,-0.193865241193955,-0.193225026892193,-0.192588530919317,-0.191955729068896,-0.191326596981202,-0.190701110166749,-0.190079244028534,-0.189460973883037,-0.188846274980025,-0.188235122521226,-0.187627491677907,-0.187023357607416,-0.18642269546872,-0.185825480437004,-0.185231687717352,-0.184641292557572,-0.184054270260184,-0.183470596193633,-0.182890245802747,-0.18231319461848,-0.181739418266977,-0.181168892478001,0,-0.230078943818976,-0.232056041077544,-0.23392492865093,-0.23569420441164,-0.23736886621354,-0.238951564799556,-0.24044461589444,-0.241851055788049,-0.243175096251023,-0.244422250096511,-0.24559925340543,-0.246713853436522,-0.247774515246426,-0.248790093150501,-0.249769504696015,-0.25072143411161,-0.251654081318048,-0.252574963362835,-0.253490768413333,-0.254407258215864,-0.255329212749242,-0.256260410074375,-0.257203634559503,-0.258160707323606,-0.259132533606213,-0.260119162670036,-0.261119856681237,-0.262133165746751,-0.26315700690194,-0.264188745332733,-0.265225276490096,-0.266263108022591,-0.267298440630297,-0.268327247049301,-0.269345348430795,-0.270348487403663,-0.271332397123628,-0.272292865632237,-0.273225794887198,-0.274127253889406,-0.274993525423622,-0.275821146047442,-0.276606939101338,-0.277348040663502,-0.278041918528082,-0.278686384435337,-0.279279599919292,-0.279820076256198,-0.280306669091214,-0.280738568388511,-0.281115284391263,-0.281436630293601,-0.281702702319204,-0.281913857874047,-0.282070692397746,-0.282174015483043,-0.28222482677008,-0.282224292054817,-0.282173719982377,-0.282074539628796,-0.281928279210638,-0.281736546102616,-0.281501008289801,-0.281223377333639,-0.280905392890112,-0.280548808783842,-0.280155380613444,-0.279726854840616,-0.279264959297725,-0.278771395035435,-0.278247829422732,-0.277695890405802,-0.277117161829274,-0.276513179722607,-0.27588542945571,-0.275235343670529,-0.274564300899259,-0.273873624784484,-0.273164583821877,-0.272438391551701,-0.271696207131223,-0.270939136226022,-0.270168232164016,-0.26938449730168,-0.268588884557389,-0.267782299071985,-0.266965599961525,-0.266139602131701,-0.265305078127614,-0.264462759996418,-0.26361334114384,-0.262757478168753,-0.26189579266281,-0.261028872964656,-0.260157275860488,-0.259281528224686,-0.258402128595939,-0.257519548685775,-0.256634234817655,-0.255746609295858,-0.254857071704289,-0.253966000136062,-0.253073752355323,-0.252180666893236,-0.251287064080443,-0.250393247018568,-0.249499502493533,-0.248606101833582,-0.247713301714977,-0.246821344918341,-0.245930461038606,-0.245040867151471,-0.244152768439199,-0.243266358778464,-0.242381821292864,-0.241499328872581,-0.240619044663532,-0.239741122528221,-0.238865707480373,-0.237992936095268,-0.237122936897588,-0.236255830728435,-0.235391731093055,-0.234530744490699,-0.233672970727913,-0.232818503216443,-0.231967429256874,-0.231119830308967,-0.230275782249625,-0.229435355619307,-0.228598615857638,-0.227765623528913,-0.22693643453809,-0.226111100337864,-0.225289668127307,-0.224472181042557,-0.22365867833997,-0.222849195572112,-0.222043764756958,-0.221242414540599,-0.220445170353757,-0.219652054562377,-0.218863086612536,-0.218078283169906,-0.217297658253964,-0.216521223367165,-0.215748987619237,-0.214980957846797,-0.214217138728413,-0.213457532895295,-0.212702141037741,-0.211950962007475,-0.211203992916017,-0.210461229229193,-0.209722664857929,-0.208988292245417,-0.208258102450787,-0.20753208522938,-0.206810229109736,-0.206092521467392,-0.205378948595595,-0.204669495773028,-0.203964147328634,-0.203262886703647,-0.202565696510907,-0.201872558591558,-0.201183454069207,-0.200498363401636,-0.199817266430149,-0.199140142426629,-0.198466970138401,-0.197797727830956,-0.197132393328634,-0.196470944053328,-0.195813357061282,-0.195159609078064,-0.194509676531769,-0.193863535584534,-0.193221162162415,-0.19258253198371,-0.191947620585772,-0.191316403350379,-0.190688855527724,-0.190064952259085,-0.189444668598211,-0.188827979531502,-0.188214859997024,-0.187605284902407,-0.186999229141682,-0.186396667611096,-0.185797575223964,-0.185201926924583,-0.18460969770127,-0.184020862598555,-0.183435396728567,-0.182853275281659,-0.1822744735363,-0.181698966868282,-0.181126730759258,-0.180557740804661,0,-0.232003756412926,-0.233899414101315,-0.235686048516346,-0.237373767123381,-0.238967457498664,-0.240469791227799,-0.241883496938756,-0.24321230930945,-0.244461295474842,-0.245636872867604,-0.246746642686547,-0.247799107579299,-0.248803328488528,-0.249768567514737,-0.250703952692412,-0.251618187912728,-0.252519319525471,-0.25341456209159,-0.254310179774375,-0.25521141658388,-0.256122467422096,-0.257046481895477,-0.257985593586,-0.258940968501086,-0.259912867512903,-0.260900718619382,-0.261903195753924,-0.262918301618823,-0.26394345261859,-0.264975564432279,-0.266011137102042,-0.267046338745172,-0.268077087138584,-0.26909912849985,-0.270108112820367,-0.271099665115955,-0.272069451967777,-0.273013242747157,-0.273926964962303,-0.27480675323807,-0.275648991541815,-0.276450348395032,-0.277207804954582,-0.277918676000105,-0.278580624016176,-0.279191666700187,-0.279750178352413,-0.280254885707703,-0.280704858845455,-0.281099497864645,-0.28143851603425,-0.281721920128573,-0.281949988634833,-0.282123248480791,-0.282242450877239,-0.282308546807988,-0.28232266263227,-0.28228607619467,-0.282200193768519,-0.282066528092385,-0.281886677697532,-0.281662307668054,-0.281395131925547,-0.281086897086923,-0.280739367907183,-0.280354314288572,-0.279933499812903,-0.279478671734619,-0.278991552357702,-0.278473831709194,-0.27792716141541,-0.277353149683194,-0.276753357287365,-0.276129294466317,-0.275482418630159,-0.274814132789449,-0.274125784617134,-0.27341866606158,-0.272694013434197,-0.271953007901075,-0.27119677631403,-0.270426392322402,-0.269642877712728,-0.268847203929057,-0.268040293731957,-0.267223022959329,-0.266396222356838,-0.265560679450089,-0.264717140434735,-0.263866312064306,-0.263008863518887,-0.262145428240722,-0.261276605725496,-0.260402963260387,-0.259525037602061,-0.258643336589579,-0.257758340688743,-0.256870504465777,-0.255980257989337,-0.25508800816082,-0.254194139973738,-0.253299017703535,-0.252402986029776,-0.251506371093007,-0.250609481488889,-0.249712609202451,-0.248816030485392,-0.247920006679514,-0.247024784989311,-0.246130599206807,-0.245237670391614,-0.244346207509146,-0.243456408029806,-0.242568458491836,-0.241682535030428,-0.240798803875496,-0.239917421820431,-0.23903853666397,-0.238162287627189,-0.237288805747476,-0.236418214251229,-0.23555062890684,-0.234686158359467,-0.233824904448915,-0.232966962511865,-0.232112421669583,-0.231261365102134,-0.230413870310028,-0.229570009364159,-0.228729849144805,-0.227893451570384,-0.227060873816609,-0.226232168526606,-0.225407384012532,-0.224586564449147,-0.223769750059782,-0.222956977295086,-0.222148279004905,-0.221343684603618,-0.220543220229224,-0.219746908896445,-0.218954770644093,-0.218166822676936,-0.217383079502261,-0.216603553061337,-0.215828252855962,-0.215057186070249,-0.214290357687835,-0.213527770604638,-0.212769425737323,-0.212015322127606,-0.211265457042527,-0.21051982607081,-0.209778423215443,-0.209041240982582,-0.208308270466893,-0.20757950143345,-0.206854922396275,-0.206134520693643,-0.205418282560245,-0.204706193196295,-0.203998236833701,-0.203294396799366,-0.202594655575739,-0.20189899485868,-0.201207395612745,-0.200519838123969,-0.199836302050231,-0.199156766469294,-0.19848120992458,-0.197809610468789,-0.197141945705408,-0.196478192828206,-0.195818328658794,-0.195162329682293,-0.194510172081219,-0.193861831767621,-0.193217284413565,-0.192576505480009,-0.191939470244143,-0.191306153825262,-0.190676531209214,-0.1900505772715,-0.189428266799072,-0.188809574510891,-0.188194475077289,-0.187582943138198,-0.186974953320287,-0.186370480253065,-0.185769498583981,-0.185171982992591,-0.184577908203806,-0.183987249000288,-0.183399980234026,-0.182816076837122,-0.182235513831842,-0.181658266339953,-0.181084309591396,-0.180513618932306,-0.17994616983244,0,-0.233871214745807,-0.235679576079743,-0.237380532225877,-0.238984737464474,-0.240496295208918,-0.241917738537405,-0.243252213341132,-0.244504188128001,-0.245679607976747,-0.24678578893096,-0.247831157913213,-0.248824901803083,-0.249776580469151,-0.250695749371151,-0.251591624038204,-0.252472804571146,-0.253347066377122,-0.254221214954575,-0.255100997658417,-0.255991063243209,-0.256894959690036,-0.257815161573181,-0.258753119442295,-0.259709325028858,-0.260683387342853,-0.261674115823605,-0.262679607623695,-0.263697336839968,-0.264724244075376,-0.265756825137347,-0.266791217972139,-0.267823287121557,-0.268848705091543,-0.2698630300661,-0.270861779409071,-0.271840498392961,-0.272794823597109,-0.273720540440935,-0.274613634369937,-0.275470335295124,-0.276287154998302,-0.277060917349886,-0.277788781333902,-0.278468257026911,-0.279097214824045,-0.279673888337764,-0.28019687150676,-0.280665110539178,-0.281077891373868,-0.281434823375549,-0.281735819986234,-0.281981077038843,-0.282171049403436,-0.282306426586087,-0.282388107839279,-0.282417177274939,-0.282394879400301,-0.282322595425927,-0.282201820626629,-0.282034142971804,-0.281821223182916,-0.281564776323445,-0.281266554980857,-0.280928334061145,-0.280551897183946,-0.280139024639843,-0.279691482850626,-0.279211015257449,-0.278699334550396,-0.278158116145311,-0.27758899280927,-0.276993550334304,-0.276373324159329,-0.275729796842335,-0.27506439628832,-0.27437849464291,-0.273673407766742,-0.27295039521137,-0.272210660623372,-0.271455352509384,-0.270685565300874,-0.269902340663362,-0.269106669000582,-0.268299491109548,-0.267481699947682,-0.266654142478064,-0.265817621563327,-0.264972897882966,-0.26412069185255,-0.263261685526884,-0.262396524472201,-0.261525819595307,-0.260650148920066,-0.259770059303795,-0.258886068088037,-0.257998664679872,-0.257108312061312,-0.256215448225562,-0.255320487539932,-0.254423822036038,-0.253525822628624,-0.252626840264881,-0.251727207006574,-0.250827237047614,-0.249927227669966,-0.2490274601409,-0.248128200554741,-0.24722970062225,-0.246332198410799,-0.245435919038449,-0.244541075324934,-0.243647868402487,-0.242756488289304,-0.24186711442831,-0.240979916193752,-0.240095053368007,-0.239212676590815,-0.238332927783029,-0.237455940546813,-0.23658184054407,-0.235710745854759,-0.234842767316603,-0.233978008847608,-0.23311656775263,-0.232258535015194,-0.231403995575583,-0.230553028596195,-0.229705707715017,-0.228862101288025,-0.228022272621216,-0.227186280192933,-0.226354177867056,-0.225526015097601,-0.224701837125213,-0.223881685165967,-0.223065596592893,-0.22225360511057,-0.221445740923123,-0.220642030895905,-0.219842498711153,-0.21904716501785,-0.218256047576032,-0.217469161395738,-0.216686518870815,-0.215908129907741,-0.215134002049646,-0.214364140595691,-0.213598548715947,-0.21283722756192,-0.212080176372867,-0.211327392578009,-0.210578871894791,-0.209834608423293,-0.209094594736903,-0.208358821969387,-0.20762727989843,-0.206899957025792,-0.206176840654144,-0.205457916960716,-0.204743171067838,-0.204032587110473,-0.203326148300842,-0.202623836990223,-0.201925634728033,-0.201231522318258,-0.200541479873341,-0.199855486865595,-0.199173522176239,-0.198495564142133,-0.197821590600291,-0.197151578930255,-0.196485506094405,-0.19582334867628,-0.195165082916988,-0.194510684749768,-0.193860129832784,-0.193213393580218,-0.192570451191721,-0.191931277680299,-0.191295847898682,-0.190664136564261,-0.190036118282623,-0.189411767569771,-0.188791058873064,-0.188173966590943,-0.187560465091494,-0.186950528729899,-0.186344131864819,-0.185741248873769,-0.185141854167521,-0.184545922203584,-0.183953427498802,-0.183364344641117,-0.182778648300532,-0.182196313239312,-0.181617314321466,-0.181041626521541,-0.180469224932761,-0.179900084774555,-0.179334181399486,0,-0.235675292465464,-0.237391903426429,-0.239005257919571,-0.240525022680404,-0.241954050141945,-0.243294721853618,-0.24455067365095,-0.245727169845719,-0.24683106133031,-0.247870550700737,-0.24885483946108,-0.249793714055188,-0.250697123883972,-0.251574793801068,-0.252435898068865,-0.253288807674614,-0.254140911364314,-0.254998503530197,-0.25586672859236,-0.256749570649339,-0.257649877863076,-0.258569412471564,-0.259508918961057,-0.26046820449275,-0.261446227041002,-0.26244118782757,-0.263450625537555,-0.264471510501427,-0.265500337549426,-0.266533216614719,-0.267565960404207,-0.268594168595725,-0.269613308083638,-0.270618788808066,-0.271606034691424,-0.272570549192044,-0.273507974985899,-0.274414147315626,-0.275285140606789,-0.276117308044481,-0.276907313924104,-0.277652158730355,-0.278349197048067,-0.278996148557324,-0.27959110250363,-0.280132516154137,-0.280619207847319,-0.281050345312909,-0.281425429980379,-0.281744278008724,-0.282006998760461,-0.282213971412021,-0.282365820345424,-0.282463389906581,-0.282507719048026,-0.282500016302166,-0.282441635458627,-0.28233405224855,-0.282178842271937,-0.281977660342716,-0.28173222137116,-0.281444282854925,-0.281115629008628,-0.280748056527169,-0.280343361949699,-0.279903330568596,-0.279429726810623,-0.278924286004734,-0.278388707442414,-0.277824648631142,-0.277233720639151,-0.276617484429538,-0.275977448083502,-0.275315064815676,-0.274631731688792,-0.273928788939988,-0.273207519836706,-0.272469150986076,-0.271714853027818,-0.270945741646838,-0.270162878847771,-0.269367274439594,-0.268559887684113,-0.267741629067464,-0.266913362158821,-0.266075905525196,-0.265230034675556,-0.264376484011449,-0.263515948764958,-0.262649086908073,-0.261776521020485,-0.260898840105444,-0.260016601345594,-0.259130331792761,-0.258240529987374,-0.257347667504766,-0.25645219042685,-0.25555452073877,-0.254655057651044,-0.253754178848421,-0.252852241667311,-0.251949584204096,-0.251046526356982,-0.250143370804325,-0.249240403922532,-0.248337896646748,-0.247436105277581,-0.246535272237118,-0.245635626777438,-0.244737385644746,-0.243840753702164,-0.24294592451407,-0.242053080894765,-0.241162395424076,-0.24027403093237,-0.239388140957293,-0.238504870174383,-0.237624354803571,-0.236746722993418,-0.235872095184803,-0.235000584455625,-0.234132296847976,-0.233267331679087,-0.232405781837256,-0.231547734063847,-0.230693269222356,-0.229842462555441,-0.22899538393073,-0.228152098076144,-0.227312664805398,-0.22647713923429,-0.225645571988299,-0.224818009402006,-0.223994493710764,-0.223175063235021,-0.222359752557657,-0.221548592694664,-0.220741611259471,-0.219938832621175,-0.219140278056938,-0.21834596589877,-0.217555911674915,-0.216770128246027,-0.21598862593632,-0.215211412659864,-0.214438494042177,-0.213669873537271,-0.212905552540284,-0.212145530495843,-0.211389805002277,-0.210638371911808,-0.209891225426837,-0.209148358192444,-0.208409761385205,-0.207675424798447,-0.20694533692403,-0.206219485030779,-0.205497855239642,-0.204780432595707,-0.204067201137134,-0.203358143961132,-0.202653243287058,-0.201952480516725,-0.201255836292028,-0.200563290549954,-0.199874822575077,-0.199190411049622,-0.198510034101175,-0.197833669348124,-0.19716129394292,-0.196492884613215,-0.195828417700983,-0.195167869199668,-0.194511214789466,-0.193858429870775,-0.193209489595921,-0.192564368899199,-0.191923042525314,-0.191285485056274,-0.190651670936807,-0.190021574498363,-0.189395169981749,-0.188772431558475,-0.188153333350847,-0.187537849450869,-0.186925953938019,-0.186317620895921,-0.185712824427995,-0.18511153867211,-0.184513737814289,-0.183919396101528,-0.183328487853739,-0.182740987474898,-0.182156869463397,-0.181576108421676,-0.18099867906514,-0.180424556230419,-0.17985371488299,-0.179286130124207,-0.178721777197756,0,-0.237410574996695,-0.239032557057297,-0.24055783707874,-0.241993147857508,-0.24333992358804,-0.244600530836216,-0.245779225146069,-0.246882145369117,-0.247917074314755,-0.248893078136643,-0.249820066979447,-0.250708327249613,-0.251568075987554,-0.252409074869899,-0.253240323910157,-0.25406983960501,-0.254904511793768,-0.255750027898573,-0.256610851335636,-0.257490241340807,-0.258390303078398,-0.259312058917266,-0.260255533720801,-0.261219848708814,-0.262203319854131,-0.263203557888932,-0.264217567853051,-0.265241846758142,-0.266272478402315,-0.267305224679274,-0.268335612912006,-0.269359018831522,-0.270370744844319,-0.271366093216248,-0.272340433770862,-0.273289265678781,-0.274208272916667,-0.275093373009422,-0.275940758739767,-0.27674693261257,-0.277508733989976,-0.278223358957574,-0.278888373130675,-0.279501717752705,-0.280061709565629,-0.280567035038312,-0.281016739618408,-0.281410212724754,-0.281747169220651,-0.282027628105861,-0.282251889140057,-0.282420508066977,-0.282534271051093,-0.282594168871754,-0.282601371347513,-0.282557202389379,-0.282463116008936,-0.282320673538012,-0.282131522252486,-0.281897375535,-0.281619994660423,-0.281301172244003,-0.280942717355249,-0.280546442270203,-0.280114150810563,-0.27964762819933,-0.279148632348765,-0.278618886486779,-0.27806007302173,-0.277473828542532,-0.276861739850315,-0.27622534091923,-0.275566110686856,-0.274885471578798,-0.274184788676994,-0.273465369446846,-0.272728463944272,-0.271975265429921,-0.271206911324092,-0.270424484442012,-0.269629014455228,-0.268821479530614,-0.268002808104071,-0.267173880751165,-0.26633553212185,-0.265488552910911,-0.264633691839914,-0.26377165763023,-0.262903120950121,-0.262028716321958,-0.261149043978388,-0.260264671658692,-0.259376136338713,-0.258483945889611,-0.257588580662277,-0.256690494995645,-0.255790118648278,-0.254887858153587,-0.253984098099825,-0.253079202336663,-0.252173515110633,-0.251267362132152,-0.250361051577071,-0.24945487502596,-0.248549108344394,-0.247644012507603,-0.246739834372845,-0.245836807402811,-0.244935152343304,-0.244035077858321,-0.243136781125572,-0.242240448395273,-0.24134625551497,-0.240454368422932,-0.239564943612518,-0.238678128569772,-0.237794062186313,-0.236912875149445,-0.23603469031127,-0.235159623038426,-0.234287781543942,-0.233419267202577,-0.232554174850886,-0.23169259307313,-0.230834604474068,-0.229980285939548,-0.229129708885731,-0.228282939497714,-0.227440038958228,-0.226601063667018,-0.225766065451471,-0.22493509176898,-0.2241081859015,-0.22328538714269,-0.222466730978025,-0.22165224925819,-0.220841970366067,-0.220035919377587,-0.21923411821669,-0.218436585804632,-0.217643338203831,-0.216854388756471,-0.216069748218015,-0.215289424885817,-0.214513424722977,-0.213741751477594,-0.212974406797555,-0.212211390340991,-0.211452699882529,-0.210698331415464,-0.209948279249971,-0.209202536107464,-0.208461093211216,-0.207723940373358,-0.206991066078347,-0.206262457563012,-0.20553810089329,-0.204817981037727,-0.204102081937874,-0.203390386575639,-0.202682877037714,-0.201979534577164,-0.20128033967226,-0.200585272082655,-0.199894310902987,-0.199207434613996,-0.19852462113124,-0.19784584785149,-0.197171091696896,-0.196500329156986,-0.195833536328597,-0.195170688953798,-0.194511762455885,-0.193856731973534,-0.193205572393156,-0.192558258379557,-0.191914764404937,-0.191275064776329,-0.190639133661509,-0.190006945113469,-0.18937847309349,-0.188753691492892,-0.188132574153505,-0.187515094886932,-0.186901227492637,-0.186290945774929,-0.185684223558888,-0.185081034705269,-0.184481353124451,-0.183885152789458,-0.183292407748115,-0.182703092134358,-0.182117180178762,-0.181534646218308,-0.180955464705439,-0.180379610216431,-0.179807057459126,-0.179237781280045,-0.17867175667093,-0.17810895877473,0,-0.239072302321389,-0.240598635935662,-0.242036652049078,-0.243388249815048,-0.244653631377474,-0.245835413742205,-0.246938639729062,-0.247970405973028,-0.248939443775306,-0.249855644004619,-0.250729541971169,-0.251571808564114,-0.252392794513442,-0.253202158516735,-0.254008591005825,-0.254819630564343,-0.255641561247063,-0.256479375453969,-0.257336786887322,-0.258216279867467,-0.259119183742581,-0.260045763609592,-0.260995320742085,-0.261966297896505,-0.262956386055751,-0.263962630226231,-0.264981532691489,-0.266009152693507,-0.267041201901383,-0.268073135269299,-0.269100237011749,-0.270117701464006,-0.27112070857998,-0.272104493776819,-0.27306441179122,-0.273995994186481,-0.274895000155133,-0.275757460305658,-0.276579713202952,-0.277358434545079,-0.278090658993991,-0.278773794824032,-0.279405631697611,-0.279984342012044,-0.280508476376862,-0.280976953871058,-0.281389047791742,-0.281744367638772,-0.282042838085683,-0.282284675668633,-0.282470363886138,-0.28260062734778,-0.282676405544318,-0.28269882673922,-0.282669182406439,-0.282588902564446,-0.282459532284848,-0.282282709587046,-0.282060144869834,-0.28179360197712,-0.281484880948525,-0.281135802466308,-0.280748193977647,-0.280323877445204,-0.279864658658592,-0.279372318024122,-0.278848602739433,-0.278295220252585,-0.277713832901394,-0.277106053627545,-0.276473442660976,-0.275817505072555,-0.27513968909699,-0.274441385132713,-0.273723925331024,-0.272988583692719,-0.272236576596678,-0.271469063691166,-0.27068714908495,-0.269891882781444,-0.269084262305077,-0.268265234474773,-0.267435697284786,-0.266596501858206,-0.26574845444311,-0.264892318425654,-0.264028816338361,-0.263158631845426,-0.262282411690102,-0.261400767592116,-0.260514278085618,-0.259623490290438,-0.258728921611399,-0.257831061362114,-0.256930372311196,-0.256027292150014,-0.255122234882193,-0.254215592135892,-0.253307734400601,-0.252399012190733,-0.251489757138739,-0.250580283020749,-0.249670886717999,-0.248761849117416,-0.247853435954813,-0.246945898604164,-0.246039474816377,-0.245134389410927,-0.244230854923599,-0.24332907221347,-0.242429231032102,-0.241531510557784,-0.240636079897476,-0.239743098558961,-0.238852716895521,-0.237965076525302,-0.237080310727376,-0.236198544816323,-0.235319896497039,-0.234444476201308,-0.233572387407549,-0.232703726945032,-0.231838585283708,-0.230977046810735,-0.230119190094629,-0.229265088137918,-0.228414808619064,-0.227568414124366,-0.226725962370448,-0.225887506417919,-0.225053094876702,-0.224222772103491,-0.22339657839174,-0.222574550154565,-0.221756720100885,-0.220943117405102,-0.220133767870603,-0.219328694087325,-0.218527915583613,-0.217731448972583,-0.216939308093176,-0.216151504146091,-0.21536804582475,-0.214588939441465,-0.213814189048946,-0.213043796557286,-0.21227776184656,-0.211516082875168,-0.21075875578403,-0.210005774996766,-0.209257133315969,-0.208512822015667,-0.207772830930114,-0.20703714853898,-0.206305762049067,-0.205578657472646,-0.204855819702504,-0.20413723258382,-0.203422878982947,-0.202712740853198,-0.202006799297746,-0.201305034629703,-0.200607426429494,-0.199913953599593,-0.199224594416731,-0.198539326581637,-0.197858127266422,-0.197180973159666,-0.19650784050931,-0.195838705163414,-0.195173542608873,-0.194512328008161,-0.193855036234183,-0.193201641903296,-0.192552119406585,-0.191906442939462,-0.191264586529634,-0.190626524063545,-0.189992229311315,-0.189361675950271,-0.188734837587108,-0.188111687778755,-0.18749220005199,-0.18687634792187,-0.186264104909018,-0.185655444555836,-0.185050340441671,-0.184448766197002,-0.183850695516688,-0.183256102172313,-0.18266496002369,-0.182077243029544,-0.181492925257435,-0.180911980892944,-0.180334384248167,-0.179760109769545,-0.179189132045083,-0.17862142581096,-0.178056965957595,-0.177495727535172,0,-0.240655768766243,-0.242088266523255,-0.243440847161384,-0.244710046369327,-0.245895375556788,-0.247000055075809,-0.248030096200855,-0.248993627946039,-0.249900329453166,-0.250760857106794,-0.251586268219973,-0.252387486504428,-0.253174851405945,-0.253957773448807,-0.254744497977595,-0.255541966360604,-0.256355757287337,-0.257190089473744,-0.258047868749247,-0.258930765440179,-0.259839311109298,-0.260773006517252,-0.261730434951806,-0.262709376828552,-0.263706922783357,-0.264719583444397,-0.265743394767463,-0.266774018299339,-0.267806836042614,-0.268837039765665,-0.269859714665792,-0.270869917283571,-0.271862747513781,-0.272833414492089,-0.273777296081287,-0.27468999165423,-0.275567367882973,-0.276405597297695,-0.27720118947116,-0.277951014806283,-0.278652321044301,-0.279302742756841,-0.279900304225023,-0.280443416232723,-0.280930867401937,-0.281361810771275,-0.281735746362397,-0.282052500494165,-0.282312202593159,-0.282515260215816,-0.282662332946278,-0.282754305770121,-0.28279226245189,-0.28277745936822,-0.282711300171696,-0.282595311586432,-0.282431120566817,-0.282220432987362,-0.281965013975103,-0.281666669946863,-0.281327232371941,-0.280948543246139,-0.280532442235043,-0.280080755422484,-0.279595285583471,-0.279077803888956,-0.278530042941819,-0.277953691038877,-0.27735038755191,-0.276721719321161,-0.276069217956962,-0.275394357948839,-0.274698555486057,-0.273983167899048,-0.273249493637083,-0.272498772703802,-0.271732187478603,-0.270950863858272,-0.27015587265955,-0.269348231229386,-0.268528905215529,-0.267698810455604,-0.266858814948081,-0.266009740873364,-0.265152366637739,-0.264287428917041,-0.263415624680622,-0.262537613179621,-0.261654017886556,-0.26076542837595,-0.259872402138121,-0.25897546632031,-0.258075119391175,-0.257171832726203,-0.256266052112934,-0.255358199175998,-0.254448672722866,-0.253537850012015,-0.252626087945724,-0.251713724190264,-0.250801078226525,-0.249888452334406,-0.248976132514426,-0.248064389350127,-0.247153478814813,-0.246243643026207,-0.245335110952473,-0.244428099072991,-0.243522811997118,-0.242619443044055,-0.241718174786721,-0.240819179562438,-0.239922619953004,-0.239028649236565,-0.238137411813561,-0.237249043608785,-0.236363672451501,-0.235481418435351,-0.234602394259669,-0.233726705553651,-0.232854451184729,-0.231985723552332,-0.231120608868138,-0.230259187423795,-0.229401533847002,-0.228547717346735,-0.227697801948354,-0.226851846719211,-0.22600990598535,-0.225172029539814,-0.224338262843014,-0.223508647215591,-0.222683220024131,-0.221862014860069,-0.221045061712106,-0.220232387132383,-0.219424014396688,-0.218619963658907,-0.217820252099934,-0.217024894071229,-0.216233901233204,-0.215447282688594,-0.214665045110975,-0.213887192868578,-0.213113728143515,-0.212344651046574,-0.211579959727691,-0.210819650482225,-0.210063717853155,-0.209312154729298,-0.208564952439682,-0.207822100844155,-0.207083588420356,-0.206349402347138,-0.205619528584546,-0.20489395195046,-0.204172656193984,-0.203455624065697,-0.202742837384844,-0.202034277103568,-0.201329923368287,-0.200629755578282,-0.199933752441615,-0.199241892028441,-0.198554151821818,-0.197870508766093,-0.197190939312953,-0.196515419465216,-0.195843924818452,-0.195176430600511,-0.194512911709035,-0.193853342747025,-0.193197698056551,-0.192545951750668,-0.191898077743606,-0.191254049779314,-0.190613841458418,-0.189977426263664,-0.189344777583897,-0.188715868736659,-0.18809067298945,-0.187469163579712,-0.186851313733599,-0.186237096683588,-0.185626485684973,-0.185019454031307,-0.184415975068832,-0.183816022209947,-0.183219568945767,-0.182626588857806,-0.182037055628833,-0.181450943052942,-0.180868225044876,-0.180288875648644,-0.179712869045458,-0.179140179561042,-0.178570781672331,-0.178004650013601,-0.177441759382059,-0.176882084742923,0,-0.242157526338373,-0.243500638306614,-0.244770275865025,-0.245958786323193,-0.24706580793878,-0.248095549691606,-0.249055160756111,-0.24995385595656,-0.250802237447902,-0.251611643840011,-0.252393530253863,-0.253158925850922,-0.253918004469794,-0.254679780174301,-0.255451919993363,-0.256240655172554,-0.257050768667908,-0.25788563772234,-0.258747313734394,-0.259636625589215,-0.260553296266201,-0.261496065511874,-0.262462813633979,-0.263450683137989,-0.264456196126329,-0.265475366231652,-0.266503804444105,-0.267536818577428,-0.268569506341637,-0.269596842086084,-0.270613757278871,-0.271615214730556,-0.272596276483911,-0.27355216520612,-0.274478318857843,-0.275370438390037,-0.276224528241077,-0.277036929472711,-0.277804345486659,-0.278523860393282,-0.279192950246596,-0.279809487502976,-0.28037173919259,-0.280878359403876,-0.281328376766147,-0.281721177670577,-0.282056485995189,-0.282334340096904,-0.282555067806786,-0.282719260117899,-0.282827744193663,-0.282881556253107,-0.28288191481261,-0.282830194685447,-0.282727902063937,-0.28257665093667,-0.282378141026875,-0.282134137378547,-0.281846451665029,-0.281516925250422,-0.281147413997221,-0.28073977478357,-0.280295853669773,-0.279817475635629,-0.279306435796945,-0.278764492000668,-0.278193358692633,-0.27759470194952,-0.276970135566528,-0.276321218094162,-0.275649450720891,-0.274956275902935,-0.274243076647753,-0.273511176363732,-0.27276183919479,-0.271996270765092,-0.271215619265506,-0.270420976819872,-0.26961338107536,-0.268793816967218,-0.267963218613898,-0.267122471303964,-0.266272413541196,-0.265413839118978,-0.26454749919936,-0.263674104376075,-0.262794326704373,-0.261908801683693,-0.261018130182071,-0.260122880293658,-0.259223589122983,-0.25832076449148,-0.257414886563464,-0.25650640939017,-0.25559576237163,-0.254683351637173,-0.253769561346127,-0.252854754910948,-0.251939276145517,-0.251023450341702,-0.250107585277566,-0.249191972160792,-0.248276886510961,-0.247362588984392,-0.246449326145197,-0.245537331186158,-0.244626824602928,-0.24371801482492,-0.242811098806101,-0.241906262578758,-0.241003681773099,-0.240103522105393,-0.239205939837179,-0.238311082207853,-0.237419087842823,-0.23653008713919,-0.2356442026308,-0.234761549334313,-0.233882235077817,-0.233006360813359,-0.232134020914637,-0.231265303460981,-0.230400290508639,-0.229539058350277,-0.228681677763518,-0.227828214249242,-0.226978728260325,-0.22613327542138,-0.225291906740055,-0.22445466881033,-0.223621604008262,-0.222792750680536,-0.221968143326165,-0.221147812771658,-0.220331786339908,-0.219520088013071,-0.218712738589649,-0.217909755835985,-0.217111154632367,-0.216316947113911,-0.215527142806384,-0.214741748757121,-0.213960769661187,-0.213184207982899,-0.21241206407286,-0.211644336280616,-0.210881021063054,-0.210122113088661,-0.209367605337754,-0.208617489198787,-0.207871754560843,-0.207130389902426,-0.206393382376632,-0.205660717892823,-0.204932381194895,-0.204208355936236,-0.203488624751475,-0.202773169325117,-0.202061970457157,-0.201355008125771,-0.200652261547174,-0.199953709232732,-0.199259329043425,-0.198569098241747,-0.197882993541128,-0.197200991152969,-0.196523066831363,-0.195849195915604,-0.195179353370543,-0.194513513824893,-0.193851651607535,-0.19319374078193,-0.192539755178688,-0.19188966842638,-0.191243453980659,-0.190601085151758,-0.189962535130438,-0.189327777012441,-0.188696783821526,-0.188069528531138,-0.187445984084772,-0.186826123415093,-0.186209919461868,-0.185597345188764,-0.184988373599057,-0.184382977750319,-0.183781130768116,-0.183182805858772,-0.182587976321241,-0.181996615558144,-0.181408697085983,-0.180824194544611,-0.180243081705965,-0.17966533248212,-0.179090920932688,-0.178519821271602,-0.17795200787332,-0.177387455278472,-0.176826138198989,-0.176268031522744,0,-0.243576531111936,-0.24483596183614,-0.246025411548423,-0.247135187318768,-0.248165990062522,-0.249123376065925,-0.250015767291612,-0.250853486026904,-0.251648002759618,-0.252411228275663,-0.25315486991714,-0.253889900532004,-0.254626167009185,-0.255372138298473,-0.25613477482776,-0.256919493529941,-0.257730202318013,-0.258569381388177,-0.259438193625165,-0.260336611128126,-0.261263548807323,-0.262216998983987,-0.263194163074197,-0.264191577945539,-0.265205235580597,-0.266230695395882,-0.267263189035366,-0.268297717740311,-0.269329142531344,-0.270352267459577,-0.271361916125179,-0.272353001558743,-0.27332058944573,-0.274259954574694,-0.275166630326285,-0.276036451003554,-0.276865586837679,-0.277650571582189,-0.278388322722885,-0.279076154466686,-0.279711783816199,-0.280293330174765,-0.280819309048008,-0.281288620504612,-0.281700533126547,-0.282054664215801,-0.282350957031871,-0.282589655815046,-0.282771279309199,-0.28289659343948,-0.282966583730223,-0.282982427971269,-0.282945469561254,-0.28285719187763,-0.282719193948105,-0.282533167628766,-0.28230087643168,-0.282024136089934,-0.281704796901014,-0.281344727850073,-0.280945802482445,-0.280509886469206,-0.280038826789943,-0.279534442442406,-0.278998516578726,-0.278432789961619,-0.277838955630856,-0.277218654669741,-0.276573472962758,-0.275904938838668,-0.275214521497588,-0.274503630125825,-0.273773613608042,-0.2730257607526,-0.272261300952383,-0.271481405209966,-0.270687187462504,-0.269879706148053,-0.269059965961224,-0.268228919751908,-0.267387470526382,-0.26653647351532,-0.26567673827807,-0.264809030817016,-0.26393407567996,-0.263052558032144,-0.262165125682901,-0.261272391054919,-0.260374933086733,-0.25947329906145,-0.258568006356686,-0.257659544112531,-0.25674837481579,-0.255834935800079,-0.254919640662379,-0.254002880597541,-0.253085025652914,-0.252166425905839,-0.251247412567144,-0.250328299014088,-0.249409381756407,-0.248490941339216,-0.247573243186571,-0.246656538389506,-0.245741064442243,-0.244827045930241,-0.24391469517356,-0.243004212828892,-0.242095788453445,-0.241189601033668,-0.24028581948162,-0.239384603101623,-0.238486102029604,-0.237590457647396,-0.236697802974042,-0.23580826303602,-0.234921955218084,-0.234038989596332,-0.233159469254895,-0.232283490587554,-0.23141114358545,-0.23054251211192,-0.229677674165416,-0.22881670213134,-0.227959663023549,-0.227106618716205,-0.226257626166581,-0.225412737629338,-0.224572000862771,-0.22373545932745,-0.222903152377621,-0.222075115445733,-0.221251380220376,-0.22043197481792,-0.219616923948092,-0.218806249073731,-0.217999968564912,-0.217198097847633,-0.216400649547238,-0.21560763362674,-0.214819057520185,-0.214034926261206,-0.213255242606899,-0.212480007157138,-0.211709218469468,-0.21094287316968,-0.210180966058181,-0.209423490212281,-0.208670437084489,-0.20792179659694,-0.20717755723204,-0.206437706119449,-0.205702229119488,-0.204971110903078,-0.204244335028306,-0.203521884013719,-0.202803739408443,-0.202089881859211,-0.201380291174414,-0.200674946385256,-0.1999738258041,-0.199276907080113,-0.198584167252286,-0.197895582799919,-0.197211129690671,-0.196530783426241,-0.195854519085777,-0.195182311367101,-0.194514134625811,-0.193849962912359,-0.193189770007179,-0.192533529453934,-0.191881214590954,-0.191232798580959,-0.19058825443911,-0.189947555059473,-0.189310673239964,-0.188677581705827,-0.188048253131726,-0.187422660162496,-0.186800775432623,-0.186182571584508,-0.185568021285568,-0.184957097244229,-0.184349772224867,-0.183746019061742,-0.183145810671978,-0.182549120067626,-0.181955920366874,-0.181366184804428,-0.180779886741109,-0.180196999672727,-0.179617497238231,-0.179041353227216,-0.178468541586786,-0.177899036427831,-0.177332812030736,-0.176769842850563,-0.176210103521725,-0.175653568862199,0,-0.244913468023343,-0.246095310839253,-0.247207234026719,-0.248240369537337,-0.24919735389078,-0.250085371063207,-0.250914198754239,-0.251695248700896,-0.2524407711257,-0.253163110788524,-0.253874061019052,-0.254584364413553,-0.255303375509255,-0.256038872213931,-0.256796987819029,-0.257582231771027,-0.25839757040612,-0.259244544672551,-0.260123408000856,-0.261033272726772,-0.261972257466165,-0.262937630678101,-0.263925947588754,-0.264933178948407,-0.265954830959486,-0.266986056279105,-0.268021756345974,-0.26905667545856,-0.270085487076108,-0.271102872760745,-0.272103594062912,-0.273082557508888,-0.274034872710737,-0.274955903511074,-0.275841312014686,-0.276687095353586,-0.277489615079944,-0.278245619173987,-0.278952256778209,-0.279607085909923,-0.280208074546189,-0.280753595605585,-0.281242416459979,-0.281673683690068,-0.282046903847859,-0.282361921007649,-0.282618891876763,-0.282818259202622,-0.2829607241586,-0.28304721832307,-0.283078875789281,-0.283057005862868,-0.282983066722971,-0.282858640345051,-0.282685408911099,-0.282465132867233,-0.282199630730856,-0.281890760699616,-0.281540404072509,-0.281150450459007,-0.280722784724633,-0.280259275600079,-0.279761765865185,-0.279232064007917,-0.278671937251387,-0.278083105838058,-0.277467238459201,-0.276825948718654,-0.276160792522725,-0.275473266292129,-0.274764805896919,-0.274036786221102,-0.273290521269872,-0.272527264738877,-0.271748210971536,-0.270954496237053,-0.270147200268205,-0.269327348004326,-0.268495911490888,-0.267653811892834,-0.266801921584194,-0.265941066281525,-0.265072027193375,-0.264195543162247,-0.263312312779381,-0.262422996456251,-0.261528218439753,-0.260628568760928,-0.25972460510949,-0.258816854628626,-0.257905815626382,-0.256991959201578,-0.256075730783546,-0.255157551586123,-0.254237819977263,-0.253316912766412,-0.252395186412336,-0.251472978154615,-0.250550607072281,-0.249628375073351,-0.248706567819121,-0.247785455587152,-0.246865294076859,-0.245946325161597,-0.245028777590985,-0.244112867647119,-0.243198799758161,-0.242286767072593,-0.241376951997269,-0.240469526702186,-0.239564653594703,-0.238662485765734,-0.237763167410267,-0.236866834224338,-0.23597361378045,-0.235083625883217,-0.234196982906875,-0.233313790116135,-0.232434145971719,-0.231558142421776,-0.230685865180268,-0.229817393993289,-0.228952802894185,-0.228092160448258,-0.227235529987731,-0.226382969837593,-0.225534533532884,-0.224690270027888,-0.223850223897675,-0.223014435532381,-0.222182941324573,-0.221355773849985,-0.220532962041937,-0.219714531359646,-0.218900503950688,-0.218090898807781,-0.217285731920108,-0.216485016419322,-0.215688762720413,-0.214896978657563,-0.214109669615155,-0.213326838654032,-0.212548486633163,-0.211774612326818,-0.211005212537363,-0.210240282203805,-0.20947981450618,-0.208723800965891,-0.207972231542113,-0.207225094724356,-0.206482377621292,-0.205744066045949,-0.205010144597364,-0.204280596738809,-0.203555404872662,-0.202834550412057,-0.202118013849369,-0.201405774821656,-0.200697812173153,-0.199994104014885,-0.199294627781529,-0.198599360285583,-0.19790827776895,-0.197221355952028,-0.196538570080372,-0.195859894969044,-0.195185305044712,-0.19451477438559,-0.193848276759301,-0.193185785658738,-0.192527274336006,-0.191872715834518,-0.191222083019321,-0.190575348605719,-0.189932485186274,-0.18929346525624,-0.188658261237512,-0.188026845501142,-0.18739919038849,-0.186775268231071,-0.186155051369159,-0.185538512169202,-0.184925623040101,-0.184316356448414,-0.183710684932533,-0.183108581115874,-0.182510017719151,-0.181914967571752,-0.181323403622289,-0.180735298948337,-0.18015062676543,-0.179569360435332,-0.178991473473636,-0.178416939556717,-0.177845732528076,-0.177277826404118,-0.176713195379379,-0.176151813831247,-0.175593656324199,-0.17503869761358,0,-0.246170536816782,-0.247280388876255,-0.248317107706283,-0.249275793033868,-0.250161666911962,-0.250983707954225,-0.251753070318805,-0.252482192665453,-0.25318398013566,-0.253871045111657,-0.254555081942818,-0.255246419959725,-0.25595375541374,-0.256684035337234,-0.25744245595702,-0.258232539271827,-0.259056257809959,-0.259914185371135,-0.260805658566268,-0.261728939400354,-0.262681372978455,-0.263659536968869,-0.264659381107649,-0.265676356084259,-0.266705531819272,-0.267741705555859,-0.268779500406901,-0.269813455070692,-0.270838105384334,-0.271848058259147,-0.27283805837328,-0.273803047818869,-0.274738218745812,-0.275639058934346,-0.276501390176934,-0.277321399359288,-0.2780956621944,-0.278821159670082,-0.279495287403716,-0.280115858241202,-0.280681098575129,-0.281189638977722,-0.281640499838341,-0.282033072758596,-0.282367098489025,-0.282642642191514,-0.282860066784844,-0.283020005082037,-0.283123331363054,-0.283171132950541,-0.283164682274784,-0.283105409831252,-0.282994878353619,-0.282834758449543,-0.28262680587766,-0.282372840583104,-0.282074727556042,-0.281734359533043,-0.281353641524295,-0.280934477120133,-0.280478756507365,-0.279988346108568,-0.279465079745286,-0.278910751217922,-0.278327108190539,-0.277715847267066,-0.277078610145961,-0.276416980742818,-0.275732483174215,-0.275026580500984,-0.274300674134726,-0.273556103817592,-0.272794148091825,-0.272016025182216,-0.271222894221311,-0.270415856753786,-0.269595958462827,-0.268764191067536,-0.267921494346243,-0.267068758246204,-0.266206825045318,-0.265336491536349,-0.264458511208579,-0.263573596405874,-0.262682420443823,-0.26178561967194,-0.260883795469852,-0.259977516169027,-0.259067318893885,-0.258153711318124,-0.257237173333823,-0.256318158632311,-0.255397096197035,-0.254474391709679,-0.253550428871558,-0.252625570643019,-0.251700160404033,-0.250774523039548,-0.249848965953431,-0.248923780014973,-0.24799924044201,-0.247075607624724,-0.246153127894123,-0.245232034239131,-0.244312546976042,-0.243394874373986,-0.242479213239836,-0.241565749465802,-0.240654658542771,-0.239746106042232,-0.238840248069414,-0.237937231690095,-0.237037195333288,-0.23614026917189,-0.235246575483131,-0.234356228990535,-0.23346933718893,-0.232586000653881,-0.231706313336811,-0.230830362846901,-0.229958230720804,-0.229089992681038,-0.22822571888386,-0.227365474157345,-0.226509318230275,-0.225657305952414,-0.224809487506658,-0.223965908613494,-0.223126610728168,-0.222291631230896,-0.221461003610445,-0.220634757641337,-0.219812919554939,-0.218995512204655,-0.218182555225425,-0.217374065187707,-0.216570055746122,-0.215770537782901,-0.21497551954629,-0.214185006784052,-0.213399002872175,-0.212617508938929,-0.211840523984373,-0.211068044995442,-0.210300067056699,-0.209536583456883,-0.20877758579135,-0.208023064060496,-0.207273006764294,-0.206527400993015,-0.205786232514251,-0.205049485856345,-0.204317144388297,-0.203589190396288,-0.202865605156877,-0.202146369006993,-0.201431461410821,-0.200720861023647,-0.200014545752803,-0.199312492815755,-0.198614678795473,-0.197921079693134,-0.197231670978284,-0.196546427636518,-0.195865324214784,-0.19518833486439,-0.194515433381805,-0.193846593247319,-0.193181787661674,-0.192520989580711,-0.191864171748141,-0.19121130672649,-0.190562366926316,-0.189917324633755,-0.189276152036462,-0.188638821248039,-0.188005304330986,-0.187375573318265,-0.186749600233525,-0.186127357110047,-0.185508816008488,-0.184893949033448,-0.184282728348947,-0.183675126192844,-0.183071114890253,-0.182470666866018,-0.181873754656272,-0.181280350919148,-0.180690428444668,-0.180103960163867,-0.17952091915718,-0.178941278662136,-0.178365012080402,-0.177792092984201,-0.17722249512215,-0.176656192424538,-0.176093159008088,-0.175533369180227,-0.174976797442888,-0.174423418495886,0,-0.247351723344413,-0.248393271446356,-0.249356668584785,-0.250243205283913,-0.251061004312174,-0.25182087876431,-0.25253531472038,-0.253217668764233,-0.253881339394817,-0.254539013569647,-0.255202086041849,-0.255880284711694,-0.256581485073771,-0.257311673080526,-0.258075011378058,-0.25887396977922,-0.259709490352425,-0.260581166808548,-0.261487425322161,-0.262425699219062,-0.263392593431311,-0.264384036779526,-0.265395421453181,-0.266421729851976,-0.267457649423143,-0.268497676386009,-0.269536209330156,-0.27056763364063,-0.271586397573932,-0.272587080616861,-0.273564454544108,-0.274513537385609,-0.275429640350042,-0.276308407645844,-0.277145849103501,-0.277938365530335,-0.278682766810754,-0.279376282885136,-0.280016567881161,-0.280601697814907,-0.281130162410612,-0.281600851696348,-0.282013038111038,-0.282366354903265,-0.28266077161468,-0.282896567423544,-0.283074303081947,-0.283194792119149,-0.283259071909328,-0.283268375120269,-0.283224101975097,-0.283127793676102,-0.282981107260962,-0.282785792089433,-0.282543668094153,-0.282256605873165,-0.281926508654248,-0.281555296121807,-0.281144890065367,-0.280697201783863,-0.280214121161163,-0.279697507314707,-0.279149180710089,-0.278570916628977,-0.277964439875463,-0.277331420605993,-0.276673471170114,-0.275992143852784,-0.275288929413707,-0.274565256324689,-0.273822490612097,-0.273061936218011,-0.27228483580032,-0.271492371898751,-0.270685668400528,-0.269865792245854,-0.269033755319756,-0.26819051648287,-0.267336983699447,-0.26647401622626,-0.265602426831083,-0.264722984014041,-0.263836414209373,-0.262943403948996,-0.262044601972756,-0.261140621273334,-0.260232041066578,-0.259319408680429,-0.258403241357744,-0.257484027970152,-0.256562230641608,-0.255638286281663,-0.254712608029514,-0.253785586610809,-0.252857591609885,-0.251928972660638,-0.251000060559674,-0.250071168305626,-0.249142592068741,-0.24821461209491,-0.247287493548343,-0.246361487297039,-0.245436830645124,-0.244513748015978,-0.243592451589924,-0.242673141900072,-0.241756008389689,-0.240841229934286,-0.239928975331389,-0.239019403760724,-0.23811266521738,-0.237208900920265,-0.236308243698,-0.235410818354182,-0.234516742013801,-0.23362612445238,-0.232739068409302,-0.231855669886597,-0.230976018434353,-0.230100197423783,-0.229228284308875,-0.228360350877427,-0.227496463492216,-0.226636683322924,-0.225781066569398,-0.224929664676759,-0.22408252454278,-0.223239688717953,-0.222401195598573,-0.221567079613168,-0.220737371402524,-0.219912097993583,-0.219091282967403,-0.218274946621403,-0.217463106126053,-0.216655775676197,-0.215852966637133,-0.215054687685616,-0.214260944945899,-0.213471742120945,-0.212687080618928,-0.211906959675136,-0.211131376469379,-0.210360326239028,-0.209593802387768,-0.208831796590187,-0.208074298892285,-0.207321297808024,-0.206572780412004,-0.205828732428364,-0.205089138316024,-0.204353981350345,-0.203623243701321,-0.202896906508391,-0.202174949951976,-0.201457353321833,-0.200744095082321,-0.200035152934682,-0.199330503876421,-0.198630124257887,-0.197933989836146,-0.197242075826235,-0.196554356949891,-0.195870807481838,-0.195191401293732,-0.194516111895834,-0.193844912476509,-0.19317777593963,-0.192514674939964,-0.191855581916621,-0.191200469124659,-0.190549308664888,-0.189902072511982,-0.189258732540951,-0.188619260552046,-0.187983628294169,-0.187351807486851,-0.186723769840865,-0.186099487077534,-0.185478930946791,-0.184862073244058,-0.184248885825993,-0.183639340625158,-0.183033409663673,-0.182431065065883,-0.181832279070118,-0.181237024039557,-0.180645272472277,-0.180056997010504,-0.179472170449114,-0.178890765743433,-0.178312756016366,-0.177738114564891,-0.177166814865955,-0.176598830581809,-0.176034135564809,-0.175472703861715,-0.174914509717519,-0.174359527578831,-0.173807732096839,0,-0.24846144890986,-0.24943614714603,-0.250327734647982,-0.251144603496528,-0.251897729690476,-0.252599681319055,-0.253264169610803,-0.253905314045079,-0.254536809327739,-0.255171200152336,-0.255819369625488,-0.256490255549249,-0.257190757984745,-0.25792578479757,-0.25869838459139,-0.259509927220931,-0.260360304191704,-0.261248131502538,-0.262170944921287,-0.263125382534012,-0.264107352336311,-0.265112184316328,-0.266134767422441,-0.267169672333858,-0.268211261229213,-0.269253785855327,-0.270291475172246,-0.271318613717323,-0.272329611620159,-0.273319066947856,-0.274281820804598,-0.275213005386096,-0.276108085023887,-0.276962890161279,-0.277773644184418,-0.278536983080431,-0.279249967994882,-0.279910090893684,-0.280515273680563,-0.281063861262435,-0.281554609177548,-0.281986666495399,-0.282359554758208,-0.282673143760004,-0.282927624953495,-0.283123483241173,-0.28326146785138,-0.283342562928528,-0.283367958385317,-0.283339021479172,-0.283257269489555,-0.28312434379096,-0.282941985540688,-0.282712013132549,-0.282436301508258,-0.282116763367705,-0.281755332277282,-0.281353947641371,-0.280914541475375,-0.280439026898239,-0.279929288247629,-0.279387172710766,-0.278814483357711,-0.278212973460902,-0.277584341984332,-0.2769302301274,-0.276252218811766,-0.275551827003979,-0.274830510772074,-0.274089662980326,-0.273330613532832,-0.272554630083238,-0.271762919134764,-0.270956627461389,-0.270136843787744,-0.269304600671675,-0.268460876539654,-0.267606597831076,-0.266742641213043,-0.265869835832427,-0.264988965576788,-0.264100771320158,-0.263205953133742,-0.262305172445226,-0.261399054133651,-0.260488188549768,-0.259573133454311,-0.258654415868927,-0.257732533836403,-0.256807958088543,-0.255881133621399,-0.254952481178789,-0.254022398645949,-0.253091262355949,-0.252159428312099,-0.251227233330027,-0.25029499610341,-0.249363018197561,-0.248431584975184,-0.24750096645864,-0.246571418133025,-0.245643181694289,-0.244716485746472,-0.243791546452001,-0.24286856813876,-0.24194774386749,-0.24102925596281,-0.240113276510976,-0.239199967827218,-0.238289482895338,-0.237381965781968,-0.23647755202774,-0.235576369017369,-0.234678536330508,-0.233784166075017,-0.232893363204141,-0.23200622581895,-0.231122845457221,-0.23024330736984,-0.229367690785668,-0.228496069165728,-0.227628510447432,-0.226765077279532,-0.225905827248364,-0.225050813095902,-0.224200082930062,-0.223353680427673,-0.222511645030453,-0.221674012134295,-0.220840813272158,-0.220012076290779,-0.219187825521449,-0.218368081945034,-0.217552863351423,-0.216742184493564,-0.215936057236231,-0.215134490699666,-0.214337491398222,-0.213545063374128,-0.212757208326483,-0.211973925735609,-0.211195212982852,-0.210421065465944,-0.209651476710026,-0.208886438474439,-0.208125940855376,-0.207369972384496,-0.206618520123604,-0.205871569755491,-0.205129105671034,-0.204391111052656,-0.203657567954235,-0.202928457377583,-0.202203759345562,-0.201483452971959,-0.200767516528202,-0.20005592750703,-0.199348662683189,-0.198645698171269,-0.197947009480774,-0.197252571568506,-0.196562358888367,-0.195876345438664,-0.19519450480701,-0.194516810212908,-0.193843234548097,-0.193173750414761,-0.19250833016167,-0.191846945918337,-0.191189569627277,-0.190536173074441,-0.189886727917898,-0.189241205714845,-0.188599577947015,-0.187961816044546,-0.187327891408396,-0.186697775431344,-0.18607143951767,-0.185448855101549,-0.184829993664237,-0.184214826750101,-0.183603325981546,-0.182995463072896,-0.18239120984328,-0.181790538228573,-0.181193420292438,-0.180599828236524,-0.180009734409845,-0.17942311131741,-0.178839931628119,-0.17826016818198,-0.177683793996681,-0.177110782273548,-0.17654110640293,-0.175974739969043,-0.175411656754298,-0.174851830743153,-0.174295236125507,-0.173741847299674,-0.173191638874956,0,-0.249504166295067,-0.250411117624788,-0.251232249671087,-0.251982213778232,-0.25267448457198,-0.253323210683408,-0.253943166398544,-0.25454903523138,-0.255154578077064,-0.25577196104277,-0.256411337347622,-0.257080670746261,-0.257785743489557,-0.258530285005929,-0.259316167816153,-0.260143632406365,-0.26101151677954,-0.261917476944388,-0.262858191549416,-0.263829547998358,-0.264826809637077,-0.265844764758432,-0.266877858743113,-0.267920310923081,-0.268966217847742,-0.270009644599232,-0.271044705661931,-0.272065636622749,-0.273066857692911,-0.274043029736787,-0.274989103208032,-0.275900360160859,-0.276772449346621,-0.277601414331653,-0.278383714577926,-0.279116239499898,-0.27979631562978,-0.280421707167555,-0.280990610340852,-0.281501642136031,-0.281953824072759,-0.282346561772494,-0.282679621113567,-0.282953101773045,-0.283167408932074,-0.283323223872522,-0.283421474125091,-0.283463303748945,-0.283450044236504,-0.283383186449284,-0.283264353905712,-0.283095277662546,-0.282877772959874,-0.282613717736772,-0.282305033070809,-0.281953665549723,-0.281561571547038,-0.281130703344572,-0.280662997022699,-0.280160362023004,-0.279624672276766,-0.2790577587856,-0.278461403536918,-0.27783733463594,-0.277187222537235,-0.27651267726172,-0.275815246489308,-0.275096414422636,-0.274357601323203,-0.273600163627655,-0.272825394558652,-0.272034525151531,-0.271228725624828,-0.27040910702945,-0.269576723117853,-0.268732572380902,-0.267877600206144,-0.267012701116925,-0.266138721057161,-0.265256459691536,-0.264366672695534,-0.263470074013904,-0.262567338069994,-0.261659101911831,-0.260745967283922,-0.259828502616449,-0.25890724492594,-0.257982701623576,-0.257055352229052,-0.256125649989443,-0.255194023403779,-0.254260877655049,-0.253326595952232,-0.252391540785549,-0.251456055098677,-0.250520463381986,-0.249585072691106,-0.248650173595279,-0.24771604105997,-0.246782935268217,-0.245851102385087,-0.244920775269509,-0.243992174137555,-0.243065507181078,-0.242140971145383,-0.241218751869394,-0.240299024791542,-0.23938195542438,-0.238467699800669,-0.237556404893498,-0.236648209012744,-0.23574324217998,-0.234841626483753,-0.233943476416953,-0.233048899197827,-0.232157995076024,-0.231270857624914,-0.230387574021292,-0.229508225313434,-0.228632886678387,-0.227761627669246,-0.226894512453105,-0.226031600040267,-0.225172944505233,-0.224318595199941,-0.223468596959638,-0.22262299030175,-0.221781811618064,-0.220945093360477,-0.220112864220575,-0.219285149303243,-0.218461970294509,-0.217643345623776,-0.216829290620631,-0.216019817666335,-0.215214936340164,-0.214414653560699,-0.213618973722193,-0.212827898826132,-0.212041428608076,-0.211259560659918,-0.210482290547623,-0.209709611924583,-0.208941516640666,-0.208177994847059,-0.207419035097012,-0.206664624442576,-0.205914748527425,-0.205169391675879,-0.204428536978202,-0.203692166372295,-0.20296026072187,-0.2022327998912,-0.20150976281656,-0.200791127574438,-0.200076871446622,-0.199366970982263,-0.198661402057004,-0.197960139929273,-0.197263159293835,-0.196570434332704,-0.195881938763485,-0.19519764588527,-0.194517528622144,-0.19384155956442,-0.193169711007665,-0.192501954989621,-0.191838263325083,-0.191178607638847,-0.190522959396769,-0.18987128993505,-0.189223570487793,-0.188579772212925,-0.187939866216542,-0.187303823575765,-0.186671615360148,-0.186043212651732,-0.185418586563784,-0.184797708258299,-0.184180548962319,-0.183567079983118,-0.182957272722328,-0.182351098689036,-0.18174852951192,-0.181149536950466,-0.180554092905315,-0.179962169427786,-0.17937373872862,-0.178788773185983,-0.178207245352772,-0.177629127963263,-0.177054393939129,-0.176483016394885,-0.175914968642762,-0.175350224197073,-0.174788756778081,-0.174230540315411,-0.173675548951024,-0.173123757041787,-0.172575139161662,0,-0.250482903232367,-0.251320080315836,-0.252072264119822,-0.252758486745042,-0.25339418588024,-0.253994854113627,-0.254576119690037,-0.255152990814651,-0.255739035870865,-0.256345792210224,-0.256982464859037,-0.257655869903539,-0.258370546204648,-0.25912896425795,-0.259931778864,-0.26077809107036,-0.261665699821033,-0.262591333884165,-0.263550860657581,-0.264539471636873,-0.265551845827197,-0.266582293001813,-0.267624878928133,-0.268673534716131,-0.269722152370933,-0.270764668467456,-0.271795137615783,-0.272807797068911,-0.273797123471839,-0.274757882402872,-0.275685171053599,-0.276574454163291,-0.277421593182813,-0.278222868594729,-0.278974995349772,-0.279675131476518,-0.280320880057722,-0.280910284919868,-0.281441820531305,-0.28191437673257,-0.282327239019559,-0.282680065160683,-0.282972858952303,-0.283205941905718,-0.283379923618845,-0.283495671523374,-0.283554280620375,-0.283557043730786,-0.28350542269757,-0.283401020888354,-0.28324555726437,-0.283040842206051,-0.282788755218872,-0.282491224585714,-0.28215020898398,-0.281767681046544,-0.28134561281451,-0.280885963005878,-0.280390666006545,-0.279861622477669,-0.279300691465444,-0.27870968389496,-0.278090357328319,-0.277444411868027,-0.276773487089323,-0.27607915988909,-0.275362943144092,-0.274626285077038,-0.273870569235344,-0.273097114994077,-0.272307178501412,-0.271501953991801,-0.270682575398852,-0.269850118206593,-0.269005601484261,-0.268149990055903,-0.267284196762021,-0.266409084775948,-0.265525469942883,-0.264634123114248,-0.263735772454466,-0.262831105701234,-0.261920772364024,-0.261005385848756,-0.260085525499508,-0.259161738550629,-0.258234541984858,-0.257304424294933,-0.256371847147816,-0.255437246951991,-0.254501036329428,-0.253563605494717,-0.252625323544567,-0.251686539661432,-0.250747584235411,-0.249808769908845,-0.24887039254818,-0.247932732147743,-0.246996053670051,-0.246060607827223,-0.245126631807897,-0.244194349953928,-0.243263974390931,-0.242335705616502,-0.241409733049732,-0.240486235545402,-0.239565381875967,-0.238647331184229,-0.237732233409349,-0.236820229688617,-0.235911452737185,-0.235006027207751,-0.234104070032001,-0.233205690745414,-0.232310991796878,-0.231420068844404,-0.230533011038083,-0.229649901291295,-0.228770816541067,-0.227895827998368,-0.227025001389032,-0.22615839718591,-0.225296070832797,-0.224438072960578,-0.223584449596016,-0.222735242363525,-0.221890488680244,-0.221050221944689,-0.220214471719204,-0.219383263906447,-0.218556620920085,-0.217734561849861,-0.216917102621209,-0.216104256149524,-0.215296032489244,-0.214492438977844,-0.213693480374867,-0.212899158996092,-0.212109474842938,-0.211324425727223,-0.210544007391358,-0.209768213624076,-0.208997036371801,-0.208230465845748,-0.207468490624849,-0.206711097754602,-0.205958272841937,-0.205210000146211,-0.204466262666401,-0.203727042224626,-0.202992319546067,-0.202262074335407,-0.20153628534987,-0.200814930468977,-0.200097986761097,-0.199385430546908,-0.198677237459859,-0.197973382503726,-0.197273840107368,-0.196578584176767,-0.195887588144457,-0.195200825016424,-0.194518267416586,-0.193839887628914,-0.193165657637322,-0.192495549163373,-0.191829533701915,-0.191167582554718,-0.190509666862198,-0.1898557576333,-0.189205825773629,-0.188559842111897,-0.18791777742476,-0.18727960246012,-0.186645287958955,-0.186014804675753,-0.185388123397611,-0.184765214962054,-0.184146050273648,-0.183530600319464,-0.182918836183433,-0.182310729059675,-0.181706250264826,-0.181105371249433,-0.180508063608461,-0.179914299090954,-0.179324049608896,-0.178737287245326,-0.178153984261732,-0.177574113104772,-0.176997646412365,-0.176424557019176,-0.175854817961539,-0.175288402481847,-0.174725284032447,-0.174165436279057,-0.173608833103746,-0.173055448607503,-0.172505257112409,-0.171958233163458,0,-0.251399226189227,-0.25216473017446,-0.252849950726496,-0.253476107073417,-0.254060029675511,-0.254618288195952,-0.255167116194539,-0.255721570840835,-0.256294746207238,-0.256897293723798,-0.257537258667528,-0.258220151938785,-0.25894916451658,-0.259725450108547,-0.260548426056704,-0.261416063743713,-0.262325154679856,-0.26327154750132,-0.264250355848419,-0.265256139182478,-0.266283059311651,-0.267325015508919,-0.268375761006873,-0.269429003483918,-0.270478491936718,-0.271518092051249,-0.272541851835867,-0.273544058882586,-0.274519290213142,-0.275462455287019,-0.276368832437289,-0.277234098782332,-0.278054353547017,-0.278826134710445,-0.27954642896194,-0.280212675068825,-0.280822760912292,-0.28137501460703,-0.281868190265757,-0.282301449087284,-0.282674336527539,-0.282986756354621,-0.283238942392751,-0.283431428730975,-0.283565019117163,-0.283640756183664,-0.283659891065133,-0.283623853878011,-0.283534225440258,-0.283392710523259,-0.283201112848273,-0.282961311968992,-0.282675242120705,-0.282344873065137,-0.281972192917993,-0.281559192912754,-0.281107854028397,-0.280620135389518,-0.280097964333698,-0.279543228032032,-0.278957766543615,-0.278343367182744,-0.277701760078002,-0.277034614804661,-0.276343537975659,-0.275630071681213,-0.274895692672848,-0.274141812193835,-0.273369776364631,-0.272580867038749,-0.271776303051371,-0.270957241789883,-0.270124781022274,-0.269279960925907,-0.268423766265494,-0.267557128675134,-0.266680929004978,-0.265795999698437,-0.26490312717081,-0.264003054164806,-0.263096482062607,-0.262184073137961,-0.261266452735166,-0.260344211364903,-0.259417906709518,-0.258488065532761,-0.257555185490964,-0.256619736844425,-0.255682164069184,-0.254742887370624,-0.253802304101293,-0.252860790086119,-0.251918700858805,-0.250976372813633,-0.250034124277183,-0.2490922565047,-0.248151054605895,-0.247210788404965,-0.246271713239592,-0.245334070703496,-0.244398089336992,-0.243463985269802,-0.242531962820117,-0.241602215053692,-0.240674924306503,-0.239750262674232,-0.238828392471597,-0.237909466664305,-0.236993629276148,-0.236081015773553,-0.235171753429651,-0.234265961669752,-0.233363752399905,-0.232465230320033,-0.231570493222988,-0.230679632280718,-0.229792732318574,-0.2289098720787,-0.228031124473299,-0.227156556828501,-0.226286231119435,-0.225420204197065,-0.224558528007241,-0.223701249802396,-0.222848412346222,-0.222000054111661,-0.221156209472454,-0.220316908888509,-0.219482179085283,-0.218652043227361,-0.217826521086403,-0.217005629203605,-0.216189381046797,-0.215377787162321,-0.214570855321779,-0.213768590663782,-0.212970995830785,-0.212178071101115,-0.211389814516291,-0.210606222003722,-0.209827287494882,-0.20905300303906,-0.208283358912769,-0.207518343724918,-0.206757944517827,-0.206002146864203,-0.205250934960148,-0.204504291714316,-0.203762198833305,-0.203024636903386,-0.202291585468667,-0.201563023105792,-0.200838927495277,-0.200119275489574,-0.199404043177972,-0.198693205948426,-0.19798673854642,-0.197284615130953,-0.196586809327754,-0.195893294279819,-0.195204042695355,-0.194519026893242,-0.193838218846096,-0.193161590221017,-0.192489112418129,-0.191820756606975,-0.191156493760878,-0.190496294689336,-0.189840130068531,-0.18918797047004,-0.188539786387829,-0.187895548263587,-0.187255226510492,-0.186618791535475,-0.185986213760039,-0.185357463639726,-0.184732511682267,-0.184111328464494,-0.183493884648079,-0.182880150994144,-0.182270098376805,-0.181663697795709,-0.181060920387606,-0.180461737437017,-0.179866120386032,-0.179274040843303,-0.178685470592259,-0.178100381598594,-0.177518746017065,-0.176940536197648,-0.176365724691072,-0.175794284253784,-0.175226187852371,-0.174661408667468,-0.17409992009719,-0.173541695760116,-0.172986709497846,-0.17243493537717,-0.171886347691861,-0.17134092096413,0,-0.252254127075943,-0.252946671476474,-0.253567646703303,-0.254138013032126,-0.254675498908717,-0.255197476544982,-0.255720501790404,-0.256259373410781,-0.256826413240557,-0.257431130533445,-0.258080213265326,-0.258777731428764,-0.259525448596183,-0.26032316870284,-0.261169074716155,-0.262060037956399,-0.262991890671942,-0.263959661821453,-0.264957779185359,-0.265980241853976,-0.267020767094873,-0.268072915263731,-0.269130196059825,-0.270186159088545,-0.271234471347225,-0.272268983861328,-0.273283789258354,-0.274273271599218,-0.275232149332252,-0.276155511837628,-0.277038849725016,-0.277878078854055,-0.278669557967523,-0.279410099847855,-0.280096976005302,-0.280727915052288,-0.281301095085015,-0.281815130555436,-0.282269054255571,-0.282662295139775,-0.282994652773339,-0.283266269217571,-0.283477599146118,-0.283629378941337,-0.28372259545052,-0.283758454997814,-0.283738353155839,-0.28366384568749,-0.283536620978038,-0.283358474193815,-0.283131283328681,-0.282856987234275,-0.28253756567501,-0.282175021403546,-0.281771364216394,-0.281328596921308,-0.280848703127259,-0.280333636752831,-0.27978531313898,-0.279205601646208,-0.278596319613592,-0.277959227557059,-0.277296025486276,-0.276608350223036,-0.275897773608654,-0.275165801493471,-0.27441387340763,-0.273643362818883,-0.272855577889941,-0.272051762654798,-0.27123309854037,-0.270400706166597,-0.269555647364856,-0.268698927360944,-0.267831497075081,-0.266954255497253,-0.266068052101728,-0.265173689269711,-0.264271924693928,-0.263363473743248,-0.26244901176949,-0.26152917634214,-0.260604569399924,-0.259675759311045,-0.25874328283638,-0.257807646992128,-0.256869330810225,-0.255928786996443,-0.254986443487391,-0.254042704908687,-0.253097953937455,-0.252152552572924,-0.251206843319441,-0.250261150286496,-0.249315780210639,-0.24837102340422,-0.247427154635929,-0.246484433948061,-0.245543107415278,-0.244603407849514,-0.243665555455437,-0.242729758440668,-0.241796213584691,-0.240865106770163,-0.239936613480011,-0.239010899263513,-0.238088120174229,-0.237168423182441,-0.236251946564505,-0.235338820271282,-0.23442916627761,-0.233523098914551,-0.232620725186003,-0.231722145071036,-0.230827451813205,-0.229936732197905,-0.229050066818736,-0.228167530333701,-0.227289191711974,-0.226415114471864,-0.225545356910531,-0.224679972325933,-0.223819009231418,-0.222962511563306,-0.222110518881797,-0.221263066565446,-0.220420185999455,-0.219581904757982,-0.218748246780645,-0.217919232543382,-0.2170948792238,-0.216275200861153,-0.215460208511063,-0.214649910395079,-0.213844312045201,-0.21304341644344,-0.212247224156529,-0.211455733465866,-0.210668940492779,-0.20988683931921,-0.209109422103904,-0.208336679194195,-0.207568599233475,-0.206805169264452,-0.206046374828272,-0.205292200059624,-0.204542627777894,-0.203797639574495,-0.203057215896451,-0.202321336126343,-0.201589978658712,-0.200863120973022,-0.200140739703284,-0.199422810704435,-0.198709309115586,-0.198000209420216,-0.197295485503441,-0.196595110706427,-0.195899057878067,-0.195207299424007,-0.194519807353123,-0.193836553321537,-0.193157508674267,-0.192482644484607,-0.191811931591318,-0.191145340633728,-0.190482842084811,-0.189824406282346,-0.189170003458231,-0.188519603766019,-0.187873177306782,-0.187230694153343,-0.186592124372985,-0.185957438048673,-0.185326605298889,-0.184699596296121,-0.184076381284094,-0.183456930593775,-0.18284121465825,-0.182229204026491,-0.1816208693761,-0.181016181525069,-0.180415111442602,-0.17981763025907,-0.179223709275116,-0.178633319969988,-0.178046434009112,-0.177463023250977,-0.176883059753345,-0.176306515778847,-0.17573336379998,-0.175163576503558,-0.174597126794644,-0.174033987799988,-0.173474132871012,-0.172917535586364,-0.172364169754065,-0.171814009413292,-0.171267028835799,-0.170723202527014,0,-0.253047343632199,-0.253667561942531,-0.254227910442819,-0.25474742137407,-0.255244372685227,-0.255736666273317,-0.256240865378154,-0.256771176937474,-0.257338844849324,-0.257951989600408,-0.258615765726768,-0.259332693727782,-0.260103058479137,-0.260925307576334,-0.261796415801931,-0.262712203288689,-0.263667606676382,-0.264656907707508,-0.265673925148016,-0.266712175696139,-0.267765008822227,-0.268825719776134,-0.269887644431697,-0.270944239166824,-0.271989148524498,-0.273016262915286,-0.274019768101291,-0.274994187675158,-0.275934419262117,-0.276835764772634,-0.277693954748687,-0.278505166689379,-0.27926603720462,-0.279973667907552,-0.280625625087728,-0.281219933375837,-0.281755063787484,-0.282229916694478,-0.282643800400628,-0.282996406086157,-0.283287779927808,-0.283518293203261,-0.283688611154372,-0.283799661322134,-0.283852601985532,-0.283848791244654,-0.283789757192776,-0.283677169528019,-0.283512812866975,-0.283298561942988,-0.283036358802153,-0.282728192051016,-0.282376078161331,-0.281982044798214,-0.281548116107787,-0.281076299877655,-0.280568576467305,-0.280026889394471,-0.279453137456917,-0.278849168265826,-0.278216773066528,-0.277557682723942,-0.276873564753324,-0.276166021281405,-0.275436587828366,-0.274686732807096,-0.273917857642667,-0.273131297421676,-0.272328321987999,-0.271510137408445,-0.270677887738648,-0.269832657026307,-0.268975471495415,-0.268107301861451,-0.26722906573348,-0.266341630064858,-0.265445813619495,-0.264542389425655,-0.263632087193808,-0.262715595679222,-0.261793564973799,-0.260866608715026,-0.259935306202959,-0.259000204418803,-0.258061819940965,-0.257120640756478,-0.256177127967337,-0.255231717392747,-0.254284821069424,-0.253336828653006,-0.252388108724391,-0.251439010005339,-0.250489862488067,-0.249540978483824,-0.248592653595559,-0.247645167619836,-0.246698785383088,-0.245753757517215,-0.244810321179342,-0.243868700720358,-0.242929108306612,-0.241991744498911,-0.241056798792649,-0.240124450122678,-0.239194867336203,-0.238268209636745,-0.237344627001939,-0.236424260577671,-0.235507243050842,-0.234593699002774,-0.23368374524511,-0.232777491139816,-0.231875038904743,-0.230976483906015,-0.230081914938369,-0.229191414494436,-0.228305059023819,-0.227422919182708,-0.226545060074699,-0.225671541483371,-0.22480241809709,-0.223937739726491,-0.223077551514966,-0.222221894142484,-0.221370804023005,-0.220524313495719,-0.219682451010309,-0.218845241306405,-0.218012705587395,-0.217184861688714,-0.216361724240745,-0.215543304826428,-0.214729612133695,-0.21392065210282,-0.213116428068767,-0.212316940898642,-0.211522189124327,-0.210732169070371,-0.20994687497725,-0.209166299120059,-0.208390431922732,-0.207619262067885,-0.206852776602361,-0.20609096103858,-0.205333799451779,-0.204581274573237,-0.203833367879594,-0.203090059678346,-0.202351329189622,-0.201617154624343,-0.200887513258868,-0.200162381506212,-0.199441734983964,-0.198725548578976,-0.198013796508948,-0.197306452381004,-0.196603489247347,-0.195904879658109,-0.195210595711491,-0.194520609101279,-0.193834891161849,-0.193153412910743,-0.192476145088914,-0.191803058198736,-0.191134122539857,-0.190469308242995,-0.189808585301759,-0.18915192360257,-0.188499292952782,-0.18785066310706,-0.187206003792114,-0.18656528472985,-0.185928475659009,-0.185295546355385,-0.184666466650658,-0.184041206449942,-0.183419735748081,-0.182802024644781,-0.182188043358617,-0.181577762239984,-0.180971151783044,-0.180368182636718,-0.179768825614782,-0.179173051705103,-0.17858083207808,-0.177992138094313,-0.177406941311564,-0.176825213491034,-0.176246926603006,-0.175672052831885,-0.17510056458068,-0.174532434474947,-0.17396763536624,-0.173406140335095,-0.172847922693574,-0.1722929559874,-0.171741213997718,-0.17119267074248,-0.170647300477522,-0.170105077697306,0,-0.253777954786373,-0.254329272419775,-0.254833580889965,-0.255307853092963,-0.255770734533099,-0.256240381403272,-0.256733018160581,-0.25726190729761,-0.257836911017952,-0.258464533432819,-0.259148248143538,-0.259888949422124,-0.2606854228596,-0.261534780319046,-0.262432837294826,-0.263374429778945,-0.264353676462797,-0.265364194707825,-0.266399278401019,-0.267452044542167,-0.268515554140177,-0.269582912021463,-0.270647349446127,-0.271702292858102,-0.272741421551863,-0.273758716468671,-0.274748501744561,-0.275705480060902,-0.27662476234767,-0.277501892002359,-0.278332863537609,-0.279114135460149,-0.279842637195872,-0.280515769981483,-0.281131401807239,-0.281687856683426,-0.282183898685933,-0.282618711391778,-0.282991873430023,-0.283303330941565,-0.283553367763283,-0.283742574133143,-0.283871814661108,-0.283942196235009,-0.283955036440056,-0.283911832973296,-0.28381423443677,-0.283664012800355,-0.283463037740613,-0.283213252987548,-0.28291665474768,-0.282575272219394,-0.282191150174311,-0.281766333545653,-0.281302853939839,-0.280802717969763,-0.280267897296101,-0.279700320255496,-0.279101864950709,-0.278474353676852,-0.277819548559153,-0.277139148280689,-0.276434785782784,-0.275708026825988,-0.274960369305429,-0.274193243220706,-0.273408011207162,-0.272605969542222,-0.271788349547424,-0.270956319313648,-0.270110985683901,-0.26925339643459,-0.268384542602712,-0.26750536091249,-0.266616736260857,-0.265719504226678,-0.264814453573774,-0.263902328722528,-0.262983832169271,-0.262059626836586,-0.261130338341269,-0.260196557169887,-0.259258840754685,-0.258317715445088,-0.257373678372154,-0.256427199205167,-0.255478721801083,-0.254528665748805,-0.253577427811264,-0.252625383269102,-0.25167288717035,-0.250720275490916,-0.249767866211024,-0.248815960312851,-0.247864842704727,-0.246914783077172,-0.245966036695988,-0.245018845137415,-0.244073436970196,-0.243130028389116,-0.242188823804342,-0.241250016390602,-0.240313788599944,-0.239380312641554,-0.238449750931791,-0.237522256517349,-0.236597973474173,-0.235677037284502,-0.234759575194168,-0.23384570655207,-0.232935543133503,-0.23202918944886,-0.231126743039029,-0.230228294758638,-0.229333929048187,-0.228443724195934,-0.22755775259032,-0.226676080963588,-0.225798770627171,-0.224925877699348,-0.224057453325584,-0.223193543891912,-0.222334191231673,-0.221479432825874,-0.220629301997388,-0.219783828099193,-0.218943036696812,-0.21810694974511,-0.217275585759565,-0.216448959982129,-0.2156270845418,-0.214809968609968,-0.213997618550652,-0.213190038065709,-0.212387228335079,-0.211589188152173,-0.210795914054467,-0.21000740044939,-0.209223639735592,-0.208444622419667,-0.207670337228428,-0.206900771216809,-0.206135909871499,-0.205375737210385,-0.20462023587791,-0.203869387236434,-0.203123171453694,-0.202381567586477,-0.201644553660582,-0.200912106747196,-0.200184203035765,-0.19946081790348,-0.19874192598147,-0.198027501217811,-0.197317516937444,-0.196611945899117,-0.195910760349444,-0.195213932074182,-0.194521432446833,-0.193833232474653,-0.193149302842187,-0.192469613952409,-0.191794135965564,-0.191122838835807,-0.190455692345732,-0.189792666138867,-0.189133729750233,-0.188478852635051,-0.187828004195661,-0.187181153806764,-0.186538270839025,-0.18589932468115,-0.185264284760484,-0.184633120562205,-0.184005801647193,-0.183382297668625,-0.182762578387369,-0.182146613686232,-0.181534373583127,-0.18092582824321,-0.18032094799004,-0.179719703315825,-0.179122064890789,-0.178528003571722,-0.177937490409742,-0.177350496657341,-0.17676699377472,-0.176186953435487,-0.175610347531739,-0.175037148178564,-0.174467327718004,-0.17390085872252,-0.173337713997962,-0.172777866586114,-0.172221289766808,-0.171667957059658,-0.171117842225423,-0.170570919267039,-0.170027162430329,-0.169486546204425,0,-0.254445449062444,-0.254934043385943,-0.255387830407081,-0.255823156267925,-0.256258977349164,-0.256713411446286,-0.257201967085986,-0.25773659917972,-0.258325497368999,-0.258973350287375,-0.259681838442221,-0.260450188814435,-0.261275699330501,-0.262154193797668,-0.263080398929827,-0.264048250172561,-0.265051138089022,-0.266082106984392,-0.26713401547731,-0.268199666590912,-0.269271913275791,-0.270343744142741,-0.271408353395556,-0.272459198314481,-0.273490047020428,-0.274495018605402,-0.275468617066118,-0.276405759877324,-0.277301801543315,-0.278152552109277,-0.278954290413017,-0.27970377180362,-0.280398230119884,-0.281035373871244,-0.281613376758222,-0.282130862872506,-0.282586887100556,-0.282980911400018,-0.283312777715426,-0.283582678346417,-0.283791124581894,-0.283938914374772,-0.284027099763749,-0.284056954660757,-0.284029943524685,-0.283947691341147,-0.283811955230695,-0.283624597918001,-0.283387563214791,-0.283102853601015,-0.282772509931977,-0.282398593253429,-0.281983168670992,-0.281528291193357,-0.281035993449269,-0.280508275165014,-0.279947094280783,-0.279354359579858,-0.278731924703245,-0.278081583423325,-0.27740506605288,-0.276704036869896,-0.275980092443632,-0.275234760753166,-0.27446950099592,-0.273685703990224,-0.272884693082807,-0.27206772547899,-0.271235993920269,-0.270390628640811,-0.269532699541114,-0.268663218523594,-0.267783141941143,-0.266893373115687,-0.265994764889474,-0.265088122177111,-0.264174204491336,-0.263253728420093,-0.262327370036605,-0.261395767227962,-0.260459521931097,-0.259519202268026,-0.258575344574871,-0.257628455321477,-0.256679012920353,-0.255727469425367,-0.254774252121948,-0.253819765011682,-0.252864390195052,-0.251908489156764,-0.250952403958554,-0.249996458344756,-0.249040958766037,-0.248086195326857,-0.247132442662132,-0.24617996074852,-0.245228995655582,-0.244279780241839,-0.243332534800542,-0.242387467659653,-0.241444775740283,-0.240504645077499,-0.239567251307153,-0.238632760122043,-0.237701327700448,-0.236773101109793,-0.235848218687937,-0.234926810404297,-0.234008998202818,-0.233094896328553,-0.232184611639416,-0.231278243904498,-0.230375886090141,-0.229477624634837,-0.228583539713858,-0.227693705494417,-0.226808190382039,-0.225927057258719,-0.22505036371339,-0.224178162265092,-0.223310500579246,-0.222447421677299,-0.22158896414003,-0.220735162304732,-0.219886046456437,-0.219041643013382,-0.218201974706819,-0.217367060755308,-0.216536917033603,-0.21571155623621,-0.21489098803572,-0.214075219235995,-0.21326425392028,-0.212458093594325,-0.211656737324584,-0.210860181871579,-0.210068421818487,-0.209281449695049,-0.208499256096866,-0.207721829800167,-0.206949157872147,-0.206181225776936,-0.205418017477321,-0.20465951553229,-0.203905701190497,-0.20315655447976,-0.202412054292664,-0.201672178468397,-0.2009369038709,-0.200206206463446,-0.199480061379744,-0.198758442991676,-0.19804132497377,-0.197328680364518,-0.196620481624625,-0.195916700692323,-0.195217309035821,-0.194522277703016,-0.193831577368551,-0.193145178378326,-0.192463050791559,-0.191785164420492,-0.191111488867836,-0.190441993562047,-0.189776647790527,-0.18911542073083,-0.18845828147997,-0.187805199081907,-0.187156142553291,-0.186511080907554,-0.185869983177415,-0.185232818435877,-0.184599555815791,-0.183970164528055,-0.183344613878508,-0.182722873283598,-0.18210491228488,-0.181490700562391,-0.180880207946992,-0.180273404431696,-0.179670260182066,-0.179070745545713,-0.178474831060955,-0.177882487464685,-0.177293685699486,-0.176708396920037,-0.17612659249886,-0.175548244031439,-0.174973323340754,-0.174401802481255,-0.173833653742333,-0.173268849651292,-0.172707362975877,-0.172149166726372,-0.171594234157307,-0.171042538768792,-0.170494054307508,-0.169948754767375,-0.16940661438993,-0.168867607664419,0,-0.255051740592174,-0.255484614405577,-0.255894205080869,-0.256297523216544,-0.25671380296344,-0.257160793501884,-0.257652881361642,-0.258200351160612,-0.258809453930943,-0.259482901525397,-0.260220510309785,-0.261019837256531,-0.261876736873421,-0.26278581865136,-0.263740810865802,-0.264734846452888,-0.265760687661319,-0.266810903473168,-0.267878010402476,-0.268954584518964,-0.270033350670259,-0.271107253686469,-0.272169515534097,-0.27321368169739,-0.274233659377647,-0.275223749391331,-0.276178672956069,-0.277093593942191,-0.277964136691599,-0.278786399196571,-0.279556961292058,-0.280272887525384,-0.280931724490355,-0.281531492605579,-0.282070672537068,-0.282548186677833,-0.282963376276391,-0.283315974936915,-0.283606079290094,-0.283834117657661,-0.284000817511582,-0.284107172471099,-0.284154409497862,-0.284143956851659,-0.284077413265832,-0.283956518699398,-0.283783126927529,-0.283559180146558,-0.283286685695977,-0.282967694938333,-0.282604284288285,-0.282198538343169,-0.281752535038113,-0.281268332727445,-0.280747959079563,-0.280193401663174,-0.279606600097762,-0.278989439639413,-0.278343746073743,-0.277671281790279,-0.276973742916495,-0.27625275739464,-0.275509883890111,-0.27474661142627,-0.273964359647108,-0.273164479615858,-0.272348255064553,-0.271516904016369,-0.270671580709493,-0.269813377757974,-0.268943328491652,-0.268062409423626,-0.267171542799848,-0.266271599191276,-0.265363400094512,-0.264447720511976,-0.263525291487442,-0.262596802577128,-0.261662904240496,-0.260724210138492,-0.259781299330162,-0.25883471836135,-0.257884983241663,-0.256932581307967,-0.255977972974468,-0.255021593370906,-0.254063853871613,-0.25310514351913,-0.252145830346847,-0.251186262605651,-0.250226769899975,-0.24926766423884,-0.248309241007614,-0.247351779866209,-0.246395545579323,-0.245440788784235,-0.24448774670138,-0.243536643792757,-0.242587692372868,-0.241641093176647,-0.240697035888484,-0.239755699636165,-0.238817253453204,-0.237881856712761,-0.236949659536041,-0.23602080317776,-0.235095420391033,-0.234173635773755,-0.233255566098336,-0.232341320626413,-0.231431001409987,-0.23052470358023,-0.229622515625066,-0.228724519656461,-0.227830791668252,-0.226941401785197,-0.226056414503866,-0.225175888925858,-0.224299878983792,-0.223428433660431,-0.222561597201234,-0.221699409320611,-0.220841905402085,-0.219989116692537,-0.219141070490711,-0.218297790330077,-0.217459296156191,-0.216625604498637,-0.215796728637643,-0.214972678765445,-0.21415346214248,-0.213339083248475,-0.212529543928498,-0.21172484353405,-0.210924979059254,-0.21012994527222,-0.209339734841661,-0.208554338458833,-0.207773744954867,-0.206997941413604,-0.206226913279979,-0.20546064446408,-0.20469911744094,-0.203942313346181,-0.203190212067593,-0.202442792332743,-0.201700031792732,-0.20096190710218,-0.200228393995556,-0.199499467359956,-0.198775101304433,-0.198055269225977,-0.19733994387227,-0.196629097401295,-0.195922701437929,-0.195220727127614,-0.194523145187204,-0.193829925953102,-0.193141039426781,-0.192456455317793,-0.191776143084362,-0.191100071971658,-0.190428211047848,-0.189760529238012,-0.189096995356025,-0.188437578134479,-0.187782246252746,-0.187130968363251,-0.186483713116052,-0.185840449181791,-0.185201145273101,-0.184565770164548,-0.183934292711163,-0.183306681865652,-0.18268290669434,-0.182062936391913,-0.181446740295029,-0.180834287894847,-0.180225548848538,-0.179620492989833,-0.179019090338656,-0.178421311109898,-0.177827125721379,-0.177236504801043,-0.176649419193435,-0.176065839965492,-0.175485738411704,-0.174909086058671,-0.174335854669096,-0.173766016245256,-0.173199543031973,-0.172636407519127,-0.172076582443736,-0.171520040791631,-0.17096675579876,-0.170416700952134,-0.16986984999046,-0.169326176904457,-0.168785655936904,-0.168248261582425,0,-0.255600040846172,-0.255984256786007,-0.256356649136457,-0.256735500159776,-0.257140214538225,-0.257587786408703,-0.258091051186145,-0.25865827433003,-0.259293539510081,-0.259997466850092,-0.260767983126394,-0.261601012255017,-0.262491041446119,-0.263431563773086,-0.264415416839558,-0.265435041031518,-0.266482677672293,-0.267550522346157,-0.268630844205757,-0.269716078973196,-0.270798901436385,-0.271872282089895,-0.272929531761166,-0.273964337337262,-0.274970790959565,-0.275943414290029,-0.27687717873431,-0.277767521905324,-0.278610360177397,-0.279402096936767,-0.280139626068782,-0.280820330302447,-0.281442074213285,-0.282003191917572,-0.282502469731518,-0.282939124284698,-0.283312776745865,-0.283623423930855,-0.283871407115063,-0.284057379372666,-0.284182272221033,-0.284247262273217,-0.284253738505753,-0.284203270643643,-0.284097579057905,-0.283938506469882,-0.28372799166477,-0.283468045337144,-0.283160728124312,-0.282808130829143,-0.282412356791512,-0.281975506335352,-0.281499663195038,-0.28098688280875,-0.280439182356264,-0.279858532412932,-0.279246850089434,-0.278605993527287,-0.277937757622458,-0.277243870853187,-0.276525993092891,-0.275785714294551,-0.275024553938984,-0.274243961145832,-0.27344531535269,-0.272629927474603,-0.271799041463005,-0.27095383619,-0.270095427590691,-0.269224871002897,-0.268343163650071,-0.267451247219508,-0.26655001049386,-0.265640291999699,-0.264722882642123,-0.263798528299412,-0.262867932356273,-0.261931758158398,-0.26099063137483,-0.26004514225801,-0.25909584779436,-0.258143273740873,-0.257187916545452,-0.256230245150619,-0.255270702681883,-0.254309708023305,-0.253347657283932,-0.252384925159521,-0.251421866194644,-0.250458815950672,-0.249496092085408,-0.248533995350275,-0.247572810511,-0.246612807197652,-0.245654240689739,-0.24469735264187,-0.243742371755233,-0.242789514399844,-0.241838985192218,-0.240890977532784,-0.239945674107043,-0.239003247354126,-0.23806385990611,-0.237127665001105,-0.236194806872861,-0.235265421119325,-0.23433963505235,-0.233417568030477,-0.232499331776499,-0.231585030681314,-0.230674762095357,-0.229768616608764,-0.228866678321236,-0.227969025102439,-0.227075728843679,-0.226186855701447,-0.225302466333349,-0.224422616126873,-0.223547355421335,-0.222676729723332,-0.22181077991593,-0.220949542461819,-0.220093049600594,-0.219241329540311,-0.218394406643455,-0.217552301607387,-0.216715031639404,-0.215882610626452,-0.215055049299584,-0.214232355393221,-0.213414533799276,-0.212601586716213,-0.211793513793087,-0.210990312268637,-0.210191977105502,-0.20939850111961,-0.208609875104833,-0.207826087952967,-0.20704712676912,-0.206272976982592,-0.205503622453328,-0.204739045574041,-0.203979227368086,-0.203224147583188,-0.202473784781123,-0.201728116423445,-0.200987118953368,-0.200250767873906,-0.199519037822369,-0.198791902641336,-0.198069335446194,-0.197351308689369,-0.19663779422134,-0.195928763348552,-0.195224186888339,-0.194524035220947,-0.193828278338782,-0.193136885892972,-0.19244982723735,-0.191767071469963,-0.191088587472196,-0.190414343945623,-0.189744309446663,-0.189078452419145,-0.188416741224876,-0.187759144172286,-0.187105629543251,-0.186456165618169,-0.185810720699371,-0.185169263132953,-0.184531761329095,-0.183898183780946,-0.18326849908215,-0.182642675943071,-0.182020683205795,-0.181402489857967,-0.180788065045523,-0.180177378084382,-0.179570398471145,-0.17896709589287,-0.178367440235955,-0.177771401594205,-0.177178950276103,-0.176590056811351,-0.176004691956716,-0.175422826701225,-0.17484443227075,-0.174269480132011,-0.173697941996052,-0.173129789821209,-0.172564995815603,-0.172003532439198,-0.171445372405453,-0.170890488682579,-0.170338854494452,-0.169790443321194,-0.169245228899439,-0.168703185222324,-0.168164286539212,-0.167628507355176,0,-0.256093797538883,-0.25643673869616,-0.256779514328419,-0.25714198838552,-0.257543500251376,-0.257999835708289,-0.258521838158312,-0.259115434621919,-0.259782362341449,-0.260521088388884,-0.261327672960458,-0.26219648335274,-0.263120745530891,-0.264092955456106,-0.265105182287794,-0.266149292892514,-0.267217120040906,-0.268300589754268,-0.269391818178952,-0.270483185215159,-0.271567390348721,-0.272637495090668,-0.273686955650853,-0.27470964871367,-0.275699892381021,-0.276652463542544,-0.277562612208016,-0.278426072767178,-0.279239071772187,-0.279998331674157,-0.280701069962715,-0.281344993310707,-0.281928286561415,-0.282449596661288,-0.282908011894859,-0.283303036990093,-0.283634564814955,-0.283902845474065,-0.28410845364121,-0.284252254938466,-0.284335372107958,-0.284359151630824,-0.284325131341898,-0.284235009478015,-0.284090615490656,-0.283893882855215,-0.283646824022713,-0.283351507586845,-0.283010037679838,-0.282624535563932,-0.282197123350006,-0.281729909749193,-0.281224977745727,-0.280684374067919,-0.280110100327879,-0.279504105697949,-0.278868280992044,-0.278204454022285,-0.27751438610495,-0.276799769594479,-0.276062226329655,-0.275303306882033,-0.274524490502928,-0.273727185671849,-0.272912731155909,-0.272082397496544,-0.271237388846674,-0.270378845088196,-0.269507844166392,-0.268625404584384,-0.267732488007089,-0.266830001930252,-0.265918802375959,-0.264999696581491,-0.264073445653582,-0.263140767164854,-0.262202337673624,-0.261258795152227,-0.260310741312588,-0.259358743820941,-0.258403338396411,-0.25744503079055,-0.256484298647059,-0.255521593242581,-0.25455734111098,-0.253591945554613,-0.252625788047036,-0.251659229532291,-0.250692611626376,-0.249726257726839,-0.248760474036609,-0.247795550508211,-0.246831761714471,-0.245869367651663,-0.244908614480851,-0.24394973521293,-0.242992950342542,-0.242038468435769,-0.241086486676127,-0.240137191373058,-0.239190758436783,-0.238247353823004,-0.237307133950666,-0.236370246095627,-0.235436828762808,-0.234507012039119,-0.233580917929175,-0.2326586606756,-0.231740347065467,-0.230826076724246,-0.229915942398435,-0.229010030227888,-0.22810842000871,-0.227211185447459,-0.226318394407277,-0.225430109146481,-0.224546386550049,-0.223667278354373,-0.222792831365566,-0.221923087671596,-0.221058084848422,-0.220197856160325,-0.21934243075455,-0.218491833850383,-0.217646086922747,-0.216805207880413,-0.215969211238863,-0.215138108287901,-0.214311907254043,-0.213490613457743,-0.21267422946552,-0.211862755237027,-0.211056188267115,-0.210254523722971,-0.209457754576362,-0.208665871731076,-0.207878864145618,-0.207096718951234,-0.206319421565351,-0.205546955800506,-0.204779303968854,-0.204016446982351,-0.203258364448698,-0.202505034763144,-0.201756435196261,-0.201012541977772,-0.200273330376555,-0.199538774776918,-0.198808848751261,-0.198083525129227,-0.197362776063452,-0.196646573092025,-0.195934887197767,-0.195227688864443,-0.194524948129999,-0.193826634636951,-0.193132717680019,-0.19244316625112,-0.191757949081813,-0.191077034683307,-0.190400391384124,-0.189727987365523,-0.189059790694775,-0.188395769356378,-0.187735891281316,-0.187080124374437,-0.186428436540044,-0.185780795705778,-0.18513716984488,-0.184497526996907,-0.183861835286968,-0.183230062943579,-0.182602178315177,-0.181978149885382,-0.181357946287071,-0.180741536315313,-0.180128888939245,-0.179519973312931,-0.178914758785269,-0.178313214909,-0.177715311448866,-0.177121018388965,-0.176530305939358,-0.175943144541965,-0.175359504875796,-0.174779357861559,-0.17420267466568,-0.173629426703775,-0.173059585643614,-0.172493123407595,-0.171930012174782,-0.171370224382516,-0.170813732727642,-0.170260510167376,-0.169710529919829,-0.169163765464228,-0.168620190540844,-0.168079779150653,-0.167542505554753,-0.167008344273555,0,-0.256536951143797,-0.256846290129904,-0.257167558378357,-0.257522236336647,-0.257929206887633,-0.258402528462436,-0.258950617194118,-0.259576789388812,-0.260280318008619,-0.261057514806225,-0.261902645806625,-0.262808635832426,-0.263767582487385,-0.264771121822718,-0.26581068783214,-0.266877698884898,-0.267963693877072,-0.269060432733864,-0.270159970659255,-0.271254712617759,-0.272337453019761,-0.273401404690408,-0.274440220457803,-0.275448009902683,-0.276419352958844,-0.277349311222815,-0.27823343712198,-0.279067780576844,-0.279848892506787,-0.280573824459355,-0.28124012374987,-0.281845823723977,-0.282389429040794,-0.282869896165911,-0.283286609521815,-0.283639353943223,-0.283928284215228,-0.284153892533028,-0.284316974721428,-0.2844185960027,-0.284460057017107,-0.284442860695232,-0.284368680467265,-0.284239330181163,-0.284056735995853,-0.283822910421806,-0.283539928601429,-0.28320990685642,-0.282834983477712,-0.282417301694655,-0.281958994731739,-0.281462172841656,-0.280928912191038,-0.28036124546815,-0.279761154078819,-0.27913056179689,-0.278471329737615,-0.277785252525966,-0.277074055536528,-0.27633939308694,-0.275582847472715,-0.274805928737408,-0.274010075078559,-0.273196653796357,-0.272366962698708,-0.271522231883077,-0.270663625822228,-0.269792245687671,-0.268909131851183,-0.268015266511214,-0.267111576397179,-0.266198935510625,-0.265278167867889,-0.264350050214243,-0.263415314684421,-0.262474651389091,-0.261528710910932,-0.260578106697831,-0.25962341734405,-0.258665188753204,-0.257703936179496,-0.256740146145882,-0.255774278239716,-0.254806766788028,-0.253838022415795,-0.252868433491654,-0.251898367466195,-0.250928172108581,-0.249958176647583,-0.248988692823343,-0.248020015856242,-0.247052425339226,-0.246086186059795,-0.245121548757685,-0.244158750823973,-0.243198016947083,-0.242239559710785,-0.241283580148976,-0.240330268261644,-0.239379803496056,-0.238432355196882,-0.237488083028577,-0.236547137373051,-0.235609659705318,-0.234675782949521,-0.233745631817464,-0.232819323131515,-0.231896966133507,-0.230978662781069,-0.230064508032602,-0.229154590121955,-0.228248990823709,-0.227347785709807,-0.226451044398202,-0.225558830794028,-0.224671203323764,-0.223788215162734,-0.222909914456265,-0.222036344534728,-0.22116754412267,-0.220303547542193,-0.219444384910698,-0.218590082333109,-0.217740662088648,-0.216896142812239,-0.216056539670579,-0.215221864532955,-0.214392126136821,-0.213567330248199,-0.212747479816942,-0.211932575126899,-0.211122613941034,-0.210317591641552,-0.209517501365079,-0.208722334132967,-0.207932078976777,-0.207146723059025,-0.206366251789247,-0.205590648935477,-0.204819896731224,-0.204053975978023,-0.203292866143662,-0.202536545456185,-0.201784990993764,-0.201038178770542,-0.20029608381856,-0.199558680265864,-0.198825941410911,-0.198097839793375,-0.197374347261477,-0.196655435035927,-0.195941073770616,-0.195231233610152,-0.194525884244354,-0.193824994959812,-0.193128534688636,-0.192436472054476,-0.19174877541594,-0.191065412907508,-0.190386352478037,-0.189711561926972,-0.189041008938344,-0.188374661112667,-0.187712485996812,-0.187054451111967,-0.186400523979747,-0.185750672146573,-0.185104863206367,-0.184463064821673,-0.183825244743262,-0.183191370828314,-0.182561411057237,-0.181935333549188,-0.181313106576391,-0.18069469857728,-0.180080078168559,-0.179469214156228,-0.178862075545624,-0.178258631550554,-0.177658851601544,-0.177062705353286,-0.176470162691303,-0.1758811937379,-0.175295768857424,-0.174713858660904,-0.174135434010074,-0.173560466020851,-0.172988926066286,-0.17242078577902,-0.171856017053296,-0.171294592046535,-0.170736483180524,-0.170181663142228,-0.169630104884275,-0.169081781625108,-0.168536666848855,-0.16799473430493,-0.167455958007373,-0.166920312233979,-0.166387771525197,0,-0.256934316221245,-0.257217579015405,-0.257525936190596,-0.2578818220617,-0.258303102096381,-0.258801537308888,-0.259382710217493,-0.26004711915948,-0.260791525929179,-0.261610146823619,-0.262495574332517,-0.263439439290102,-0.264432866496093,-0.26546678305901,-0.266532128411543,-0.267620000242554,-0.268721757883498,-0.269829096061885,-0.270934097029566,-0.272029266649619,-0.273107558868515,-0.274162392273773,-0.275187661715826,-0.27617774713669,-0.277127520852159,-0.278032353697278,-0.278888119776931,-0.279691199130674,-0.280438477437285,-0.281127341920433,-0.281755672815728,-0.282321830054182,-0.282824635144225,-0.283263348542458,-0.283637643057015,-0.28394757400804,-0.284193546972599,-0.284376283972096,-0.28449678893132,-0.284556313164927,-0.28455632154531,-0.284498459889471,-0.28438452398336,-0.284216430548672,-0.283996190355005,-0.283725883592577,-0.283407637548512,-0.283043606572644,-0.28263595427539,-0.282186837868805,-0.281698394540254,-0.281172729734316,-0.280611907210689,-0.280017940742491,-0.279392787319213,-0.278738341720647,-0.278056432331758,-0.277348818073098,-0.276617186326711,-0.275863151743202,-0.27508825582179,-0.274293967161388,-0.273481682287269,-0.272652726964366,-0.271808357914961,-0.270949764865108,-0.270078072850835,-0.269194344721719,-0.26829958378592,-0.267394736547041,-0.266480695489288,-0.265558301873191,-0.264628348509679,-0.263691582485467,-0.262748707817471,-0.261800388018417,-0.260847248559752,-0.259889879221594,-0.258928836322604,-0.25796464482548,-0.256997800316135,-0.256028770856728,-0.25505799871434,-0.254085901968572,-0.25311287600237,-0.252139294881307,-0.251165512627115,-0.250191864391751,-0.249218667538479,-0.2482462226366,-0.247274814376422,-0.246304712410959,-0.245336172130644,-0.244369435377083,-0.243404731101564,-0.242442275973699,-0.241482274945217,-0.240524921773528,-0.239570399509337,-0.238618880952177,-0.237670529077387,-0.236725497437701,-0.235783930542292,-0.234845964215774,-0.233911725939408,-0.232981335176462,-0.232054903683432,-0.231132535808601,-0.23021432877923,-0.229300372978454,-0.228390752212826,-0.227485543971287,-0.226584819676222,-0.225688644927145,-0.224797079737465,-0.223910178764702,-0.223027991534441,-0.222150562658276,-0.221277932045918,-0.220410135111628,-0.219547202975081,-0.218689162656762,-0.217836037267954,-0.216987846195371,-0.216144605280503,-0.21530632699368,-0.214473020602908,-0.213644692337512,-0.212821345546597,-0.212002980852396,-0.211189596298509,-0.210381187493101,-0.209577747747097,-0.208779268207425,-0.207985737985372,-0.207197144280121,-0.206413472497529,-0.205634706364228,-0.204860828037138,-0.204091818208465,-0.203327656206283,-0.202568320090801,-0.201813786746402,-0.201064031969561,-0.200319030552755,-0.199578756364462,-0.198843182425368,-0.198112280980882,-0.197386023570083,-0.196664381091208,-0.195947323863792,-0.19523482168757,-0.194526843898266,-0.193823359420371,-0.193124336817024,-0.192429744337105,-0.191739549959648,-0.191053721435692,-0.190372226327651,-0.189695032046335,-0.189022105885695,-0.188353415055414,-0.187688926711427,-0.187028607984461,-0.1863724260067,-0.185720347936651,-0.185072340982296,-0.184428372422629,-0.183788409627637,-0.183152420076816,-0.182520371376294,-0.181892231274637,-0.181267967677396,-0.180647548660472,-0.180030942482366,-0.179418117595364,-0.178809042655726,-0.178203686532932,-0.177602018318041,-0.177004007331208,-0.176409623128425,-0.175818835507514,-0.175231614513431,-0.174647930442915,-0.174067753848532,-0.173491055542148,-0.172917806597864,-0.172347978354461,-0.171781542417372,-0.171218470660228,-0.170658735225998,-0.170102308527758,-0.169549163249112,-0.168999272344292,-0.168452609037959,-0.167909146824735,-0.16736885946848,-0.166831721001333,-0.16629770572255,-0.165766788197136,0,-0.257291034557347,-0.257555676146573,-0.257860185502853,-0.258226625137195,-0.258671124218368,-0.259202553564016,-0.259823312377699,-0.260530955931441,-0.261319765983056,-0.262181985669792,-0.263108699434653,-0.264090422080075,-0.265117478782407,-0.266180247857016,-0.267269318215848,-0.268375594284798,-0.269490367194053,-0.270605362748227,-0.271712772553338,-0.272805272926277,-0.273876035450908,-0.274918732465287,-0.275927540041141,-0.276897140129783,-0.277822722620774,-0.278699987240328,-0.2795251446178,-0.280294915521085,-0.2810065271971,-0.281657705901837,-0.282246664994138,-0.282772088323974,-0.283233109004842,-0.283629283973454,-0.28396056497921,-0.284227266799895,-0.284430033550524,-0.284569803950812,-0.284647776359474,-0.284665374288123,-0.284624212990582,-0.28452606759878,-0.284372843154856,-0.284166546777893,-0.283909262107128,-0.283603126083364,-0.283250308066642,-0.282852991239768,-0.282413356212037,-0.281933566713334,-0.281415757253339,-0.280862022611822,-0.280274409022293,-0.279654906910952,-0.279005445055082,-0.278327886028714,-0.277624022808166,-0.276895576415402,-0.276144194482939,-0.275371450630019,-0.274578844545971,-0.273767802682973,-0.272939679466854,-0.272095758941093,-0.271237256765686,-0.270365322499174,-0.269481042098643,-0.268585440579016,-0.267679484779305,-0.266764086189683,-0.265840103799181,-0.264908346929506,-0.26396957802581,-0.263024515380249,-0.262073835768798,-0.261118176985956,-0.260158140265848,-0.259194292581541,-0.258227168817446,-0.257257273812203,-0.256285084271719,-0.25531105055383,-0.254335598327628,-0.253359130111694,-0.252382026696436,-0.251404648456454,-0.250427336559319,-0.249450414077477,-0.248474187010138,-0.247498945222003,-0.246524963305597,-0.245552501373788,-0.244581805788786,-0.243613109833645,-0.242646634331898,-0.241682588220598,-0.240721169081652,-0.239762563635923,-0.238806948204195,-0.237854489138699,-0.236905343228547,-0.235959658082046,-0.235017572488555,-0.234079216762206,-0.233144713069566,-0.232214175743011,-0.231287711581366,-0.230365420139148,-0.22944739400554,-0.228533719074072,-0.2276244748038,-0.226719734472675,-0.225819565423649,-0.224924029303973,-0.224033182298066,-0.223147075354226,-0.222265754405447,-0.221389260584491,-0.220517630433371,-0.219650896107352,-0.218789085573535,-0.217932222804087,-0.217080327964164,-0.216233417594555,-0.215391504789064,-0.214554599366671,-0.213722708038469,-0.212895834569417,-0.212073979934926,-0.211257142472309,-0.210445318027129,-0.209638500094484,-0.208836679955275,-0.20803984680752,-0.207247987892757,-0.206461088617614,-0.205679132670618,-0.204902102134319,-0.204129977592808,-0.203362738234736,-0.202600361951903,-0.201842825433537,-0.20109010425636,-0.200342172970539,-0.199599005181636,-0.19886057362867,-0.198126850258404,-0.197397806295959,-0.196673412311891,-0.195953638285827,-0.195238453666783,-0.194527827430282,-0.193821728132387,-0.193120123960753,-0.192422982782825,-0.191730272191279,-0.191041959546832,-0.190358012018509,-0.189678396621493,-0.189003080252644,-0.188332029723803,-0.18766521179297,-0.187002593193452,-0.186344140661086,-0.18568982095961,-0.185039600904294,-0.184393447383885,-0.183751327380983,-0.183113207990902,-0.182479056439106,-0.181848840097291,-0.181222526498181,-0.180600083349118,-0.179981478544497,-0.17936668017712,-0.178755656548533,-0.178148376178387,-0.177544807812902,-0.176944920432469,-0.17634868325845,-0.175756065759225,-0.175167037655525,-0.174581568925111,-0.173999629806816,-0.173421190804019,-0.17284622268757,-0.172274696498204,-0.171706583548488,-0.171141855424323,-0.170580483986045,-0.170022441369133,-0.169467699984574,-0.168916232518904,-0.16836801193394,-0.167823011466238,-0.167281204626299,-0.166742565197534,-0.166207067235017,-0.165674685064043,-0.165145393278503,0,-0.25761131665705,-0.257866011029903,-0.258176207241396,-0.258562786705355,-0.259039318805433,-0.259611209697161,-0.26027741207109,-0.261032509747243,-0.261868417094996,-0.262775586070947,-0.263743797880215,-0.264762652537599,-0.265821860676769,-0.266911416317352,-0.268021701428964,-0.269143551118774,-0.270268294335262,-0.271387777763757,-0.272494377593718,-0.273581002862219,-0.274641093696402,-0.275668617298357,-0.276658063758315,-0.277604442838493,-0.278503281926726,-0.279350624585798,-0.280143028624344,-0.280877562415559,-0.281551798257117,-0.28216380182883,-0.282712117179609,-0.283195747083131,-0.283614128979773,-0.283967107029381,-0.284254901014745,-0.284478072955979,-0.284637492330508,-0.284734300758605,-0.284769876929777,-0.284745802430084,-0.28466382900129,-0.284525847632932,-0.284333859767232,-0.284089950790138,-0.283796265892483,-0.283454988313836,-0.283068319927031,-0.28263846408168,-0.282167610597673,-0.281657922782344,-0.281111526335209,-0.280530499999977,-0.279916867823197,-0.279272592881221,-0.278599572341061,-0.277899633725684,-0.277174532259767,-0.276425949177771,-0.275655490882144,-0.274864688845583,-0.274055000157444,-0.27322780862064,-0.272384426311728,-0.271526095523281,-0.270653991014119,-0.269769222499454,-0.268872837319462,-0.26796582323122,-0.267049111275148,-0.266123578673218,-0.265190051722,-0.264249308649133,-0.263302082407052,-0.262349063382591,-0.261390902005542,-0.260428211243266,-0.259461568972075,-0.258491520219266,-0.257518579272512,-0.256543231655678,-0.25556593597216,-0.254587125618519,-0.253607210372524,-0.252626577860796,-0.25164559491202,-0.250664608802265,-0.24968394839932,-0.248703925213143,-0.247724834359541,-0.246746955444153,-0.24577055337359,-0.244795879100364,-0.243823170307884,-0.242852652041476,-0.241884537290949,-0.240919027529862,-0.239956313216204,-0.238996574258801,-0.238039980453355,-0.23708669189163,-0.23613685934692,-0.235190624638602,-0.234248120978223,-0.23330947329928,-0.232374798572575,-0.231444206108758,-0.230517797849461,-0.229595668648187,-0.228677906541977,-0.227764593014673,-0.22685580325248,-0.22595160639239,-0.225052065763935,-0.224157239124628,-0.2232671788894,-0.222381932354232,-0.221501541914185,-0.220626045275929,-0.219755475664874,-0.218889862026973,-0.218029229225222,-0.21717359823091,-0.216322986309611,-0.21547740720195,-0.214636871299134,-0.21380138581327,-0.212970954942471,-0.212145580030769,-0.211325259722845,-0.21050999011361,-0.209699764892673,-0.208894575483714,-0.20809441117883,-0.207299259267904,-0.206509105163044,-0.205723932518178,-0.204943723343872,-0.204168458117451,-0.203398115888519,-0.202632674379956,-0.20187211008451,-0.201116398357063,-0.200365513502702,-0.199619428860678,-0.198878116884391,-0.198141549217489,-0.19740969676622,-0.196682529768137,-0.195960017857283,-0.195242130125969,-0.194528835183265,-0.193820101210322,-0.193115896012642,-0.192416187069403,-0.191720941579967,-0.191030126507676,-0.190343708621047,-0.189661654532469,-0.188983930734526,-0.188310503634028,-0.18764133958387,-0.186976404912805,-0.186315665953237,-0.185659089067122,-0.185006640670066,-0.18435828725372,-0.18371399540654,-0.183073731833006,-0.182437463371378,-0.181805157010064,-0.181176779902668,-0.180552299381806,-0.179931682971735,-0.179314898399879,-0.178701913607306,-0.17809269675822,-0.177487216248523,-0.176885440713497,-0.176287339034677,-0.175692880345936,-0.175102034038864,-0.174514769767451,-0.17393105745215,-0.173350867283338,-0.172774169724224,-0.172200935513242,-0.171631135665964,-0.171064741476558,-0.170501724518837,-0.169942056646915,-0.169385709995515,-0.168832656979936,-0.168282870295716,-0.167736322918024,-0.167192988100778,-0.166652839375536,-0.166115850550166,-0.165581995707316,-0.165051249202709,-0.164523585663263,0,-0.257899667443887,-0.258154375509248,-0.258480240285941,-0.258896655870258,-0.259413761325086,-0.260032992112819,-0.260749706586578,-0.261555595661399,-0.262440399750311,-0.263393015406623,-0.264402157223939,-0.265456727740027,-0.266546013897609,-0.267659789396388,-0.268788368635226,-0.269922635032139,-0.271054053890513,-0.272174674521854,-0.273277124711642,-0.27435460042569,-0.275400853583029,-0.276410180274918,-0.277377410983328,-0.278297903352748,-0.279167537134422,-0.279982710227503,-0.280740334369626,-0.281437828977477,-0.282073111844816,-0.282644585780875,-0.283151120722441,-0.283592031298372,-0.283967050208509,-0.28427629806703,-0.284520250542141,-0.284699703704947,-0.284815738496266,-0.284869685152088,-0.284863088318348,-0.284797673453504,-0.284675314979435,-0.284498006509287,-0.284267833362902,-0.283986947480544,-0.28365754476504,-0.283281844820645,-0.282862073011738,-0.282400444733504,-0.281899151767009,-0.281360350580109,-0.280786152430837,-0.280178615129633,-0.279539736319247,-0.27887144813543,-0.278175613116784,-0.277454021237884,-0.276708387945725,-0.275940353085584,-0.275151480608394,-0.274343258957795,-0.273517102041089,-0.272674350694503,-0.271816274559398,-0.270944074292353,-0.270058884038467,-0.269161774103612,-0.268253753767727,-0.267335774187593,-0.266408731343651,-0.265473468991406,-0.264530781583665,-0.263581417135243,-0.262626080006841,-0.261665433589427,-0.260700102874743,-0.259730676901389,-0.258757711069317,-0.257781729318618,-0.256803226171021,-0.25582266863474,-0.254840497975137,-0.25385713135515,-0.252872963350608,-0.251888367346468,-0.250903696820636,-0.249919286522461,-0.248935453553257,-0.247952498356235,-0.246970705623222,-0.245990345125338,-0.24501167247456,-0.244034929822802,-0.243060346504723,-0.242088139630127,-0.241118514631347,-0.240151665770605,-0.239187776611881,-0.238227020461415,-0.23726956078056,-0.236315551574267,-0.235365137758182,-0.234418455506909,-0.23347563258573,-0.232536788667746,-0.231602035638131,-0.230671477886966,-0.229745212591879,-0.228823329991527,-0.227905913650801,-0.226993040718444,-0.226084782177688,-0.225181203090355,-0.224282362834806,-0.223388315338025,-0.222499109302046,-0.221614788424891,-0.220735391616146,-0.219860953207223,-0.218991503156393,-0.218127067248592,-0.217267667290024,-0.216413321297561,-0.215564043682938,-0.214719845431729,-0.213880734277109,-0.213046714868389,-0.212217788934328,-0.211393955441237,-0.210575210745879,-0.209761548743188,-0.208952961008848,-0.208149436936764,-0.207350963871467,-0.206557527235517,-0.205769110651974,-0.204985696061985,-0.204207263837593,-0.203433792889835,-0.202665260772231,-0.201901643779746,-0.201142917043348,-0.200389054620254,-0.199640029579968,-0.198895814086243,-0.198156379475068,-0.197421696328794,-0.196691734546534,-0.195966463410942,-0.195245851651497,-0.194529867504413,-0.193818478769289,-0.193111652862633,-0.192409356868356,-0.191711557585375,-0.191018221572431,-0.190329315190225,-0.189644804641012,-0.188964656005728,-0.188288835278784,-0.187617308400622,-0.186950041288129,-0.186286999863016,-0.185628150078264,-0.184973457942707,-0.184322889543877,-0.183676411069166,-0.183033988825412,-0.182395589256978,-0.181761178962417,-0.181130724709775,-0.180504193450637,-0.179881552332955,-0.179262768712745,-0.178647810164715,-0.178036644491881,-0.177429239734228,-0.17682556417648,-0.176225586355033,-0.175629275064097,-0.175036599361092,-0.174447528571364,-0.173862032292243,-0.173280080396503,-0.172701643035245,-0.172126690640273,-0.171555193925955,-0.17098712389065,-0.170422451817699,-0.169861149276022,-0.169303188120364,-0.168748540491187,-0.168197178814273,-0.167649075800022,-0.167104204442498,-0.166562538018239,-0.166024050084835,-0.165488714479313,-0.164956505316342,-0.164427396986268,-0.163901364152998,0,-0.258162097479335,-0.258426953827975,-0.25877882786361,-0.259234720486138,-0.259800466108489,-0.260473145871803,-0.261244515721508,-0.262103563495504,-0.263038124505818,-0.264035820591484,-0.265084559036763,-0.266172770375436,-0.267289508246174,-0.268424484799072,-0.269568078584918,-0.270711330136906,-0.271845930349918,-0.272964203564128,-0.274059087097072,-0.275124109480745,-0.276153369784319,-0.27714151990987,-0.278083750824138,-0.278975782644219,-0.27981385760027,-0.280594734317823,-0.281315681646382,-0.281974470372137,-0.282569361501431,-0.283099090281445,-0.283562845636144,-0.283960245162271,-0.284291306203043,-0.284556413774069,-0.284756286255951,-0.284891939805032,-0.284964652389818,-0.28497592826056,-0.284927463526726,-0.284821113371548,-0.284658861289576,-0.28444279060248,-0.284175058396089,-0.283857871930328,-0.283493467503091,-0.283084091697307,-0.282631984904892,-0.282139366998617,-0.281608425010357,-0.281041302668772,-0.280440091649146,-0.279806824390916,-0.279143468343186,-0.27845192150421,-0.277734009126998,-0.276991481469363,-0.276226012472874,-0.275439199261221,-0.274632562354405,-0.273807546501107,-0.272965522037524,-0.272107786686991,-0.271235567720833,-0.270350024407101,-0.269452250680164,-0.268543277970436,-0.267624078139851,-0.266695566474904,-0.265758604695157,-0.264814003940969,-0.263862527709789,-0.262904894715616,-0.261941781651108,-0.260973825836341,-0.260001627742259,-0.259025753380527,-0.258046736554713,-0.257065080970499,-0.256081262205016,-0.25509572953742,-0.254108907644416,-0.253121198165792,-0.252132981146003,-0.251144616358585,-0.250156444520681,-0.249168788405261,-0.248181953858713,-0.247196230731486,-0.246211893729273,-0.245229203192022,-0.244248405807695,-0.243269735267353,-0.242293412867705,-0.241319648066825,-0.240348638998299,-0.239380572948586,-0.238415626801941,-0.237453967456827,-0.236495752217293,-0.235541129162425,-0.234590237496608,-0.233643207882975,-0.232700162762117,-0.23176121665785,-0.230826476471542,-0.229896041766303,-0.228970005042121,-0.228048452002824,-0.227131461815628,-0.226219107363842,-0.22531145549322,-0.224408567252325,-0.22351049812719,-0.222617298270481,-0.221729012725326,-0.220845681643897,-0.219967340500817,-0.219094020301428,-0.218225747784928,-0.217362545622362,-0.216504432609482,-0.215651423854419,-0.214803530960173,-0.213960762201887,-0.213123122698885,-0.212290614581473,-0.211463237152492,-0.210640987043618,-0.20982385836644,-0.209011842858321,-0.208204930023081,-0.207403107266539,-0.206606360026969,-0.205814671900519,-0.205028024761673,-0.204246398878823,-0.20346977302503,-0.202698124584075,-0.201931429651885,-0.201169663133447,-0.200412798835294,-0.199660809553702,-0.198913667158691,-0.198171342673949,-0.197433806352809,-0.196701027750385,-0.195972975792003,-0.195249618838038,-0.194530924745286,-0.193816860924991,-0.193107394397657,-0.192402491844752,-0.191702119657437,-0.191006243982433,-0.190314830765146,-0.189627845790157,-0.188945254719201,-0.188267023126737,-0.187593116533218,-0.186923500436168,-0.186258140339169,-0.185597001778852,-0.184940050349997,-0.184287251728823,-0.183638571694572,-0.182993976149468,-0.18235343113713,-0.181716902859532,-0.181084357692576,-0.180455762200366,-0.179831083148243,-0.179210287514655,-0.178593342501936,-0.177980215546047,-0.177370874325341,-0.176765286768419,-0.176163421061123,-0.175565245652725,-0.174970729261361,-0.174379840878755,-0.173792549774286,-0.173208825498431,-0.17262863788564,-0.172051957056667,-0.171478753420404,-0.170908997675253,-0.17034266081006,-0.16977971410466,-0.169220129130044,-0.16866387774819,-0.168110932111574,-0.167561264662404,-0.167014848131572,-0.166471655537375,-0.165931660184013,-0.165394835659876,-0.164861155835657,-0.164330594862295,-0.163803127168766,-0.163278727459739,0,-0.258405029675533,-0.258690315028621,-0.259078770198083,-0.259583520508963,-0.260205282390204,-0.260936573730443,-0.261765696190052,-0.262679232973968,-0.26366344853977,-0.264705004092414,-0.265791271267133,-0.266910434055841,-0.268051496684147,-0.269204259029485,-0.270359284861674,-0.27150786970871,-0.272642008546804,-0.273754362850257,-0.274838227763451,-0.275887501198743,-0.276896656836273,-0.277860722381194,-0.278775263393528,-0.279636371937593,-0.280440658481929,-0.28118524505115,-0.281867757596089,-0.282486315832173,-0.283039519282624,-0.283526428833718,-0.283946543664208,-0.284299773880599,-0.284586409536862,-0.284807086931067,-0.284962753162418,-0.285054629922153,-0.285084177408281,-0.285053059124409,-0.284963108171097,-0.284816295483195,-0.284614700321827,-0.284360483203307,-0.284055861343218,-0.283703086612691,-0.28330442594412,-0.282862144082199,-0.282378488549915,-0.281855676684445,-0.281295884591719,-0.28070123786799,-0.280073803940012,-0.279415585880774,-0.278728517564118,-0.27801446002824,-0.27727519892468,-0.276512442935772,-0.275727823049613,-0.274922892587488,-0.274099127884437,-0.273257929529381,-0.272400624077014,-0.271528466149524,-0.270642640852268,-0.269744266433622,-0.268834397125502,-0.267914026107286,-0.266984088542147,-0.266045464640943,-0.265098982714811,-0.264145422183367,-0.263185516510878,-0.262219956047892,-0.26124939076054,-0.260274432834056,-0.259295659140935,-0.25831361356761,-0.257328809196533,-0.256341730343134,-0.255352834449339,-0.254362553837089,-0.253371297326793,-0.252379451726744,-0.251387383200383,-0.250395438518861,-0.249403946206721,-0.248413217588671,-0.24742354774543,-0.246435216386498,-0.245448488647466,-0.244463615819147,-0.243480836015433,-0.242500374786371,-0.241522445682447,-0.240547250775643,-0.239574981142324,-0.238605817312543,-0.237639929689909,-0.236677478945703,-0.235718616390507,-0.234763484326251,-0.233812216381167,-0.232864937829852,-0.231921765900301,-0.230982810069518,-0.230048172349047,-0.229117947561546,-0.228192223609351,-0.227271081735766,-0.226354596779713,-0.225442837424203,-0.224535866439014,-0.223633740917847,-0.222736512510172,-0.221844227647888,-0.220956927766902,-0.220074649523667,-0.21919742500669,-0.218325281943015,-0.217458243899657,-0.216596330479941,-0.215739557514722,-0.21488793724845,-0.214041478520021,-0.213200186938405,-0.212364065053009,-0.211533112518768,-0.210707326255941,-0.209886700604629,-0.209071227474014,-0.208260896486353,-0.207455695115744,-0.206655608821726,-0.205860621177748,-0.205070713994584,-0.204285867438758,-0.203506060146059,-0.202731269330233,-0.201961470886955,-0.201196639493167,-0.200436748701894,-0.199681771032658,-0.198931678057584,-0.198186440483339,-0.197446028229002,-0.19671041050001,-0.195979555858282,-0.195253432288666,-0.194532007261819,-0.193815247793659,-0.193103120501497,-0.192395591656999,-0.191692627236071,-0.190994192965814,-0.190300254368655,-0.189610776803778,-0.188925725505969,-0.188245065621983,-0.187568762244561,-0.18689678044418,-0.186229085298664,-0.185565641920744,-0.184906415483675,-0.184251371244997,-0.183600474568546,-0.182953690944791,-0.182310986009593,-0.181672325561468,-0.181037675577434,-0.180407002227519,-0.179780271888001,-0.179157451153463,-0.178538506847719,-0.17792340603368,-0.177312116022232,-0.176704604380167,-0.176100838937244,-0.175500787792424,-0.174904419319333,-0.174311702171002,-0.173722605283932,-0.173137097881529,-0.172555149476955,-0.171976729875424,-0.171401809175994,-0.170830357772889,-0.170262346356377,-0.169697745913244,-0.169136527726893,-0.168578663377103,-0.168024124739453,-0.167472883984474,-0.166924913576516,-0.166380186272376,-0.1658386751197,-0.165300353455183,-0.164765194902581,-0.164233173370557,-0.163704263050373,-0.163178438413455,-0.162655674208827,0,-0.258634957575066,-0.258951383120816,-0.259387058168613,-0.259949542729185,-0.260633779288444,-0.261427732628259,-0.262316560026356,-0.263284836905223,-0.264317642154394,-0.26540101025351,-0.266522050283876,-0.267668917149753,-0.268830737535968,-0.269997535125266,-0.271160166852716,-0.27231026856554,-0.27344020601846,-0.27454302901976,-0.275612428928958,-0.276642701034734,-0.277628713399935,-0.278565882943259,-0.279450158370545,-0.280278008513177,-0.281046413938844,-0.281752859457378,-0.282395325309655,-0.282972275285783,-0.283482640632308,-0.283925799250947,-0.284301550268221,-0.284610084508407,-0.284851951707564,-0.28502802546711,-0.28513946698198,-0.285187688520198,-0.285174317509308,-0.285101161929242,-0.284970177544635,-0.284783437349402,-0.284543103453876,-0.284251401525722,-0.283910597802011,-0.283522978620127,-0.283090832366718,-0.282616433712959,-0.282102029987097,-0.28154982952788,-0.280961991861935,-0.280340619551916,-0.279687751568364,-0.279005358045469,-0.278295336288337,-0.277559507906561,-0.276799616955654,-0.276017328974121,-0.275214230809886,-0.274391831135344,-0.273551561555861,-0.272694778222025,-0.271822763861567,-0.27093673015264,-0.270037820366063,-0.269127112210226,-0.268205620818521,-0.267274301825426,-0.266334054483552,-0.265385724780045,-0.264430108516702,-0.263467954323745,-0.262499966582608,-0.261526808238029,-0.260549103484317,-0.259567440314811,-0.258582372927254,-0.257594423981022,-0.256604086704995,-0.255611826857218,-0.254618084539481,-0.253623275871572,-0.252627794531184,-0.251632013166449,-0.250636284688699,-0.249640943453514,-0.248646306338319,-0.247652673724841,-0.246660330394624,-0.245669546345587,-0.244680577537266,-0.243693666572021,-0.242709043319031,-0.241726925487413,-0.240747519154341,-0.23977101925349,-0.238797610028696,-0.237827465457166,-0.236860749646171,-0.235897617206669,-0.234938213606898,-0.233982675508603,-0.2330311310882,-0.232083700344832,-0.231140495397017,-0.230201620769282,-0.229267173669976,-0.228337244261212,-0.227411915921744,-0.226491265503382,-0.225575363581457,-0.224664274699694,-0.223758057609772,-0.222856765505774,-0.221960446253633,-0.221069142615676,-0.220182892470267,-0.219301729026571,-0.218425681034399,-0.217554772989096,-0.216689025331429,-0.215828454642397,-0.214973073832927,-0.21412289232839,-0.213277916247881,-0.212438148578239,-0.21160358934276,-0.210774235764579,-0.209950082424726,-0.209131121414841,-0.208317342484565,-0.207508733183637,-0.206705278998728,-0.205906963485058,-0.205113768392854,-0.204325673788723,-0.203542658172006,-0.202764698586203,-0.201991770725565,-0.201223849036943,-0.20046090681701,-0.199702916304962,-0.198949848770805,-0.198201674599365,-0.19745836337013,-0.196719883933047,-0.195986204480411,-0.195257292614964,-0.194533115414342,-0.193813639491981,-0.193098831054638,-0.192388655956624,-0.1916830797509,-0.190982067737146,-0.190285585006935,-0.189593596486127,-0.188906066974607,-0.188222961183486,-0.187544243769864,-0.186869879369292,-0.186199832626017,-0.185534068221127,-0.184872550898698,-0.184215245490043,-0.183562116936156,-0.182913130308438,-0.182268250827811,-0.181627443882293,-0.180990675043118,-0.180357910079489,-0.179729114972026,-0.179104255925006,-0.178483299377438,-0.177866212013065,-0.177252960769337,-0.176643512845434,-0.17603783570939,-0.175435897104368,-0.174837665054156,-0.174243107867918,-0.173652194144258,-0.173064892774643,-0.172481172946224,-0.1719010041441,-0.171324356153064,-0.170751199058868,-0.17018150324904,-0.169615239413291,-0.169052378543543,-0.168492891933595,-0.167936751178484,-0.167383928173526,-0.166834395113108,-0.166288124489216,-0.16574508908974,-0.165205261996576,-0.16466861658354,-0.16413512651411,-0.163604765739023,-0.16307750849373,-0.162553329295737,-0.162032202941829,0,-0.258858159449766,-0.259217395760387,-0.259710783466608,-0.26033909689419,-0.261091122729061,-0.261950531443388,-0.26289980042466,-0.263921975001305,-0.265001366897586,-0.266123722784999,-0.267276152832213,-0.268446984928186,-0.269625623329213,-0.270802435427987,-0.271968664299641,-0.273116357750964,-0.274238306586814,-0.275327988981589,-0.276379521019297,-0.277387614792118,-0.278347545234125,-0.279255125805879,-0.280106691893805,-0.280899089795012,-0.281629668638178,-0.282296272568313,-0.282897230900874,-0.28343134457782,-0.28389786798063,-0.284296485846759,-0.28462728561149,-0.284890725913641,-0.285087602253207,-0.285219010887902,-0.285286312034489,-0.285291093334919,-0.285235134391256,-0.285120372995863,-0.284948873506809,-0.284722797657533,-0.284444377953205,-0.284115893697134,-0.283739649608771,-0.283317956937447,-0.282853116939132,-0.282347406562702,-0.28180306618321,-0.281222289218879,-0.280607213472763,-0.279959914047179,-0.279282397687262,-0.278576598418469,-0.27784437435084,-0.277087505530147,-0.276307692722615,-0.275506557025893,-0.274685640204477,-0.273846405653063,-0.272990239896537,-0.27211845454061,-0.271232288592528,-0.270332911076985,-0.26942142387819,-0.26849886474512,-0.267566210403142,-0.266624379721393,-0.265674236891478,-0.26471659457911,-0.263752217016114,-0.262781823005821,-0.261806088820082,-0.260825650970933,-0.259841108844398,-0.258853027187828,-0.257861938445693,-0.256868344941796,-0.255872720908449,-0.254875514365375,-0.25387714885281,-0.252878025024766,-0.251878522109418,-0.250878999244394,-0.249879796695251,-0.248881236965681,-0.247883625808098,-0.246887253143174,-0.245892393896668,-0.244899308761615,-0.243908244893495,-0.242919436545598,-0.241933105651282,-0.240949462359308,-0.239968705527917,-0.238991023182785,-0.238016592943486,-0.237045582422588,-0.23607814960105,-0.235114443183135,-0.234154602933649,-0.233198759999925,-0.232247037220644,-0.231299549423251,-0.230356403711441,-0.229417699743966,-0.228483530005746,-0.22755398007212,-0.226629128866863,-0.225709048914484,-0.224793806587164,-0.223883462346619,-0.22297807098106,-0.222077681837378,-0.221182339048596,-0.220292081756608,-0.219406944330188,-0.218526956578209,-0.217652143958025,-0.216782527778931,-0.215918125400624,-0.215058950426601,-0.214205012892396,-0.213356319448607,-0.212512873538648,-0.211674675571176,-0.210841723087159,-0.210014010921562,-0.209191531359633,-0.2083742742878,-0.207562227339195,-0.206755376033819,-0.205953703913405,-0.205157192671024,-0.204365822275489,-0.20357957109065,-0.202798415989633,-0.202022332464147,-0.201251294728922,-0.200485275821419,-0.199724247696891,-0.198968181318931,-0.198217046745616,-0.197470813211386,-0.196729449204761,-0.195992922542043,-0.195261200437134,-0.194534249567587,-0.193812036137034,-0.193094525934113,-0.192381684388044,-0.191673476620948,-0.190969867497082,-0.190270821669082,-0.18957630362135,-0.18888627771072,-0.1882007082045,-0.187519559316026,-0.186842795237839,-0.18617038017259,-0.185502278361783,-0.184838454112475,-0.184178871822013,-0.183523496000927,-0.182872291294063,-0.182225222500051,-0.181582254589199,-0.180943352719896,-0.180308482253615,-0.17967760876857,-0.179050698072147,-0.178427716212127,-0.177808629486824,-0.177193404454163,-0.176582007939784,-0.175974407044232,-0.175370569149275,-0.174770461923425,-0.174174053326705,-0.173581311614704,-0.172992205341987,-0.172406703364886,-0.171824774843725,-0.171246389244518,-0.170671516340175,-0.170100126211255,-0.169532189246302,-0.168967676141788,-0.168406557901706,-0.167848805836833,-0.167294391563687,-0.166743287003219,-0.166195464379242,-0.16565089621664,-0.165109555339367,-0.164571414868252,-0.164036448218646,-0.163504629097906,-0.162975931502748,-0.162450329716483,-0.161927798306136,-0.161408312119486,0,-0.259081606208865,-0.25949586345056,-0.260057021744572,-0.260758174904643,-0.26158194852643,-0.262508234384634,-0.263517428517022,-0.26459158069815,-0.265714666609742,-0.266872473887938,-0.268052357787025,-0.26924299953366,-0.270434215570098,-0.271616818588538,-0.272782514608646,-0.273923820732724,-0.275033994436135,-0.276106971196071,-0.277137310755147,-0.278120153340441,-0.279051186541739,-0.279926622233177,-0.280743181620508,-0.281498085625729,-0.282189047522075,-0.282814264955694,-0.283372409083414,-0.28386260933751,-0.284284433135266,-0.28463786056401,-0.284923254621555,-0.285141327952947,-0.285293107205639,-0.285379896156267,-0.285403238682297,-0.285364882500915,-0.285266744411302,-0.285110877582743,-0.28489944124966,-0.284634673017584,-0.284318863856747,-0.28395433576331,-0.28354342199975,-0.283088449781427,-0.282591725250927,-0.28205552057062,-0.281482062962429,-0.280873525528657,-0.280232019695935,-0.279559589133967,-0.27885820501051,-0.27812976245308,-0.277376078096014,-0.276598888598569,-0.27579985002595,-0.274980537990656,-0.27414244845666,-0.273286999113839,-0.272415531235022,-0.271529311933095,-0.27062953674096,-0.269717332442678,-0.268793760090027,-0.267859818144704,-0.266916445692577,-0.265964525682606,-0.265004888149182,-0.264038313382655,-0.263065535018561,-0.262087243021536,-0.261104086544999,-0.260116676652326,-0.259125588889512,-0.258131365703058,-0.257134518700096,-0.256135530750656,-0.255134857934305,-0.254132931335382,-0.253130158692644,-0.252126925910295,-0.251123598438324,-0.250120522530622,-0.249118026389739,-0.248116421207258,-0.247116002108728,-0.24611704901192,-0.245119827406839,-0.244124589065559,-0.243131572689459,-0.242141004500951,-0.241153098786224,-0.240168058395023,-0.239186075202877,-0.238207330540692,-0.237231995596082,-0.236260231790318,-0.235292191134301,-0.234328016566527,-0.233367842275614,-0.232411794009587,-0.231459989373772,-0.230512538118866,-0.229569542420465,-0.228631097151113,-0.227697290145702,-0.226768202460899,-0.225843908629099,-0.224924476907291,-0.224009969521093,-0.223100442904143,-0.222195947932929,-0.221296530157114,-0.220402230025337,-0.219513083106454,-0.218629120306145,-0.217750368078807,-0.216876848634631,-0.216008580141766,-0.215145576923472,-0.214287849650161,-0.213435405526244,-0.212588248471707,-0.211746379298344,-0.210909795880603,-0.210078493321006,-0.209252464110109,-0.208431698281006,-0.20761618355838,-0.20680590550211,-0.206000847645479,-0.205200991628021,-0.204406317323071,-0.203616802960077,-0.202832425241763,-0.20205315945623,-0.201278979584079,-0.200509858400683,-0.199745767573694,-0.198986677755922,-0.198232558673696,-0.197483379210835,-0.196739107488357,-0.195999710940058,-0.195265156384095,-0.194535410090707,-0.1938104378462,-0.193090205013348,-0.192374676588329,-0.191663817254332,-0.190957591431976,-0.190255963326665,-0.189558896972999,-0.188866356276388,-0.188178305051975,-0.187494707060993,-0.186815526044683,-0.186140725755871,-0.185470269988341,-0.184804122604084,-0.184142247558552,-0.183484608924005,-0.182831170911058,-0.182181897888514,-0.181536754401591,-0.180895705188607,-0.180258715196233,-0.179625749593379,-0.178996773783798,-0.178371753417481,-0.177750654400914,-0.177133442906272,-0.176520085379603,-0.175910548548076,-0.175304799426352,-0.17470280532212,-0.17410453384088,-0.173509952889989,-0.172919030682052,-0.172331735737683,-0.171748036887685,-0.171167903274699,-0.170591304354347,-0.170018209895914,-0.169448589982611,-0.168882415011436,-0.168319655692679,-0.167760283049088,-0.167204268414739,-0.166651583433621,-0.166102200057969,-0.165556090546362,-0.165013227461622,-0.164473583668509,-0.163937132331258,-0.163403846910958,-0.162873701162796,-0.162346669133178,-0.161822725156749,-0.161301843853317,-0.160784000124695,0,-0.259312976058971,-0.259794503046665,-0.260432686486016,-0.261212296800006,-0.262110236966872,-0.263103374720668,-0.264170724433392,-0.265293902946275,-0.266456972239639,-0.267646065053007,-0.268848997228084,-0.270054957008502,-0.271254284558528,-0.272438319882205,-0.273599292029636,-0.274730230300853,-0.275824887970332,-0.27687767604241,-0.277883607831614,-0.278838255604358,-0.279737719409705,-0.280578606672367,-0.281358019837338,-0.282073548676021,-0.28272326383217,-0.28330570867254,-0.283819887308395,-0.284265247566586,-0.284641658549934,-0.284949383130975,-0.285189046221459,-0.28536159994773,-0.285468286965129,-0.28551060310423,-0.285490260404356,-0.285409151398257,-0.285269315301187,-0.28507290655374,-0.284822165986996,-0.284519394729564,-0.284166930861213,-0.283767128735418,-0.283322340838897,-0.282834902024733,-0.282307115941321,-0.281741243477007,-0.281139493045535,-0.280504012546922,-0.279836882849588,-0.279140112650965,-0.278415634584268,-0.277665302448336,-0.276890889445253,-0.276094087317044,-0.275276506278359,-0.274439675647025,-0.273585045078981,-0.272713986318665,-0.271827795380598,-0.270927695082829,-0.27001483785815,-0.269090308774546,-0.2681551287022,-0.267210257570435,-0.266256597664154,-0.26529499691557,-0.264326252153139,-0.26335111227556,-0.262370281324418,-0.261384421434373,-0.260394155644755,-0.259400070560957,-0.258402718858032,-0.257402621622492,-0.256400270531377,-0.255396129870272,-0.254390638394151,-0.253384211036646,-0.252377240474722,-0.25137009855675,-0.250363137602681,-0.249356691585451,-0.248351077202942,-0.247346594849837,-0.246343529498531,-0.24534215149797,-0.244342717298912,-0.243345470113593,-0.242350640517296,-0.241358446998743,-0.240369096465646,-0.239382784711192,-0.23839969684666,-0.2374200077048,-0.236443882218097,-0.235471475775525,-0.234502934560949,-0.233538395875875,-0.232577988448876,-0.231621832733663,-0.230670041197427,-0.229722718600812,-0.228779962270628,-0.227841862366166,-0.22690850213981,-0.225979958192466,-0.225056300724182,-0.224137593780233,-0.223223895492813,-0.222315258318444,-0.221411729271105,-0.220513350151057,-0.219620157769306,-0.21873218416759,-0.217849456833813,-0.216971998912769,-0.216099829412059,-0.215232963403061,-0.214371412216852,-0.213515183634949,-0.212664282074802,-0.211818708769927,-0.210978461944631,-0.210143536983262,-0.209313926593957,-0.208489620966858,-0.20767060792679,-0.206856873080425,-0.206048399957937,-0.205245170149199,-0.20444716343457,-0.203654357910341,-0.202866730108905,-0.202084255113752,-0.201306906669364,-0.200534657286139,-0.199767478340426,-0.199005340169817,-0.198248212163789,-0.197496062849851,-0.196748859975308,-0.196006570584776,-0.195269161093596,-0.194536597357275,-0.193808844737086,-0.193085868161985,-0.192367632186954,-0.19165410104794,-0.190945238713496,-0.190241008933276,-0.189541375283513,-0.188846301209606,-0.188155750065944,-0.187469685153102,-0.18678806975251,-0.186110867158739,-0.185438040709498,-0.184769553813465,-0.184105369976067,-0.183445452823291,-0.182789766123655,-0.182138273808424,-0.181490939990159,-0.180847728979709,-0.180208605301711,-0.179573533708704,-0.178942479193921,-0.178315407002844,-0.177692282643596,-0.17707307189624,-0.176457740821045,-0.175846255765801,-0.175238583372222,-0.174634690581521,-0.174034544639181,-0.173438113099009,-0.172845363826494,-0.17225626500154,-0.171670785120598,-0.171088892998256,-0.17051055776832,-0.169935748884428,-0.169364436120221,-0.168796589569129,-0.168232179643776,-0.16767117707506,-0.167113552910912,-0.166559278514782,-0.166008325563865,-0.165460666047096,-0.164916272262928,-0.164375116816925,-0.163837172619185,-0.1633024128816,-0.162770811114996,-0.162242341126135,-0.161716977014628,-0.161194693169743,-0.16067546426714,-0.160159265265538,0,-0.2595608847874,-0.260121134025677,-0.260844353829653,-0.261706349441864,-0.262679195143524,-0.263737683590107,-0.26486020560001,-0.266028504395795,-0.267227120730884,-0.26844279911216,-0.269663996011082,-0.270880530372418,-0.272083353188746,-0.273264393818864,-0.274416447776734,-0.275533085351074,-0.276608572761428,-0.277637804712256,-0.278616249754977,-0.279539909504265,-0.280405291124885,-0.281209390780872,-0.28194968456155,-0.282624122981328,-0.283231125424168,-0.283769571658825,-0.284238788541962,-0.284638531038059,-0.284968957565245,-0.285230600340762,-0.28542433182338,-0.285551328549798,-0.285613033679932,-0.285611119453765,-0.285547450571374,-0.285424049281537,-0.285243062736089,-0.285006732959472,-0.284717369608099,-0.284377325557223,-0.283988975253276,-0.283554695702962,-0.283076849930875,-0.282557772718698,-0.281999758435017,-0.281405050770289,-0.280775834202334,-0.280114227030878,-0.279422275833007,-0.278701951203682,-0.27795514465614,-0.277183666565825,-0.276389245048709,-0.275573525670727,-0.274738071889961,-0.27388436613761,-0.273013811447897,-0.272127733551325,-0.271227383350114,-0.270313939699481,-0.269388512423626,-0.268452145500873,-0.267505820358295,-0.26655045922229,-0.265586928477795,-0.264616041995054,-0.263638564389004,-0.262655214182216,-0.261666666847979,-0.260673557715316,-0.25967648472254,-0.258676011010311,-0.257672667348973,-0.256666954398339,-0.255659344800938,-0.25465028511214,-0.253640197572529,-0.252629481729419,-0.251618515915588,-0.250607658594104,-0.249597249578651,-0.24858761113905,-0.247579049001683,-0.246571853254426,-0.245566299165419,-0.244562647924579,-0.243561147316334,-0.24256203233146,-0.241565525725363,-0.240571838529529,-0.23958117052225,-0.238593710664147,-0.237609637503411,-0.236629119555135,-0.23565231565856,-0.234679375315582,-0.233710439013389,-0.232745638533699,-0.231785097250652,-0.230828930419101,-0.229877245454725,-0.228930142207108,-0.227987713226705,-0.227050044026404,-0.226117213338217,-0.225189293365475,-0.224266350030802,-0.223348443219999,-0.222435627021922,-0.221527949964346,-0.220625455245772,-0.219728180963077,-0.218836160334893,-0.217949421920581,-0.217067989834648,-0.216191883956455,-0.215321120135075,-0.214455710389154,-0.213595663101644,-0.212740983209289,-0.211891672386764,-0.211047729225378,-0.210209149406262,-0.20937592586801,-0.208548048968714,-0.207725506642396,-0.206908284549821,-0.20609636622372,-0.205289733208441,-0.204488365194085,-0.203692240145182,-0.202901334423978,-0.202115622908411,-0.201335079104885,-0.200559675255922,-0.199789382442826,-0.199024170683456,-0.198264009025241,-0.19750886563357,-0.196758707875676,-0.196013502400165,-0.195273215212314,-0.194537811745292,-0.193807256927432,-0.193081515245706,-0.192360550805538,-0.191644327387097,-0.190932808498216,-0.19022595742406,-0.189523737273698,-0.188826111023699,-0.188133041558888,-0.187444491710396,-0.186760424291116,-0.186080802128702,-0.185405588096224,-0.184734745140592,-0.184068236308864,-0.183406024772554,-0.182748073850024,-0.182094347027092,-0.18144480797592,-0.180799420572307,-0.180158148911453,-0.179520957322296,-0.1788878103805,-0.178258672920172,-0.177633510044387,-0.177012287134592,-0.176394969858962,-0.175781524179768,-0.17517191635983,-0.174566112968099,-0.173964080884449,-0.173365787303707,-0.172771199738996,-0.17218028602442,-0.171593014317154,-0.171009353098973,-0.170429271177261,-0.169852737685551,-0.169279722083612,-0.168710194157141,-0.168144124017078,-0.167581482098575,-0.167022239159664,-0.166466366279626,-0.165913834857108,-0.165364616608005,-0.164818683563127,-0.164276008065672,-0.163736562768532,-0.163200320631444,-0.162667254918004,-0.162137339192558,-0.161610547316995,-0.161086853447445,-0.160566232030898,-0.160048657801757,-0.159534105778339,0,-0.259834364458587,-0.260483510471324,-0.261298061893068,-0.262244425889981,-0.263291153814418,-0.26441203833946,-0.265585614610565,-0.266794276723968,-0.268023387687322,-0.269260522663511,-0.270494918686783,-0.271717117533878,-0.272918743565897,-0.274092357983862,-0.275231350159779,-0.276329846768845,-0.277382632951769,-0.278385086133375,-0.279333124471141,-0.280223170598289,-0.28105212921339,-0.281817375278696,-0.282516748620821,-0.283148550639802,-0.283711539438179,-0.284204920697527,-0.284628332780459,-0.284981825608156,-0.285265833724785,-0.285481144553891,-0.285628863179525,-0.285710375085076,-0.285727308212112,-0.285681495519961,-0.285574938988074,-0.285409775749746,-0.285188246807619,-0.284912668576214,-0.284585407333113,-0.284208856539081,-0.283785416904917,-0.283317479032781,-0.282807408434982,-0.282257532726614,-0.281670130793793,-0.281047423751501,-0.280391567520322,-0.279704646867126,-0.278988670769303,-0.278245568974664,-0.277477189639397,-0.276685297934555,-0.27587157551788,-0.275037620772767,-0.274184949720353,-0.273314997514467,-0.272429120432892,-0.271528598282312,-0.270614637138643,-0.269688372349171,-0.268750871728176,-0.26780313888336,-0.266846116616381,-0.265880690346977,-0.264907691516482,-0.263927900932773,-0.262942052024826,-0.261950833980897,-0.260954894749877,-0.259954843890481,-0.258951255257565,-0.257944669519029,-0.25693559650041,-0.255924517357401,-0.254911886579174,-0.253898133827558,-0.252883665618842,-0.251868866856295,-0.250854102222458,-0.249839717440875,-0.248826040417301,-0.24781338227051,-0.24680203826275,-0.245792288639638,-0.244784399388883,-0.24377862292677,-0.242775198720748,-0.241774353855907,-0.240776303552455,-0.239781251640683,-0.238789390999297,-0.237800903962322,-0.236815962699235,-0.235834729572395,-0.234857357475312,-0.233883990154813,-0.232914762519706,-0.231949800938143,-0.230989223525497,-0.23003314042427,-0.229081654077228,-0.228134859494725,-0.227192844516951,-0.226255690071653,-0.225323470427703,-0.224396253444793,-0.223474100819362,-0.222557068326839,-0.221645206060157,-0.220738558664483,-0.219837165568026,-0.218941061208792,-0.218050275257116,-0.217164832833789,-0.216284754723618,-0.215410057584216,-0.214540754149887,-0.213676853430423,-0.212818360904685,-0.211965278708839,-0.211117605819143,-0.210275338229184,-0.209438469121525,-0.208606989033673,-0.207780886018373,-0.206960145798197,-0.206144751914439,-0.205334685870341,-0.204529927268682,-0.203730453943799,-0.202936242088085,-0.202147266373064,-0.201363500065125,-0.200584915136013,-0.199811482368198,-0.199043171455219,-0.19827995109716,-0.19752178909135,-0.196768652418452,-0.196020507324061,-0.195277319395962,-0.194539053637186,-0.193805674535011,-0.193077146126049,-0.192353432057573,-0.191634495645216,-0.190920299927202,-0.19021080771523,-0.189505981642174,-0.188805784206721,-0.188110177815082,-0.187419124819928,-0.186732587556653,-0.186050528377113,-0.185372909680946,-0.184699693944617,-0.184030843748269,-0.183366321800526,-0.182706090961336,-0.182050114262964,-0.181398354929242,-0.180750776393156,-0.180107342312887,-0.179468016586375,-0.178832763364501,-0.178201547062973,-0.177574332372981,-0.176951084270716,-0.176331768025799,-0.175716349208719,-0.175104793697315,-0.174497067682389,-0.173893137672488,-0.173292970497929,-0.17269653331411,-0.172103793604153,-0.171514719180942,-0.170929278188589,-0.17034743910337,-0.169769170734179,-0.169194442222534,-0.168623223042167,-0.168055482998244,-0.167491192226228,-0.166930321190432,-0.166372840682282,-0.165818721818318,-0.165267936037955,-0.164720455101036,-0.164176251085179,-0.16363529638297,-0.163097563698987,-0.162563026046692,-0.162031656745208,-0.16150342941599,-0.160978317979399,-0.160456296651207,-0.159937339939037,-0.159421422638743,-0.158908519830754,0,-0.260141506607072,-0.260889072228297,-0.261799092680295,-0.262829675148181,-0.263947485569983,-0.265126434176566,-0.26634592817175,-0.267589473083873,-0.268843532917906,-0.27009667756138,-0.271339022348338,-0.272561892667366,-0.273757625201831,-0.27491943703673,-0.276041323827058,-0.277117971684997,-0.278144680542697,-0.279117301504255,-0.280032190497435,-0.2808861782484,-0.281676554116547,-0.282401059609552,-0.283057886747158,-0.283645676742629,-0.284163515418616,-0.284610923027397,-0.284987837414548,-0.285294590552567,-0.285531879273744,-0.285700731525362,-0.285802469684303,-0.28583867246143,-0.285811136767387,-0.285721840666107,-0.285572908263959,-0.285366577110588,-0.28510516844713,-0.284791060441547,-0.284426664402881,-0.284014403863602,-0.283556696355414,-0.283055937670855,-0.282514488392544,-0.281934662476536,-0.281318717689812,-0.28066884771962,-0.279987175791015,-0.27927574964625,-0.278536537754589,-0.277771426633217,-0.276982219169322,-0.276170633840434,-0.275338304735399,-0.274486782282415,-0.273617534593944,-0.272731949341506,-0.271831336076703,-0.2709169289185,-0.269989889531056,-0.269051310321129,-0.268102217789444,-0.267143575976117,-0.266176289946385,-0.265201209269137,-0.264219131447145,-0.263230805264179,-0.262236934020272,-0.261238178632227,-0.260235160581876,-0.259228464699531,-0.258218641774609,-0.257206210989298,-0.256191662174606,-0.255175457891034,-0.254158035338502,-0.253139808102126,-0.252121167741904,-0.251102485235512,-0.250084112284124,-0.249066382491637,-0.248049612427842,-0.247034102586052,-0.246020138245447,-0.245007990248052,-0.243997915699742,-0.242990158604142,-0.241984950437624,-0.240982510672983,-0.239983047258667,-0.238986757059806,-0.237993826266581,-0.237004430774888,-0.236018736543615,-0.235036899932316,-0.234059068022507,-0.233085378925365,-0.232115962078155,-0.231150938531317,-0.230190421227793,-0.229234515275872,-0.228283318216556,-0.227336920286202,-0.226395404675015,-0.225458847781776,-0.224527319465048,-0.223600883291007,-0.22267959677791,-0.221763511637173,-0.220852674010941,-0.219947124706027,-0.219046899424017,-0.218152028987364,-0.217262539561262,-0.216378452871076,-0.215499786415151,-0.214626553672769,-0.213758764307109,-0.212896424363004,-0.212039536459385,-0.211188099976252,-0.210342111236083,-0.209501563679584,-0.208666448035728,-0.20783675248602,-0.207012462822983,-0.206193562602843,-0.205380033292448,-0.204571854410429,-0.203769003662671,-0.20297145707214,-0.202179189103158,-0.2013921727802,-0.200610379801324,-0.199833780646329,-0.199062344679785,-0.198296040249022,-0.197534834777245,-0.196778694851893,-0.196027586308383,-0.195281474309392,-0.194540323419811,-0.193804097677533,-0.193072760660211,-0.192346275548144,-0.191624605183435,-0.19090771212557,-0.190195558703563,-0.189488107064816,-0.188785319220834,-0.188087157089923,-0.187393582537037,-0.186704557410872,-0.186020043578363,-0.185340002956702,-0.184664397543002,-0.183993189441719,-0.183326340889965,-0.182663814280799,-0.182005572184635,-0.181351577368838,-0.180701792815635,-0.180056181738424,-0.17941470759657,-0.178777334108794,-0.178144025265218,-0.177514745338158,-0.176889458891754,-0.176268130790479,-0.175650726206635,-0.175037210626876,-0.174427549857834,-0.173821710030904,-0.173219657606248,-0.172621359376076,-0.172026782467249,-0.17143589434325,-0.170848662805591,-0.170265055994665,-0.169685042390119,-0.169108590810764,-0.168535670414069,-0.167966250695269,-0.167400301486124,-0.166837792953357,-0.166278695596799,-0.165722980247267,-0.165170618064212,-0.164621580533134,-0.164075839462822,-0.163533366982408,-0.162994135538268,-0.162458117890799,-0.161925287111057,-0.161395616577312,-0.160869079971499,-0.160345651275601,-0.159825304767966,-0.159308015019572,-0.158793756890254,-0.158282505524898,0,-0.260489454985297,-0.261344668831176,-0.262351750680109,-0.263464172934622,-0.264648550519991,-0.265879981917907,-0.2671393876243,-0.268411756837333,-0.269684857379062,-0.270948359793237,-0.27219331378077,-0.273411859597428,-0.27459706353804,-0.275742805827508,-0.276843687281432,-0.277894945452476,-0.278892382088374,-0.279832306107008,-0.280711494351458,-0.281527169207494,-0.282276989480676,-0.282959049447152,-0.28357188076206,-0.284114452639554,-0.284586167000299,-0.284986846734172,-0.285316716563095,-0.285576377042918,-0.285766772948787,-0.285889157656416,-0.285945055218954,-0.28593622172265,-0.285864607262132,-0.285732319575198,-0.285541590068898,-0.285294742687776,-0.284994165840609,-0.284642287421322,-0.28424155283164,-0.283794405831354,-0.283303271997867,-0.282770544560439,-0.282198572377519,-0.281589649840116,-0.280946008504499,-0.280269810279435,-0.279563142013846,-0.278828011348665,-0.278066343711217,-0.277279980341529,-0.276470677248115,-0.275640104996534,-0.274789849238114,-0.273921411889308,-0.273036212874819,-0.272135592350277,-0.271220813323325,-0.270293064595521,-0.269353463951702,-0.268403061528337,-0.267442843297826,-0.266473734611652,-0.265496603751498,-0.264512265443918,-0.26352148430053,-0.262524978152069,-0.261523421250701,-0.260517447320725,-0.259507652443095,-0.258494597764011,-0.257478812022108,-0.256460793892512,-0.255441014149241,-0.254419917650101,-0.253397925150367,-0.252375434953283,-0.251352824406642,-0.250330451255607,-0.249308654862495,-0.248287757304485,-0.247268064360211,-0.246249866396042,-0.245233439162459,-0.244219044510464,-0.243206931037399,-0.242197334670865,-0.241190479198792,-0.24018657675298,-0.239185828252722,-0.238188423814444,-0.237194543132608,-0.236204355836497,-0.235218021826888,-0.234235691596073,-0.233257506534159,-0.232283599224136,-0.231314093727742,-0.230349105863817,-0.229388743480483,-0.228433106722193,-0.227482288292459,-0.226536373712834,-0.225595441578537,-0.224659563810985,-0.223728805907327,-0.222803227187005,-0.221882881035275,-0.220967815143554,-0.220058071746418,-0.219153687855041,-0.218254695486854,-0.21736112189117,-0.216472989770548,-0.215590317497646,-0.21471311932735,-0.21384140560396,-0.212975182963232,-0.212114454529124,-0.211259220105065,-0.210409476359644,-0.209565217006601,-0.208726432979038,-0.20789311259779,-0.207065241733929,-0.206242803965369,-0.20542578072759,-0.204614151458494,-0.203807893737449,-0.203006983418553,-0.202211394758221,-0.201421100537154,-0.200636072176805,-0.199856279850439,-0.199081692588914,-0.198312278381302,-0.197548004270486,-0.196788836443873,-0.196034740319358,-0.195285680626697,-0.194541621484433,-0.193802526472526,-0.193068358700838,-0.192339080873635,-0.191614655350245,-0.190895044202042,-0.190180209265881,-0.189470112194165,-0.188764714501663,-0.188063977609234,-0.187367862884604,-0.186676331680327,-0.185989345369055,-0.185306865376274,-0.184628853210611,-0.183955270491835,-0.183286078976697,-0.182621240582683,-0.181960717409841,-0.18130447176074,-0.180652466158703,-0.18000466336439,-0.179361026390841,-0.178721518517061,-0.178086103300232,-0.177454744586653,-0.176827406521464,-0.176204053557249,-0.175584650461585,-0.174969162323599,-0.174357554559611,-0.173749792917916,-0.173145843482766,-0.172545672677617,-0.171949247267681,-0.17135653436184,-0.170767501413974,-0.170182116223738,-0.169600346936841,-0.169022162044856,-0.168447530384614,-0.167876421137199,-0.167308803826594,-0.166744648317996,-0.166183924815844,-0.165626603861571,-0.165072656331119,-0.164522053432236,-0.163974766701578,-0.163430768001637,-0.162890029517515,-0.162352523753562,-0.161818223529896,-0.161287101978823,-0.160759132541162,-0.160234288962503,-0.159712545289403,-0.159193875865525,-0.158678255327747,-0.158165658602233,-0.157656060900495,0,-0.260887388392979,-0.261856300608984,-0.262959155970652,-0.264148824076765,-0.265393674522596,-0.266670933300278,-0.267963550435985,-0.269258264929666,-0.270544269516224,-0.271812383778261,-0.273054609159479,-0.274263905705214,-0.275434067579539,-0.276559630661268,-0.277635787921417,-0.27865831079086,-0.279623482410989,-0.280528048158466,-0.281369185154358,-0.282144488596636,-0.282851970097814,-0.283490062130607,-0.284057622966128,-0.284553937668253,-0.284978712294686,-0.285332060052467,-0.28561447950284,-0.285826825880772,-0.285970277166532,-0.28604629676803,-0.286056594625467,-0.286003088325649,-0.285887865495284,-0.28571314839692,-0.285481261324414,-0.285194601114675,-0.284855610871575,-0.284466756837972,-0.284030508246831,-0.283549319923255,-0.283025617384769,-0.282461784187054,-0.281860151277479,-0.28122298814178,-0.280552495554952,-0.279850799772052,-0.279119948016287,-0.278361905139281,-0.277578551341883,-0.276771680853474,-0.275943001474351,-0.275094134890051,-0.27422661766937,-0.273341902859958,-0.272441362097358,-0.271526288145633,-0.270597897790547,-0.26965733500985,-0.268705674349501,-0.267743924439732,-0.26677303159049,-0.265793883411909,-0.264807312411888,-0.263814099529404,-0.262814977568693,-0.261810634505803,-0.260801716645033,-0.259788831608448,-0.258772551146801,-0.257753413764844,-0.256731927158081,-0.255708570461542,-0.254683796314107,-0.253658032744336,-0.252631684885676,-0.251605136530382,-0.250578751532505,-0.249552875071003,-0.248527834784347,-0.247503941788082,-0.246481491586654,-0.245460764890474,-0.244442028348709,-0.243425535207713,-0.242411525904325,-0.241400228602582,-0.240391859681625,-0.239386624181842,-0.238384716215568,-0.237386319347939,-0.23639160695281,-0.235400742548018,-0.234413880113677,-0.233431164396623,-0.232452731203653,-0.231478707685721,-0.230509212614881,-0.229544356655386,-0.228584242630047,-0.227628965782695,-0.226678614037339,-0.225733268254425,-0.224793002484444,-0.223857884218979,-0.222927974639195,-0.222003328861679,-0.221083996181462,-0.220170020312022,-0.219261439622019,-0.218358287368506,-0.217460591926325,-0.216568377013432,-0.215681661911864,-0.214800461684095,-0.213924787384536,-0.213054646265963,-0.212190041980659,-0.211330974776107,-0.210477441685073,-0.209629436709955,-0.208786951001299,-0.207949973030409,-0.207118488755984,-0.206292481784783,-0.205471933526274,-0.20465682334132,-0.203847128684903,-0.20304282524296,-0.202243887063385,-0.201450286681288,-0.200661995238601,-0.199878982598141,-0.199101217452248,-0.198328667426118,-0.19756129917598,-0.196799078482238,-0.19604197033774,-0.195289939031313,-0.194542948226725,-0.193800961037224,-0.193063940095814,-0.192331847621418,-0.191604645481096,-0.190882295248472,-0.190164758258512,-0.189451995658827,-0.188743968457634,-0.188040637568542,-0.187341963852284,-0.186647908155566,-0.185958431347146,-0.1852734943513,-0.184593058178788,-0.183917083955461,-0.183245532948629,-0.182578366591301,-0.181915546504428,-0.181257034517244,-0.180602792685819,-0.179952783309937,-0.179306968948368,-0.178665312432669,-0.178027776879562,-0.177394325702012,-0.176764922619061,-0.176139531664514,-0.17551811719454,-0.174900643894264,-0.174287076783424,-0.173677381221144,-0.173071522909897,-0.172469467898706,-0.171871182585648,-0.171276633719701,-0.170685788401992,-0.170098614086495,-0.169515078580204,-0.16893515004285,-0.168358796986179,-0.167785988272834,-0.16721669311488,-0.166650881071996,-0.166088522049374,-0.165529586295343,-0.164974044398751,-0.164421867286128,-0.163873026218657,-0.163327492788961,-0.16278523891775,-0.162246236850318,-0.161710459152937,-0.161177878709133,-0.160648468715895,-0.160122202679789,-0.159599054413034,-0.159078998029514,-0.158562007940761,-0.158048058851909,-0.15753712575763,-0.157029183938062,0,-0.261344855532653,-0.26242878068643,-0.26362306897284,-0.264883305851237,-0.266181163233588,-0.267496733808009,-0.268815360933002,-0.270125683527628,-0.271418358593651,-0.272685349938142,-0.273919594503566,-0.275114854913791,-0.276265635507167,-0.277367107845703,-0.278415033970459,-0.279405693656325,-0.280335825058376,-0.281202584554038,-0.282003526367925,-0.282736598309848,-0.283400147588695,-0.283992930153915,-0.284514117875714,-0.284963299495786,-0.285340473121928,-0.285646029716289,-0.28588072832126,-0.286045664604784,-0.286142234714288,-0.286172096488236,-0.286137129891038,-0.286039398212029,-0.285881111187025,-0.28566459082341,-0.285392240376132,-0.285066516652481,-0.28468990562357,-0.284264901185793,-0.283793986836291,-0.283279619990408,-0.282724218663998,-0.282130150258168,-0.281499722209738,-0.280835174300554,-0.280138672448199,-0.27941230382676,-0.278658073187755,-0.277877900267726,-0.277073618180753,-0.276246972701929,-0.275399622352682,-0.274533139201627,-0.273649010296309,-0.272748639642468,-0.271833350648875,-0.270904388957795,-0.269962925583855,-0.269010060287776,-0.268046825115898,-0.267074188041709,-0.266093056651502,-0.265104281822587,-0.264108661349151,-0.263106943477475,-0.262099830318877,-0.261087981115036,-0.260072015336397,-0.25905251559986,-0.25803003039696,-0.257005076628225,-0.255978141943204,-0.25494968688899,-0.253920146872696,-0.25288993394559,-0.251859438418178,-0.250829030316806,-0.249799060693105,-0.248769862798095,-0.247741753132895,-0.246715032387898,-0.245689986281944,-0.24466688631259,-0.243645990427935,-0.242627543629831,-0.241611778517525,-0.240598915780024,-0.239589164644694,-0.238582723288819,-0.237579779220095,-0.236580509631295,-0.235585081733692,-0.234593653073141,-0.233606371832179,-0.232623377120933,-0.231644799259162,-0.230670760051311,-0.229701373056083,-0.228736743851697,-0.227776970297696,-0.226822142793945,-0.225872344537224,-0.224927651775642,-0.223988134060987,-0.223053854498956,-0.222124869997174,-0.221201231510776,-0.220282984285347,-0.219370168096901,-0.218462817488631,-0.217560962004085,-0.216664626416483,-0.215773830953847,-0.214888591519652,-0.214008919908734,-0.213134824018183,-0.212266308053009,-0.211403372726357,-0.210546015454115,-0.209694230543747,-0.208848009377249,-0.208007340588117,-0.207172210232273,-0.2063426019529,-0.205518497139169,-0.204699875078865,-0.203886713104939,-0.203078986736021,-0.202276669810972,-0.201479734617542,-0.200688152015228,-0.199901891552449,-0.199120921578138,-0.198345209347893,-0.197574721124813,-0.196809422275167,-0.196049277359042,-0.195294250216119,-0.194544304046744,-0.19379940148844,-0.193059504688031,-0.192324575369537,-0.191594574897991,-0.190869464339365,-0.19014920451673,-0.189433756062843,-0.188723079469288,-0.188017135132341,-0.187315883395711,-0.18661928459029,-0.185927299071068,-0.185239887251349,-0.184557009634401,-0.183878626842679,-0.183204699644739,-0.182535188979974,-0.181870055981288,-0.181209261995824,-0.18055276860385,-0.179900537635924,-0.17925253118842,-0.178608711637525,-0.177969041651806,-0.177333484203414,-0.176702002578031,-0.176074560383638,-0.175451121558167,-0.17483165037613,-0.17421611145428,-0.173604469756376,-0.17299669059712,-0.172392739645316,-0.171792582926311,-0.171196186823776,-0.170603518080874,-0.170014543800859,-0.169429231447157,-0.16884754884297,-0.168269464170438,-0.167694945969403,-0.167123963135806,-0.166556484919754,-0.16599248092328,-0.165431921097837,-0.164874775741539,-0.164321015496191,-0.16377061134411,-0.163223534604786,-0.162679756931379,-0.162139250307081,-0.161601987041372,-0.161067939766159,-0.160537081431846,-0.160009385303321,-0.159484824955892,-0.158963374271173,-0.158445007432942,-0.157929698922965,-0.157417423516812,-0.156908156279662,-0.156401872562117,0,-0.261869310096262,-0.263065354253467,-0.264343764702358,-0.265666059199285,-0.267008353083069,-0.268354101352479,-0.269691237468254,-0.271010332932053,-0.272303472323727,-0.273563713321445,-0.274784885135778,-0.275961518410604,-0.27708879726093,-0.278162498787645,-0.279178922785526,-0.280134825514207,-0.281027369332522,-0.281854093452004,-0.282612904702448,-0.283302082945555,-0.283920293966168,-0.284466602868096,-0.284940482471489,-0.285341813233649,-0.285670873240776,-0.285928318497499,-0.286115154917943,-0.286232704082341,-0.286282565041113,-0.286266574339122,-0.286186766117817,-0.28604533373874,-0.285844593939894,-0.285586954141217,-0.285274883187322,-0.284910885566121,-0.284497478969268,-0.284037174954689,-0.28353246241939,-0.282985793577766,-0.282399572153722,-0.281776143522853,-0.281117786575338,-0.280426707105079,-0.27970503256215,-0.278954808031856,-0.278177993323954,-0.277376461070113,-0.276551995737246,-0.275706293470077,-0.274840962679257,-0.273957525292648,-0.273057418587974,-0.272141997525527,-0.271212537500643,-0.270270237437523,-0.269316223148724,-0.26835155088855,-0.267377211033281,-0.266394131826778,-0.265403183136189,-0.264405180169069,-0.263400887110028,-0.262391020641846,-0.261376253322627,-0.260357216796926,-0.259334504824663,-0.258308676117079,-0.257280256973791,-0.25624974371923,-0.255217604940395,-0.254184283530817,-0.253150198548118,-0.252115746894419,-0.251081304830261,-0.250047229333684,-0.249013859316671,-0.247981516711409,-0.246950507438788,-0.245921122271279,-0.244893637601896,-0.243868316130328,-0.242845407476645,-0.24182514873223,-0.240807764956731,-0.23979346962907,-0.238782465059657,-0.237774942770217,-0.2367710838468,-0.235771059270889,-0.234775030232771,-0.233783148430759,-0.232795556359231,-0.231812387587989,-0.230833767034911,-0.229859811233512,-0.228890628596645,-0.227926319677246,-0.226966977426792,-0.226012687451893,-0.225063528269235,-0.224119571558974,-0.223180882416514,-0.222247519602528,-0.221319535790992,-0.220396977814957,-0.219479886909725,-0.218568298953109,-0.217662244702395,-0.216761750027671,-0.215866836141171,-0.214977519822293,-0.214093813637989,-0.213215726158235,-0.212343262166312,-0.211476422863678,-0.210615206069217,-0.209759606412693,-0.208909615522277,-0.208065222206016,-0.20722641262718,-0.206393170473414,-0.205565477119671,-0.204743311784925,-0.203926651682674,-0.203115472165265,-0.202309746862119,-0.20150944781191,-0.200714545588794,-0.1999250094228,-0.199140807314492,-0.198361906144031,-0.19758827177477,-0.196819869151541,-0.196056662393762,-0.195298614883538,-0.194545689348913,-0.193797847942426,-0.19305505231515,-0.192317263686369,-0.191584442909061,-0.190856550531365,-0.190133546854176,-0.18941539198505,-0.188702045888567,-0.187993468433322,-0.187289619435683,-0.18659045870049,-0.18589594605882,-0.185206041402982,-0.184520704718867,-0.183839896115803,-0.183163575854036,-0.182491704369966,-0.181824242299273,-0.181161150498028,-0.180502390061934,-0.179847922343772,-0.179197708969187,-0.178551711850899,-0.177909893201432,-0.177272215544472,-0.176638641724915,-0.176009134917716,-0.175383658635594,-0.174762176735689,-0.174144653425233,-0.173531053266299,-0.172921341179707,-0.172315482448136,-0.171713442718502,-0.171115188003668,-0.170520684683517,-0.169929899505462,-0.169342799584419,-0.16875935240229,-0.168179525807017,-0.167603288011208,-0.167030607590412,-0.166461453481043,-0.165895794978008,-0.165333601732054,-0.164774843746874,-0.164219491375985,-0.163667515319412,-0.163118886620196,-0.162573576660753,-0.162031557159092,-0.16149280016492,-0.16095727805565,-0.160424963532322,-0.159895829615458,-0.159369849640857,-0.158846997255352,-0.158327246412529,-0.15781057136843,-0.157296946677235,-0.156786347186951,-0.156278748035099,-0.155774124644412,0,-0.262466583369513,-0.26376741042637,-0.265119974111924,-0.266494331461465,-0.267871697881708,-0.269239127564782,-0.27058717230617,-0.271908258342606,-0.273195795984621,-0.274443851111832,-0.275647082528493,-0.276800741920555,-0.277900653245001,-0.278943161054615,-0.279925065173858,-0.280843561813898,-0.28169620382334,-0.282480883734173,-0.283195836302787,-0.28383965341757,-0.284411303255776,-0.284910146580145,-0.285335945138994,-0.285688859495085,-0.285969435729758,-0.286178582068941,-0.28631753747472,-0.286387834690552,-0.286391260240182,-0.286329813602146,-0.286205667345647,-0.286021129525875,-0.285778609171737,-0.285480585301123,-0.285129579588202,-0.284728132586187,-0.284278783268856,-0.283784051579961,-0.283246423655226,-0.282668339390858,-0.282052182062115,-0.281400269734549,-0.280714848251683,-0.279998085620822,-0.279252067650857,-0.278478794720991,-0.277680179577526,-0.276858046067835,-0.276014128727739,-0.275150073141927,-0.274267436998182,-0.273367691756033,-0.272452224850035,-0.271522342347814,-0.270579271983769,-0.269624166491177,-0.268658107158417,-0.267682107539178,-0.266697117251623,-0.265704025807414,-0.264703666417999,-0.263696819732441,-0.262684217468054,-0.261666545902052,-0.26064444919909,-0.259618532555897,-0.258589365149992,-0.257557482884741,-0.256523390927611,-0.255487566042491,-0.254450458720296,-0.253412495114796,-0.252374078792814,-0.251335592309519,-0.250297398620712,-0.249259842344722,-0.248223250886863,-0.247187935439449,-0.246154191870147,-0.245122301510992,-0.244092531859838,-0.243065137205267,-0.242040359185203,-0.241018427288651,-0.239999559309067,-0.23898396175706,-0.237971830239212,-0.236963349809029,-0.235958695295236,-0.234958031611898,-0.233961514054193,-0.232969288583014,-0.231981492101063,-0.230998252722556,-0.230019690038242,-0.229045915377051,-0.228077032065327,-0.227113135684336,-0.226154314326488,-0.225200648850494,-0.224252213135532,-0.223309074334339,-0.222371293125059,-0.22143892396158,-0.220512015322034,-0.219590609955108,-0.21867474512377,-0.217764452846016,-0.216859760132234,-0.2159606892188,-0.215067257797537,-0.214179479240664,-0.213297362820941,-0.212420913926683,-0.211550134271404,-0.210685022097838,-0.20982557237615,-0.208971776996177,-0.208123624953536,-0.207281102529541,-0.206444193464811,-0.20561287912656,-0.204787138669532,-0.203966949190592,-0.203152285877006,-0.202343122148465,-0.20153942979291,-0.200741179096256,-0.199948338966118,-0.199160877049648,-0.198378759845617,-0.197601952810872,-0.196830420461325,-0.196064126467619,-0.195303033745633,-0.194547104541991,-0.193796300514737,-0.193050582809351,-0.192309912130278,-0.191574248808127,-0.190843552862739,-0.190117784062257,-0.1893969019784,-0.188680866038087,-0.187969635571581,-0.187263169857315,-0.18656142816355,-0.18586436978703,-0.185171954088771,-0.184484140527134,-0.183800888688331,-0.183122158314486,-0.182447909329388,-0.181778101862071,-0.181112696268335,-0.180451653150325,-0.179794933374285,-0.179142498086599,-0.178494308728215,-0.177850327047554,-0.177210515112001,-0.17657483531807,-0.175943250400327,-0.175315723439146,-0.174692217867395,-0.174072697476107,-0.173457126419216,-0.172845469217425,-0.172237690761266,-0.171633756313414,-0.171033631510311,-0.170437282363156,-0.169844675258302,-0.169255776957121,-0.168670554595374,-0.168088975682127,-0.167511008098255,-0.166936620094573,-0.166365780289622,-0.165798457667154,-0.165234621573331,-0.164674241713678,-0.164117288149821,-0.163563731296012,-0.163013541915493,-0.162466691116702,-0.16192315034934,-0.161382891400332,-0.160845886389688,-0.160312107766275,-0.159781528303532,-0.159254121095127,-0.15872985955057,-0.158208717390799,-0.15769066864375,-0.157175687639911,-0.156663749007879,-0.156154827669925,-0.155648898837569,-0.155145938007186,0,-0.263140607980086,-0.264534310535346,-0.265948903750014,-0.26736427034281,-0.268766887346442,-0.270147397061379,-0.271498839812296,-0.272815322829638,-0.274091430256906,-0.275322127011676,-0.276502827113365,-0.277629448539761,-0.278698408485762,-0.279706574978606,-0.280651205487611,-0.281529896586495,-0.282340556482486,-0.283081401459296,-0.283750970381651,-0.284348148442761,-0.284872191379776,-0.285322743250427,-0.28569984348939,-0.286003921564747,-0.286235779669886,-0.286396565323046,-0.286487736507351,-0.286511022183371,-0.286468380805285,-0.28636195903254,-0.286194052288177,-0.285967068272848,-0.285683494063684,-0.285345867041831,-0.284956749610566,-0.284518707480711,-0.284034291196287,-0.283506020532138,-0.282936371397832,-0.28232776491204,-0.281682558355415,-0.281003037758035,-0.280291411923014,-0.279549807727143,-0.278780266570627,-0.277984741870833,-0.277165097510314,-0.276323107158426,-0.27546045439018,-0.274578733527123,-0.27367945112432,-0.272764028026103,-0.271833801912038,-0.270890030254072,-0.269933893606539,-0.268966499152679,-0.267988884434647,-0.267002021198512,-0.266006819291278,-0.265004130553295,-0.263994752656267,-0.262979432844212,-0.261958871541901,-0.260933725802337,-0.25990461257153,-0.258872111755065,-0.257836769076632,-0.256799098723752,-0.255759585780315,-0.254718688449298,-0.253676840072075,-0.252634450953216,-0.251591910001537,-0.250549586199498,-0.249507829913957,-0.248466974061726,-0.247427335143533,-0.2463892141598,-0.245352897421263,-0.244318657266874,-0.243286752700711,-0.242257429958774,-0.241230923015722,-0.240207454040625,-0.239187233809965,-0.238170462085135,-0.237157327960889,-0.236148010190309,-0.235142677491106,-0.234141488837329,-0.233144593739923,-0.232152132518934,-0.231164236569668,-0.230181028624602,-0.229202623012438,-0.22822912591533,-0.227260635624994,-0.226297242798161,-0.225339030711592,-0.224386075516718,-0.223438446493796,-0.22249620630537,-0.22155941124875,-0.220628111507128,-0.219702351398928,-0.218782169624966,-0.217867599512957,-0.216958669258932,-0.216055402165138,-0.215157816873977,-0.214265927597622,-0.213379744342919,-0.212499273131256,-0.211624516213096,-0.210755472276911,-0.209892136652289,-0.209034501507024,-0.208182556038026,-0.207336286655945,-0.206495677163398,-0.205660708926752,-0.204831361041437,-0.204007610490768,-0.203189432298321,-0.20237679967389,-0.201569684153093,-0.200768055730718,-0.199971882987906,-0.199181133213274,-0.198395772518135,-0.197615765945914,-0.196841077575946,-0.196071670621785,-0.195307507524205,-0.194548550039043,-0.193794759320073,-0.193046095997069,-0.192302520249245,-0.191563991874239,-0.190830470352826,-0.190101914909522,-0.189378284569272,-0.18865953821037,-0.187945634613803,-0.187236532509168,-0.186532190617334,-0.185832567689997,-0.185137622546301,-0.184447314106649,-0.183761601423879,-0.183080443711918,-0.182403800372072,-0.181731631017067,-0.181063895492987,-0.180400553899205,-0.179741566606448,-0.179086894273097,-0.178436497859825,-0.177790338642688,-0.17714837822476,-0.176510578546401,-0.175876901894254,-0.175247310909062,-0.174621768592368,-0.174000238312188,-0.173382683807728,-0.172769069193212,-0.172159358960885,-0.171553517983254,-0.170951511514628,-0.170353305192007,-0.169758865035373,-0.16916815744744,-0.168581149212892,-0.167997807497171,-0.167418099844843,-0.166841994177581,-0.166269458791809,-0.165700462356035,-0.165134973907893,-0.164572962850954,-0.16401439895129,-0.163459252333863,-0.162907493478717,-0.162359093217036,-0.161814022727058,-0.16127225352988,-0.160733757485164,-0.160198506786768,-0.159666473958304,-0.159137631848656,-0.158611953627447,-0.158089412780488,-0.157569983105206,-0.15705363870607,-0.156540353990012,-0.156030103661866,-0.155522862719819,-0.155018606450891,-0.154517310426443,0,-0.26389286970356,-0.265363346566855,-0.266826336352246,-0.268271064710483,-0.269688991650571,-0.271074118940786,-0.272421708132774,-0.273727298876491,-0.274986465210577,-0.276194950751596,-0.277348845884994,-0.278444676364435,-0.279479401767123,-0.280450365543339,-0.281355237404295,-0.282191973199836,-0.282958801363588,-0.283654233495958,-0.284277090520077,-0.284826534136801,-0.285302094531154,-0.285703687999671,-0.286031621250255,-0.286286581847093,-0.286469616272191,-0.286582098267974,-0.286625690602213,-0.286602303332384,-0.286514051235534,-0.286363212485516,-0.286152190035315,-0.285883476587544,-0.285559623560402,-0.285183214098221,-0.284756839932569,-0.284283081756318,-0.283764492708258,-0.283203584557554,-0.282602816205515,-0.281964584170311,-0.281291214775804,-0.280584957820002,-0.279847981546473,-0.279082368780752,-0.278290114122662,-0.277473122105143,-0.276633206242054,-0.275772088893212,-0.274891401876416,-0.273992687755079,-0.273077401727733,-0.272146914043179,-0.271202512863217,-0.270245407494282,-0.269276731910059,-0.268297548489527,-0.267308851898583,-0.266311573048445,-0.265306583070026,-0.264294697250247,-0.263276678883448,-0.262253242998472,-0.261225059929324,-0.26019275870443,-0.259156930236174,-0.258118130298539,-0.257076882286202,-0.256033679753251,-0.254988988733839,-0.253943249850544,-0.252896880218974,-0.251850275159313,-0.250803809727088,-0.249757840076504,-0.248712704670304,-0.24766872535035,-0.246626208283012,-0.245585444793112,-0.244546712099576,-0.243510273965248,-0.24247638127246,-0.241445272535042,-0.24041717435651,-0.23939230184319,-0.23837085898009,-0.237353038976387,-0.236339024586531,-0.235328988412109,-0.23432309318886,-0.233321492062502,-0.232324328856407,-0.231331738333558,-0.230343846454728,-0.229360770634366,-0.228382619995274,-0.22740949562283,-0.22644149081923,-0.225478691357984,-0.224521175738683,-0.223569015441944,-0.222622275184256,-0.221681013172413,-0.220745281357104,-0.219815125685216,-0.218890586350358,-0.217971698041113,-0.217058490186515,-0.21615098719828,-0.2152492087093,-0.214353169807996,-0.213462881268079,-0.212578349773394,-0.211699578137463,-0.210826565517473,-0.209959307622418,-0.209097796915196,-0.208242022808471,-0.20739197185416,-0.206547627926429,-0.20570897239814,-0.204875984310677,-0.204048640537169,-0.203226915939093,-0.202410783516312,-0.201600214550607,-0.20079517874277,-0.199995644343369,-0.199201578277291,-0.198412946262199,-0.197629712921029,-0.196851841888691,-0.196079295913126,-0.195312036950884,-0.194550026257396,-0.193793224472118,-0.193041591698716,-0.192295087580491,-0.191553671371198,-0.190817302001473,-0.190085938141019,-0.18935953825675,-0.188638060667064,-0.187921463592411,-0.187209705202349,-0.186502743659228,-0.185800537158691,-0.185103043967133,-0.184410222456287,-0.183722031135077,-0.183038428678892,-0.182359373956417,-0.181684826054156,-0.181014744298789,-0.180349088277468,-0.179687817856196,-0.179030893196389,-0.178378274769738,-0.17772992337148,-0.177085800132169,-0.176445866528059,-0.175810084390175,-0.175178415912173,-0.174550823657065,-0.173927270562886,-0.17330771994739,-0.172692135511827,-0.172080481343892,-0.171472721919881,-0.170868822106147,-0.170268747159876,-0.169672462729276,-0.16907993485319,-0.168491129960211,-0.167906014867327,-0.167324556778142,-0.166746723280712,-0.166172482345035,-0.165601802320223,-0.165034651931392,-0.164471000276305,-0.163910816821782,-0.163354071399919,-0.162800734204129,-0.162250775785027,-0.161704167046191,-0.161160879239807,-0.16062088396222,-0.160084153149405,-0.159550659072379,-0.159020374332561,-0.1584932718571,-0.157969324894175,-0.157448507008282,-0.156930792075522,-0.156416154278889,-0.155904568103573,-0.155396008332287,-0.154890450040621,-0.154387868592427,-0.153888239635246,0,-0.264721876315585,-0.266249833602888,-0.26774680618818,-0.269209124085166,-0.270632624356644,-0.272014264065097,-0.273351149470733,-0.274639955093696,-0.275877048215703,-0.277058831311239,-0.278181993917315,-0.279243610386918,-0.280241129461725,-0.281172319455599,-0.2820352154309,-0.282828091409525,-0.283549462235416,-0.284198108580262,-0.284773113894687,-0.285273901973066,-0.28570026627541,-0.286052385638631,-0.286330824411919,-0.286536517751696,-0.286670744583231,-0.286735091612606,-0.286731411930869,-0.286661781418834,-0.286528455553281,-0.286333828508829,-0.286080395767834,-0.285770720866706,-0.285407406454225,-0.284993069519873,-0.284530320454061,-0.284021745504423,-0.283469892167348,-0.282877257077414,-0.282246276008839,-0.281579315666535,-0.280878667008729,-0.280146539901101,-0.279385058950301,-0.27859626040115,-0.277782090007184,-0.27694440179989,-0.276084957689972,-0.275205427836313,-0.274307391716991,-0.273392339833452,-0.272461675975163,-0.271516719968694,-0.270558710833064,-0.269588810262534,-0.268608106359168,-0.267617617540242,-0.26661829654993,-0.265611034510226,-0.264596664952643,-0.263575967779416,-0.2625496731105,-0.261518464980318,-0.26048298485566,-0.259443834953312,-0.258401581342573,-0.25735675682385,-0.256309863579806,-0.255261375600155,-0.254211740885022,-0.253161383434946,-0.252110705038071,-0.251060086866905,-0.250009890898321,-0.248960461171233,-0.247912124896759,-0.246865193435655,-0.245819963157498,-0.244776716195559,-0.243735721110572,-0.242697233475742,-0.241661496394402,-0.240628740960714,-0.239599186672789,-0.238573041806597,-0.237550503758045,-0.236531759359634,-0.235516985177258,-0.234506347791825,-0.233500004069656,-0.232498101424902,-0.231500778076609,-0.230508163302497,-0.22952037769104,-0.228537533393007,-0.227559734373263,-0.226587076663325,-0.225619648614901,-0.224657531154429,-0.223700798038491,-0.222749516109787,-0.221803745553318,-0.220863540152288,-0.219928947543249,-0.219000009469915,-0.21807676203513,-0.2171592359504,-0.216247456782488,-0.215341445196523,-0.214441217195162,-0.213546784353321,-0.212658154048098,-0.211775329683467,-0.210898310909454,-0.210027093835464,-0.209161671237545,-0.208302032759355,-0.207448165106677,-0.206600052235354,-0.205757675532544,-0.204921013991242,-0.20409004437804,-0.203264741394125,-0.202445077829547,-0.201631024710812,-0.200822551441866,-0.200019625938579,-0.199222214756827,-0.198430283214315,-0.197643795506258,-0.196862714815107,-0.19608700341444,-0.195316622767223,-0.194551533618595,-0.193791696083364,-0.193037069728393,-0.192287613650074,-0.191543286547058,-0.190804046788447,-0.190069852477618,-0.189340661511879,-0.188616431638125,-0.187897120504694,-0.187182685709575,-0.186473084845164,-0.185768275539728,-0.18506821549574,-0.184372862525247,-0.183682174582436,-0.182996109793535,-0.1823146264842,-0.181637683204536,-0.180965238751879,-0.180297252191468,-0.179633682875141,-0.178974490458167,-0.178319634914332,-0.177669076549392,-0.177022776012984,-0.17638069430912,-0.175742792805327,-0.175109033240558,-0.174479377731927,-0.173853788780378,-0.17323222927534,-0.172614662498469,-0.172001052126515,-0.171391362233406,-0.1707855572916,-0.170183602172757,-0.169585462147798,-0.168991102886398,-0.168400490455955,-0.167813591320093,-0.167230372336729,-0.166650800755755,-0.166074844216365,-0.165502470744066,-0.164933648747401,-0.164368347014428,-0.163806534708958,-0.163248181366609,-0.162693256890675,-0.162141731547853,-0.161593575963827,-0.161048761118756,-0.160507258342661,-0.159969039310735,-0.159434076038598,-0.158902340877504,-0.158373806509511,-0.15784844594264,-0.157326232506011,-0.15680713984499,-0.156291141916338,-0.155778212983378,-0.155268327611194,-0.154761460661848,-0.15425758728965,-0.153756682936456,-0.153258723327027,0,-0.26562162776021,-0.267187319935796,-0.268703835452801,-0.270172285794586,-0.271592114941831,-0.272962701435715,-0.274282544322174,-0.2755491351537,-0.276759444002799,-0.277910422820205,-0.278999289214763,-0.28002360836752,-0.280981263963104,-0.281870397449639,-0.282689362287145,-0.283436710935284,-0.284111213341378,-0.2847118960893,-0.285238088719076,-0.285689465373113,-0.286066073620423,-0.286368346428628,-0.286597096805398,-0.2867534971619,-0.286839046889163,-0.286855532139414,-0.286804981623978,-0.286689621644299,-0.286511832791282,-0.286274109948466,-0.285979026523098,-0.285629203259817,-0.285227281579564,-0.28477590112098,-0.284277681018875,-0.283735204404626,-0.283151005627703,-0.282527559750417,-0.281867273939543,-0.281172480453994,-0.280445430997718,-0.279688292266066,-0.278903142559708,-0.278091969372873,-0.277256667883448,-0.276399040283625,-0.275520795893563,-0.274623551999425,-0.273708835353132,-0.272778084266084,-0.271832651224075,-0.2708738059468,-0.269902738813057,-0.268920564572432,-0.267928326265859,-0.266926999280824,-0.265917495471972,-0.26490066728408,-0.263877311821425,-0.262848174815295,-0.261813954449239,-0.260775305009542,-0.259732840335997,-0.25868713705515,-0.257638737584732,-0.256588152903818,-0.25553586508831,-0.254482329615656,-0.253427977446279,-0.252373216891977,-0.251318435283708,-0.250264000452718,-0.249210262039905,-0.248157552648837,-0.247106188857929,-0.246056472107024,-0.245008689473141,-0.24396311434939,-0.242920007040227,-0.241879615285187,-0.240842174722243,-0.239807909300814,-0.238777031653406,-0.237749743433792,-0.236726235628653,-0.235706688848616,-0.234691273603758,-0.233680150567812,-0.232673470834567,-0.231671376169284,-0.230673999257347,-0.229681463951855,-0.22869388552139,-0.22771137089881,-0.226734018931589,-0.225761920633934,-0.224795159440697,-0.223833811462902,-0.222877945744567,-0.221927624520396,-0.220982903473826,-0.220043831994868,-0.219110453437139,-0.218182805373486,-0.217260919849579,-0.216344823634885,-0.215434538470445,-0.21453008131293,-0.213631464574437,-0.212738696357608,-0.211851780685613,-0.210970717726648,-0.210095504012619,-0.209226132651713,-0.208362593534649,-0.20750487353439,-0.206652956699175,-0.205806824438767,-0.204966455703822,-0.204131827158364,-0.203302913345331,-0.20247968684523,-0.201662118427944,-0.200850177197751,-0.200043830731666,-0.199243045211198,-0.198447785547653,-0.197658015501141,-0.196873697793409,-0.196094794214703,-0.195321265724789,-0.194553072548352,-0.193790174264929,-0.193032529893578,-0.192280097972472,-0.191532836633607,-0.190790703672822,-0.190053656615321,-0.189321652776887,-0.18859464932098,-0.187872603311902,-0.187155471764218,-0.186443211688607,-0.185735780134317,-0.185033134228405,-0.184335231211918,-0.183642028473181,-0.182953483578345,-0.182269554299354,-0.181590198639463,-0.180915374856464,-0.180245041483739,-0.17957915734928,-0.178917681592796,-0.178260573681026,-0.177607793421372,-0.176959300973957,-0.176315056862221,-0.175675021982139,-0.175039157610166,-0.174407425409996,-0.173779787438209,-0.173156206148903,-0.17253664439737,-0.171921065442899,-0.171309432950769,-0.170701710993494,-0.17009786405138,-0.16949785701246,-0.168901655171841,-0.16830922423054,-0.16772053029382,-0.167135539869111,-0.16655421986352,-0.165976537580996,-0.165402460719168,-0.164831957365897,-0.164264995995578,-0.163701545465211,-0.163141575010273,-0.162585054240416,-0.162031953135021,-0.16148224203861,-0.160935891656164,-0.160392873048341,-0.159853157626621,-0.159316717148401,-0.158783523712037,-0.158253549751862,-0.157726768033187,-0.157203151647288,-0.156682674006411,-0.156165308838769,-0.15565103018358,-0.15513981238612,-0.154631630092817,-0.154126458246385,-0.153624272081006,-0.153125047117559,-0.152628759158911,0,-0.266582926405045,-0.268167951594423,-0.269690213657284,-0.271154037034615,-0.27256168166318,-0.273914327208644,-0.27521137560205,-0.276450826611907,-0.27763008562466,-0.278746562510774,-0.279797940618628,-0.280782220613828,-0.281697666794462,-0.282542742006058,-0.283316072425118,-0.284016451867533,-0.284642877631041,-0.285194602853785,-0.285671190202669,-0.286072555200671,-0.2863989922894,-0.286651181270363,-0.286830175274275,-0.286937373618575,-0.286974483924769,-0.286943477951186,-0.286846545074478,-0.286686046517303,-0.286464472496472,-0.28618440360677,-0.2858484770445,-0.28545935774329,-0.285019714139222,-0.284532198078646,-0.283999428296831,-0.283423976894255,-0.282808358288866,-0.282155020201643,-0.281466336320628,-0.280744600372519,-0.279992021403361,-0.279210720127406,-0.278402726245101,-0.277569976658724,-0.276714314529616,-0.275837489127094,-0.274941156418683,-0.274026880346824,-0.273096134730764,-0.272150305725642,-0.271190694764979,-0.270218521908624,-0.269234929516181,-0.268240986166067,-0.267237690742642,-0.266225976617999,-0.26520671586068,-0.264180723410492,-0.263148761166253,-0.262111541941396,-0.261069733250602,-0.260023960898622,-0.258974812350153,-0.257922839866642,-0.2568685634023,-0.255812473257207,-0.254755032490184,-0.253696679098108,-0.252637827971528,-0.251578872638975,-0.250520186814083,-0.249462125760898,-0.248405027493368,-0.247349213825265,-0.246294991286581,-0.245242651922015,-0.24419247398641,-0.243144722551171,-0.242099650034626,-0.24105749666824,-0.240018490909441,-0.238982849810691,-0.237950779353298,-0.23692247475341,-0.235898120746593,-0.234877891856435,-0.233861952651749,-0.232850457996131,-0.23184355329292,-0.230841374727937,-0.229844049511845,-0.228851696123446,-0.227864424554833,-0.226882336558938,-0.225905525899716,-0.224934078604981,-0.223968073221664,-0.223007581073164,-0.222052666518291,-0.221103387211246,-0.220159794362015,-0.219221932996515,-0.218289842215815,-0.217363555453766,-0.216443100732383,-0.215528500914333,-0.214619773951954,-0.21371693313223,-0.212819987317213,-0.211928941179432,-0.211043795431873,-0.210164547052158,-0.209291189500615,-0.208423712931964,-0.207562104400405,-0.206706348057938,-0.205856425345759,-0.20501231517867,-0.204173994122425,-0.203341436564002,-0.202514614874805,-0.201693499566843,-0.200878059441937,-0.200068261734062,-0.199264072244918,-0.198465455472855,-0.197672374735313,-0.196884792284899,-0.196102669419312,-0.195325966585245,-0.19455464347648,-0.193788659126359,-0.193027971994812,-0.19227254005015,-0.191522320845826,-0.190777271592342,-0.190037349224532,-0.189302510464389,-0.188572711879645,-0.187847909938305,-0.187128061059308,-0.186413121659507,-0.18570304819716,-0.184997797212091,-0.184297325362711,-0.183601589460047,-0.182910546498964,-0.182224153686712,-0.181542368468971,-0.180865148553517,-0.180192451931674,-0.179524236897658,-0.178860462065967,-0.178201086386921,-0.177546069160481,-0.176895370048451,-0.176248949085175,-0.175606766686832,-0.174968783659414,-0.174334961205497,-0.173705260929876,-0.173079644844153,-0.172458075370355,-0.171840515343659,-0.171226928014289,-0.170617277048647,-0.170011526529754,-0.169409640957042,-0.168811585245566,-0.168217324724676,-0.167626825136202,-0.167040052632203,-0.166456973772313,-0.165877555520723,-0.165301765242848,-0.164729570701699,-0.164160940054002,-0.163595841846086,-0.163034245009579,-0.162476118856926,-0.161921433076752,-0.161370157729113,-0.160822263240624,-0.160277720399511,-0.159736500350581,-0.159198574590151,-0.158663914960922,-0.15813249364684,-0.157604283167933,-0.157079256375148,-0.1565573864452,-0.156038646875427,-0.15552301147868,-0.155010454378237,-0.154500950002765,-0.153994473081319,-0.153490998638396,-0.152990501989042,-0.152492958734023,-0.151998344755055,0,-0.267595573655383,-0.269182944973679,-0.270698298338402,-0.27214773858198,-0.273535595746323,-0.274864180588916,-0.276133309423222,-0.277341218013287,-0.278485615626409,-0.279564300486742,-0.28057536876475,-0.281517203798239,-0.282388396618617,-0.283187680779477,-0.283913912026648,-0.284566092268195,-0.285143422826808,-0.28564536835236,-0.286071715335179,-0.286422614425461,-0.286698601419665,-0.286900596502561,-0.287029884585907,-0.287088081334275,-0.287077089978678,-0.286999053664229,-0.286856307228485,-0.286651331263575,-0.28638671028966,-0.286065095985555,-0.285689175741494,-0.285261646326827,-0.284785192179999,-0.28426246769282,-0.283696082834979,-0.283088591510241,-0.282442482120945,-0.281760169918338,-0.281043990816116,-0.280296196433004,-0.279518950201976,-0.278714324437285,-0.277884298286708,-0.277030756517765,-0.276155489096196,-0.275260191515918,-0.274346465835062,-0.273415822365093,-0.272469681951475,-0.271509378776413,-0.270536163607949,-0.269551207415593,-0.268555605271099,-0.267550380453864,-0.26653648868352,-0.265514822407287,-0.264486215076182,-0.263451445351712,-0.26241124119296,-0.261366283782477,-0.260317211257872,-0.25926462222418,-0.258209079029713,-0.257151110795075,-0.256091216191193,-0.255029865967549,-0.25396750523632,-0.252904555521732,-0.25184141658682,-0.250778468051898,-0.249716070820469,-0.248654568329203,-0.247594287638931,-0.246535540383559,-0.245478623593403,-0.244423820408713,-0.243371400698337,-0.242321621597351,-0.241274727976418,-0.240230952854407,-0.239190517764607,-0.238153633083691,-0.237120498331434,-0.236091302448075,-0.235066224055195,-0.234045431705059,-0.23302908412245,-0.232017330442295,-0.231010310445653,-0.230008154796027,-0.229010985277447,-0.228018915035282,-0.227032048820364,-0.226050483236687,-0.225074306992663,-0.224103601155705,-0.223138439409736,-0.2221788883151,-0.221225007570247,-0.220276850274503,-0.219334463191206,-0.218397887010463,-0.217467156610779,-0.216542301318856,-0.21562334516684,-0.214710307146377,-0.213803201458857,-0.21290203776127,-0.212006821407175,-0.211117553682313,-0.210234232034446,-0.209356850297094,-0.208485398906846,-0.207619865114,-0.206760233186343,-0.205906484605901,-0.205058598258555,-0.204216550616446,-0.203380315913148,-0.202549866311581,-0.201725172064735,-0.200906201669221,-0.200092922011766,-0.199285298508742,-0.198483295238851,-0.197686875069128,-0.196895999774392,-0.196110630150339,-0.195330726120437,-0.19455624683683,-0.193787150775419,-0.193023395825353,-0.1922649393731,-0.191511738381323,-0.19076374946276,-0.190020928949312,-0.189283232956549,-0.188550617443828,-0.187823038270228,-0.1871004512465,-0.186382812183219,-0.185670076935332,-0.184962201443274,-0.184259141770852,-0.183560854140045,-0.182867294962906,-0.182178420870718,-0.181494188740561,-0.180814555719451,-0.180139479246182,-0.179468917071007,-0.178802827273318,-0.17814116827741,-0.177483898866492,-0.17683097819503,-0.176182365799548,-0.175538021607992,-0.174897905947743,-0.174261979552396,-0.173630203567371,-0.17300253955446,-0.172378949495379,-0.171759395794407,-0.171143841280177,-0.170532249206698,-0.169924583253659,-0.16932080752608,-0.168720886553372,-0.168124785287849,-0.167532469102746,-0.166943903789794,-0.166359055556385,-0.165777891022376,-0.165200377216568,-0.164626481572892,-0.164056171926342,-0.163489416508672,-0.162926183943905,-0.162366443243661,-0.161810163802342,-0.161257315392186,-0.160707868158225,-0.160161792613147,-0.159619059632097,-0.159079640447429,-0.158543506643407,-0.158010630150903,-0.157480983242068,-0.15695453852501,-0.156431268938488,-0.155911147746613,-0.155394148533592,-0.154880245198503,-0.154369411950106,-0.153861623301718,-0.15335685406613,-0.152855079350588,-0.152356274551842,-0.151860415351257,-0.151367477709993,0,-0.268648216931954,-0.270223048144691,-0.271720313753029,-0.273146837526933,-0.274508328760889,-0.275807541935472,-0.277044260314825,-0.278216743470678,-0.279322917271106,-0.28036092142911,-0.281329220327475,-0.28222652911251,-0.28305171249714,-0.283803726120905,-0.28448161588509,-0.285084563372142,-0.285611955711437,-0.286063458636577,-0.286439076799224,-0.286739192209604,-0.286964577892013,-0.287116388472421,-0.2871961322081,-0.287205630135394,-0.28714696797058,-0.28702244560765,-0.28683452791155,-0.286585799298673,-0.286278923513052,-0.285916609140624,-0.285501580781908,-0.285036555409443,-0.284524223231187,-0.283967232317872,-0.283368176284749,-0.282729584406974,-0.282053913662158,-0.281343542311411,-0.2806007647375,-0.279827787347895,-0.279026725418515,-0.278199600801457,-0.277348340449109,-0.276474775721445,-0.275580642446541,-0.274667581700125,-0.273737141261424,-0.272790777692193,-0.271829858975594,-0.27085566764289,-0.269869404309525,-0.268872191538498,-0.267865077948095,-0.266849042482828,-0.265824998770472,-0.264793799494069,-0.26375624071508,-0.262713066092172,-0.261664970948886,-0.260612606152369,-0.259556581774019,-0.258497470511157,-0.257435810856434,-0.256372110008448,-0.255306846523018,-0.254240472709574,-0.253173416781251,-0.252106084770586,-0.251038862225148,-0.249972115699198,-0.248906194058554,-0.247841429616381,-0.246778139117642,-0.245716624589655,-0.244657174075498,-0.243600062266158,-0.242545551046223,-0.241493889966757,-0.240445316657729,-0.239400057191135,-0.238358326404626,-0.237320328194289,-0.236286255784012,-0.235256291977778,-0.234230609400204,-0.233209370729723,-0.232192728927929,-0.231180827467903,-0.230173800563609,-0.229171773401939,-0.228174862378428,-0.227183175337276,-0.226196811815939,-0.225215863294273,-0.224240413447966,-0.223270538405824,-0.222306307010317,-0.22134778108071,-0.220395015678019,-0.219448059370993,-0.218506954502312,-0.217571737454188,-0.216642438912567,-0.215719084129183,-0.214801693180717,-0.213890281224406,-0.212984858749458,-0.21208543182372,-0.211192002335073,-0.210304568227118,-0.209423123728744,-0.208547659577247,-0.207678163234724,-0.206814619097497,-0.205957008698408,-0.205105310901834,-0.204259502091341,-0.203419556349931,-0.202585445632863,-0.201757139933076,-0.200934607439261,-0.200117814686668,-0.199306726700739,-0.198501307133707,-0.197701518394291,-0.196907321770651,-0.196118677546774,-0.195335545112476,-0.194557883067208,-0.193785649317868,-0.193018801170825,-0.192257295418363,-0.191501088419748,-0.190750136177146,-0.190004394406592,-0.189263818604223,-0.188528364107989,-0.187797986155042,-0.187072639935018,-0.18635228063939,-0.185636863507113,-0.184926343866731,-0.18422067717514,-0.183519819053184,-0.18282372531826,-0.182132352014092,-0.181445655437848,-0.180763592164744,-0.180086119070294,-0.179413193350343,-0.178744772539019,-0.17808081452475,-0.177421277564451,-0.176766120296012,-0.176115301749204,-0.175468781355107,-0.174826518954156,-0.174188474802922,-0.173554609579699,-0.172924884388997,-0.172299260765027,-0.171677700674243,-0.171060166517029,-0.170446621128591,-0.169837027779126,-0.169231350173325,-0.168629552449266,-0.168031599176764,-0.167437455355211,-0.16684708641097,-0.166260458194351,-0.165677536976229,-0.165098289444326,-0.164522682699208,-0.163950684250015,-0.16338226200997,-0.162817384291687,-0.162256019802306,-0.161698137638486,-0.161143707281269,-0.160592698590845,-0.160045081801231,-0.15950082751489,-0.158959906697299,-0.15842229067148,-0.15788795111252,-0.157356860042076,-0.156828989822888,-0.156304313153311,-0.155782803061863,-0.155264432901817,-0.154749176345821,-0.154237007380576,-0.153727900301565,-0.153221829707838,-0.152718770496863,-0.152218697859446,-0.15172158727472,-0.151227414505214,-0.150736155591993,0,-0.269729202581648,-0.27127896311778,-0.272748627888713,-0.274145057975191,-0.275474676466704,-0.276740009804302,-0.277940439794029,-0.279074114675194,-0.28013913615424,-0.281133958658582,-0.28205737597724,-0.282908385191076,-0.283686072843305,-0.28438957115032,-0.285018081624704,-0.285570942821665,-0.28604771503057,-0.28644825933029,-0.286772796298898,-0.287021937649042,-0.28719669047281,-0.28729843801746,-0.287328903056841,-0.287290100412027,-0.287184284561192,-0.287013897075898,-0.286781517227893,-0.286489817793677,-0.286141526991028,-0.285739396668762,-0.285286176333788,-0.284784592298828,-0.284237331116235,-0.283647026472904,-0.283016248809157,-0.282347497051638,-0.281643191987932,-0.280905670939865,-0.280137183502539,-0.279339888202175,-0.278515849987467,-0.277667038508565,-0.2767953271588,-0.275902492861081,-0.274990216577864,-0.27406008451435,-0.273113589972495,-0.272152135800711,-0.271177037372737,-0.270189526020093,-0.269190752836442,-0.268181792769237,-0.267163648914195,-0.266137256930971,-0.265103489503589,-0.264063160776117,-0.263017030702285,-0.261965809256701,-0.260910160464637,-0.259850706216547,-0.258788029842385,-0.257722679429001,-0.256655170871379,-0.255585990655064,-0.254515598372744,-0.25344442898266,-0.252372894820241,-0.251301387377259,-0.250230278864876,-0.249159923578282,-0.248090659081391,-0.247022807230217,-0.245956675053332,-0.244892555507185,-0.243830728123193,-0.242771459562413,-0.241715004092419,-0.240661603999648,-0.239611489949195,-0.238564881302642,-0.237521986403233,-0.23648300283642,-0.235448117672648,-0.234417507698125,-0.23339133963833,-0.232369770378078,-0.231352947181192,-0.230341007912043,-0.229334081260666,-0.228332286972563,-0.227335736083862,-0.22634453116214,-0.225358766552857,-0.224378528631127,-0.223403896058337,-0.222434940042981,-0.221471724604934,-0.220514306842379,-0.219562737200466,-0.218617059740854,-0.217677312411216,-0.216743527313855,-0.215815730972572,-0.214893944597012,-0.213978184343724,-0.213068461573264,-0.212164783102696,-0.211267151452944,-0.210375565090481,-0.209490018662924,-0.208610503228157,-0.207737006476663,-0.206869512946807,-0.206008004232864,-0.205152459185637,-0.204302854105553,-0.203459162928187,-0.202621357402161,-0.201789407259462,-0.200963280378203,-0.200142942937904,-0.199328359567402,-0.1985194934855,-0.197716306634508,-0.196918759806833,-0.196126812764787,-0.195340424353809,-0.194559552609293,-0.193784154857225,-0.193014187808843,-0.192249607649532,-0.191490370122174,-0.190736430605173,-0.189987744185366,-0.189244265726057,-0.188505949930366,-0.187772751400131,-0.18704462469055,-0.186321524360798,-0.185603405020788,-0.184890221374303,-0.184181928258666,-0.183478480681159,-0.182779833852342,-0.182085943216473,-0.181396764479176,-0.180712253632533,-0.180032366977747,-0.179357061145523,-0.178686293114322,-0.178020020226604,-0.177358200203209,-0.17670079115599,-0.176047751598817,-0.175399040457069,-0.174754617075707,-0.174114441226058,-0.173478473111361,-0.172846673371217,-0.172219003084983,-0.171595423774224,-0.170975897404279,-0.17036038638502,-0.169748853570877,-0.169141262260181,-0.168537576193891,-0.167937759553764,-0.167341776960015,-0.166749593468515,-0.166161174567578,-0.165576486174378,-0.164995494631029,-0.164418166700383,-0.163844469561554,-0.163274370805221,-0.162707838428741,-0.162144840831073,-0.161585346807576,-0.161029325544674,-0.160476746614425,-0.159927579969011,-0.15938179593516,-0.158839365208536,-0.158300258848084,-0.157764448270372,-0.157231905243924,-0.156702601883564,-0.156176510644778,-0.155653604318106,-0.155133856023573,-0.154617239205163,-0.154103727625345,-0.15359329535966,-0.153085916791367,-0.152581566606163,-0.152080219786971,-0.151581851608806,-0.151086437633719,-0.150593953705827,-0.150104375946416,0,-0.270826433586644,-0.272341695219021,-0.273775993635871,-0.275136560879711,-0.276429854245133,-0.277657555243381,-0.27881838833973,-0.279910340998166,-0.280931692939128,-0.28188120120313,-0.282757952620677,-0.283561176332111,-0.284290130583501,-0.284944082883369,-0.285522361739322,-0.286024446376738,-0.286450063399841,-0.28679926803152,-0.287072497569489,-0.287270593376683,-0.287394793925132,-0.287446704974381,-0.287428254299681,-0.28734163813766,-0.287189265341433,-0.286973703670482,-0.286697631061345,-0.286363793357639,-0.285974968923962,-0.285533939843695,-0.285043468970163,-0.284506281904418,-0.283925052945039,-0.283302394135404,-0.282640846672027,-0.28194287409661,-0.28121085684909,-0.280447087894059,-0.279653769241034,-0.27883300925857,-0.277986820734893,-0.277117119667689,-0.276225724777684,-0.275314357739776,-0.274384644116223,-0.273438114962645,-0.272476209062379,-0.271500275730348,-0.270511578115488,-0.269511296921829,-0.268500534462929,-0.267480318962461,-0.266451609015103,-0.265415298125972,-0.264372219253194,-0.263323149286176,-0.262268813401191,-0.26120988924553,-0.260147010911208,-0.259080772668689,-0.258011732440061,-0.256940414999253,-0.255867314894183,-0.25479289909202,-0.253717609354031,-0.252641864350766,-0.251566061531682,-0.250490578765753,-0.249415775771276,-0.248341995354043,-0.247269564473427,-0.246198795155761,-0.245129985273885,-0.244063419210848,-0.24299936842468,-0.241938091929857,-0.240879836709755,-0.239824838072947,-0.238773319964764,-0.237725495244189,-0.236681565934732,-0.23564172345674,-0.234606148847352,-0.233575012973258,-0.232548476740403,-0.231526691303939,-0.230509798280893,-0.229497929967391,-0.228491209561647,-0.227489751393459,-0.226493661160512,-0.225503036171463,-0.22451796559548,-0.223538530717723,-0.222564805200046,-0.221596855346117,-0.22063474037003,-0.219678512667487,-0.218728218088537,-0.217783896210928,-0.216845580613101,-0.215913299145916,-0.214987074202226,-0.214066922983499,-0.213152857762714,-0.212244886142859,-0.211343011310387,-0.210447232283102,-0.209557544151964,-0.208673938316418,-0.207796402712868,-0.206924922036027,-0.206059477952891,-0.205200049309165,-0.20434661232801,-0.203499140801032,-0.202657606271474,-0.201821978209607,-0.20099222418036,-0.200168310003263,-0.199350199904788,-0.198537856663211,-0.197731241746154,-0.196930315440943,-0.196135036977977,-0.195345364647295,-0.194561255908537,-0.193782667494517,-0.193009555508617,-0.192241875516227,-0.191479582630461,-0.190722631592364,-0.189970976845845,-0.18922457260756,-0.188483372931972,-0.187747331771805,-0.18701640303411,-0.186290540632165,-0.185569698533406,-0.184853830803606,-0.184142891647493,-0.183436835445996,-0.182735616790317,-0.182039190513002,-0.181347511716185,-0.180660535797168,-0.179978218471512,-0.179300515793779,-0.178627384176075,-0.177958780404539,-0.177294661653913,-0.176634985500316,-0.17597970993235,-0.175328793360647,-0.174682194625972,-0.174039873005995,-0.173401788220807,-0.172767900437297,-0.172138170272472,-0.171512558795795,-0.170891027530628,-0.170273538454851,-0.169660054000734,-0.169050537054107,-0.168444950952919,-0.167843259485217,-0.167245426886611,-0.166651417837278,-0.166061197458542,-0.165474731309086,-0.164891985380825,-0.164312926094484,-0.163737520294919,-0.16316573524621,-0.162597538626551,-0.16203289852298,-0.161471783425958,-0.160914162223832,-0.160360004197205,-0.15980927901322,-0.159261956719797,-0.158718007739818,-0.158177402865293,-0.157640113251515,-0.157106110411216,-0.156575366208731,-0.156047852854194,-0.155523542897766,-0.155002409223898,-0.154484425045655,-0.153969563899087,-0.153457799637672,-0.152949106426818,-0.152443458738445,-0.151940831345641,-0.151441199317401,-0.150944538013446,-0.150450823079132,-0.149960030440444,-0.149472136299081,0,-0.271929060651425,-0.273402849588576,-0.274795746204422,-0.2761160666612,-0.277369561326543,-0.278556553298777,-0.279674991862691,-0.280722738914719,-0.281698288234301,-0.282600694669992,-0.283429300583149,-0.284183516608723,-0.284862725087253,-0.285466292944706,-0.285993653943643,-0.286444418540067,-0.286818478589806,-0.287116086420185,-0.287337899304613,-0.287484989204301,-0.287558823217392,-0.287561222806044,-0.287494310278858,-0.287360450004267,-0.287162190134351,-0.286902208756748,-0.286583266699039,-0.286208167854481,-0.285779726930185,-0.285300743913657,-0.284773984246902,-0.284202163611799,-0.283587936291833,-0.282933886220666,-0.282242520009279,-0.281516261426844,-0.280757446975282,-0.279968322332514,-0.279151039541257,-0.278307654889956,-0.277440127474255,-0.276550318446721,-0.275639990965234,-0.274710810841865,-0.273764347879044,-0.272802077862025,-0.271825385159043,-0.270835565864978,-0.269833831412138,-0.268821312563403,-0.267799063698628,-0.266768067304639,-0.265729238581889,-0.264683430086319,-0.263631436332535,-0.262573998293423,-0.261511807741215,-0.260445511385241,-0.259375714771712,-0.258302985920564,-0.257227858683311,-0.256150835813945,-0.255072391751893,-0.253992975122043,-0.252913010961713,-0.251832902688306,-0.250753033824269,-0.249673769498008,-0.248595457740623,-0.247518430598916,-0.246443005085101,-0.24536948398321,-0.244298156531346,-0.243229298997835,-0.242163175168053,-0.241100036757252,-0.240040123763247,-0.238983664771282,-0.237930877221935,-0.236881967651457,-0.235837131912584,-0.234796555382574,-0.233760413164063,-0.232728870283252,-0.231702081888994,-0.230680193455488,-0.229663340990563,-0.228651651250893,-0.227645241964924,-0.226644222063869,-0.225648691920723,-0.224658743596956,-0.223674461096316,-0.222695920624964,-0.221723190857062,-0.220756333204814,-0.219795402091922,-0.218840445229405,-0.217891503892694,-0.216948613198983,-0.216011802383811,-0.215081095075939,-0.214156509569609,-0.213238059093369,-0.212325752074698,-0.211419592399756,-0.210519579667635,-0.209625709438581,-0.20873797347573,-0.207856359979947,-0.206980853817451,-0.206111436739957,-0.205248087597127,-0.204390782541181,-0.203539495223573,-0.202694196983662,-0.201854857029386,-0.201021442609958,-0.20019391918064,-0.199372250559699,-0.198556399077652,-0.197746325718958,-0.196941990256296,-0.196143351377635,-0.195350366806275,-0.194562993414062,-0.193781187328011,-0.193004904030539,-0.192234098453547,-0.191468725066583,-0.19070873795932,-0.189954090918579,-0.189204737500137,-0.188460631095543,-0.187721724994193,-0.186987972440859,-0.186259326688917,-0.185535741049492,-0.184817168936711,-0.184103563909291,-0.183394879708658,-0.182691070293773,-0.181992089872883,-0.181297892932346,-0.180608434262724,-0.179923668982302,-0.179243552558194,-0.17856804082519,-0.17789709000249,-0.17723065670846,-0.176568697973549,-0.175911171251493,-0.17525803442892,-0.174609245833472,-0.173964764240562,-0.17332454887885,-0.172688559434553,-0.172056756054666,-0.171429099349188,-0.170805550392435,-0.170186070723509,-0.169570622346,-0.16895916772699,-0.168351669795419,-0.16774809193987,-0.167148398005835,-0.166552552292508,-0.165960519549154,-0.165372264971103,-0.164787754195406,-0.164206953296195,-0.163629828779782,-0.163056347579529,-0.162486477050526,-0.161920184964096,-0.161357439502166,-0.160798209251512,-0.16024246319792,-0.159690170720268,-0.159141301584553,-0.158595825937887,-0.158053714302461,-0.157514937569515,-0.156979466993304,-0.156447274185088,-0.155918331107147,-0.155392610066841,-0.154870083710706,-0.15435072501862,-0.153834507298015,-0.153321404178168,-0.152811389604562,-0.152304437833324,-0.151800523425744,-0.151299621242884,-0.15080170644027,-0.150306754462678,-0.149814741039011,-0.149325642177272,-0.14883943415963,0,-0.273027798635044,-0.274454845796759,-0.275801952994709,-0.277078936784253,-0.278290013245277,-0.279433793264228,-0.280507484638067,-0.281508932382674,-0.282436900803172,-0.283290736797267,-0.284069996438749,-0.284774220496514,-0.285402871449803,-0.285955386411421,-0.286431290327082,-0.286830322519268,-0.287152544535598,-0.287398412343033,-0.287568808203338,-0.287665035948017,-0.287688787929213,-0.287642093413524,-0.287527257598809,-0.287346798703318,-0.287103388431915,-0.28679979905312,-0.286438858592543,-0.286023414367271,-0.285556304247356,-0.285040334570079,-0.28447826346115,-0.283872788343655,-0.283226536561556,-0.282542058247543,-0.281821820780659,-0.281068204378753,-0.280283498538596,-0.279469899166023,-0.278629506329954,-0.277764322631446,-0.27687625220833,-0.275967100403974,-0.275038574122025,-0.274092282873066,-0.273129740498907,-0.272152367539101,-0.271161494184919,-0.270158363749959,-0.269144136574778,-0.268119894275634,-0.267086644244476,-0.266045324308344,-0.264996807460615,-0.263941906583476,-0.262881379089821,-0.261815931422784,-0.26074622336182,-0.259672872094925,-0.258596456027074,-0.257517518304645,-0.256436570044511,-0.255354093264278,-0.254270543516862,-0.253186352238138,-0.252101928820862,-0.251017662431419,-0.249933923588397,-0.248851065523523,-0.247769425346311,-0.24668932503393,-0.245611072267466,-0.244534961134934,-0.243461272720357,-0.242390275596863,-0.241322226240286,-0.240257369378194,-0.239195938287656,-0.238138155053475,-0.237084230797076,-0.236034365884749,-0.234988750122608,-0.233947562944321,-0.232910973596525,-0.231879141325827,-0.230852215570324,-0.229830336157832,-0.228813633512251,-0.227802228868976,-0.22679623449969,-0.225795753946539,-0.224800882265291,-0.22381170627688,-0.222828304826478,-0.221850749049151,-0.220879102640996,-0.219913422134655,-0.218953757178015,-0.218000150814961,-0.217052639767022,-0.216111254714828,-0.215176020578324,-0.214246956794764,-0.213324077593585,-0.212407392267313,-0.211496905437763,-0.210592617316865,-0.209694523961499,-0.208802617521854,-0.207916886482853,-0.207037315898285,-0.206163887617335,-0.205296580503296,-0.204435370644265,-0.203580231555722,-0.202731134374903,-0.201888048046964,-0.201050939502936,-0.200219773829533,-0.199394514430901,-0.19857512318242,-0.197761560576711,-0.196953785861995,-0.196151757173003,-0.19535543165463,-0.194564765578536,-0.19377971445293,-0.193000233125751,-0.192226275881497,-0.19145779653193,-0.190694748500902,-0.189937084903547,-0.189184758620083,-0.188437722364458,-0.187695928748082,-0.186959330338883,-0.186227879715913,-0.185501529519728,-0.184780232498766,-0.184063941551932,-0.183352609767605,-0.182646190459256,-0.181944637197886,-0.181247903841451,-0.180555944561477,-0.179868713867023,-0.17918616662615,-0.178508258085085,-0.17783494388519,-0.177166180077917,-0.176501923137863,-0.17584212997407,-0.175186757939677,-0.17453576484007,-0.173889108939607,-0.173246748967054,-0.172608644119815,-0.171974754067051,-0.171345038951788,-0.17071945939208,-0.170097976481329,-0.169480551787808,-0.168867147353483,-0.168257725692181,-0.16765224978717,-0.167050683088217,-0.16645298950816,-0.165859133419053,-0.165269079647942,-0.164682793472284,-0.164100240615087,-0.163521387239771,-0.162946199944819,-0.162374645758218,-0.161806692131746,-0.161242306935115,-0.160681458449998,-0.160124115363972,-0.159570246764385,-0.159019822132179,-0.158472811335671,-0.15792918462433,-0.157388912622538,-0.156851966323372,-0.156318317082409,-0.155787936611555,-0.155260796972933,-0.154736870572809,-0.154216130155587,-0.153698548797868,-0.153184099902581,-0.152672757193197,-0.152164494708021,-0.151659286794572,-0.151157108104054,-0.150657933585923,-0.150161738482543,-0.149668498323949,-0.149178188922695,-0.148690786368819,-0.148206267024893,0,-0.274114977856373,-0.275491051108315,-0.276789515008089,-0.278021212864038,-0.279187944160287,-0.280286470578676,-0.28131344129465,-0.282266846026339,-0.283145780347664,-0.283949868569094,-0.284678832200042,-0.285332290653504,-0.285909747716944,-0.286410689325542,-0.286834725783327,-0.28718172992098,-0.287451942383364,-0.287646032109392,-0.287765112302951,-0.287810719548796,-0.287784766925956,-0.287689482177336,-0.2875273404051,-0.287300998370075,-0.287013234979197,-0.286666900363259,-0.286264874266096,-0.285810033318949,-0.285305226101553,-0.284753254594442,-0.284156860595654,-0.283518715810538,-0.282841414545785,-0.28212746818944,-0.281379300898881,-0.280599246125825,-0.279789543771252,-0.278952337882,-0.278089674878277,-0.277203502344201,-0.276295668429287,-0.275367921905357,-0.274421912907433,-0.273459194364664,-0.272481224102596,-0.271489367574478,-0.270484901158961,-0.269469015945675,-0.26844282191935,-0.267407352447345,-0.266363568974231,-0.265312365829862,-0.264254575063353,-0.263190971223787,-0.262122276018558,-0.261049162791252,-0.259972260772314,-0.258892159066921,-0.25780941035511,-0.256724534288925,-0.255638020580071,-0.254550331779062,-0.253461905753163,-0.252373157875538,-0.251284482941926,-0.250196256834097,-0.249108837951242,-0.248022568431524,-0.246937775186417,-0.245854770770203,-0.244773854106317,-0.243695311091126,-0.242619415094419,-0.24154642737432,-0.2404765974227,-0.239410163255485,-0.238347351660528,-0.237288378414114,-0.236233448475532,-0.235182756167711,-0.234136485350516,-0.23309480959207,-0.232057892342335,-0.231025887112188,-0.229998937660351,-0.228977178189784,-0.227960733554499,-0.22694971947722,-0.225944242777843,-0.224944401612328,-0.223950285721325,-0.222961976687649,-0.221979548201544,-0.221003066332575,-0.220032589806898,-0.219068170288672,-0.218109852664328,-0.217157675328452,-0.216211670470107,-0.215271864358426,-0.214338277626434,-0.213410925552073,-0.212489818335558,-0.211574961372202,-0.210666355520001,-0.209763997361304,-0.20886787945802,-0.207977990599853,-0.20709431604518,-0.206216837754217,-0.205345534614214,-0.204480382656484,-0.203621355265108,-0.202768423377244,-0.201921555674989,-0.201080718768815,-0.200245877372601,-0.19941699447038,-0.198594031474874,-0.197776948377985,-0.19696570389341,-0.196160255591534,-0.195360560026845,-0.19456657285805,-0.193778248961149,-0.192995542535678,-0.192218407204386,-0.191446796106579,-0.190680661985387,-0.189919957269201,-0.189164634147545,-0.18841464464161,-0.187669940669714,-0.186930474107932,-0.186196196846118,-0.185467060839576,-0.184743018156589,-0.184024021022035,-0.183310021857311,-0.18260097331676,-0.181896828320816,-0.181197540086054,-0.18050306215233,-0.17981334840719,-0.179128353107733,-0.178448030900069,-0.177772336836547,-0.177101226390895,-0.176434655471422,-0.1757725804324,-0.175114958083777,-0.174461745699326,-0.173812901023354,-0.173168382276079,-0.172528148157773,-0.171892157851776,-0.171260371026469,-0.170632747836291,-0.170009248921882,-0.169389835409436,-0.168774468909316,-0.168163111514023,-0.167555725795561,-0.166952274802269,-0.166352722055166,-0.165757031543872,-0.165165167722136,-0.164577095503029,-0.163992780253836,-0.163412187790687,-0.162835284372965,-0.162262036697513,-0.161692411892686,-0.161126377512261,-0.160563901529238,-0.160004952329558,-0.159449498705747,-0.158897509850524,-0.158348955350371,-0.157803805179096,-0.157262029691405,-0.156723599616473,-0.156188486051566,-0.155656660455681,-0.15512809464325,-0.154602760777896,-0.154080631366254,-0.153561679251866,-0.153045877609153,-0.152533199937477,-0.152023620055278,-0.151517112094319,-0.151013650494013,-0.150513209995859,-0.150015765637973,-0.149521292749716,-0.149029766946441,-0.148541164124327,-0.148055460455333,-0.147572632382246,0,-0.275184452375522,-0.276505845674453,-0.277754220177512,-0.27893961420322,-0.280060582737392,-0.281112164334422,-0.282090760796372,-0.282994693001736,-0.283823436054701,-0.28457686173428,-0.285254801558913,-0.285856903480159,-0.286382680632877,-0.286831655397127,-0.287203526160498,-0.287498310534801,-0.287716441844146,-0.287858813189639,-0.287926774724463,-0.287922095566143,-0.287846903346281,-0.28770361325106,-0.287494855866326,-0.287223410197478,-0.286892145510816,-0.28650397345631,-0.286061810377838,-0.285568548755818,-0.285027036250122,-0.284440060688362,-0.283810339452509,-0.283140511953078,-0.282433134167755,-0.281690674508068,-0.280915510531861,-0.280109926225171,-0.27927610973043,-0.278416151501329,-0.277532042925487,-0.276625675482761,-0.275698840508908,-0.274753229619474,-0.27379043582438,-0.272811955335302,-0.271819190039675,-0.270813450589908,-0.269795960035873,-0.268767857913698,-0.267730204694643,-0.266683986493851,-0.265630119939615,-0.264569457108481,-0.263502790439277,-0.262430857549076,-0.261354345885351,-0.260273897160495,-0.25919011152681,-0.258103551461577,-0.257014745342495,-0.255924190703436,-0.254832357168861,-0.253739689072419,-0.252646607771028,-0.251553513670412,-0.250460787981382,-0.249368794228607,-0.248277879534946,-0.247188375705096,-0.246100600132174,-0.245014856550316,-0.243931435655254,-0.242850615613543,-0.241772662479476,-0.240697830537043,-0.239626362582463,-0.238558490161039,-0.237494433770321,-0.236434403039852,-0.235378596896171,-0.234327203720301,-0.233280401503545,-0.23223835800623,-0.231201230922945,-0.23016916805686,-0.22914230750489,-0.228120777854783,-0.227104698394579,-0.226094179334444,-0.225089322040455,-0.22409021927961,-0.223096955475094,-0.222109606970661,-0.221128242302864,-0.220152922479796,-0.219183701264969,-0.218220625464948,-0.217263735219407,-0.216313064292279,-0.215368640362772,-0.214430485315088,-0.213498615525738,-0.212573042147475,-0.211653771388943,-0.210740804789219,-0.209834139486533,-0.208933768480557,-0.208039680887697,-0.207151862188958,-0.206270294469994,-0.205394956653042,-0.20452582472052,-0.203662871930114,-0.202806069021246,-0.201955384412877,-0.201110784392628,-0.20027223329727,-0.199439693684646,-0.198613126497149,-0.197792491216882,-0.196977746012677,-0.19616884787916,-0.195365752768055,-0.19456841571197,-0.193776790940879,-0.192990831991555,-0.1922104918102,-0.191435722848533,-0.190666477153588,-0.189902706451482,-0.18914436222543,-0.188391395788236,-0.187643758349548,-0.186901401078105,-0.186164275159238,-0.185432331847863,-0.184705522517205,-0.183983798703474,-0.183267112146733,-0.182555414828164,-0.181848659003932,-0.181146797235878,-0.180449782419194,-0.179757567807302,-0.179070107034091,-0.178387354133701,-0.177709263557994,-0.177035790191893,-0.176366889366711,-0.175702516871634,-0.175042628963473,-0.174387182374819,-0.173736134320719,-0.173089442503993,-0.172447065119283,-0.171808960855946,-0.171175088899891,-0.170545408934433,-0.169919881140259,-0.169298466194583,-0.168681125269565,-0.168067820030055,-0.167458512630736,-0.166853165712724,-0.166251742399675,-0.165654206293462,-0.165060521469454,-0.164470652471472,-0.163884564306422,-0.163302222438684,-0.162723592784269,-0.162148641704785,-0.161577336001243,-0.161009642907725,-0.160445530084952,-0.159884965613767,-0.159327917988551,-0.158774356110605,-0.158224249281504,-0.157677567196447,-0.15713427993761,-0.15659435796753,-0.156057772122514,-0.155524493606095,-0.154994493982551,-0.154467745170471,-0.153944219436413,-0.153423889388618,-0.15290672797083,-0.152392708456186,-0.151881804441217,-0.15137398983993,-0.150869238878005,-0.150367526087089,-0.149868826299193,-0.149373114641205,-0.148880366529502,-0.148390557664677,-0.147903664026376,-0.147419661868242,-0.146938527712972,0,-0.276229989132531,-0.277494616603696,-0.278692748897554,-0.279831496988307,-0.280905607059595,-0.281908805012961,-0.282837645389975,-0.283690959275745,-0.284468621960219,-0.285170703488294,-0.285797083831566,-0.286347393066808,-0.286821130471703,-0.287217852390937,-0.287537356538891,-0.287779822520574,-0.287945893079519,-0.288036697464235,-0.288053827919184,-0.287999284091239,-0.28787539992228,-0.287684765112266,-0.287430149857689,-0.287114438217266,-0.286740572638769,-0.28631151009664,-0.285830188937358,-0.285299504798205,-0.284722293702735,-0.284101320490502,-0.283439270978414,-0.28273874657581,-0.282002260414669,-0.281232234366233,-0.280430996572623,-0.279600779318252,-0.278743717202513,-0.277861845659461,-0.276957099911951,-0.276031314457488,-0.275086223170869,-0.274123460083126,-0.273144560864288,-0.272150965004233,-0.271144018655201,-0.27012497807357,-0.269095013578592,-0.268055213932311,-0.26700659103756,-0.265950084849275,-0.26488656839736,-0.263816852826109,-0.262741692364759,-0.261661789155095,-0.26057779787446,-0.259490330105179,-0.258399958413844,-0.25730722011559,-0.256212620709167,-0.255116636978023,-0.254019719760668,-0.252922296400278,-0.251824772888793,-0.250727535724803,-0.249630953507358,-0.24853537828964,-0.247441146717344,-0.246348580976717,-0.245257989576753,-0.244169667989005,-0.243083899167149,-0.242000953966807,-0.240921091484316,-0.239844559331262,-0.238771593859675,-0.237702420350887,-0.236637253179239,-0.235576295960104,-0.234519741690074,-0.233467772885714,-0.232420561725948,-0.231378270201963,-0.230341050277482,-0.229309044061358,-0.228282383993671,-0.227261193045866,-0.226245584934931,-0.225235664351172,-0.224231527198827,-0.223233260848459,-0.222240944399899,-0.221254648954373,-0.220274437894354,-0.219300367169656,-0.218332485588265,-0.217370835110451,-0.216415451144725,-0.215466362844299,-0.214523593402771,-0.213587160347848,-0.212657075832024,-0.211733346919214,-0.210815975866476,-0.209904960400007,-0.209000293984753,-0.208101966087007,-0.207209962429524,-0.206324265238708,-0.205444853483557,-0.204571703106079,-0.203704787243019,-0.202844076438735,-0.201989538849175,-0.201141140436933,-0.200298845157394,-0.19946261513607,-0.198632410837204,-0.197808191223793,-0.196989913909204,-0.196177535300556,-0.195371010734097,-0.194570294602784,-0.193775340476323,-0.192986101213909,-0.192202529069936,-0.191424575792919,-0.190652192717931,-0.189885330852788,-0.189123940958281,-0.188367973622706,-0.187617379330964,-0.186872108528495,-0.186132111680302,-0.185397339325313,-0.184667742126333,-0.183943270915822,-0.183223876737732,-0.182509510885631,-0.181800124937319,-0.181095670786162,-0.180396100669335,-0.17970136719316,-0.179011423355749,-0.17832622256709,-0.177645718666789,-0.176969865939584,-0.176298619128825,-0.175631933448034,-0.174969764590697,-0.174312068738424,-0.173658802567585,-0.173009923254548,-0.172365388479637,-0.171725156429895,-0.171089185800764,-0.170457435796775,-0.169829866131324,-0.169206437025621,-0.168587109206894,-0.167971843905907,-0.167360602853862,-0.16675334827876,-0.166150042901257,-0.165550649930085,-0.164955133057081,-0.164363456451878,-0.163775584756284,-0.163191483078411,-0.162611116986577,-0.162034452503013,-0.161461456097418,-0.160892094680382,-0.160326335596705,-0.159764146618635,-0.159205495939055,-0.158650352164627,-0.158098684308923,-0.157550461785552,-0.157005654401299,-0.156464232349298,-0.155926166202235,-0.155391426905611,-0.154859985771063,-0.154331814469752,-0.153806885025828,-0.153285169809987,-0.152766641533104,-0.152251273239979,-0.151739038303166,-0.151229910416913,-0.150723863591212,-0.150220872145952,-0.149720910705183,-0.149223954191497,-0.148729977820521,-0.148238957095519,-0.147750867802121,-0.147265686003151,-0.146783388033583,-0.146303950495604,0,-0.277245555013227,-0.27845376326769,-0.279602633412954,-0.28069478080642,-0.281721085371807,-0.282674637259527,-0.28355257724319,-0.284354385771128,-0.285080319998628,-0.285730578981092,-0.286305026214687,-0.286803234108007,-0.287224675484161,-0.287568948652087,-0.287835969997371,-0.288026103262412,-0.288140219293852,-0.288179695126394,-0.288146368467031,-0.288042465096115,-0.287870514629789,-0.287633266360316,-0.287333612834819,-0.286974525239602,-0.286559001886937,-0.286090029222135,-0.285570553681395,-0.285003462261488,-0.284391569623993,-0.283737609782788,-0.283044230782325,-0.28231399117161,-0.281549357454278,-0.280752702014796,-0.279926301270527,-0.27907233397824,-0.27819287973846,-0.277289917803053,-0.276365326312718,-0.275420882083672,-0.274458261037136,-0.273479039329883,-0.272484695205631,-0.27147661155025,-0.27045607910161,-0.269424300239246,-0.268382393260509,-0.267331397038517,-0.266272275952364,-0.265205924980895,-0.264133174856726,-0.26305479718612,-0.261971509451618,-0.260883979827125,-0.259792831748564,-0.258698648196535,-0.25760197566022,-0.256503327763495,-0.255403188544743,-0.254302015390946,-0.253200241634225,-0.252098278825149,-0.250996518701825,-0.249895334877256,-0.248795084269645,-0.24769610830161,-0.246598733894612,-0.245503274284578,-0.244410029683765,-0.243319287812584,-0.242231324323434,-0.241146403136725,-0.240064776707267,-0.238986686237205,-0.237912361849604,-0.23684202273488,-0.235775877280394,-0.23471412319179,-0.233656947613077,-0.232604527251023,-0.231557028508111,-0.230514607627224,-0.229477410850201,-0.228445574591591,-0.227419225628226,-0.22639848130462,-0.225383449753758,-0.224374230132448,-0.223370912870102,-0.222373579929634,-0.22138230507898,-0.220397154171673,-0.219418185434854,-0.218445449763098,-0.217478991016461,-0.21651884632119,-0.215565046371642,-0.214617615732002,-0.213676573136531,-0.212741931787131,-0.211813699647176,-0.210891879730603,-0.209976470385437,-0.209067465570957,-0.208164855127879,-0.207268625040975,-0.206378757693684,-0.20549523211432,-0.204618024213605,-0.203747107013278,-0.202882450865654,-0.202024023664025,-0.201171791043886,-0.200325716574985,-0.199485761944281,-0.198651887129893,-0.197824050566191,-0.197002209300183,-0.196186319139411,-0.195376334791546,-0.19457220999593,-0.193773897647314,-0.192981349912034,-0.192194518336916,-0.191413353951159,-0.190637807361497,-0.1898678288409,-0.189103368411104,-0.188344375919255,-0.187590801108923,-0.18684259368578,-0.186099703378198,-0.185362079993029,-0.184629673466827,-0.183902433912758,-0.183180311663442,-0.182463257309952,-0.181751221737207,-0.181044156155969,-0.180342012131653,-0.179644741610154,-0.178952296940879,-0.178264630897165,-0.177581696694267,-0.176903448005077,-0.176229838973723,-0.17556082422722,-0.174896358885301,-0.174236398568558,-0.173580899405041,-0.172929818035415,-0.172283111616803,-0.171640737825416,-0.171002654858073,-0.170368821432705,-0.169739196787933,-0.169113740681804,-0.168492413389762,-0.167875175701932,-0.167261988919772,-0.166652814852176,-0.166047615811072,-0.16544635460658,-0.164848994541771,-0.164255499407084,-0.163665833474448,-0.163079961491131,-0.16249784867338,-0.161919460699861,-0.161344763704955,-0.160773724271917,-0.160206309425945,-0.159642486627168,-0.159082223763585,-0.158525489143972,-0.157972251490777,-0.157422479933018,-0.156876143999204,-0.156333213610282,-0.155793659072642,-0.155257451071166,-0.154724560662353,-0.15419495926752,-0.153668618666079,-0.153145510988909,-0.152625608711831,-0.152108884649169,-0.151595311947432,-0.151084864079094,-0.150577514836496,-0.150073238325854,-0.149572008961387,-0.149073801459567,-0.148578590833482,-0.148086352387319,-0.147597061710975,-0.147110694674772,-0.146627227424312,-0.146146636375427,-0.145668898209267,0,-0.278227406546387,-0.279380749640367,-0.280482172788591,-0.28152785056469,-0.282505410232036,-0.28340818222507,-0.284234295004403,-0.284983949458971,-0.285657721398072,-0.28625585221552,-0.286778124914395,-0.2872240243321,-0.287592996455405,-0.287884700180726,-0.288099197177037,-0.288237061098604,-0.288299410157119,-0.288287879297459,-0.288204552441953,-0.288051874209047,-0.28783255664801,-0.287549491738593,-0.287205675879119,-0.286804148938432,-0.286347947865488,-0.285840073269101,-0.285283466608865,-0.284680995450152,-0.284035444420239,-0.283349509887504,-0.282625796845412,-0.281866816934643,-0.281074986931664,-0.280252627347999,-0.279401961016553,-0.278525111695793,-0.27762410281149,-0.276700856493187,-0.275757193062841,-0.274794831108871,-0.273815388240655,-0.27282038257466,-0.27181123495985,-0.270789271910876,-0.26975572918516,-0.268711755915612,-0.267658419194343,-0.266596708994077,-0.265527543311961,-0.264451773424011,-0.263370189146374,-0.262283524010556,-0.261192460272851,-0.260097633692236,-0.258999638025319,-0.257899029200785,-0.256796329148725,-0.255692029271948,-0.254586593556572,-0.25348046132787,-0.252374049664359,-0.251267755488685,-0.250161957357904,-0.249057016978548,-0.247953280473518,-0.246851079428472,-0.245750731745255,-0.244652542329081,-0.243556803634877,-0.242463796096507,-0.241373788460659,-0.240287038045078,-0.23920379093868,-0.238124282158906,-0.237048735779604,-0.23597736504068,-0.234910372448947,-0.233847949877804,-0.232790278671872,-0.231737529761285,-0.230689863789103,-0.229647431254249,-0.228610372671447,-0.227578818748868,-0.22655289058354,-0.225532699874064,-0.224518349149755,-0.223509932015012,-0.222507533407479,-0.221511229868411,-0.220521089823527,-0.219537173872611,-0.218559535086093,-0.217588219306882,-0.216623265455768,-0.215664705838789,-0.214712566455051,-0.213766867303606,-0.212827622688068,-0.211894841517817,-0.210968527604697,-0.210048679954294,-0.209135293050938,-0.208228357135725,-0.207327858476938,-0.206433779632352,-0.205546099703012,-0.204664794578137,-0.203789837170923,-0.202921197645034,-0.202058843631707,-0.201202740437401,-0.200352851241993,-0.199509137287598,-0.198671558058083,-0.197840071449434,-0.197014633931125,-0.196195200698694,-0.195381725817746,-0.194574162359613,-0.193772462528935,-0.192976577783419,-0.192186458946058,-0.191402056310096,-0.190623319737018,-0.189850198747862,-0.189082642608144,-0.188320600406676,-0.18756402112858,-0.186812853722763,-0.186067047164148,-0.185326550510919,-0.184591312957057,-0.183861283880414,-0.183136412886588,-0.182416649848834,-0.181701944944246,-0.180992248686436,-0.180287511954931,-0.179587686021486,-0.178892722573524,-0.178202573734882,-0.177517192084059,-0.176836530670119,-0.176160543026427,-0.175489183182381,-0.174822405673265,-0.174160165548379,-0.173502418377588,-0.172849120256384,-0.172200227809613,-0.171555698193954,-0.170915489099272,-0.17027955874892,-0.169647865899116,-0.169020369837445,-0.16839703038059,-0.167777807871367,-0.167162663175116,-0.166551557675535,-0.165944453270009,-0.165341312364484,-0.164742097867955,-0.164146773186598,-0.163555302217611,-0.162967649342788,-0.162383779421871,-0.161803657785729,-0.161227250229369,-0.160654523004832,-0.160085442814,-0.159519976801322,-0.1589580925465,-0.158399758057148,-0.157844941761447,-0.157293612500802,-0.156745739522537,-0.156201292472619,-0.155660241388441,-0.155122556691667,-0.15458820918115,-0.154057170025934,-0.153529410758345,-0.153004903267175,-0.152483619790979,-0.15196553291147,-0.15145061554703,-0.150938840946335,-0.150430182682101,-0.149924614644949,-0.149422111037391,-0.148922646367942,-0.148426195445356,-0.147932733372986,-0.147442235543269,-0.146954677632339,-0.146470035594756,-0.145988285658368,-0.145509404319289,-0.145033368337,0,-0.279173702768408,-0.280274111592721,-0.281330304128541,-0.282329444055417,-0.283257233709206,-0.284108203277368,-0.284881771847009,-0.285578844073485,-0.286200206883691,-0.286746045817312,-0.287216005670429,-0.287609466961341,-0.287925861827955,-0.288164938613915,-0.28832693689346,-0.288412668079913,-0.288423516131415,-0.28836138137221,-0.288228591327942,-0.288027798883836,-0.287761882592915,-0.287433858350041,-0.287046806891469,-0.286603818067912,-0.286107950577893,-0.285562204641862,-0.28496950467651,-0.284332689127366,-0.283654505012775,-0.282937605256151,-0.282184547422266,-0.281397792958702,-0.280579706441137,-0.279732554620401,-0.278858505274659,-0.277959625994423,-0.277037883087894,-0.276095140805955,-0.275133161065561,-0.274153603810195,-0.273158028096771,-0.272147893947587,-0.271124564958806,-0.270089311616875,-0.269043315242842,-0.267987672462265,-0.26692340008499,-0.265851440273491,-0.264772665879629,-0.263687885836152,-0.262597850499686,-0.261503256855047,-0.260404753505376,-0.259302945387805,-0.258198398169374,-0.25709164229214,-0.255983176649403,-0.254873471886451,-0.253762973329027,-0.252652103550825,-0.251541264597751,-0.250430839891511,-0.249321195838483,-0.248212683171945,-0.24710563805673,-0.246000382985448,-0.244897227494755,-0.24379646872888,-0.242698391875931,-0.241603270500472,-0.240511366793717,-0.239422931760346,-0.238338205358689,-0.237257416608738,-0.236180783680313,-0.235108513971652,-0.23404080418686,-0.232977840418909,-0.231919798243393,-0.230866842826866,-0.229819129052444,-0.228776801664316,-0.227739995431998,-0.226708835334421,-0.225683436763376,-0.224663905745423,-0.22365033918094,-0.222642825098816,-0.221641442925025,-0.220646263763277,-0.219657350685829,-0.218674759032551,-0.217698536716371,-0.216728724533275,-0.215765356475113,-0.214808460043575,-0.213858056563794,-0.212914161496179,-0.211976784745179,-0.211045930963819,-0.21012159985298,-0.209203786454507,-0.208292481437358,-0.207387671376113,-0.206489339021283,-0.205597463560945,-0.204712020873332,-0.203832983770103,-0.202960322230076,-0.202094003623298,-0.201233992925392,-0.200380252922164,-0.199532744404522,-0.198691426353798,-0.197856256117605,-0.197027189576396,-0.196204181300927,-0.195387184700836,-0.194576152164599,-0.193771035191109,-0.192971784513158,-0.192178350213115,-0.191390681831082,-0.19060872846583,-0.189832438868822,-0.189061761531616,-0.188296644766953,-0.187537036783833,-0.186782885756853,-0.186034139890135,-0.185290747476075,-0.184552656949244,-0.183819816935664,-0.183092176297745,-0.182369684175138,-0.18165229002172,-0.180939943638983,-0.180232595206023,-0.179530195306355,-0.178832694951768,-0.178140045603402,-0.17745219919025,-0.176769108125259,-0.176090725319191,-0.175417004192429,-0.17474789868485,-0.174083363263946,-0.173423352931291,-0.172767823227523,-0.172116730235926,-0.171470030584763,-0.170827681448432,-0.170189640547575,-0.169555866148221,-0.168926317060055,-0.168300952633895,-0.167679732758458,-0.167062617856482,-0.16644956888028,-0.165840547306782,-0.16523551513212,-0.164634434865824,-0.164037269524665,-0.163443982626198,-0.162854538182046,-0.162268900690972,-0.161687035131757,-0.161108906955938,-0.160534482080427,-0.159963726880037,-0.159396608179945,-0.158833093248114,-0.158273149787696,-0.157716745929435,-0.157163850224082,-0.15661443163485,-0.156068459529908,-0.155525903674945,-0.15498673422579,-0.154450921721127,-0.15391843707529,-0.153389251571157,-0.152863336853151,-0.152340664920347,-0.151821208119696,-0.151304939139363,-0.150791831002194,-0.1502818570593,-0.149774990983776,-0.14927120676454,-0.148770478700308,-0.148272781393696,-0.147778089745456,-0.147286378948835,-0.146797624484072,-0.146311802113021,-0.1458288878739,-0.145348858076168,-0.144871689295533,-0.144397358369072,0,-0.280082899537113,-0.281133370307861,-0.282146434423452,-0.28309853705954,-0.283975410566516,-0.284773677791546,-0.285494195806382,-0.286138460735204,-0.286707325988418,-0.287200820097946,-0.287618404167943,-0.287959353684076,-0.288223113796951,-0.288409560415339,-0.288519147987779,-0.288552953851309,-0.288512643725192,-0.288400387072856,-0.288218748441447,-0.287970574912496,-0.287658892978314,-0.287286822029673,-0.286857506909266,-0.286374068795324,-0.285839571854098,-0.28525700232605,-0.284629256657037,-0.283959135662766,-0.283249342299417,-0.282502481250314,-0.2817210591315,-0.280907484616894,-0.280064068167262,-0.279193021317853,-0.278296455650543,-0.277376381666176,-0.276434707801498,-0.275473239821148,-0.274493680774584,-0.273497631653429,-0.272486592826128,-0.271461966270818,-0.270425058578333,-0.269377084657563,-0.268319172046069,-0.267252365709584,-0.266177633204101,-0.265095870072215,-0.264007905349955,-0.262914507069723,-0.261816387657933,-0.260714209141001,-0.259608588089447,-0.258500100246056,-0.257389284799613,-0.256276648280103,-0.255162668064097,-0.2540477954902,-0.252932458593654,-0.251817064476686,-0.250702001336849,-0.249587640179759,-0.248474336245239,-0.247362430177344,-0.246252248969057,-0.245144106711998,-0.244038305180259,-0.242935134275816,-0.241834872360903,-0.24073778650044,-0.239644132635181,-0.238554155703803,-0.237468089729733,-0.236386157886185,-0.235308572550675,-0.234235535358265,-0.233167237260924,-0.232103858598741,-0.231045569187243,-0.229992528423789,-0.228944885414928,-0.227902779125647,-0.226866338550672,-0.225835682907369,-0.224810921849253,-0.223792155698757,-0.222779475697604,-0.221772964272923,-0.220772695317139,-0.219778734479565,-0.21879113946765,-0.217809960355833,-0.216835239900023,-0.215867013855816,-0.21490531129866,-0.213950154944303,-0.213001561467977,-0.21205954182093,-0.211124101543029,-0.210195241070302,-0.209272956036434,-0.208357237567339,-0.207448072568065,-0.206545444001419,-0.20564933115777,-0.204759709915647,-0.203876552992777,-0.202999830187364,-0.20212950860942,-0.201265552902094,-0.200407925452955,-0.199556586595277,-0.198711494799409,-0.197872606854362,-0.197039878039773,-0.196213262288458,-0.195392712339766,-0.194578179883999,-0.193769615698164,-0.192966969773325,-0.192170191433878,-0.191379229449026,-0.190594032136783,-0.189814547460807,-0.189040723120378,-0.188272506633844,-0.187509845415825,-0.1867526868485,-0.186000978347269,-0.185254667421081,-0.184513701727726,-0.183778029124363,-0.183047597713551,-0.182322355885063,-0.181602252353711,-0.180887236193452,-0.180177256867984,-0.179472264258082,-0.178772208685861,-0.1780770409362,-0.177386712275499,-0.176701174467965,-0.17602037978961,-0.175344281040114,-0.174672831552723,-0.174005985202336,-0.173343696411902,-0.172685920157293,-0.172032611970745,-0.171383727943019,-0.17073922472436,-0.170099059524391,-0.16946319011102,-0.168831574808448,-0.168204172494388,-0.16758094259655,-0.166961845088476,-0.166346840484802,-0.165735889835997,-0.165128954722652,-0.164525997249369,-0.163926980038296,-0.163331866222369,-0.162740619438295,-0.162153203819316,-0.161569583987795,-0.160989725047662,-0.160413592576738,-0.159841152618983,-0.15927237167668,-0.158707216702583,-0.158145655092054,-0.157587654675211,-0.157033183709085,-0.156482210869836,-0.155934705245006,-0.155390636325849,-0.154849973999734,-0.15431268854264,-0.153778750611739,-0.153248131238096,-0.152720801819468,-0.152196734113229,-0.151675900229406,-0.151158272623854,-0.150643824091544,-0.150132527759997,-0.149624357082841,-0.149119285833508,-0.148617288099064,-0.148118338274178,-0.147622411055221,-0.147129481434513,-0.146639524694689,-0.146152516403215,-0.145668432407027,-0.145187248827304,-0.144708942054375,-0.144233488742749,-0.143760865806276,0,-0.280953195174075,-0.281958871145748,-0.282930245477727,-0.283834238627642,-0.284658954906322,-0.285403776399986,-0.286070952469862,-0.286662368445874,-0.287178775662141,-0.287619951800468,-0.287985146808245,-0.288273548584873,-0.288484655732296,-0.28861851751122,-0.288675842543857,-0.288658000695451,-0.288566951653248,-0.288405133156508,-0.288175335793327,-0.287880583217486,-0.287524028851933,-0.287108873835738,-0.286638306522427,-0.28611546113762,-0.285543391905332,-0.284925058646136,-0.284263320162594,-0.283560932361392,-0.282820548806065,-0.282044722114142,-0.28123590523299,-0.280396452117679,-0.279528617688092,-0.278634557174182,-0.27771632508855,-0.276775874117934,-0.275815054222109,-0.274835612189744,-0.273839191841779,-0.272827335006201,-0.271801483322191,-0.270762980872419,-0.26971307759302,-0.268652933372922,-0.267583622727987,-0.266506139919999,-0.26542140438455,-0.264330266333801,-0.263233512408046,-0.262131871262474,-0.261026018990859,-0.259916584304807,-0.258804153404577,-0.257689274494438,-0.256572461911453,-0.255454199850884,-0.254334945684009,-0.253215132874707,-0.25209517350978,-0.2509754604647,-0.249856369231358,-0.248738259437735,-0.2476214760913,-0.24650635057866,-0.245393201453689,-0.244282335045338,-0.2431740459146,-0.242068617188066,-0.240966320793082,-0.239867417616966,-0.238772157610143,-0.237680779850444,-0.236593512583334,-0.235510573250413,-0.234432168516387,-0.233358494302639,-0.232289735833743,-0.231226067701658,-0.230167653950908,-0.229114648186884,-0.228067193708338,-0.227025423664325,-0.225989461235111,-0.22495941983606,-0.223935403343017,-0.222917506337458,-0.22190581436938,-0.220900404235811,-0.219901344272718,-0.218908694658076,-0.217922507723891,-0.216942828275028,-0.215969693912783,-0.215003135361274,-0.214043176794816,-0.213089836164623,-0.212143125523302,-0.211203051345756,-0.210269614845265,-0.209342812283654,-0.208422635274601,-0.207509071079265,-0.206602102893542,-0.205701710126382,-0.204807868668705,-0.20392055115255,-0.203039727200205,-0.202165363663116,-0.201297424850486,-0.200435872747533,-0.199580667223404,-0.198731766228858,-0.197889125983826,-0.197052701155008,-0.196222445023736,-0.195398309644301,-0.194580245993032,-0.193768204108381,-0.192962133222316,-0.192161981883334,-0.191367698071392,-0.190579229305097,-0.189796522741461,-0.189019525268556,-0.188248183591401,-0.187482444311384,-0.186722253999554,-0.185967559264093,-0.185218306812269,-0.184474443507169,-0.183735916419519,-0.183002672874842,-0.182274660496265,-0.181551827243203,-0.1808341214462,-0.180121491838157,-0.179413887582181,-0.178711258296284,-0.178013554075139,-0.177320725509103,-0.176632723700691,-0.175949500278692,-0.1752710074101,-0.174597197810022,-0.173928024749719,-0.173263442062932,-0.172603404150628,-0.171947865984291,-0.171296783107897,-0.170650111638669,-0.170007808266734,-0.16936983025378,-0.168736135430802,-0.168106682195033,-0.167481429506143,-0.166860336881771,-0.166243364392477,-0.165630472656176,-0.1650216228321,-0.16441677661438,-0.163815896225256,-0.163218944408005,-0.162625884419606,-0.162036680023194,-0.161451295480335,-0.160869695543167,-0.160291845446428,-0.159717710899403,-0.159147258077826,-0.158580453615745,-0.158017264597382,-0.157457658549014,-0.156901603430874,-0.156349067629103,-0.155800019947771,-0.155254429600957,-0.154712266204929,-0.154173499770411,-0.153638100694959,-0.153106039755442,-0.152577288100652,-0.152051817244025,-0.151529599056503,-0.151010605759521,-0.150494809918132,-0.149982184434269,-0.149472702540149,-0.148966337791815,-0.148463064062827,-0.147962855538086,-0.147465686707803,-0.146971532361619,-0.146480367582849,-0.145992167742884,-0.145506908495715,-0.145024565772605,-0.144545115776892,-0.144068534978925,-0.143594800111129,-0.143123888163203,0,-0.28178331454449,-0.282751561615038,-0.283681492202256,-0.284535708521369,-0.285307013634772,-0.285997849671533,-0.286611609432441,-0.287150294198821,-0.287614378325165,-0.288003312915541,-0.28831613229508,-0.288551973439286,-0.288710441224113,-0.288791809544559,-0.288797080534838,-0.28872793972189,-0.288586647838802,-0.288375904692291,-0.2880987113062,-0.287758246851111,-0.287357768551345,-0.286900536622225,-0.28638976236666,-0.285828575491822,-0.285220005998717,-0.284566976169679,-0.283872298837453,-0.283138678977065,-0.282368716529691,-0.281564909137356,-0.280729654088122,-0.279865249231326,-0.278973892932853,-0.278057683324535,-0.277118617186949,-0.276158588818364,-0.275179389208197,-0.27418270577101,-0.273170122821932,-0.272143122897743,-0.271103088956969,-0.270051307431926,-0.268988972057777,-0.267917188369026,-0.26683697873171,-0.265749287768627,-0.264654988033377,-0.26355488579499,-0.262449726806397,-0.261340201945419,-0.260226952634492,-0.259110575963917,-0.257991629461854,-0.256870635471769,-0.255748085114058,-0.254624441822714,-0.253500144459984,-0.252375610021863,-0.251251235955141,-0.250127402112567,-0.249004472376778,-0.247882795986095,-0.24676270859646,-0.245644533113748,-0.244528580329787,-0.243415149393813,-0.242304528148954,-0.24119699336084,-0.240092810862794,-0.238992235639205,-0.237895511865977,-0.236802872924201,-0.23571454140063,-0.234630729086166,-0.23355163698135,-0.232477455315868,-0.231408363587349,-0.230344530623149,-0.229286114667548,-0.228233263495585,-0.2271861145539,-0.226144795128109,-0.225109422535675,-0.224080104342737,-0.223056938603008,-0.222040014116599,-0.221029410706475,-0.220025199510129,-0.219027443284081,-0.218036196718789,-0.217051506761655,-0.216073412945894,-0.215101947723151,-0.214137136797902,-0.213178999461819,-0.212227548926426,-0.21128279265255,-0.210344732675215,-0.209413365922791,-0.208488684529358,-0.207570676139386,-0.206659324203977,-0.205754608268034,-0.204856504247843,-0.203964984698679,-0.203080019072112,-0.202201573962823,-0.201329613344799,-0.20046409879684,-0.199604989717419,-0.198752243528932,-0.197905815871491,-0.197065660786408,-0.196231730889581,-0.19540397753502,-0.194582350968765,-0.1937668004735,-0.192957274504151,-0.192153720814788,-0.191356086577154,-0.190564318491168,-0.189778362887719,-0.188998165824103,-0.188223673172441,-0.1874548307014,-0.186691584151576,-0.185933879304827,-0.185181662047911,-0.184434878430717,-0.183693474719406,-0.182957397444743,-0.18222659344592,-0.181501009910123,-0.180780594408133,-0.180065294926192,-0.179355059894383,-0.178649838211767,-0.177949579268479,-0.177254232965015,-0.17656374972889,-0.175878080528875,-0.175197176886984,-0.174520990888383,-0.173849475189385,-0.173182583023683,-0.172520268206964,-0.171862485140038,-0.17120918881061,-0.170560334793818,-0.169915879251642,-0.169275778931294,-0.168639991162688,-0.168008473855067,-0.167381185492903,-0.166758085131108,-0.166139132389668,-0.165524287447745,-0.164913511037317,-0.164306764436417,-0.16370400946202,-0.16310520846264,-0.16251032431066,-0.161919320394467,-0.161332160610403,-0.160748809354591,-0.160169231514649,-0.159593392461338,-0.159021258040156,-0.158452794562921,-0.157887968799341,-0.15732674796862,-0.156769099731087,-0.156214992179891,-0.155664393832765,-0.15511727362386,-0.154573600895693,-0.154033345391175,-0.153496477245775,-0.15296296697978,-0.152432785490704,-0.151905904045809,-0.151382294274776,-0.150861928162512,-0.150344778042093,-0.149830816587865,-0.149320016808679,-0.148812352041287,-0.148307795943874,-0.147806322489747,-0.14730790596117,-0.146812520943347,-0.14632014231855,-0.145830745260395,-0.145344305228261,-0.144860797961848,-0.144380199475882,-0.143902486054949,-0.143427634248469,-0.142955620865807,-0.142486422971504,0,-0.282574694001902,-0.283512700504888,-0.2843998193382,-0.285202106396069,-0.285918857546787,-0.286555420875271,-0.287115901460637,-0.287602102354412,-0.28801405953078,-0.288350849974862,-0.288611314480258,-0.288794594734983,-0.288900464983697,-0.288929477850804,-0.288882965899506,-0.288762948135346,-0.288571987157951,-0.288313032801732,-0.287989276291495,-0.287604028126021,-0.287160624525774,-0.286662361659142,-0.286112453676768,-0.285514009253661,-0.284870021253034,-0.284183364762854,-0.283456799724863,-0.282692975413653,-0.281894434973683,-0.281063619006917,-0.280202867798452,-0.279314422179908,-0.278400423285479,-0.27746291158568,-0.276503825621393,-0.275525000835334,-0.274528168834048,-0.273514957330205,-0.272486890926476,-0.271445392818242,-0.270391787419016,-0.269327303852736,-0.268253080212356,-0.267170168453811,-0.266079539777286,-0.264982090341781,-0.263878647162178,-0.262769974048122,-0.261656777459081,-0.260539712168062,-0.259419386646138,-0.258296368099833,-0.257171187112689,-0.25604434186009,-0.254916301882363,-0.25378751141487,-0.252658392285243,-0.251529346397041,-0.250400757826062,-0.249272994560508,-0.248146409919341,-0.247021343684847,-0.245898122985698,-0.244777062966149,-0.243658467275443,-0.242542628409378,-0.241429827933417,-0.240320336613906,-0.239214414481004,-0.238112310843958,-0.237014264276441,-0.235920502586888,-0.234831242786172,-0.233746691062563,-0.23266704277175,-0.231592482447792,-0.23052318383916,-0.229459309972577,-0.228401013246145,-0.227348435552182,-0.226301708429362,-0.225260953243074,-0.224226281392374,-0.223197794541523,-0.22217558487381,-0.221159735365181,-0.220150320075093,-0.219147404451982,-0.218151045650746,-0.217161292859729,-0.216178187634787,-0.215201764238141,-0.214232049979879,-0.213269065560123,-0.212312825410063,-0.211363338030199,-0.210420606324335,-0.209484627928023,-0.208555395530324,-0.207632897187887,-0.206717116630542,-0.205808033557675,-0.204905623924857,-0.204009860220243,-0.203120711730423,-0.202238144795487,-0.201362123053129,-0.200492607671749,-0.19962955757253,-0.198772929640568,-0.19792267892516,-0.197078758829426,-0.196241121289467,-0.195409716943299,-0.194584495289834,-0.193765404838207,-0.192952393247747,-0.192145407458939,-0.1913443938157,-0.190549298179322,-0.189760066034428,-0.188976642587303,-0.188198972856937,-0.18742700175914,-0.186660674184075,-0.18589993506754,-0.185144729456341,-0.184395002568068,-0.183650699845608,-0.182911767006683,-0.182178150088719,-0.181449795489327,-0.180726650002675,-0.180008660852012,-0.179295775718592,-0.178587942767248,-0.177885110668841,-0.177187228619803,-0.176494246358983,-0.175806114181998,-0.175122782953268,-0.174444204115921,-0.173770329699728,-0.173101112327236,-0.172436505218234,-0.171776462192708,-0.171120937672397,-0.1704698866811,-0.169823264843819,-0.16918102838487,-0.168543134125056,-0.167909539477985,-0.167280202445641,-0.166655081613271,-0.166034136143681,-0.16541732577099,-0.164804610793929,-0.164195952068733,-0.163591311001685,-0.162990649541362,-0.162393930170628,-0.161801115898429,-0.161212170251408,-0.160627057265408,-0.160045741476857,-0.159468187914101,-0.158894362088695,-0.158324229986672,-0.157757758059832,-0.15719491321705,-0.156635662815633,-0.156079974652746,-0.155527816956905,-0.154979158379574,-0.15443396798685,-0.153892215251268,-0.153353870043729,-0.152818902625545,-0.152287283640634,-0.151758984107838,-0.151233975413399,-0.150712229303573,-0.150193717877404,-0.149678413579641,-0.149166289193812,-0.148657317835463,-0.148151472945533,-0.147648728283906,-0.147149057923099,-0.146652436242118,-0.146158837920458,-0.145668237932257,-0.145180611540603,-0.144695934291979,-0.144214182010866,-0.143735330794476,-0.143259357007634,-0.142786237277795,-0.142315948490191,-0.141848467783119,0,-0.283330891940077,-0.284243445960922,-0.285084622205501,-0.285832578192938,-0.286493888146909,-0.28707618243355,-0.287583715068139,-0.288017772965981,-0.28837782547554,-0.288662564262825,-0.28887068689563,-0.289001412727856,-0.289054755762108,-0.289031601187361,-0.288933643988369,-0.288763247471138,-0.288523269797199,-0.288216892740088,-0.287847473084791,-0.287418425801691,-0.286933140174431,-0.286394925272899,-0.285806978888538,-0.285172373523518,-0.284494053560421,-0.283774838803881,-0.283017430813877,-0.28222441961766,-0.281398289375926,-0.28054142234454,-0.27965610101716,-0.278744508682981,-0.277808728824601,-0.276850743853012,-0.275872433666029,-0.27487557445352,-0.273861838081767,-0.272832792288153,-0.271789901818533,-0.27073453055127,-0.269667944578343,-0.268591316157036,-0.26750572840552,-0.266412180590763,-0.265311593845704,-0.264204817152202,-0.26309263343428,-0.261975765620566,-0.260854882553172,-0.25973060464097,-0.258603509176667,-0.257474135258112,-0.256342988274034,-0.255210543932228,-0.254077251823806,-0.2529435385302,-0.251809810290238,-0.250676455252818,-0.249543845346676,-0.248412337802731,-0.247282276366706,-0.24615399224049,-0.245027804790249,-0.243904022057877,-0.242782941110295,-0.241664848258425,-0.240550019174754,-0.239438718935237,-0.238331202008121,-0.237227712209143,-0.236128482639522,-0.235033735620368,-0.233943682634503,-0.232858524284344,-0.231778450272372,-0.230703639408872,-0.229634259650014,-0.228570468168001,-0.227512411453845,-0.226460225452408,-0.225414035728596,-0.224373957662995,-0.223340096674821,-0.222312548469696,-0.221291399309614,-0.220276726302299,-0.219268597707123,-0.218267073254804,-0.217272204478135,-0.216284035051118,-0.215302601134038,-0.214327931722134,-0.213360048995718,-0.212398968669777,-0.211444700341272,-0.210497247832526,-0.209556609529291,-0.208622778712253,-0.207695743880887,-0.206775489068763,-0.205861994149531,-0.204955235132954,-0.204055184450497,-0.20316181123009,-0.20227508155979,-0.201394958740161,-0.200521403525291,-0.199654374352415,-0.198793827560219,-0.197939717595916,-0.197091997211273,-0.19625061764779,-0.195415528811286,-0.194586679436151,-0.193764017239585,-0.192947489066141,-0.192137041022908,-0.191332618605684,-0.190534166816507,-0.189741630272901,-0.188954953309207,-0.188174080070359,-0.187398954598487,-0.186629520912674,-0.18586572308226,-0.185107505294009,-0.18435481191349,-0.183607587541,-0.182865777062347,-0.182129325694803,-0.181398179028513,-0.180672283063673,-0.179951584243713,-0.179236029484782,-0.178525566201769,-0.177820142331104,-0.177119706350556,-0.176424207296269,-0.175733594777218,-0.175047818987287,-0.174366830715158,-0.173690581352181,-0.173019022898389,-0.172352107966808,-0.171689789786214,-0.171032022202477,-0.170378759678598,-0.169729957293589,-0.169085570740281,-0.168445556322184,-0.167809870949478,-0.167178472134246,-0.166551317985015,-0.165928367200689,-0.165309579063959,-0.164694913434233,-0.164084330740165,-0.163477791971845,-0.162875258672675,-0.16227669293102,-0.161682057371637,-0.161091315146954,-0.160504429928224,-0.159921365896578,-0.159342087734031,-0.15876656061445,-0.158194750194511,-0.157626622604685,-0.157062144440245,-0.156501282752342,-0.155944005039146,-0.155390279237074,-0.154840073712119,-0.154293357251289,-0.153750099054168,-0.153210268724602,-0.152673836262528,-0.152140772055942,-0.151611046873014,-0.151084631854362,-0.150561498505472,-0.150041618689286,-0.149524964618944,-0.14901150885069,-0.148501224276941,-0.147994084119518,-0.147490061923041,-0.146989131548479,-0.146491267166868,-0.145996443253187,-0.145504634580385,-0.145015816213571,-0.14452996350435,-0.144047052085315,-0.143567057864686,-0.143089957021088,-0.142615725998481,-0.142144341501222,-0.141675780489262,-0.141210020173486,0,-0.284057197089114,-0.284944403099893,-0.285734975560424,-0.286426279880603,-0.287031655880705,-0.287559993020322,-0.288015071221849,-0.28839737889483,-0.288705740708342,-0.288938493423406,-0.289094269372006,-0.289172452778797,-0.28917337137314,-0.289098293178819,-0.288949300263117,-0.288729102647105,-0.288440840072501,-0.288087902187114,-0.287673782737896,-0.287201972256937,-0.286675886659464,-0.286098825486841,-0.285473952284407,-0.284804289903863,-0.284092724642085,-0.28334201456272,-0.282554798772508,-0.281733605665281,-0.28088085912912,-0.279998882426184,-0.279089899926588,-0.278156037150128,-0.277199319689825,-0.276221671603471,-0.275224913801491,-0.274210762861908,-0.273180830588676,-0.272136624514311,-0.271079549442108,-0.270010910033325,-0.268931914373471,-0.267843678399589,-0.26674723103614,-0.265643519868605,-0.264533417178703,-0.263417726170337,-0.262297187228423,-0.261172484071124,-0.260044249677543,-0.258913071895927,-0.257779498660328,-0.256644042765556,-0.255507186170189,-0.254369383815061,-0.253231066959625,-0.252092646050888,-0.250954513149262,-0.249817043942849,-0.248680599386589,-0.247545527005645,-0.246412161903677,-0.2452808275165,-0.244151836150419,-0.243025489342455,-0.241902078076975,-0.240781882890177,-0.239665173890557,-0.238552210720065,-0.237443242477332,-0.236338507621037,-0.235238233868458,-0.234142638101391,-0.233051926289042,-0.231966293435178,-0.230885923554809,-0.229810989683884,-0.228741653924008,-0.227678067522904,-0.226620370990317,-0.225568694248235,-0.224523156813627,-0.223483868011436,-0.222450927215174,-0.221424424112279,-0.220404438991221,-0.219391043047307,-0.218384298704162,-0.217384259947928,-0.216390972671327,-0.215404475024911,-0.214424797772953,-0.213451964651661,-0.212485992727556,-0.211526892754079,-0.210574669524688,-0.209629322220884,-0.208690844753826,-0.207759226098347,-0.206834450618377,-0.205916498382924,-0.205005345471924,-0.204100964271419,-0.203203323757615,-0.202312389769526,-0.201428125269998,-0.200550490594987,-0.199679443691075,-0.198814940341259,-0.197956934379118,-0.197105377891532,-0.196260221410151,-0.195421414091864,-0.194588903888568,-0.193762637706529,-0.192942561555683,-0.192128620689219,-0.191320759733822,-0.190518922810932,-0.189723053649412,-0.188933095690002,-0.188148992181937,-0.187370686272122,-0.186598121087213,-0.185831239809005,-0.185069985743463,-0.184314302383757,-0.183564133467648,-0.182819423029555,-0.182080115447618,-0.181346155486074,-0.180617488333242,-0.179894059635401,-0.179175815526839,-0.178462702656322,-0.177754668210254,-0.177051659932737,-0.176353626142783,-0.175660515748874,-0.174972278261076,-0.174288863800903,-0.173610223109105,-0.172936307551556,-0.172267069123394,-0.171602460451572,-0.170942434795954,-0.170286946049091,-0.169635948734803,-0.168989398005674,-0.168347249639581,-0.167709460035342,-0.16707598620759,-0.166446785780952,-0.165821816983612,-0.165201038640343,-0.164584410165061,-0.163971891552981,-0.163363443372421,-0.162759026756315,-0.162158603393481,-0.161562135519696,-0.160969585908606,-0.160380917862524,-0.159796095203144,-0.1592150822622,-0.158637843872101,-0.158064345356569,-0.157494552521303,-0.156928431644686,-0.156365949468562,-0.155807073189083,-0.155251770447668,-0.154700009322053,-0.154151758317476,-0.153606986357985,-0.15306566277788,-0.152527757313315,-0.151993240094036,-0.151462081635284,-0.150934252829863,-0.150409724940361,-0.149888469591549,-0.14937045876294,-0.148855664781524,-0.148344060314672,-0.1478356183632,-0.147330312254621,-0.146828115636548,-0.146329002470272,-0.145832947024508,-0.145339923869297,-0.144849907870075,-0.144362874181896,-0.143878798243819,-0.143397655773438,-0.142919422761568,-0.142444075467078,-0.141971590411866,-0.141501944375976,-0.141035114392852,-0.140571077744725,0,-0.284759231852518,-0.28561524296264,-0.286349647395107,-0.286982432885096,-0.287531883623832,-0.288006872099734,-0.288410105154966,-0.288741061796064,-0.288997906519118,-0.289178694965431,-0.289282097104133,-0.289307759143007,-0.289256395828007,-0.289129701371098,-0.288930160082813,-0.288660821650398,-0.288325085543851,-0.28792651961352,-0.287468722671422,-0.286955230587517,-0.286389459661493,-0.285774678650901,-0.285114000685211,-0.284410387397317,-0.283666659249132,-0.282885507756818,-0.282069506873748,-0.281221122046393,-0.280342716391787,-0.279436554078403,-0.278504801373978,-0.277549526010582,-0.276572695563459,-0.275576175493217,-0.274561727398869,-0.273531007901046,-0.27248556844098,-0.271426856155435,-0.2703562158788,-0.269274893235149,-0.268184038716464,-0.267084712597303,-0.265977890509068,-0.264864469485649,-0.263745274293638,-0.262621063871372,-0.261492537718959,-0.260360342103654,-0.259225075969372,-0.258087296464017,-0.256947524022402,-0.255806246964828,-0.254663925591295,-0.25352099576845,-0.252377872020567,-0.251234950147159,-0.250092609398372,-0.248951214245326,-0.247811115786368,-0.246672652832086,-0.245536152712184,-0.244401931846364,-0.243270296119332,-0.242141541097351,-0.241015952120572,-0.239893804301834,-0.238775362459047,-0.237660881004606,-0.236550603811777,-0.235444764074679,-0.234343584175352,-0.233247275568612,-0.232156038692841,-0.231070062912621,-0.229989526497206,-0.228914596637135,-0.227845429499923,-0.226782170324603,-0.225724953553988,-0.224673903002768,-0.223629132059051,-0.222590743916507,-0.221558831834074,-0.220533479419971,-0.219514760936739,-0.218502741624034,-0.217497478035974,-0.216499018389947,-0.21550740292397,-0.214522664259855,-0.213544827769632,-0.212573911942915,-0.211609928753092,-0.210652884020427,-0.209702777770418,-0.208759604585892,-0.207823353951591,-0.206894010590121,-0.20597155478836,-0.205055962713545,-0.204147206718453,-0.203245255635169,-0.202350075057118,-0.20146162760911,-0.200579873205262,-0.199704769294753,-0.198836271095438,-0.197974331815431,-0.197118902862804,-0.196269934043628,-0.195427373748596,-0.194591169128539,-0.193761266259134,-0.192937610295169,-0.192120145614723,-0.191308815953629,-0.190503564530634,-0.189704334163621,-0.188911067377314,-0.188123706502848,-0.187342193769617,-0.186566471389767,-0.185796481635744,-0.185032166911253,-0.184273469816013,-0.183520333204646,-0.182772700240071,-0.182030514441714,-0.181293719728871,-0.180562260459534,-0.179836081464967,-0.179115128080331,-0.178399346171619,-0.177688682159165,-0.176983083037972,-0.176282496395096,-0.175586870424299,-0.174896153938196,-0.174210296378081,-0.173529247821621,-0.172852958988603,-0.172181381244891,-0.171514466604749,-0.170852167731681,-0.170194437937923,-0.169541231182708,-0.168892502069438,-0.168248205841854,-0.167608298379332,-0.166972736191374,-0.166341476411406,-0.165714476789959,-0.1650916956873,-0.164473092065599,-0.163858625480686,-0.163248256073462,-0.162641944561028,-0.16203965222756,-0.161441340915004,-0.160846973013613,-0.160256511452378,-0.159669919689377,-0.159087161702079,-0.158508201977644,-0.157933005503215,-0.157361537756264,-0.156793764694974,-0.156229652748715,-0.155669168808592,-0.155112280218111,-0.154558954763958,-0.154009160666914,-0.153462866572898,-0.15292004154417,-0.152380655050686,-0.151844676961608,-0.151312077536991,-0.150782827419628,-0.15025689762708,-0.149734259543873,-0.149214884913874,-0.148698745832848,-0.148185814741186,-0.147676064416819,-0.147169467968302,-0.146665998828078,-0.146165630745912,-0.145668337782501,-0.145174094303253,-0.144682874972227,-0.144194654746251,-0.143709408869187,-0.143227112866365,-0.142747742539167,-0.142271273959764,-0.141797683466007,-0.141326947656452,-0.140859043385538,-0.140393947758894,-0.13993163812879,0,-0.285441848342027,-0.286254514987067,-0.286927200934452,-0.2875004002,-0.287994488358568,-0.288416989044702,-0.28876904272183,-0.289049007351703,-0.289254440611769,-0.289383232174501,-0.289434212460668,-0.289407391299426,-0.289303938507476,-0.289126007723248,-0.2888764893675,-0.288558755655321,-0.288176436253219,-0.287733242593689,-0.287232844201698,-0.286678791579926,-0.286074476057236,-0.285423116058947,-0.284727760197441,-0.283991299419138,-0.283216482522102,-0.282405931293454,-0.281562153120618,-0.280687550146944,-0.279784424887092,-0.278854982745133,-0.277901332156349,-0.276925483169226,-0.27592934525621,-0.274914725038554,-0.273883324468737,-0.27283673986006,-0.271776462004976,-0.270703877492457,-0.269620271226032,-0.268526830060136,-0.26742464741247,-0.266314728672144,-0.265197997204253,-0.264075300747925,-0.262947418013086,-0.261815065298085,-0.2606789029729,-0.259539541698373,-0.258397548278857,-0.257253451072102,-0.256107744905066,-0.254960895466741,-0.253813343168622,-0.252665506479793,-0.251517784756791,-0.250370560598566,-0.249224201764143,-0.248079062695423,-0.246935485690137,-0.245793801770783,-0.244654331294665,-0.243517384348294,-0.242383260966709,-0.241252251214951,-0.240124635165257,-0.239000682799651,-0.237880653863742,-0.236764797693714,-0.235653353034884,-0.234546547866806,-0.233444599246839,-0.23234771318128,-0.231256084530752,-0.230169896954347,-0.229089322895244,-0.228014523608943,-0.226945649234013,-0.225882838904215,-0.22482622090005,-0.223775912837188,-0.22273202188877,-0.221694645038298,-0.220663869359616,-0.219639772320466,-0.218622422106052,-0.217611877959154,-0.216608190533471,-0.215611402257,-0.21462154770249,-0.213638653962213,-0.212662741024514,-0.211693822149843,-0.210731904244215,-0.209776988228236,-0.208829069400102,-0.207888137791162,-0.20695417851284,-0.206027172093901,-0.205107094807234,-0.204193918985467,-0.203287613324889,-0.202388143177285,-0.201495470829413,-0.200609555769965,-0.199730354943931,-0.198857822994403,-0.197991912491896,-0.197132574151355,-0.196279757037056,-0.195433408755663,-0.194593475637737,-0.193759902908033,-0.192932634844946,-0.192111614929473,-0.191296785984095,-0.190488090301982,-0.189685469766927,-0.188888865964427,-0.188098220284331,-0.187313474015455,-0.186534568432587,-0.185761444876267,-0.184994044825757,-0.184232309965557,-0.183476182245866,-0.182725603937331,-0.18198051768045,-0.181240866529944,-0.180506593994442,-0.179777644071781,-0.179053961280213,-0.178335490685807,-0.177622177926319,-0.176913969231782,-0.176210811442054,-0.175512652021568,-0.174819439071492,-0.174131121339507,-0.173447648227402,-0.172768969796655,-0.172095036772195,-0.171425800544483,-0.170761213170078,-0.170101227370819,-0.169445796531768,-0.168794874698023,-0.168148416570531,-0.167506377500988,-0.166868713485949,-0.166235381160219,-0.165606337789628,-0.16498154126325,-0.164360950085163,-0.163744523365785,-0.163132220812889,-0.162524002722307,-0.161919829968421,-0.161319663994448,-0.160723466802596,-0.160131200944105,-0.159542829509224,-0.158958316117155,-0.158377624905983,-0.157800720522633,-0.157227568112868,-0.156658133311352,-0.1560923822318,-0.155530281457225,-0.154971798030304,-0.15441689944387,-0.153865553631547,-0.153317728958537,-0.152773394212555,-0.152232518594942,-0.151695071711944,-0.15116102356616,-0.150630344548182,-0.150103005428408,-0.149578977349043,-0.149058231816285,-0.148540740692695,-0.14802647618976,-0.147515410860631,-0.147007517593055,-0.146502769602485,-0.146001140425373,-0.145502603912639,-0.145007134223323,-0.144514705818403,-0.144025293454788,-0.143538872179479,-0.143055417323893,-0.142574904498346,-0.142097309586696,-0.141622608741141,-0.141150778377161,-0.14068179516861,-0.140215636042953,-0.139752278176636,-0.139291698990591,0,-0.286107738322189,-0.286859703373794,-0.287466170110445,-0.28797976827526,-0.288419594128007,-0.28879064477226,-0.289092173318829,-0.28932142042958,-0.289475458761139,-0.289552162914569,-0.289550659757321,-0.289471422814498,-0.289316135216135,-0.289087430307633,-0.288788595896445,-0.288423299355605,-0.287995363915534,-0.287508605945867,-0.286966729870195,-0.28637327052704,-0.285731570511345,-0.285044780562194,-0.284315873032151,-0.283547660941867,-0.28274281752455,-0.281903893209446,-0.281033328575604,-0.280133462929856,-0.279206538885043,-0.278254703716987,-0.277280008444249,-0.276284405577374,-0.275269746384864,-0.27423777836845,-0.273190143464408,-0.272128377313839,-0.271053909787585,-0.269968066818819,-0.268872073491487,-0.26776705825583,-0.266654058090948,-0.265534024405585,-0.264407829458073,-0.263276273080749,-0.262140089509292,-0.260999954139926,-0.259856490064394,-0.258710274261465,-0.257561843352758,-0.256411698858225,-0.255260311911868,-0.254108127420445,-0.252955567666703,-0.251803035374069,-0.250650916261674,-0.249499581127399,-0.248349387502651,-0.247200680926029,-0.24605379588448,-0.244909056470213,-0.243766776799987,-0.242627261240691,-0.241490804481771,-0.240357691491146,-0.239228197387183,-0.238102587255119,-0.236981115932182,-0.235864027781752,-0.234751556473207,-0.233643924780724,-0.232541344411245,-0.231444015869125,-0.230352128362615,-0.229265859755319,-0.228185376564055,-0.227110834003142,-0.226042376073994,-0.224980135698024,-0.223924234890141,-0.222874784969657,-0.221831886805071,-0.220795631088991,-0.21976609863937,-0.218743360723235,-0.21772747939915,-0.21671850787482,-0.215716490876371,-0.214721465026108,-0.213733459225737,-0.212752495042299,-0.211778587094337,-0.21081174343602,-0.209851965937245,-0.208899250657942,-0.207953588215064,-0.207014964140929,-0.206083359231827,-0.205158749885955,-0.204241108429941,-0.20333040343337,-0.202426600010874,-0.201529660111474,-0.200639542794987,-0.199756204495407,-0.198879599271257,-0.198009679043023,-0.197146393817785,-0.196289691901302,-0.195439520097779,-0.194595823897649,-0.193758547653706,-0.192927634745948,-0.192103027735541,-0.191284668508299,-0.190472498408113,-0.189666458360746,-0.188866488988434,-0.188072530715721,-0.18728452386697,-0.186502408755958,-0.185726125767987,-0.184955615434922,-0.184190818503545,-0.183431675997629,-0.182678129274096,-0.181930120073638,-0.181187590566136,-0.180450483391226,-0.17971874169433,-0.178992309158464,-0.178271130032114,-0.177555149153465,-0.17684431197125,-0.176138564562465,-0.1754378536472,-0.174742126600805,-0.174051331463612,-0.173365416948404,-0.17268433244583,-0.172008028027948,-0.171336454450042,-0.170669563150898,-0.170007306251665,-0.169349636553442,-0.168696507533729,-0.168047873341838,-0.167403688793408,-0.166763909364088,-0.166128491182516,-0.165497391022662,-0.164870566295621,-0.164247975040936,-0.163629575917515,-0.163015328194205,-0.162405191740084,-0.161799127014523,-0.161197095057067,-0.160599057477178,-0.160004976443882,-0.15941481467536,-0.158828535428504,-0.158246102488485,-0.157667480158342,-0.157092633248638,-0.156521527067181,-0.155954127408841,-0.155390400545483,-0.154830313216029,-0.15427383261665,-0.153720926391117,-0.153171562621311,-0.152625709817899,-0.152083336911192,-0.151544413242176,-0.151008908553734,-0.150476792982056,-0.149948037048244,-0.149422611650104,-0.148900488054138,-0.148381637887729,-0.147866033131522,-0.147353646111998,-0.146844449494239,-0.146338416274884,-0.14583551977528,-0.145335733634806,-0.144839031804395,-0.144345388540227,-0.143854778397599,-0.143367176224975,-0.1428825571582,-0.142400896614883,-0.141922170288941,-0.141446354145304,-0.140973424414775,-0.140503357589035,-0.140036130415801,-0.139571719894126,-0.139110103269832,-0.138651258031085,0,-0.286753534367184,-0.287427497111961,-0.287965277339473,-0.288420418242936,-0.288807530596152,-0.289128244963486,-0.289379820032598,-0.289558501112109,-0.289661059201541,-0.289685531740965,-0.289631483110494,-0.289499942635075,-0.289293150885904,-0.289014225940069,-0.288666830975331,-0.288254891291593,-0.287782380902266,-0.287253179597174,-0.286670990521311,-0.286039303867415,-0.285361391987668,-0.284640323196429,-0.283878984417621,-0.283080105792997,-0.282246282966948,-0.281379994818444,-0.280483615898451,-0.279559423812768,-0.278609602361916,-0.277636241513652,-0.276641335332925,-0.275626778905977,-0.274594365129566,-0.273545782036907,-0.272482611128831,-0.271406326991211,-0.270318298318584,-0.269219790334215,-0.268111968499145,-0.266995903335259,-0.265872576146461,-0.264742885403421,-0.263607653556485,-0.26246763405384,-0.261323518363947,-0.260175942829046,-0.259025495207441,-0.257872720793826,-0.256718128037488,-0.255562193606506,-0.254405366871206,-0.25324807380172,-0.252090720292309,-0.250933694939181,-0.249777371309133,-0.248622109743697,-0.247468258748034,-0.24631615601598,-0.245166129142814,-0.244018496075919,-0.242873565350922,-0.24173163615741,-0.240592998274306,-0.239457931910612,-0.238326707482761,-0.237199585355377,-0.236076815567945,-0.234958637565927,-0.233845279951085,-0.232736960262497,-0.231633884796721,-0.230536248472986,-0.229444234747063,-0.228358015575555,-0.227277751430816,-0.226203591365411,-0.225135673124046,-0.224074123300141,-0.223019057533625,-0.221970580746196,-0.220928787410012,-0.219893761845699,-0.21886557854555,-0.21784430251785,-0.216829989648425,-0.215822687075682,-0.214822433575641,-0.213829259953714,-0.212843189440229,-0.211864238086994,-0.210892415162449,-0.209927723543226,-0.208970160100204,-0.208019716077379,-0.207076377462124,-0.206140125345612,-0.205210936272408,-0.204288782578389,-0.203373632716357,-0.202465451568863,-0.20156420074786,-0.200669838881004,-0.199782321884454,-0.198901603222197,-0.198027634151936,-0.197160363957723,-0.19629974016954,-0.195445708770094,-0.194598214389146,-0.193757200485741,-0.192922609518692,-0.192094383105763,-0.191272462171944,-0.190456787087285,-0.189647297794712,-0.188843933928292,-0.188046634922392,-0.187255340112191,-0.186469988825969,-0.185690520469637,-0.184916874603917,-0.184148991014602,-0.183386809776291,-0.182630271310013,-0.181879316435093,-0.181133886415649,-0.180393923002064,-0.179659368467768,-0.178930165641651,-0.178206257936422,-0.177487589373201,-0.176774104602623,-0.176065748922712,-0.175362468293786,-0.174664209350624,-0.173970919412103,-0.173282546488547,-0.172599039286943,-0.171920347214248,-0.171246420378937,-0.170577209590953,-0.169912666360234,-0.169252742893923,-0.168597392092429,-0.167946567544436,-0.16730022352098,-0.166658314968713,-0.16602079750243,-0.165387627396969,-0.164758761578554,-0.164134157615667,-0.163513773709518,-0.162897568684167,-0.16228550197638,-0.161677533625252,-0.161073624261659,-0.160473735097578,-0.159877827915323,-0.159285865056729,-0.158697809412316,-0.158113624410473,-0.157533274006676,-0.156956722672775,-0.15638393538637,-0.155814877620287,-0.155249515332186,-0.154687814954296,-0.154129743383313,-0.153575267970452,-0.153024356511674,-0.152476977238092,-0.151933098806565,-0.15139269029048,-0.150855721170739,-0.150322161326935,-0.149791981028734,-0.149265150927466,-0.148741642047912,-0.148221425780296,-0.147704473872489,-0.147190758422402,-0.146680251870594,-0.146172926993065,-0.145668756894259,-0.145167715000245,-0.144669775052105,-0.144174911099497,-0.143683097494404,-0.14319430888507,-0.1427085202101,-0.142225706692744,-0.141745843835341,-0.14126890741393,-0.14079487347302,-0.140323718320516,-0.139855418522795,-0.139389950899932,-0.138927292521062,-0.138467420699891,-0.13801031299033,0,-0.28737130640531,-0.287954340626927,-0.288423654545197,-0.288822571355602,-0.289158813680135,-0.289430265235446,-0.289632308272816,-0.289760422729758,-0.289811310481305,-0.28978336564752,-0.289676727370682,-0.289493058603702,-0.289235183625476,-0.288906693423446,-0.288511591195374,-0.288054013959775,-0.287538038874289,-0.286967566091666,-0.286346262094586,-0.285677545647074,-0.284964600197901,-0.284210399849398,-0.283417739632772,-0.282589264128506,-0.281727491137191,-0.280834829074757,-0.279913588094396,-0.27896598573898,-0.277994148328879,-0.27700010940843,-0.275985806508378,-0.274953077308211,-0.273903656058042,-0.272839170883568,-0.271761142374913,-0.270670983665509,-0.269570002047619,-0.268459402048423,-0.26734028980313,-0.266213678505595,-0.265080494687627,-0.263941585070386,-0.262797723740064,-0.261649619420541,-0.260497922644139,-0.259343232654237,-0.258186103907828,-0.257027052079817,-0.255866559502498,-0.254705080002125,-0.253543043119174,-0.252380857719509,-0.251218915020199,-0.250057591066306,-0.248897248704009,-0.247738239101209,-0.246580902869846,-0.245425570844933,-0.244272564574266,-0.243122196570299,-0.241974770372188,-0.240830580461802,-0.239689912072894,-0.23855304092782,-0.237420232931421,-0.236291743847023,-0.235167818975138,-0.234048692851384,-0.232934588976488,-0.231825719587915,-0.230722285479852,-0.229624475875752,-0.228532468355585,-0.227446428838197,-0.226366511617766,-0.225292859452235,-0.224225603700733,-0.223164864506384,-0.222110751020449,-0.221063361663502,-0.220022784419184,-0.218989097156087,-0.217962367973388,-0.216942655565975,-0.215930009605056,-0.21492447113043,-0.213926072950901,-0.212934840049587,-0.211950789991169,-0.21097393332842,-0.210004274005639,-0.209041809756902,-0.208086532497314,-0.207138428705671,-0.20619747979724,-0.20526366248551,-0.204336949132036,-0.203417308083661,-0.202504703996545,-0.201599098146637,-0.200700448726317,-0.199808711127075,-0.198923838208199,-0.198045780551545,-0.197174486702523,-0.196309903397527,-0.195451975778078,-0.194600647592009,-0.193755861382047,-0.192917558662212,-0.192085680082432,-0.191260165581834,-0.190440954531161,-0.189627985864788,-0.188821198202802,-0.188020529963618,-0.187225919467606,-0.186437305032192,-0.185654625058887,-0.184877818112696,-0.184106822994344,-0.183341578805741,-0.1825820250091,-0.181828101480102,-0.181079748555502,-0.180336907075519,-0.179599518421393,-0.178867524548414,-0.17814086801477,-0.1774194920065,-0.176703340358852,-0.17599235757431,-0.175286488837568,-0.174585680027671,-0.173889877727575,-0.173199029231339,-0.172513082549135,-0.171831986410302,-0.171155690264591,-0.170484144281789,-0.169817299349868,-0.169155107071816,-0.168497519761272,-0.167844490437113,-0.167195972817079,-0.166551921310585,-0.165912291010783,-0.16527703768599,-0.164646117770568,-0.164019488355318,-0.16339710717748,-0.162778932610399,-0.162164923652908,-0.161555039918504,-0.16094924162435,-0.160347489580159,-0.159749745176996,-0.159155970376046,-0.15856612769737,-0.157980180208687,-0.157398091514209,-0.156819825743551,-0.156245347540744,-0.155674622053364,-0.155107614921792,-0.154544292268632,-0.153984620688288,-0.153428567236712,-0.152876099421343,-0.152327185191233,-0.15178179292737,-0.151239891433208,-0.150701449925398,-0.150166438024738,-0.149634825747327,-0.14910658349594,-0.148581682051608,-0.14806009256542,-0.147541786550533,-0.147026735874394,-0.146514912751176,-0.14600628973441,-0.145500839709836,-0.14499853588844,-0.144499351799702,-0.144003261285029,-0.143510238491383,-0.143020257865093,-0.142533294145851,-0.142049322360886,-0.141568317819311,-0.141090256106635,-0.140615113079449,-0.140142864860267,-0.139673487832518,-0.1392069586357,-0.138743254160672,-0.138282351545093,-0.137824228168996,-0.137368861650502,0,-0.287950260474884,-0.288437121862272,-0.288841024277139,-0.289186797447072,-0.289474107424727,-0.289697209914019,-0.289849934622393,-0.289927313121745,-0.289926243437657,-0.289845673635913,-0.289686442004694,-0.289450902890727,-0.28914246975242,-0.28876517706339,-0.288323320008096,-0.287821193508654,-0.287262926944425,-0.286652397684269,-0.285993202119127,-0.285288663819658,-0.284541862017588,-0.283755668001982,-0.282932781191882,-0.282075760105921,-0.281187046052984,-0.280268979160734,-0.27932380747262,-0.278353690435631,-0.277360698319802,-0.276346809082458,-0.275313904014723,-0.274263763257902,-0.27319806200403,-0.272118367931158,-0.271026140189533,-0.269922730059604,-0.268809383249867,-0.267687243690779,-0.266557358606359,-0.265420684602395,-0.264278094493479,-0.263130384594623,-0.261978282221545,-0.260822453172098,-0.259663508995612,-0.258502013893984,-0.25733849113542,-0.256173428897046,-0.255007285484766,-0.253840493906913,-0.252673465802074,-0.251506594740741,-0.250340258935439,-0.249174823404866,-0.248010641644916,-0.246848056863592,-0.245687402838359,-0.244529004453915,-0.243373177976046,-0.242220231113822,-0.241070462917971,-0.23992416355848,-0.238781614019285,-0.23764308574279,-0.236508840251898,-0.235379128772458,-0.234254191874596,-0.233134259147348,-0.232019548917408,-0.230910268019642,-0.229806611624253,-0.228708763123198,-0.227616894076512,-0.226531164217617,-0.225451721515457,-0.224378702290349,-0.223312231379704,-0.22225242234931,-0.221199377745546,-0.220153189383744,-0.219113938667878,-0.218081696936862,-0.217056525832841,-0.216038477687127,-0.215027595919639,-0.214023915448024,-0.213027463102942,-0.212038258046276,-0.211056312189408,-0.210081630608955,-0.209114211957692,-0.208154048868681,-0.207201128350894,-0.206255432174866,-0.20531693724718,-0.204385615972773,-0.203461436604297,-0.202544363577902,-0.201634357835018,-0.20073137712984,-0.19983537632234,-0.198946307656781,-0.198064121025769,-0.197188764219993,-0.196320183163874,-0.19545832213739,-0.194603123984427,-0.193754530308027,-0.192912481652935,-0.192076917675915,-0.191247777304258,-0.190424998882998,-0.189608520311296,-0.188798279168492,-0.187994212830329,-0.187196258575818,-0.186404353685255,-0.185618435529854,-0.18483844165346,-0.184064309846813,-0.183295978214801,-0.182533385237126,-0.181776469822808,-0.181025171358917,-0.180279429753926,-0.179539185476044,-0.17880437958688,-0.178074953770781,-0.177350850360152,-0.176632012357055,-0.175918383451396,-0.175209908035942,-0.174506531218437,-0.173808198831061,-0.173114857437444,-0.172426454337466,-0.171742937570022,-0.171064255913952,-0.170390358887308,-0.169721196745115,-0.169056720475785,-0.168396881796318,-0.167741633146427,-0.167090927681704,-0.166444719265943,-0.16580296246272,-0.165165612526332,-0.164532625392178,-0.163903957666668,-0.163279566616728,-0.162659410158976,-0.162043446848636,-0.161431635868229,-0.160823937016116,-0.160220310694923,-0.1596207178999,-0.15902512020725,-0.15843347976246,-0.157845759268675,-0.157261921975125,-0.156681931665659,-0.156105752647368,-0.155533349739359,-0.154964688261665,-0.154399734024324,-0.153838453316626,-0.15328081289656,-0.152726779980441,-0.152176322232754,-0.151629407756198,-0.151086005081955,-0.150546083160166,-0.150009611350639,-0.149476559413772,-0.148946897501706,-0.148420596149699,-0.147897626267724,-0.147377959132288,-0.146861566378479,-0.146348419992216,-0.145838492302732,-0.145331755975258,-0.14482818400392,-0.144327749704838,-0.143830426709437,-0.143336188957938,-0.142845010693059,-0.142356866453895,-0.141871731069981,-0.141389579655545,-0.140910387603921,-0.140434130582143,-0.139960784525704,-0.139490325633466,-0.139022730362735,-0.138557975424489,-0.138096037778739,-0.137636894630049,-0.137180523423182,-0.136726901838881,0,-0.288479197156705,-0.288873820970173,-0.289217802841123,-0.289513981117926,-0.289754169131273,-0.28992956714062,-0.290032937931416,-0.290059240315863,-0.290005847800253,-0.289872450131565,-0.289660687660019,-0.289373638946998,-0.28901528939876,-0.28859007010409,-0.288102508852628,-0.287556998850287,-0.286957669279081,-0.286308332990585,-0.285612485920248,-0.284873336417059,-0.284093847909919,-0.283276783582522,-0.282424746213192,-0.281540209780149,-0.280625541849478,-0.27968301730209,-0.278714824811957,-0.277723067850698,-0.276709762026283,-0.275676830394735,-0.274626098108473,-0.273559287449882,-0.272478013987256,-0.271383784308783,-0.270277995552195,-0.269161936758289,-0.268036791935063,-0.266903644621663,-0.265763483681832,-0.26461721002844,-0.2634656439772,-0.262309532942626,-0.261149559216934,-0.259986347608322,-0.258820472754747,-0.257652465969979,-0.256482821518021,-0.255312002248166,-0.254140444555129,-0.252968562656061,-0.251796752198804,-0.250625393233393,-0.249454852592003,-0.248285485731577,-0.247117638098845,-0.245951646079953,-0.244787837596825,-0.243626532410502,-0.242468042188214,-0.241312670386535,-0.240160711997823,-0.239012453201718,-0.237868170957863,-0.236728132570604,-0.235592595251156,-0.234461805697903,-0.233335999711012,-0.232215401853606,-0.231100225168194,-0.229990670954061,-0.228886928608713,-0.227789175534358,-0.226697577108619,-0.225612286717316,-0.224533445846052,-0.223461184226551,-0.222395620033136,-0.221336860124385,-0.220285000324812,-0.219240125741385,-0.218202311109758,-0.217171621165234,-0.21614811103375,-0.215131826638376,-0.214122805117207,-0.213121075248778,-0.212126657881549,-0.21113956636429,-0.210159806974556,-0.209187379342786,-0.208222276869851,-0.207264487136174,-0.206313992300859,-0.205370769489467,-0.204434791169383,-0.203506025511874,-0.202584436740188,-0.201669985463191,-0.200762628994198,-0.199862321654836,-0.198969015063829,-0.198082658410794,-0.197203198715139,-0.19633058107032,-0.195464748873713,-0.194605644042464,-0.193753207215693,-0.192907377943496,-0.192068094863194,-0.191235295863306,-0.190408918235761,-0.189588898816846,-0.188775174117398,-0.187967680442775,-0.187166354003105,-0.186371131014328,-0.185581947790522,-0.184798740828025,-0.184021446881798,-0.183250003034532,-0.182484346758911,-0.181724415973491,-0.180970149092607,-0.180221485070691,-0.179478363441414,-0.178740724351991,-0.178008508593015,-0.177281657624136,-0.176560113595916,-0.175843819368146,-0.175132718524908,-0.174426755386649,-0.173725875019518,-0.173030023242195,-0.172339146630443,-0.171653192519577,-0.17097210900505,-0.170295844941343,-0.169624349939307,-0.168957574362142,-0.168295469320138,-0.16763798666431,-0.166985078979083,-0.166336699574101,-0.165692802475304,-0.165053342415348,-0.164418274823471,-0.163787555814886,-0.163161142179773,-0.162538991371955,-0.161921061497299,-0.161307311301923,-0.160697700160252,-0.160092188062966,-0.159490735604897,-0.158893303972906,-0.158299854933774,-0.157710350822147,-0.157124754528548,-0.156543029487509,-0.155965139665807,-0.15539104955086,-0.154820724139277,-0.154254128925587,-0.153691229891152,-0.15313199349329,-0.152576386654595,-0.152024376752481,-0.151475931608948,-0.150931019480569,-0.150389609048718,-0.149851669410018,-0.149317170067039,-0.148786080919212,-0.148258372254,-0.14773401473828,-0.147212979409979,-0.146695237669919,-0.146180761273907,-0.145669522325043,-0.145161493266242,-0.144656646872986,-0.144154956246282,-0.143656394805825,-0.143160936283379,-0.142668554716341,-0.142179224441514,-0.141692920089064,-0.141209616576662,-0.140729289103809,-0.140251913146332,-0.13977746445106,-0.139305919030654,-0.138837253158603,-0.138371443364377,-0.137908466428728,-0.137448299379137,-0.136990919485405,-0.136536304255373,-0.136084431430788,0,-0.288949860647251,-0.289263979618998,-0.28955510200118,-0.289805247185257,-0.289999782290003,-0.290127763788518,-0.29018147475755,-0.290156203669165,-0.290050073727823,-0.289863682086843,-0.289599545011503,-0.289261469503804,-0.288853972251708,-0.288381817737501,-0.287849697597345,-0.287262040050029,-0.286622922081624,-0.285936053190997,-0.285204802570078,-0.284432247637462,-0.283621228406451,-0.282774397977443,-0.281894264004395,-0.280983219243526,-0.280043561412684,-0.279077503812367,-0.278087178727875,-0.277074635757891,-0.276041837066006,-0.27499065125281,-0.273922847184662,-0.272840088748245,-0.271743931162563,-0.270635819190701,-0.26951708736001,-0.268388962121761,-0.267252565755554,-0.266108921743335,-0.264958961295262,-0.263803530696967,-0.262643399157804,-0.261479266865811,-0.260311772991663,-0.259141503426254,-0.257968998080877,-0.256794757622597,-0.255619249558083,-0.254442913615697,-0.253266166407169,-0.252089405376331,-0.250913012063212,-0.249737354727593,-0.248562790387218,-0.247389666332948,-0.246218321186707,-0.245049085568803,-0.243882282439633,-0.242718227177487,-0.241557227449659,-0.240399582928689,-0.23924558489977,-0.238095515799364,-0.236949648719138,-0.235808246903668,-0.234671563264995,-0.233539839932259,-0.232413307850229,-0.231292186436686,-0.230176683305235,-0.229066994057272,-0.227963302144463,-0.226865778801082,-0.225774583044073,-0.224689861737413,-0.22361174971652,-0.222540369967779,-0.221475833857858,-0.220418241407287,-0.219367681602686,-0.218324232742107,-0.217287962808119,-0.216258929863484,-0.215237182464595,-0.214222760088138,-0.21321569356684,-0.212216005530491,-0.211223710848827,-0.210238817073215,-0.209261324874435,-0.208291228474203,-0.207328516068396,-0.206373170240243,-0.205425168362021,-0.204484482984085,-0.203551082210238,-0.202624930058728,-0.201705986808309,-0.200794209328983,-0.199889551397213,-0.198991963995504,-0.198101395596385,-0.197217792430927,-0.196341098742001,-0.195471257022588,-0.194608208239471,-0.193751892042729,-0.19290224696148,-0.192059210586336,-0.191222719739088,-0.190392710630131,-0.189569119004173,-0.188751880274745,-0.187940929648082,-0.187136202236878,-0.186337633164484,-0.18554515766004,-0.184758711145074,-0.183978229312061,-0.183203648195435,-0.182434904235506,-0.181671934335762,-0.180914675913968,-0.180163066947495,-0.179417046013272,-0.178676552322751,-0.177941525752232,-0.177211906868918,-0.176487636953004,-0.175768658016123,-0.17505491281644,-0.174346344870665,-0.173642898463256,-0.172944518653038,-0.172251151277487,-0.171562742954879,-0.170879241084511,-0.170200593845181,-0.169526750192099,-0.168857659852393,-0.168193273319363,-0.167533541845615,-0.166878417435221,-0.166227852835,-0.165581801525061,-0.164940217708681,-0.164303056301632,-0.163670272921035,-0.163041823873818,-0.162417666144859,-0.161797757384868,-0.161182055898081,-0.160570520629804,-0.159963111153876,-0.159359787660081,-0.158760510941554,-0.158165242382216,-0.157573943944272,-0.156986578155802,-0.156403108098464,-0.15582349739534,-0.155247710198935,-0.154675711179359,-0.154107465512689,-0.153542938869547,-0.152982097403877,-0.152424907741958,-0.151871336971636,-0.151321352631799,-0.150774922702089,-0.150232015592852,-0.149692600135345,-0.149156645572178,-0.148624121548007,-0.148094998100476,-0.147569245651396,-0.147046834998172,-0.146527737305469,-0.146011924097117,-0.145499367248245,-0.144990038977646,-0.144483911840375,-0.143980958720555,-0.143481152824415,-0.142984467673526,-0.142490877098255,-0.142000355231412,-0.141512876502102,-0.14102841562976,-0.140546947618384,-0.140068447750934,-0.139592891583919,-0.139120254942149,-0.138650513913654,-0.13818364484476,-0.137719624335325,-0.137258429234122,-0.136800036634362,-0.136344423869371,-0.135891568508384,-0.135441448352485,0,-0.289358114426913,-0.289608845522279,-0.289854624672122,-0.290061853455249,-0.290211683715963,-0.290292123977046,-0.290295601108114,-0.290218131253503,-0.290058838334745,-0.289819359420765,-0.289503125368269,-0.289114645088173,-0.288658902981256,-0.288140919359926,-0.287565474093587,-0.286936965896459,-0.286259369935923,-0.285536257816096,-0.284770850634168,-0.283966083910299,-0.283124670700191,-0.282249155243086,-0.281341953896728,-0.280405383028614,-0.279441675265506,-0.278452986364104,-0.27744139523155,-0.276408899515935,-0.275357408868712,-0.27428873756791,-0.273204597759294,-0.272106594168534,-0.270996220786286,-0.269874859740896,-0.268743782351634,-0.267604152194971,-0.26645702991003,-0.265303379408355,-0.264144075128579,-0.262979909979812,-0.261811603641,-0.260639810920347,-0.259465129923671,-0.258288109828725,-0.257109258110712,-0.255929047109887,-0.254747919873542,-0.253566295240837,-0.252384572169269,-0.251203133326041,-0.250022347986378,-0.248842574294449,-0.247664160951454,-0.246487448400418,-0.245312769578836,-0.244140450309304,-0.242970809395186,-0.241804158483801,-0.240640801754052,-0.239481035479245,-0.238325147509419,-0.2371734167111,-0.236026112396168,-0.234883493765725,-0.233745809389431,-0.232613296735968,-0.23148618176597,-0.230364678595063,-0.229248989231451,-0.228139303389817,-0.227035798381172,-0.225938639076467,-0.224847977940496,-0.223763955131556,-0.222686698661632,-0.221616324611412,-0.220552937394153,-0.219496630062382,-0.218447484651421,-0.217405572553928,-0.216370954919888,-0.215343683076779,-0.214323798965031,-0.213311335584242,-0.212306317446035,-0.211308761029835,-0.210318675238228,-0.209336061848977,-0.208360915961109,-0.207393226432858,-0.206432976309563,-0.205480143239937,-0.204534699879397,-0.203596614279397,-0.202665850261943,-0.201742367778683,-0.200826123254143,-0.199917069912849,-0.19901515809022,-0.198120335527245,-0.197232547649072,-0.19635173782772,-0.195477847629206,-0.194610817045471,-0.193750584711497,-0.192897088108098,-0.192050263750877,-0.191210047365869,-0.190376374052422,-0.189549178433864,-0.188728394796529,-0.187913957217695,-0.187105799683012,-0.186303856193963,-0.185508060865918,-0.184718348017307,-0.183934652250452,-0.183156908524546,-0.18238505222129,-0.181619019203648,-0.180858745868182,-0.180104169191412,-0.1793552267706,-0.178611856859378,-0.177873998398581,-0.177141591042662,-0.176414575182018,-0.175692891961554,-0.174976483295793,-0.174265291880816,-0.173559261203303,-0.172858335546928,-0.172162459996352,-0.171471580439022,-0.170785643565005,-0.170104596865034,-0.169428388626952,-0.168756967930727,-0.168090284642188,-0.167428289405627,-0.166770933635412,-0.166118169506714,-0.16546994994548,-0.164826228617753,-0.16418695991843,-0.163552098959554,-0.16292160155821,-0.16229542422412,-0.161673524146974,-0.161055859183591,-0.160442387844941,-0.159833069283091,-0.159227863278115,-0.158626730225015,-0.158029631120679,-0.157436527550921,-0.156847381677627,-0.156262156226024,-0.155680814472109,-0.155103320230253,-0.154529637840989,-0.153959732159009,-0.153393568541377,-0.152831112835975,-0.152272331370173,-0.151717190939761,-0.151165658798112,-0.15061770264561,-0.150073290619333,-0.149532391282987,-0.148994973617103,-0.148461007009496,-0.147930461245976,-0.147403306501313,-0.146879513330462,-0.146359052660037,-0.145841895780023,-0.145328014335745,-0.144817380320065,-0.144309966065822,-0.143805744238491,-0.143304687829082,-0.14280677014724,-0.14231196481458,-0.14182024575821,-0.141331587204476,-0.140845963672891,-0.140363349970264,-0.139883721185015,-0.139407052681664,-0.138933320095511,-0.138462499327464,-0.137994566539055,-0.137529498147599,-0.137067270821511,-0.136607861475776,-0.13615124726756,-0.135697405591956,-0.13524631407787,-0.134797950584033,0,-0.289704195222183,-0.289911201004183,-0.290118471626675,-0.290285063949914,-0.290390492202099,-0.290422834831516,-0.290375262088837,-0.290244883927433,-0.290032036990839,-0.289739488257763,-0.28937158241567,-0.288933472485994,-0.288430525916746,-0.287867929785989,-0.287250472684677,-0.286582460597618,-0.285867721525376,-0.285109660167759,-0.284311333784012,-0.28347553000751,-0.282604835410273,-0.281701689563255,-0.280768423356471,-0.279807282788141,-0.278820440708905,-0.277809999480249,-0.276777987468566,-0.275726351966316,-0.274656950662528,-0.27357154327746,-0.272471784492446,-0.271359218880229,-0.270235278188622,-0.269101281054725,-0.267958435023824,-0.266807840608649,-0.265650497040612,-0.264487309324806,-0.263319096204701,-0.262146598661697,-0.260970488611027,-0.259791377502368,-0.258609824585551,-0.257426344654903,-0.256241415136765,-0.25505548243167,-0.253868967464008,-0.252682270427107,-0.251495774740311,-0.250309850256958,-0.249124855778612,-0.247941140942082,-0.246759047552332,-0.245578910437188,-0.244401057899366,-0.243225811838611,-0.242053487612217,-0.240884393696392,-0.239718831204462,-0.238557093310974,-0.237399464623841,-0.236246220539896,-0.235097626612834,-0.233953937956601,-0.232815398701945,-0.231682241519079,-0.230554687215293,-0.22943294441279,-0.22831720930906,-0.227207665519664,-0.226104484001352,-0.225007823051903,-0.223917828381937,-0.222834633253119,-0.221758358676673,-0.220689113665764,-0.219626995535269,-0.218572090242431,-0.217524472762122,-0.216484207490662,-0.215451348672498,-0.214425940844417,-0.213408019292378,-0.212397610516489,-0.211394732700072,-0.210399396179204,-0.209411603909518,-0.20843135192748,-0.207458629803696,-0.206493421086206,-0.205535703732,-0.204585450525341,-0.203642629481735,-0.202707204236626,-0.201779134418165,-0.200858376003546,-0.199944881658631,-0.199038601060714,-0.198139481204418,-0.197247466690847,-0.196362500000206,-0.195484521748185,-0.194613470926495,-0.193749285127981,-0.192891900756788,-0.192041253224117,-0.191197277130103,-0.190359906432388,-0.189529074601978,-0.188704714766964,-0.187886759844707,-0.187075142663073,-0.186269796071304,-0.185470653041098,-0.184677646758465,-0.183890710706901,-0.183109778742417,-0.18233478516094,-0.181565664758572,-0.180802352885204,-0.180044785491917,-0.179292899172626,-0.178546631200378,-0.177805919558698,-0.177070702968364,-0.176340920909954,-0.175616513642531,-0.174897422218741,-0.174183588496669,-0.173474955148698,-0.172771465667651,-0.172073064370473,-0.171379696399655,-0.170691307722649,-0.170007845129453,-0.169329256228563,-0.168655489441462,-0.167986493995817,-0.167322219917515,-0.166662618021697,-0.166007639902906,-0.165357237924467,-0.164711365207214,-0.164069975617656,-0.163433023755677,-0.162800464941855,-0.162172255204469,-0.161548351266273,-0.160928710531088,-0.160313291070287,-0.159702051609197,-0.159094951513499,-0.158491950775632,-0.157893010001264,-0.157298090395857,-0.156707153751341,-0.156120162432951,-0.155537079366213,-0.154957868024141,-0.15438249241462,-0.153810917068024,-0.153243107025056,-0.152679027824843,-0.152118645493272,-0.151561926531588,-0.151008837905256,-0.150459347033094,-0.149913421776667,-0.149371030429956,-0.148832141709304,-0.148296724743624,-0.14776474906488,-0.147236184598838,-0.146711001656075,-0.146189170923257,-0.145670663454666,-0.145155450663988,-0.144643504316343,-0.144134796520564,-0.143629299721709,-0.143126986693813,-0.142627830532858,-0.142131804649977,-0.141638882764861,-0.141149038899389,-0.140662247371451,-0.140178482788977,-0.139697720044157,-0.139219934307846,-0.13874510102415,-0.138273195905188,-0.137804194926025,-0.137338074319765,-0.136874810572806,-0.136414380420242,-0.135956760841422,-0.13550192905564,-0.135049862517974,-0.134600538915242,-0.134153936162104,0,-0.289994980058686,-0.290174980081491,-0.290348892389217,-0.290476018426123,-0.290536645890052,-0.290519922584748,-0.29042029055463,-0.290236266139051,-0.28996955889863,-0.289624106259227,-0.289205124390532,-0.28871832257583,-0.288169348565679,-0.287563459179961,-0.286905371566493,-0.286199239596498,-0.285448704779,-0.284656982455163,-0.283826956360219,-0.282961265277277,-0.282062373578483,-0.281132622994395,-0.280174266398194,-0.279189486261393,-0.278180401215827,-0.277149064235225,-0.276097455621513,-0.275027473451316,-0.273940923542027,-0.272839510417429,-0.271724830236414,-0.270598366216448,-0.269461486741653,-0.268315446089952,-0.267161387535383,-0.266000348468957,-0.264833267122039,-0.263660990458468,-0.26248428281477,-0.261303834902566,-0.260120272835755,-0.258934166900992,-0.257746039848224,-0.256556374535061,-0.255365620811688,-0.254174201580288,-0.252982518003459,-0.251790953869562,-0.250599879149348,-0.249409652798032,-0.248220624870784,-0.247033138028212,-0.245847528512527,-0.244664126675655,-0.243483257138227,-0.24230523865398,-0.241130383748156,-0.23995899819165,-0.238791380365248,-0.237627820560821,-0.236468600258948,-0.235313991415464,-0.234164255782873,-0.233019644286722,-0.231880396471707,-0.230746740027716,-0.229618890402081,-0.22849705050097,-0.227381410480141,-0.226272147623079,-0.225169426302823,-0.224073398022491,-0.222984201528594,-0.221901962990593,-0.220826796239829,-0.219758803060783,-0.218698073527682,-0.217644686379627,-0.216598709427697,-0.21556019998785,-0.214529205333818,-0.21350576316469,-0.21248990208228,-0.211481642073902,-0.210480994996585,-0.209487965059271,-0.208502549299913,-0.207524738054852,-0.206554515418203,-0.205591859689357,-0.204636743807021,-0.203689135768538,-0.202748999033477,-0.201816292910745,-0.200890972928693,-0.199972991187861,-0.199062296696201,-0.19815883568676,-0.197262551917915,-0.196373386956382,-0.195491280443314,-0.194616170343864,-0.193747993180663,-0.192886684251729,-0.192032177833325,-0.191184407368362,-0.190343305640925,-0.189508804937546,-0.188680837195828,-0.187859334141058,-0.187044227411409,-0.186235448672354,-0.185432929720906,-0.184636602580237,-0.183846399585303,-0.183062253459979,-0.182284097386291,-0.181511865066228,-0.180745490776655,-0.179984909417799,-0.179230056555765,-0.178480868459511,-0.177737282132713,-0.176999235340891,-0.176266666634186,-0.175539515366127,-0.174817721708728,-0.174101226664222,-0.173389972073721,-0.172683900623087,-0.171982955846263,-0.171287082126305,-0.170596224694346,-0.16991032962669,-0.16922934384024,-0.168553215086436,-0.167881891943872,-0.167215323809743,-0.166553460890271,-0.16589625419024,-0.165243655501753,-0.164595617392342,-0.16395209319251,-0.163313036982813,-0.162678403580575,-0.162048148526284,-0.161422228069778,-0.160800599156258,-0.160183219412194,-0.159570047131184,-0.158961041259799,-0.15835616138347,-0.157755367712446,-0.157158621067861,-0.156565882867935,-0.155977115114337,-0.155392280378744,-0.15481134178959,-0.154234263019049,-0.153661008270249,-0.153091542264739,-0.152525830230212,-0.151963837888499,-0.15140553144383,-0.150850877571379,-0.150299843406091,-0.149752396531789,-0.149208504970569,-0.148668137172479,-0.148131262005478,-0.147597848745684,-0.147067867067895,-0.146541287036389,-0.146018079095994,-0.14549821406343,-0.14498166311891,-0.144468397798002,-0.143958389983744,-0.143451611899003,-0.14294803609908,-0.142447635464551,-0.141950383194333,-0.141456252798975,-0.140965218094172,-0.140477253194483,-0.139992332507254,-0.139510430726748,-0.139031522828456,-0.138555584063602,-0.138082589953825,-0.137612516286038,-0.13714533910745,-0.136681034720758,-0.136219579679487,-0.135760950783489,-0.135305125074586,-0.134852079832348,-0.134401792570011,-0.133954241030529,-0.133509403182744,0,-0.290240971149679,-0.290404642768169,-0.290548017832651,-0.290635613954115,-0.290650354503622,-0.290583241247494,-0.290430415246672,-0.290192043086613,-0.289871306188013,-0.289473299202718,-0.289004025943876,-0.288469636974417,-0.287875943619234,-0.287228171526297,-0.286530888954246,-0.285788044546202,-0.285003061530353,-0.284178950746471,-0.283318418982054,-0.282423960079636,-0.281497923956099,-0.280542563535686,-0.279560062318266,-0.278552546530501,-0.277522086070275,-0.276470688150815,-0.275400286957736,-0.274312731932198,-0.273209776598416,-0.272093069226701,-0.270964146093713,-0.269824427678615,-0.268675217813732,-0.267517705580703,-0.266352969594538,-0.265181984233913,-0.264005627342778,-0.262824688933034,-0.261639880449827,-0.260451844210505,-0.259261162687846,-0.258068367371978,-0.25687394700873,-0.255678355071861,-0.25448201638046,-0.253285332819501,-0.252088688160466,-0.250892452010138,-0.249696982939391,-0.248502630860741,-0.247309738734405,-0.246118643688423,-0.244929677640086,-0.243743167504188,-0.242559435069416,-0.241378796618204,-0.240201562358105,-0.239028035724941,-0.237858512609827,-0.236693280554176,-0.23553261794911,-0.23437679326853,-0.233226064358577,-0.232080677800387,-0.230940868357912,-0.229806858518216,-0.228678858127935,-0.227557064126535,-0.226441660374551,-0.225332817573036,-0.224230693269015,-0.223135431940655,-0.222047165155178,-0.220966011792105,-0.219892078324264,-0.218825459149001,-0.217766236962209,-0.216714483168079,-0.215670258317864,-0.214633612571363,-0.213604586175343,-0.212583209953584,-0.211569505803769,-0.21056348719692,-0.209565159675592,-0.208574521347488,-0.207591563371617,-0.206616270434545,-0.205648621214635,-0.204688588832586,-0.203736141286862,-0.202791241872916,-0.201853849585381,-0.200923919502627,-0.200001403153297,-0.199086248864618,-0.198178402092457,-0.197277805733188,-0.196384400417622,-0.195498124787279,-0.194618915753426,-0.193746708739335,-0.192881437906278,-0.192023036363845,-0.191171436365163,-0.190326569487652,-0.189488366799951,-0.18865675901567,-0.187831676634612,-0.187013050072113,-0.186200809777155,-0.185394886339863,-0.184595210589032,-0.183801713680258,-0.18301432717528,-0.182232983113084,-0.181457614073327,-0.180688153232589,-0.179924534413963,-0.179166692130457,-0.17841456162267,-0.177668078891163,-0.176927180723947,-0.176191804719464,-0.175461889305442,-0.174737373753956,-0.174018198193026,-0.173304303615057,-0.172595631882403,-0.171892125730332,-0.171193728767627,-0.170500385475066,-0.169812041202004,-0.169128642161234,-0.168450135422347,-0.167776468903737,-0.167107591363426,-0.166443452388849,-0.165784002385742,-0.165129192566253,-0.164478974936397,-0.163833302282947,-0.163192128159876,-0.162555406874424,-0.161923093472879,-0.161295143726131,-0.160671514115085,-0.160052161815975,-0.159437044685642,-0.158826121246815,-0.158219350673456,-0.157616692776181,-0.15701810798782,-0.156423557349116,-0.155833002494615,-0.155246405638757,-0.154663729562188,-0.154084937598311,-0.153509993620097,-0.152938862027153,-0.152371507733074,-0.151807896153074,-0.151247993191907,-0.150691765232087,-0.150139179122394,-0.149590202166694,-0.149044802113041,-0.148502947143095,-0.147964605861821,-0.147429747287494,-0.146898340841992,-0.146370356341376,-0.145845763986753,-0.145324534355425,-0.144806638392301,-0.144292047401587,-0.143780733038734,-0.143272667302644,-0.142767822528125,-0.142266171378593,-0.141767686839012,-0.141272342209056,-0.140780111096513,-0.140290967410889,-0.139804885357233,-0.139321839430167,-0.138841804408111,-0.138364755347701,-0.137890667578391,-0.137419516697237,-0.136951278563854,-0.136485929295536,-0.136023445262538,-0.135563803083518,-0.135106979621125,-0.134652951977725,-0.134201697491279,-0.133753193731341,-0.133307418495192,-0.132864349804096,0,-0.290451704566084,-0.290604445613067,-0.290717613688925,-0.290764411887225,-0.290731570826715,-0.290612475017825,-0.290405278250901,-0.290111963458689,-0.289737215537609,-0.289287217864699,-0.288768638937747,-0.2881879329811,-0.287550949158153,-0.286862781532452,-0.286127778071244,-0.285349637531197,-0.284531541805449,-0.283676289853956,-0.282786414305793,-0.281864272503128,-0.280912110635009,-0.279932103554784,-0.278926374760097,-0.277897001563538,-0.276846010238533,-0.275775365267955,-0.274686956000657,-0.273582583185788,-0.272463947091641,-0.27133263826586,-0.27019013147044,-0.269037782924889,-0.267876830702226,-0.266708397929205,-0.265533498327074,-0.26435304357591,-0.263167851978948,-0.261978657930379,-0.260786121739638,-0.259590839428301,-0.258393352185124,-0.257194155235019,-0.25599370594489,-0.254792431050509,-0.253590732942256,-0.252388994992847,-0.251187585946764,-0.24998686341949,-0.248787176575222,-0.247588868065573,-0.246392275319666,-0.245197731279052,-0.24400556467,-0.242816099901845,-0.241629656674011,-0.240446549366822,-0.239267086282836,-0.238091568796705,-0.236920290462829,-0.235753536121665,-0.234591581037686,-0.233434690094737,-0.232283117068105,-0.231137103986889,-0.229996880595406,-0.22886266391821,-0.227734657929855,-0.226613053327825,-0.225498027404798,-0.224389744014842,-0.223288353626849,-0.222193993457795,-0.221106787677829,-0.220026847679069,-0.218954272399905,-0.217889148696827,-0.216831551756091,-0.215781545537915,-0.2147391832464,-0.213704507818872,-0.212677552428864,-0.211658340997555,-0.210646888708963,-0.209643202524784,-0.208647281695242,-0.207659118262798,-0.206678697556051,-0.205705998671547,-0.20474099494162,-0.203783654386746,-0.202833940151195,-0.201891810921063,-0.20095722132402,-0.200030122310343,-0.199110461514982,-0.198198183600607,-0.197293230581714,-0.196395542130001,-0.19550505586134,-0.194621707604745,-0.193745431653832,-0.192876161001311,-0.192013827557096,-0.191158362350673,-0.190309695718364,-0.189467757476173,-0.18863247707888,-0.187803783766083,-0.18698160669585,-0.18616587506667,-0.185356518228369,-0.184553465782617,-0.183756647673694,-0.182965994270091,-0.182181436437571,-0.181402905604234,-0.180630333818159,-0.179863653798118,-0.179102798977892,-0.178347703544644,-0.177598302471807,-0.176854531546923,-0.176116327394825,-0.175383627496558,-0.174656370204386,-0.173934494753234,-0.17321794126888,-0.172506650773186,-0.171800565186661,-0.171099627328605,-0.170403780915075,-0.169712970554908,-0.169027141744,-0.168346240858036,-0.16767021514386,-0.166999012709639,-0.166332582513974,-0.165670874354113,-0.165013838853375,-0.164361427447921,-0.16371359237297,-0.163070286648562,-0.162431464064956,-0.161797079167757,-0.161167087242826,-0.160541444301056,-0.159920107063073,-0.159303032943908,-0.158690180037699,-0.15808150710246,-0.157476973544959,-0.156876539405734,-0.156280165344294,-0.155687812624499,-0.15509944310018,-0.154515019200993,-0.153934503918524,-0.153357860792682,-0.152785053898363,-0.152216047832409,-0.151650807700876,-0.151089299106597,-0.150531488137066,-0.149977341352625,-0.149426825774976,-0.148879908875993,-0.148336558566865,-0.147796743187532,-0.147260431496442,-0.146727592660607,-0.146198196245962,-0.145672212208015,-0.145149610882797,-0.144630362978087,-0.144114439564919,-0.143601812069369,-0.143092452264594,-0.142586332263148,-0.142083424509534,-0.141583701773013,-0.141087137140649,-0.140593704010586,-0.14010337608555,-0.139616127366565,-0.139131932146889,-0.138650765006149,-0.13817260080467,-0.137697414678,-0.137225182031622,-0.136755878535831,-0.136289480120799,-0.135825962971794,-0.135365303524558,-0.134907478460845,-0.134452464704103,-0.134000239415293,-0.133550779988855,-0.133104064048792,-0.132660069444893,-0.132218774249067,0,-0.29063585237638,-0.290777888702841,-0.29085889141485,-0.290862579429136,-0.290779983660878,-0.290607154492425,-0.290344460985985,-0.289995786612818,-0.289567281151028,-0.289066094211142,-0.288499401453893,-0.287873806381275,-0.287195066857219,-0.286468049934437,-0.28569682103654,-0.284884794663555,-0.284034897881331,-0.283149718282169,-0.282231623036562,-0.281282845437711,-0.280305541069949,-0.279301818591766,-0.27827375111474,-0.277223374034616,-0.276152674454217,-0.275063576371739,-0.273957924800755,-0.272837471056572,-0.271703860643994,-0.270558624533262,-0.269403174111513,-0.268238799732463,-0.267066672538029,-0.265887849071604,-0.264703278123922,-0.26351380923091,-0.262320202262982,-0.261123137593718,-0.259923226402043,-0.258721020737215,-0.257517023053647,-0.256311694997886,-0.255105465299603,-0.253898736680032,-0.252691891743744,-0.251485297862662,-0.250279311094827,-0.249074279205449,-0.247870543874931,-0.246668442188948,-0.245468307510433,-0.244270469833449,-0.243075255715579,-0.241882987879464,-0.240693984566329,-0.239508558715463,-0.23832701703421,-0.237149659013555,-0.235976775935157,-0.234808649907053,-0.233645552957213,-0.232487746207019,-0.231335479140347,-0.230188988978528,-0.22904850016679,-0.227914223973971,-0.226786358204165,-0.22566508701652,-0.224550580847521,-0.223442996428734,-0.22234247689205,-0.221249151953886,-0.220163138169554,-0.219084539248967,-0.218013446425016,-0.216949938866288,-0.215894084126205,-0.214845938621167,-0.213805548130852,-0.212772948314413,-0.211748165236867,-0.210731215900633,-0.209722108777686,-0.208720844338381,-0.207727415573536,-0.206741808506824,-0.20576400269501,-0.204793971713966,-0.203831683628811,-0.202877101446824,-0.201930183552138,-0.20099088412147,-0.200059153520386,-0.199134938679837,-0.198218183452871,-0.197308828951587,-0.196406813864552,-0.195512074754996,-0.194624546340216,-0.193744161752689,-0.192870852783468,-0.192004550108462,-0.191145183498292,-0.190292682012363,-0.189446974177898,-0.188607988154624,-0.187775651885829,-0.186949893236522,-0.186130640119385,-0.185317820609227,-0.184511363046611,-0.183711196131335,-0.182917249006384,-0.182129451333003,-0.181347733357468,-0.180572025970141,-0.179802260757352,-0.179038370046629,-0.178280286945789,-0.177527945376343,-0.176781280101674,-0.176040226750414,-0.175304721835409,-0.174574702768657,-0.173850107872567,-0.17313087638787,-0.172416948478493,-0.171708265233689,-0.171004768667683,-0.170306401717094,-0.169613108236365,-0.168924832991417,-0.168241521651724,-0.167563120781,-0.166889577826672,-0.166220841108285,-0.165556859804994,-0.164897583942279,-0.164242964377996,-0.163592952787876,-0.162947501650588,-0.162306564232438,-0.161670094571806,-0.161038047463388,-0.16041037844231,-0.159787043768186,-0.159168000409163,-0.158553206026018,-0.157942618956331,-0.157336198198795,-0.156733903397682,-0.1561356948275,-0.155541533377876,-0.154951380538667,-0.154365198385344,-0.153782949564651,-0.153204597280545,-0.152630105280454,-0.152059437841836,-0.151492559759058,-0.150929436330607,-0.150370033346616,-0.14981431707673,-0.149262254258294,-0.148713812084883,-0.148168958195143,-0.147627660661971,-0.147089887982015,-0.146555609065487,-0.146024793226292,-0.145497410172472,-0.144973429996939,-0.144452823168516,-0.143935560523264,-0.143421613256088,-0.14291095291263,-0.142403551381417,-0.141899380886282,-0.141398413979037,-0.140900623532385,-0.140405982733087,-0.139914465075346,-0.139426044354427,-0.138940694660486,-0.138458390372619,-0.137979106153104,-0.137502816941849,-0.13702949795102,-0.136559124659858,-0.136091672809674,-0.135627118399002,-0.135165437678931,-0.134706607148578,-0.134250603550727,-0.1337974038676,-0.133346985316775,-0.13289932534724,-0.132454401635566,-0.132012192082213,-0.131572674807948,0,-0.29080134927225,-0.290927382221702,-0.290972397555727,-0.290929869845188,-0.290795032308889,-0.290566685711796,-0.290247517373785,-0.28984331275513,-0.289361577796653,-0.288810255900847,-0.288196844361227,-0.287527931765618,-0.286809058082531,-0.286044777255617,-0.285238821786719,-0.284394299220154,-0.283513878276202,-0.282599943374944,-0.281654710295822,-0.280680304071834,-0.279678804529338,-0.278652266554284,-0.277602722251919,-0.2765321714042,-0.2754425654937,-0.274335789343531,-0.273213643280407,-0.272077827740751,-0.270929931435077,-0.269771423562214,-0.268603650105611,-0.26742783392536,-0.266245078156825,-0.265056372315695,-0.263862600468264,-0.262664550836075,-0.261462926249983,-0.260258354937296,-0.259051401206773,-0.257842575681907,-0.256632344817169,-0.255421139510719,-0.254209362697562,-0.252997395867855,-0.251785604505335,-0.250574342480688,-0.249363955464803,-0.248154783447974,-0.24694716246459,-0.245741425629647,-0.244537903594946,-0.243336924530148,-0.242138813728049,-0.240943892925428,-0.239752479421463,-0.238564885065575,-0.237381415176311,-0.23620236744275,-0.235028030850421,-0.233858684664856,-0.232694597497952,-0.231536026475276,-0.230383216516337,-0.229236399734668,-0.228095794960267,-0.226961607383417,-0.225834028316155,-0.224713235065537,-0.223599390911273,-0.222492645179244,-0.221393133401743,-0.220300977554968,-0.219216286364204,-0.218139155667346,-0.217069668827684,-0.216007897187382,-0.214953900553579,-0.213907727709669,-0.212869416944926,-0.211838996596311,-0.210816485596915,-0.209801894026132,-0.20879522365727,-0.207796468498836,-0.206805615326329,-0.205822644201815,-0.204847528979041,-0.203880237792264,-0.202920733527334,-0.201968974273913,-0.201024913758011,-0.200088501754293,-0.199159684477833,-0.198238404955192,-0.197324603374898,-0.196418217417506,-0.195519182565596,-0.194627432394133,-0.193742898841712,-0.192865512463295,-0.191995202665063,-0.191131897922107,-0.190275525979635,-0.189426014038479,-0.188583288925615,-0.187747277250476,-0.186917905547795,-0.186095100407735,-0.185278788594024,-0.184468897150826,-0.18366535349903,-0.18286808552265,-0.18207702164597,-0.181292090902072,-0.18051322299335,-0.17974034834458,-0.178973398149092,-0.178212304408579,-0.177456999967015,-0.17670741853918,-0.175963494734203,-0.175225164074563,-0.174492363010927,-0.173765028933206,-0.173043100178153,-0.172326516033846,-0.17161521674135,-0.170909143493833,-0.170208238433404,-0.169512444645913,-0.168821706153943,-0.168135967908185,-0.167455175777418,-0.166779276537237,-0.166108217857722,-0.165441948290179,-0.164780417253097,-0.164123575017449,-0.163471372691449,-0.162823762204869,-0.162180696293014,-0.16154212848044,-0.160908013064491,-0.160278305098733,-0.159652960376334,-0.159031935413465,-0.158415187432756,-0.157802674346861,-0.157194354742173,-0.156590187862716,-0.155990133594251,-0.155394152448624,-0.15480220554837,-0.154214254611604,-0.153630261937205,-0.153050190390316,-0.152474003388159,-0.151901664886191,-0.151333139364588,-0.150768391815077,-0.150207387728113,-0.149650093080399,-0.149096474322759,-0.148546498368352,-0.148000132581234,-0.147457344765255,-0.1469181031533,-0.146382376396858,-0.145850133555916,-0.145321344089183,-0.144795977844613,-0.144274005050258,-0.143755396305397,-0.143240122571984,-0.14272815516636,-0.142219465751263,-0.141714026328093,-0.141211809229453,-0.140712787111938,-0.140216932949171,-0.139724220025086,-0.139234621927436,-0.138748112541529,-0.138264666044178,-0.137784256897864,-0.137306859845096,-0.136832449902972,-0.13636100235792,-0.135892492760626,-0.135426896921135,-0.134964190904112,-0.134504351024276,-0.134047353841978,-0.133593176158933,-0.133141795014092,-0.132693187679656,-0.132247331657211,-0.131804204674,-0.131363784679311,-0.130926049840981,0,-0.290953813352245,-0.291054067002239,-0.291057984649788,-0.290965640166337,-0.290775940706428,-0.290490390212689,-0.29011401239776,-0.289654414469951,-0.289120282569269,-0.288520138160143,-0.287861594894064,-0.287151060138067,-0.286393737878936,-0.285593796148206,-0.28475459821994,-0.283878934516682,-0.282969221844297,-0.282027656797164,-0.281056322439635,-0.280057253871067,-0.279032471000835,-0.277983987306466,-0.27691380256784,-0.275823886236234,-0.274716156613865,-0.273592459611313,-0.272454549625475,-0.271304074078569,-0.270142562378702,-0.268971419484321,-0.267791923849245,-0.266605229261057,-0.265412369933806,-0.264214268149957,-0.263011743743651,-0.261805524758773,-0.26059625868563,-0.25938452376697,-0.258170839958203,-0.256955679220792,-0.255739474916876,-0.254522630153755,-0.253305524997014,-0.252088522529653,-0.250871973781714,-0.249656221590938,-0.248441603480909,-0.247228453660173,-0.246017104255239,-0.244807885893551,-0.24360112775078,-0.242397157171297,-0.241196298962555,-0.239998874454259,-0.238805200402353,-0.237615587806733,-0.236430340700539,-0.235249754958397,-0.234074117161213,-0.232903703546268,-0.231738779063529,-0.230579596552262,-0.229426396046238,-0.228279404210977,-0.22713883391253,-0.226004883914178,-0.224877738695002,-0.223757568382524,-0.222644528790374,-0.22153876155115,-0.220440394334274,-0.219349541138515,-0.218266302649035,-0.217190766649133,-0.216123008477358,-0.215063091521228,-0.214011067739449,-0.212966978205214,-0.211930853663841,-0.210902715098735,-0.209882574300325,-0.208870434433264,-0.20786629059785,-0.206870130382151,-0.205881934401891,-0.204901676825646,-0.203929325883333,-0.20296484435641,-0.202008190048546,-0.201059316235856,-0.200118172096091,-0.199184703116407,-0.198258851479582,-0.1973405564287,-0.196429754610531,-0.195526380397924,-0.194630366191684,-0.19374164270246,-0.19286013921328,-0.191985783823402,-0.191118503674207,-0.190258225157892,-0.189404874109737,-0.188558375984737,-0.187718656019392,-0.18688563937945,-0.18605925129438,-0.185239417179347,-0.184426062745447,-0.183619114098923,-0.182818497830082,-0.182024141092597,-0.18123597167384,-0.180453918056901,-0.179677909474864,-0.17890787595795,-0.178143748374038,-0.177385458463113,-0.176632938866111,-0.175886123148622,-0.175144945819908,-0.174409342347618,-0.173679249168599,-0.172954603696162,-0.172235344324137,-0.171521410428026,-0.170812742363554,-0.170109281462883,-0.169410970028742,-0.168717751326712,-0.168029569575874,-0.167346369938019,-0.166668098505617,-0.165994702288693,-0.16532612920078,-0.164662328044086,-0.164003248494011,-0.163348841083112,-0.162699057184656,-0.162053848995827,-0.161413169520697,-0.160776972553031,-0.160145212659003,-0.159517845159878,-0.158894826114735,-0.158276112303267,-0.157661661208704,-0.157051431000914,-0.156445380519702,-0.15584346925834,-0.155245657347367,-0.154651905538661,-0.154062175189823,-0.153476428248877,-0.1528946272393,-0.152316735245398,-0.151742715898034,-0.151172533360705,-0.150606152315997,-0.150043537952384,-0.149484655951411,-0.148929472475226,-0.148377954154486,-0.14783006807662,-0.147285781774445,-0.146745063215136,-0.146207880789548,-0.145674203301871,-0.145143999959626,-0.144617240363982,-0.144093894500399,-0.143573932729585,-0.143057325778748,-0.142544044733158,-0.14203406102799,-0.141527346440449,-0.141023873082169,-0.140523613391871,-0.140026540128288,-0.139532626363324,-0.13904184547546,-0.138554171143392,-0.138069577339886,-0.137588038325857,-0.137109528644646,-0.136634023116507,-0.136161496833277,-0.13569192515324,-0.135225283696162,-0.134761548338503,-0.13430069520879,-0.133842700683153,-0.133387541381006,-0.132935194160878,-0.132485636116385,-0.132038844572336,-0.131594797080963,-0.131153471418276,-0.130714845580544,-0.130278897780878,0,-0.291094304854331,-0.291157764656573,-0.291114854655651,-0.290968901035441,-0.290721767889437,-0.290377553630856,-0.289943563934276,-0.289429067827859,-0.288843694054114,-0.288196292193202,-0.287494376829221,-0.286744013715902,-0.285949966950316,-0.285115962521168,-0.284244973795315,-0.283339476735758,-0.282401652153348,-0.281433530481413,-0.280437084411495,-0.279414279082424,-0.278367090564951,-0.277297502643041,-0.276207490327385,-0.275098996722338,-0.273973908120048,-0.272834030667219,-0.271681070695939,-0.270516619831708,-0.269342145263501,-0.268158985045729,-0.266968347961206,-0.265771317271148,-0.264568857580287,-0.26336182402488,-0.26215097302595,-0.260936973921036,-0.259720420880397,-0.25850184461667,-0.257281723501891,-0.256060493806291,-0.254838558865272,-0.253616297061717,-0.252394068579091,-0.251172220936221,-0.249951093357672,-0.248731020065197,-0.247512332597074,-0.246295361274688,-0.245080435941026,-0.243867886095228,-0.242658040542365,-0.24145122666949,-0.240247769448658,-0.239047990256073,-0.23785220558445,-0.236660725713626,-0.235473853392886,-0.234291882577697,-0.233115097253687,-0.231943770371993,-0.230778162912445,-0.229618523084573,-0.228465085670968,-0.227318071513082,-0.226177687136036,-0.225044124506228,-0.223917560913568,-0.222798158968688,-0.221686066704624,-0.220581417771949,-0.219484331716221,-0.21839491432674,-0.217313258045958,-0.216239442429411,-0.215173534646632,-0.214115590014239,-0.213065652553096,-0.212023755562227,-0.210989922202922,-0.209964166087185,-0.20894649186543,-0.207936895808965,-0.206935366383463,-0.205941884810194,-0.204956425612338,-0.203978957144173,-0.203009442101401,-0.202047838011258,-0.201094097701388,-0.20014816974682,-0.199209998894615,-0.198279526465999,-0.19735669073603,-0.196441427290972,-0.195533669363741,-0.19463334814788,-0.193740393090631,-0.192854732165767,-0.191976292126872,-0.19110499874185,-0.190240777009447,-0.189383551358606,-0.188533245831485,-0.187689784250977,-0.186853090373558,-0.186023088028295,-0.185199701242819,-0.18438285435705,-0.183572472125457,-0.182768479808587,-0.181970803254586,-0.181179368971404,-0.180394104190347,-0.179614936921605,-0.178841796002363,-0.178074611138063,-0.177313312937358,-0.176557832941277,-0.17580810364708,-0.175064058527252,-0.174325632044077,-0.173592759660181,-0.17286537784542,-0.17214342408047,-0.171426836857441,-0.170715555677812,-0.170009521047985,-0.169308674472702,-0.16861295844658,-0.167922316443984,-0.167236692907436,-0.166556033234769,-0.165880283765175,-0.165209391764333,-0.164543305408745,-0.163881973769416,-0.163225346795017,-0.162573375294612,-0.161926010920075,-0.161283206148282,-0.160644914263145,-0.16001108933758,-0.159381686215473,-0.158756660493682,-0.158135968504163,-0.157519567296224,-0.156907414618993,-0.156299468904091,-0.155695689248576,-0.155096035398168,-0.154500467730775,-0.153908947240352,-0.153321435521094,-0.152737894751994,-0.152158287681752,-0.151582577614067,-0.151010728393305,-0.150442704390543,-0.149878470490007,-0.149317992075882,-0.148761235019514,-0.14820816566699,-0.147658750827096,-0.147112957759645,-0.146570754164174,-0.14603210816901,-0.145496988320676,-0.144965363573664,-0.144437203280533,-0.14391247718235,-0.143391155399452,-0.142873208422523,-0.142358607103985,-0.141847322649679,-0.141339326610848,-0.140834590876388,-0.140333087665388,-0.139834789519918,-0.139339669298084,-0.138847700167324,-0.138358855597945,-0.137873109356889,-0.137390435501719,-0.136910808374822,-0.136434202597812,-0.135960593066139,-0.135489954943881,-0.135022263658721,-0.134557494897102,-0.134095624599548,-0.133636628956148,-0.133180484402196,-0.132727167613977,-0.132276655504704,-0.131828925220579,-0.131383954136998,-0.130941719854873,-0.130502200197079,-0.130065373205017,-0.12963121713528,0,-0.291219458640741,-0.291237110460592,-0.291141660273735,-0.290938390739694,-0.290631470648599,-0.290227480009563,-0.289735885553433,-0.289167381276237,-0.288532247667827,-0.28783938944479,-0.287096007011036,-0.286307677963581,-0.285478641837982,-0.284612145724087,-0.283710768855572,-0.282776687938329,-0.281811872319314,-0.280818213157982,-0.279797597698314,-0.278751941793064,-0.277683193236252,-0.276593316628962,-0.275484268270004,-0.27435796737779,-0.273216268028852,-0.272060934619884,-0.270893622427854,-0.269715863923556,-0.268529060840661,-0.267334481564947,-0.266133263140751,-0.264926417053285,-0.263714837902535,-0.262499314109186,-0.261280539863291,-0.260059127624547,-0.258835620595573,-0.257610504706195,-0.256384219760055,-0.255157169499555,-0.253929730438103,-0.252702259387939,-0.251475099676912,-0.250248586098806,-0.249023048679923,-0.247798815371179,-0.246576213791269,-0.245355572154393,-0.244137219517111,-0.242921485474673,-0.241708699429151,-0.240499189540979,-0.239293281463221,-0.238091296944814,-0.236893552375925,-0.235700357335799,-0.234512013191574,-0.233328811785582,-0.232151034238935,-0.23097894989065,-0.229812815384254,-0.228652873907728,-0.227499354587584,-0.22635247203391,-0.225212426030092,-0.224079401358617,-0.222953567752736,-0.221835079962706,-0.220724077924762,-0.219620687020765,-0.218525018416625,-0.217437169467908,-0.21635722418163,-0.215285253723855,-0.214221316963508,-0.213165461043579,-0.212117721971751,-0.211078125223278,-0.210046686349758,-0.209023411588235,-0.208008298465759,-0.207001336395271,-0.206002507259276,-0.205011785978375,-0.20402914106226,-0.20305453514125,-0.202087925476873,-0.201129264450409,-0.2001785000286,-0.199235576206078,-0.198300433424295,-0.197373008966941,-0.196453237332071,-0.19554105058128,-0.194636378666403,-0.193739149734351,-0.192849290410751,-0.191966726063133,-0.191091381044473,-0.190223178917923,-0.189362042663589,-0.188507894868231,-0.187660657898772,-0.186820254060477,-0.185986605740689,-0.185159635538963,-0.18433926638443,-0.183525421641208,-0.182718025202637,-0.1819170015751,-0.181122275952152,-0.180333774279656,-0.179551423312581,-0.178775150664103,-0.17800488484761,-0.177240555312166,-0.17648209247198,-0.175729427730387,-0.174982493498808,-0.174241223211144,-0.173505551334015,-0.17277541337324,-0.172050745876923,-0.171331486435474,-0.1706175736789,-0.169908947271645,-0.169205547905252,-0.168507317289101,-0.167814198139462,-0.16712613416706,-0.166443070063365,-0.165764951485775,-0.165091725041869,-0.164423338272871,-0.163759739636466,-0.163100878489096,-0.162446705067847,-0.161797170472032,-0.161152226644558,-0.160511826353171,-0.159875923171644,-0.159244471460977,-0.158617426350674,-0.157994743720147,-0.157376380180296,-0.156762293055293,-0.156152440364631,-0.155546780805446,-0.154945273735149,-0.15434787915439,-0.153754557690366,-0.153165270580507,-0.152579979656522,-0.151998647328848,-0.151421236571486,-0.150847710907235,-0.150278034393337,-0.149712171607517,-0.149150087634433,-0.148591748052526,-0.148037118921268,-0.147486166768807,-0.146938858580004,-0.146395161784847,-0.145855044247253,-0.145318474254228,-0.144785420505403,-0.144255852102916,-0.143729738541641,-0.143207049699759,-0.142687755829649,-0.142171827549111,-0.141659235832882,-0.141149952004473,-0.140643947728275,-0.140141195001968,-0.139641666149188,-0.139145333812462,-0.138652170946404,-0.138162150811143,-0.137675246965999,-0.137191433263387,-0.136710683842929,-0.136232973125792,-0.135758275809218,-0.135286566861255,-0.134817821515674,-0.134352015267067,-0.133889123866114,-0.133429123315023,-0.13297198986312,-0.132517700002599,-0.132066230464411,-0.131617558214304,-0.131171660448982,-0.130728514592403,-0.130288098292196,-0.129850389416196,-0.129415366049088,-0.128983006489165,0,-0.291325211631705,-0.291289882011509,-0.291136645314117,-0.290872664493743,-0.290503973966764,-0.290039548802542,-0.289490827924248,-0.288869620586256,-0.288186526111957,-0.28745022122482,-0.286667388151345,-0.285842991041396,-0.284980683597133,-0.284083218110969,-0.283152791964086,-0.282191309489332,-0.281200560462139,-0.280182327569761,-0.279138438939757,-0.278070781554992,-0.276981289257408,-0.275871916273918,-0.274744604440989,-0.273601249869275,-0.272443672788143,-0.271273592748694,-0.270092610199745,-0.268902194621774,-0.267703678844302,-0.266498258823211,-0.265286997965094,-0.264070835013696,-0.262850594524959,-0.261626999025095,-0.26040068204942,-0.259172201382209,-0.257942051947257,-0.256710677926273,-0.255478483801322,-0.254245844124255,-0.253013111908023,-0.251780625611038,-0.250548714746427,-0.24931770419399,-0.248087917325256,-0.246859678072992,-0.245633312087608,-0.244409147126048,-0.243187512815589,-0.241968739927224,-0.2407531592823,-0.239541100403034,-0.238332890003464,-0.237128850403078,-0.235929297931341,-0.234734541378163,-0.233544880533206,-0.232360604846043,-0.231181992229637,-0.230009308021406,-0.228842804109265,-0.227682718224351,-0.226529273397632,-0.22538267757405,-0.224243123375231,-0.223110787999913,-0.221985833250013,-0.220868405669579,-0.219758636783595,-0.218656643423737,-0.217562528128514,-0.216476379605812,-0.21539827324656,-0.214328271679063,-0.213266425354402,-0.212212773154191,-0.21116734301289,-0.210130152547746,-0.209101209690256,-0.208080513313886,-0.207068053853487,-0.206063813912579,-0.205067768855292,-0.204079887380329,-0.203100132074865,-0.202128459946731,-0.201164822933685,-0.200209168388891,-0.199261439542099,-0.198321575936266,-0.197389513839595,-0.196465186633193,-0.195548525174697,-0.194639458138379,-0.193737912332344,-0.192843812993536,-0.191957084061323,-0.191077648430534,-0.190205428184784,-0.189340344811037,-0.188482319396297,-0.187631272807376,-0.186787125854648,-0.185949799440715,-0.185119214694871,-0.184295293094256,-0.183477956572535,-0.18266712761694,-0.181862729354471,-0.181064685628002,-0.180272921063045,-0.179487361125853,-0.178707932173524,-0.177934561496752,-0.177167177355793,-0.176405709010232,-0.175650086743064,-0.174900241879593,-0.174156106801619,-0.173417614957331,-0.172684700867342,-0.171957300127223,-0.171235349406899,-0.170518786447237,-0.169807550054129,-0.169101580090349,-0.168400817465454,-0.167705204123959,-0.167014683032015,-0.166329198162787,-0.16564869448073,-0.164973117924912,-0.164302415391573,-0.163636534716026,-0.16297542465405,-0.162319034862898,-0.161667315881999,-0.161020219113478,-0.160377696802566,-0.159739702017971,-0.159106188632295,-0.158477111302545,-0.15785242545079,-0.15723208724503,-0.156616053580292,-0.156004282060012,-0.155396730977716,-0.154793359299044,-0.154194126644126,-0.153598993270326,-0.153007920055393,-0.152420868480996,-0.15183780061668,-0.151258679104241,-0.150683467142517,-0.150112128472611,-0.149544627363533,-0.148980928598271,-0.148420997460285,-0.147864799720413,-0.147312301624199,-0.146763469879622,-0.146218271645231,-0.145676674518669,-0.145138646525592,-0.144604156108951,-0.144073172118663,-0.143545663801619,-0.143021600792064,-0.142500953102298,-0.141983691113726,-0.141469785568214,-0.140959207559766,-0.140451928526496,-0.139947920242898,-0.139447154812389,-0.138949604660132,-0.138455242526117,-0.137964041458496,-0.137475974807159,-0.136991016217552,-0.136509139624712,-0.136030319247522,-0.135554529583178,-0.135081745401854,-0.134611941741555,-0.134145093903162,-0.133681177445648,-0.133220168181467,-0.132762042172104,-0.132306775723781,-0.131854345383313,-0.131404727934103,-0.130957900392281,-0.130513840002962,-0.130072524236644,-0.12963393078571,-0.129198037561053,-0.128764822688811,-0.128334264507201,0,-0.291408591981688,-0.291313361345202,-0.291097800327482,-0.290770190433607,-0.290338245041738,-0.289813271568398,-0.289208416511477,-0.288536228288584,-0.287807264095299,-0.287029693427287,-0.286209498017674,-0.285350930983753,-0.284457025353514,-0.283530044348118,-0.282571831557615,-0.281584056120092,-0.280568365928101,-0.279526468451935,-0.278460159220175,-0.277371315569347,-0.276261869817225,-0.275133772500903,-0.273988953203206,-0.272829283930753,-0.271656548015217,-0.270472416027372,-0.269278429137987,-0.268075989644716,-0.266866357932441,-0.265650654880864,-0.264429868624207,-0.263204864561756,-0.261976397581632,-0.260745125568249,-0.259511623396999,-0.258276396763134,-0.257039895335001,-0.25580252485702,-0.254564657950139,-0.253326643463913,-0.252088814323509,-0.25085149388664,-0.24961500088052,-0.248379653028803,-0.247145769504906,-0.245913672363168,-0.244683687104962,-0.243456142535208,-0.242231370057445,-0.241009702544435,-0.239791472907563,-0.2385770124731,-0.237366649257845,-0.236160706221261,-0.234959499556634,-0.233763337070269,-0.232572516685621,-0.231387325098526,-0.230208036600543,-0.229034912079582,-0.227868198200675,-0.22670812676455,-0.225554914237693,-0.224408761444555,-0.223269853410429,-0.22213835934205,-0.221014432732211,-0.219898211574302,-0.218789818672778,-0.217689362035924,-0.216596935337871,-0.215512618437593,-0.214436477943481,-0.21336856781304,-0.212308929978198,-0.211257594987735,-0.210214582659244,-0.209179902734003,-0.208153555528955,-0.207135532580877,-0.20612581727851,-0.205124385479156,-0.204131206106875,-0.203146241729972,-0.202169449115975,-0.201200779762781,-0.200240180404999,-0.199287593494918,-0.198342957657789,-0.197406208121385,-0.196477277120034,-0.195556094273473,-0.194642586941063,-0.193736680551996,-0.192838298912251,-0.191947364489117,-0.191063798674179,-0.190187522025679,-0.189318454491228,-0.18845651561182,-0.187601624708149,-0.186753701050187,-0.185912664010986,-0.18507843320567,-0.184250928616516,-0.183430070705036,-0.18261578051193,-0.181807979745736,-0.181006590860986,-0.180211537126639,-0.179422742685509,-0.178640132605403,-0.177863632922604,-0.177093170678349,-0.176328673948865,-0.175570071869538,-0.174817294653713,-0.174070273606638,-0.173328941134985,-0.17259323075238,-0.171863077081355,-0.171138415852056,-0.170419183898092,-0.169705319149802,-0.168996760625265,-0.168293448419298,-0.167595323690719,-0.166902328648075,-0.166214406534067,-0.165531501608859,-0.164853559132444,-0.164180525346226,-0.16351234745398,-0.162848973602295,-0.162190352860653,-0.161536435201221,-0.160887171478478,-0.160242513408756,-0.159602413549762,-0.158966825280174,-0.158335702779353,-0.157709001007234,-0.157086675684445,-0.156468683272691,-0.155854980955443,-0.155245526618961,-0.154640278833682,-0.154039196835983,-0.153442240510358,-0.152849370371995,-0.152260547549798,-0.151675733769832,-0.151094891339218,-0.150517983130472,-0.14994497256629,-0.149375823604785,-0.148810500725167,-0.148248968913868,-0.147691193651103,-0.147137140897868,-0.146586777083359,-0.146040069092814,-0.145496984255766,-0.144957490334694,-0.144421555514074,-0.14388914838981,-0.143360237959034,-0.142834793610281,-0.142312785114004,-0.141794182613445,-0.141278956615828,-0.140767077983879,-0.140258517927657,-0.139753247996685,-0.139251240072374,-0.138752466360721,-0.138256899385288,-0.137764511980433,-0.137275277284791,-0.136789168735005,-0.136306160059682,-0.135826225273573,-0.135349338671965,-0.134875474825287,-0.134404608573901,-0.133936715023093,-0.133471769538236,-0.133009747740134,-0.132550625500528,-0.132094378937759,-0.131640984412593,-0.131190418524175,-0.130742658106141,-0.130297680222848,-0.129855462165738,-0.129415981449825,-0.128979215810293,-0.128545143199205,-0.128113741782328,-0.127684989936042,0,-0.291466125260979,-0.291304596296192,-0.291023011190082,-0.290629445327792,-0.290133367192131,-0.289548345482563,-0.288888883403973,-0.288167836268475,-0.287395346751127,-0.286578816319182,-0.28572337530815,-0.284832501043023,-0.283908599187935,-0.282953470854178,-0.281968648212801,-0.280955610831539,-0.279915906399509,-0.278851201331101,-0.27776328404986,-0.276654039405688,-0.275525408150261,-0.274379341358923,-0.273217756378984,-0.272042498321377,-0.270855309213903,-0.269657805585619,-0.268451464337919,-0.267237616175947,-0.266017445539346,-0.264791995815967,-0.263562178593381,-0.262328785760232,-0.261092503381919,-0.259853926419349,-0.258613573518429,-0.257371901258605,-0.256129317402165,-0.254886192826091,-0.253642871941174,-0.252399681507026,-0.251156937836187,-0.249914952446269,-0.248674036267526,-0.247434502546308,-0.246196668604639,-0.244960856625108,-0.243727393630399,-0.242496610820353,-0.241268842418237,-0.240044424163465,-0.238823691571819,-0.237606978067227,-0.236394613072307,-0.235186920128691,-0.233984215103204,-0.23278680452235,-0.231594984065624,-0.230409037237765,-0.229229234231371,-0.228055830983999,-0.226889068428117,-0.225729171927649,-0.224576350891466,-0.22343079855166,-0.222292691892788,-0.221162191717317,-0.220039442832047,-0.218924574340332,-0.217817700025303,-0.216718918809876,-0.215628315280208,-0.214545960260145,-0.213471911425266,-0.212406213946168,-0.211348901151681,-0.210299995203779,-0.209259507776915,-0.20822744073548,-0.207203786803981,-0.206188530225348,-0.205181647403534,-0.204183107527275,-0.203192873172474,-0.20221090088126,-0.201237141716227,-0.200271541788814,-0.199314042761155,-0.198364582321068,-0.197423094630101,-0.196489510744829,-0.195563759011764,-0.194645765436435,-0.193735454027289,-0.192832747115224,-0.191937565649608,-0.191049829471716,-0.190169457566577,-0.189296368294229,-0.188430479601406,-0.187571709214706,-0.186719974816252,-0.185875194202867,-0.185037285429771,-0.184206166939756,-0.183381757678807,-0.182563977199056,-0.181752745749983,-0.180947984358675,-0.18014961489997,-0.179357560157249,-0.17857174387461,-0.177792090801098,-0.177018526727673,-0.176250978517512,-0.175489374130224,-0.174733642640534,-0.17398371425194,-0.173239520305811,-0.172500993286386,-0.171768066822071,-0.171040675683433,-0.170318755778233,-0.169602244143846,-0.168891078937347,-0.168185199423577,-0.167484545961417,-0.166789059988526,-0.166098684004761,-0.16541336155446,-0.164733037207803,-0.164057656541377,-0.163387166118134,-0.162721513466852,-0.16206064706123,-0.161404516298736,-0.1607530714793,-0.160106263783939,-0.159464045253408,-0.158826368766926,-0.158193188021069,-0.157564457508852,-0.156940132499076,-0.15632016901597,-0.155704523819165,-0.155093154384029,-0.154486018882394,-0.153883076163699,-0.153284285736557,-0.152689607750766,-0.152099002979777,-0.151512432803626,-0.150929859192331,-0.150351244689762,-0.149776552397981,-0.149205745962058,-0.14863878955535,-0.148075647865251,-0.147516286079393,-0.146960669872309,-0.146408765392537,-0.14586053925016,-0.145315958504779,-0.144774990653901,-0.144237603621738,-0.143703765748407,-0.143173445779516,-0.142646612856125,-0.142123236505079,-0.141603286629692,-0.141086733500777,-0.140573547748011,-0.140063700351615,-0.139557162634355,-0.139053906253833,-0.138553903195077,-0.138057125763401,-0.137563546577536,-0.137073138563024,-0.136585874945855,-0.136101729246343,-0.13562067527323,-0.135142687118015,-0.134667739149486,-0.134195806008461,-0.133726862602719,-0.133260884102115,-0.132797845933875,-0.132337723778064,-0.131880493563204,-0.131426131462066,-0.130974613887593,-0.130525917488974,-0.130080019147854,-0.129636895974669,-0.129196525305107,-0.128758884696687,-0.128323951925451,-0.127891704982758,-0.127462122072194,-0.127035181606562,0,-0.291493244064953,-0.291260606995582,-0.290910187654502,-0.290449005320914,-0.289888610539452,-0.289244700993575,-0.288532691354527,-0.287765270498758,-0.286951801481916,-0.28609868962581,-0.285210102686355,-0.284288713737396,-0.28333632284175,-0.282354315766807,-0.281343967807816,-0.280306620814661,-0.279243765982203,-0.278157062170319,-0.277048314019006,-0.275919428213901,-0.274772360963293,-0.273609065422236,-0.272431444467952,-0.2712413117783,-0.270040362432217,-0.268830153079619,-0.267612090980248,-0.266387430774178,-0.265157277633106,-0.263922595384189,-0.262684218246537,-0.261442864936907,-0.260199154057629,-0.258953619855746,-0.25770672762261,-0.256458888177044,-0.255210471035302,-0.253961816012838,-0.252713243123856,-0.251465060743933,-0.250217572079319,-0.248971080045022,-0.247725890694755,-0.246482315371399,-0.245240671759556,-0.244001284024362,-0.242764482215445,-0.241530601103875,-0.240299978604941,-0.2390729539223,-0.237849865530589,-0.236631049095119,-0.235416835409369,-0.234207548414378,-0.233003503348945,-0.231805005066118,-0.230612346539807,-0.229425807575486,-0.228245653730757,-0.22707213544494,-0.225905487371666,-0.224745927904506,-0.223593658882803,-0.222448865462978,-0.221311716139393,-0.220182362898326,-0.219060941488622,-0.217947571792887,-0.216842358283811,-0.215745390551037,-0.214656743885012,-0.213576479905398,-0.212504647222702,-0.211441282123002,-0.210386409266737,-0.209340042393649,-0.208302185026983,-0.20727283117104,-0.206251965997058,-0.205239566513253,-0.204235602215567,-0.203240035716361,-0.202252823348907,-0.201273915746039,-0.20030325839181,-0.199340792145417,-0.198386453736985,-0.197440176235146,-0.196501889486544,-0.19557152052769,-0.194648993969692,-0.193734232356604,-0.192827156498185,-0.191927685778007,-0.191035738437889,-0.190151231839693,-0.18927408270554,-0.188404207337549,-0.187541521818164,-0.186685942192182,-0.185837384631535,-0.184995765583894,-0.184161001906105,-0.183333010983476,-0.182511710835867,-0.181697020211499,-0.180888858669397,-0.180087146651292,-0.179291805543798,-0.178502757731635,-0.177719926642613,-0.176943236785079,-0.176172613778455,-0.175407984377483,-0.174649276490754,-0.17389641919403,-0.173149342738886,-0.172407978557114,-0.171672259261328,-0.170942118642174,-0.170217491662507,-0.169498314448887,-0.168784524280708,-0.168076059577251,-0.167372859882929,-0.166674865850974,-0.165982019225784,-0.16529426282415,-0.164611540515538,-0.163933797201597,-0.163260978795063,-0.162593032198184,-0.161929905280797,-0.161271546858182,-0.16061790666877,-0.159968935351833,-0.159324584425203,-0.158684806263112,-0.158049554074211,-0.157418781879828,-0.156792444492509,-0.156170497494882,-0.155552897218892,-0.154939600725424,-0.154330565784353,-0.153725750855027,-0.15312511506722,-0.152528618202546,-0.151936220676367,-0.151347883520184,-0.150763568364529,-0.150183237422343,-0.149606853472872,-0.149034379846035,-0.148465780407301,-0.14790101954305,-0.147340062146406,-0.146782873603559,-0.146229419780541,-0.145679667010461,-0.145133582081193,-0.144591132223492,-0.144052285099541,-0.143517008791913,-0.142985271792934,-0.142457042994439,-0.141932291677908,-0.141410987504968,-0.140893100508257,-0.140378601082626,-0.139867459976678,-0.139359648284624,-0.138855137438456,-0.138353899200411,-0.137855905655723,-0.137361129205657,-0.136869542560804,-0.136381118734631,-0.135895831037274,-0.135413653069577,-0.134934558717339,-0.134458522145793,-0.133985517794284,-0.133515520371145,-0.133048504848765,-0.132584446458837,-0.132123320687784,-0.131665103272342,-0.13120977019531,-0.130757297681445,-0.130307662193509,-0.129860840428445,-0.129416809313694,-0.128975546003628,-0.12853702787611,-0.128101232529169,-0.127668137777776,-0.127237721650731,-0.126809962387651,-0.126384838436039,0,-0.291485072230816,-0.291178580637298,-0.290757367381057,-0.290227629396457,-0.289603496885805,-0.288902541190128,-0.288140548428959,-0.28732954725453,-0.286477783293058,-0.285590483384977,-0.284670787604599,-0.283720574219501,-0.282741086759346,-0.281733359818873,-0.280698475831011,-0.279637694528935,-0.278552494326734,-0.277444557857054,-0.276315726084673,-0.275167938369839,-0.274003170123169,-0.272823375312573,-0.271630437884277,-0.270426133917445,-0.269212104824162,-0.267989840945183,-0.266760674325731,-0.265525779169435,-0.264286178375597,-0.26304275460198,-0.261796264415765,-0.260547354265336,-0.259296577200661,-0.258044409472396,-0.256791266336797,-0.255537516576427,-0.254283495409936,-0.2530295156046,-0.251775876721873,-0.250522872518931,-0.249270796599708,-0.248019946459161,-0.246770626097144,-0.245523147396058,-0.244277830462152,-0.243035003126712,-0.241794999792731,-0.240558159797255,-0.239324825441123,-0.238095339817924,-0.236870044553683,-0.235649277549081,-0.234433370797457,-0.233222648334947,-0.232017424363986,-0.230818001578355,-0.229624669706727,-0.228437704282485,-0.227257365639992,-0.226083898131641,-0.224917529555454,-0.223758470779757,-0.222606915549171,-0.221463040454843,-0.220327005051126,-0.219198952100864,-0.218079007931783,-0.216967282887162,-0.215863871854905,-0.214768854860224,-0.213682297708329,-0.212604252664795,-0.2115347591625,-0.21047384452529,-0.209421524699721,-0.208377804987337,-0.207342680771042,-0.20631613823007,-0.205298155038984,-0.204288701046944,-0.203287738934214,-0.202295224843537,-0.201311108984606,-0.200335336210335,-0.199367846564112,-0.198408575797574,-0.197457455858801,-0.196514415351069,-0.195579379962563,-0.194652272867641,-0.193733015100385,-0.192821525901299,-0.191917723038148,-0.19102152310194,-0.19013284177918,-0.189251594101497,-0.188377694673805,-0.187511057882152,-0.186651598082385,-0.1857992297708,-0.184953867737855,-0.184115427206051,-0.183283823953025,-0.182458974420879,-0.181640795812707,-0.180829206177272,-0.180024124482715,-0.179225470680149,-0.178433165757941,-0.177647131787452,-0.176867291960944,-0.176093570622337,-0.175325893291453,-0.17456418668234,-0.173808378716235,-0.173058398529684,-0.172314176478301,-0.171575644136632,-0.170842734294513,-0.170115380950337,-0.16939351930157,-0.168677085732849,-0.167966017801973,-0.167260254224052,-0.166559734854083,-0.165864400668178,-0.165174193743656,-0.164489057238207,-0.163808935368285,-0.163133773386906,-0.162463517560983,-0.161798115148346,-0.161137514374538,-0.160481664409521,-0.159830515344364,-0.159184018168001,-0.158542124744147,-0.157904787788412,-0.157271960845689,-0.156643598267864,-0.156019655191876,-0.155400087518178,-0.154784851889629,-0.15417390567083,-0.153567206927941,-0.152964714408983,-0.152366387524647,-0.151772186329615,-0.151182071504399,-0.150596004337706,-0.150013946709322,-0.14943586107353,-0.148861710443041,-0.148291458373441,-0.147725068948159,-0.147162506763925,-0.146603736916738,-0.146048724988307,-0.145497437032981,-0.144949839565134,-0.144405899547015,-0.143865584377032,-0.143328861878471,-0.142795700288638,-0.1422660682484,-0.141739934792125,-0.141217269338,-0.140698041678724,-0.140182221972549,-0.139669780734672,-0.139160688828954,-0.138654917459959,-0.138152438165306,-0.137653222808309,-0.137157243570908,-0.136664472946868,-0.136174883735245,-0.135688449034099,-0.135205142234454,-0.134724937014483,-0.13424780733392,-0.13377372742868,-0.133302671805685,-0.132834615237879,-0.132369532759439,-0.131907399661149,-0.131448191485954,-0.130991884024672,-0.130538453311861,-0.130087875621835,-0.129640127464811,-0.129195185583209,-0.128753026948057,-0.128313628755537,-0.127876968423634,-0.127443023588905,-0.127011772103346,-0.126583192031361,-0.126157261646833,-0.125733959430274,0,-0.291437549298983,-0.291056033574398,-0.290562796052216,-0.289964335050827,-0.289277856548921,-0.288522370712883,-0.287713412051398,-0.286861860562164,-0.285974554012994,-0.285055415271198,-0.284106541671648,-0.283129063632571,-0.282123741982702,-0.28109133847771,-0.280032813047366,-0.278949400037294,-0.277842606801672,-0.276714167500934,-0.275565975428995,-0.274400009481019,-0.273218264531918,-0.27202269127679,-0.27081514815616,-0.269597366037009,-0.268370925082265,-0.267137242511048,-0.265897569575035,-0.264652995940069,-0.263404459685402,-0.262152761257995,-0.260898579904975,-0.25964249132434,-0.258384985501498,-0.25712648392244,-0.255867355563168,-0.254607931242724,-0.25334851609003,-0.252089400010994,-0.250830866152039,-0.249573197440625,-0.248316681344709,-0.247061613034108,-0.24580829715054,-0.244557048402754,-0.243308191201671,-0.242062058540649,-0.240818990310257,-0.239579331217431,-0.23834342845738,-0.2371116292644,-0.235884278445984,-0.234661715984006,-0.233444274767842,-0.232232278507363,-0.231026039858992,-0.229825858785374,-0.228632021158762,-0.227444797609635,-0.226264442615337,-0.225091193818361,-0.223925271560112,-0.222766878613384,-0.221616200095152,-0.220473403540503,-0.219338639118308,-0.218212039969616,-0.217093722650447,-0.215983787661652,-0.214882320049692,-0.213789390063489,-0.212705053853854,-0.211629354203366,-0.210562321275945,-0.209503973376643,-0.208454317713435,-0.207413351153944,-0.206381060971097,-0.205357425572734,-0.204342415211013,-0.203335992668344,-0.202338113917218,-0.201348728751989,-0.200367781391191,-0.19939521104947,-0.198430952478616,-0.197474936477545,-0.196527090371385,-0.195587338460058,-0.194655602436979,-0.193731801778643,-0.19281585410602,-0.191907675518777,-0.191007180903432,-0.190114284216581,-0.189228898744413,-0.18835093733971,-0.187480312637554,-0.186616937250965,-0.185760723947657,-0.184911585809093,-0.184069436372987,-0.183234189760359,-0.182405760788216,-0.181584065068892,-0.180769019097028,-0.17996054032513,-0.17915854722861,-0.178362959361143,-0.177573697401148,-0.176790683190153,-0.176013839763738,-0.175243091375745,-0.174478363516358,-0.173719582924649,-0.172966677596133,-0.172219576785825,-0.171478211007291,-0.17074251202811,-0.170012412862151,-0.16928784775905,-0.168568752191218,-0.167855062838696,-0.167146717572151,-0.166443655434275,-0.165745816619828,-0.165053142454546,-0.164365575373121,-0.163683058896416,-0.163005537608114,-0.162332957130909,-0.161665264102404,-0.161002406150826,-0.160344331870658,-0.159690990798296,-0.159042333387805,-0.158398310986861,-0.157758875812931,-0.157123980929758,-0.156493580224199,-0.155867628383453,-0.155246080872724,-0.154628893913345,-0.154016024461383,-0.153407430186761,-0.152803069452892,-0.152202901296858,-0.151606885410125,-0.151014982119815,-0.150427152370527,-0.149843357706714,-0.149263560255606,-0.148687722710689,-0.148115808315721,-0.147547780849284,-0.14698360460987,-0.146423244401473,-0.145866665519703,-0.145313833738385,-0.144764715296658,-0.144219276886529,-0.143677485640907,-0.143139309122071,-0.142604715310581,-0.142073672594606,-0.141546149759665,-0.141022115978759,-0.140501540802886,-0.139984394151928,-0.139470646305886,-0.138960267896465,-0.138453229898985,-0.137949503624607,-0.13744906071287,-0.136951873124514,-0.136457913134592,-0.135967153325839,-0.135479566582318,-0.134995126083293,-0.134513805297356,-0.134035577976772,-0.133560418152047,-0.133088300126692,-0.132619198472204,-0.132153088023219,-0.131689943872858,-0.131229741368237,-0.13077245610615,-0.130318063928905,-0.129866540920307,-0.129417863401793,-0.128972007928693,-0.128528951286628,-0.128088670488031,-0.127651142768778,-0.127216345584946,-0.126784256609661,-0.12635485373006,-0.125928115044344,-0.125504018858923,-0.125082543685654,0,-0.29134770239067,-0.290890888415833,-0.290324987776817,-0.289658466589879,-0.288911875041422,-0.288105012350909,-0.287252481687903,-0.286363561071767,-0.285443456123621,-0.284494725290346,-0.283518459413736,-0.282515123139578,-0.281485089387937,-0.280428935655272,-0.279347572682677,-0.278242264649221,-0.277114585698878,-0.275966344479193,-0.274799497806848,-0.273616066666388,-0.272418062108629,-0.271207424750493,-0.269985979031553,-0.268755401781436,-0.267517203711502,-0.266272721954211,-0.265023121584998,-0.263769404069178,-0.262512420707767,-0.261252889360602,-0.259991412967858,-0.258728498647574,-0.257464576400056,-0.256200016688405,-0.254935146380085,-0.25367026272296,-0.252405645188182,-0.251141565141634,-0.249878293406362,-0.248616105852884,-0.247355287205362,-0.246096133282752,-0.244838951908544,-0.243584062724142,-0.242331796132312,-0.24108249158135,-0.239836495380145,-0.238594158211111,-0.237355832483761,-0.236121869647619,-0.23489261756032,-0.23366841798555,-0.232449604276524,-0.231236499284035,-0.23002941351387,-0.228828643546477,-0.227634470722051,-0.226447160086498,-0.225266959587822,-0.224094099508128,-0.222928792113372,-0.221771231501134,-0.22062159362564,-0.219480036479025,-0.218346700408123,-0.21722170854682,-0.216105167345051,-0.214997167176799,-0.213897783010875,-0.21280707512971,-0.211725089882912,-0.210651860463812,-0.209587407698635,-0.208531740839309,-0.207484858352183,-0.206446748696094,-0.205417391084315,-0.204396756225874,-0.203384807042617,-0.202381499359171,-0.20138678256365,-0.200400600237547,-0.19942289075379,-0.19845358784238,-0.19749262112343,-0.196539916607735,-0.195595397165302,-0.194658982962446,-0.19373059186831,-0.19281013983174,-0.191897541229625,-0.190992709187835,-0.190095555876015,-0.189205992777462,-0.188323930935409,-0.187449281176972,-0.186581954316069,-0.185721861336571,-0.184868913556928,-0.18402302277748,-0.183184101411628,-0.182352062602001,-0.18152682032269,-0.180708289468606,-0.17989638593294,-0.179091026673671,-0.178292129770006,-0.177499614469607,-0.176713401227383,-0.175933411736601,-0.175159568953017,-0.174391797112669,-0.173630021743955,-0.17287416967456,-0.172124169033759,-0.171379949250582,-0.170641441048314,-0.169908576435721,-0.169181288695414,-0.168459512369697,-0.16774318324422,-0.167032238329756,-0.166326615842351,-0.165626255182123,-0.164931096910916,-0.164241082729035,-0.163556155451234,-0.162876258982141,-0.162201338291262,-0.161531339387704,-0.160866209294748,-0.160205896024369,-0.159550348551814,-0.158899516790308,-0.158253351565986,-0.157611804593099,-0.156974828449554,-0.156342376552853,-0.155714403136452,-0.155090863226598,-0.154471712619655,-0.153856907859954,-0.153246406218191,-0.152640165670377,-0.152038144877355,-0.151440303164903,-0.150846600504413,-0.150256997494151,-0.14967145534111,-0.149089935843433,-0.148512401373421,-0.147938814861102,-0.14736913977837,-0.146803340123667,-0.146241380407218,-0.145683225636786,-0.145128841303954,-0.144578193370908,-0.144031248257714,-0.143487972830081,-0.142948334387576,-0.142412300652307,-0.141879839758029,-0.141350920239685,-0.140825511023348,-0.140303581416562,-0.139785101099065,-0.139270040113874,-0.138758368858728,-0.138250058077872,-0.137745078854166,-0.137243402601502,-0.136745001057536,-0.136249846276697,-0.13575791062348,-0.135269166766,-0.134783587669801,-0.134301146591915,-0.133821817075142,-0.133345572942564,-0.132872388292261,-0.132402237492239,-0.131935095175546,-0.131470936235574,-0.131009735821543,-0.130551469334139,-0.130096112421331,-0.129643640974327,-0.129194031123677,-0.128747259235525,-0.128303301907976,-0.127862135967606,-0.127423738466077,-0.126988086676879,-0.126555158092164,-0.1261249304197,-0.12569738157991,-0.12527248970301,-0.124850233126237,-0.124430590391152,0,-0.29121284168124,-0.290681453182921,-0.290042773779218,-0.289309756435521,-0.288506127437888,-0.287651609832712,-0.286759179925215,-0.285836126988142,-0.284885882225173,-0.28390964890395,-0.282907597330397,-0.281879639296791,-0.280825870705385,-0.279746779236752,-0.278643299226994,-0.277516775873984,-0.276368882412247,-0.275201519140579,-0.274016712283875,-0.2728165230146,-0.27160297179391,-0.270377979838454,-0.269143327436897,-0.26790062762789,-0.266651313120123,-0.265396634084152,-0.264137664437176,-0.262875314383157,-0.261610347199099,-0.260343398532104,-0.259074996762446,-0.257805583275968,-0.256535531761354,-0.255265165895507,-0.253994774998077,-0.252724627421284,-0.251454981593168,-0.250186094752134,-0.248918229500522,-0.247651658368067,-0.246386666616009,-0.245123553533266,-0.243862632481196,-0.242604229936633,-0.241348683767367,-0.240096340952901,-0.238847554938416,-0.237602682783502,-0.236362082240686,-0.235126108873387,-0.233895113299254,-0.232669438623548,-0.23144941810843,-0.230235373107931,-0.229027611284831,-0.227826425114634,-0.226632090673006,-0.225444866696275,-0.224264993899537,-0.223092694533414,-0.221928172158266,-0.220771611613406,-0.21962317915853,-0.218483022764808,-0.217351272533867,-0.216228041224006,-0.215113424864365,-0.21400750343929,-0.21291034162675,-0.211821989576313,-0.210742483713766,-0.20967184756107,-0.208610092561795,-0.207557218903573,-0.206513216330411,-0.205478064938858,-0.204451735953101,-0.20343419247502,-0.202425390206074,-0.201425278138656,-0.200433799215203,-0.199450890953926,-0.198476486040503,-0.19751051288552,-0.19655289614778,-0.195603557223898,-0.194662414704862,-0.193729384800408,-0.19280438173224,-0.191887318097232,-0.190978105201849,-0.190076653369088,-0.189182872219259,-0.188296670926005,-0.187417958448888,-0.186546643743933,-0.185682635953464,-0.184825844576538,-0.183976179621271,-0.18313355174029,-0.1822978723505,-0.181469053738331,-0.180647009151528,-0.179831652878567,-0.179022900316652,-0.178220668029254,-0.177424873794069,-0.176635436642219,-0.1758522768895,-0.175075316160387,-0.174304477405495,-0.173539684913131,-0.172780864315531,-0.172027942590337,-0.171280848057821,-0.170539510374338,-0.169803860522436,-0.169073830798031,-0.168349354795022,-0.167630367387674,-0.166916804711094,-0.166208604140073,-0.165505704266561,-0.16480804487601,-0.164115566922792,-0.163428212504898,-0.162745924838084,-0.16206864822962,-0.161396328051792,-0.160728910715272,-0.160066343642482,-0.159408575241039,-0.158755554877372,-0.158107232850596,-0.157463560366702,-0.15682448951312,-0.156189973233717,-0.155559965304262,-0.15493442030839,-0.154313293614117,-0.153696541350899,-0.153084120387283,-0.152475988309144,-0.151872103398531,-0.151272424613125,-0.150676911566308,-0.150085524507855,-0.149498224305236,-0.148914972425529,-0.148335730917943,-0.147760462396933,-0.147189130025905,-0.1466216975015,-0.146058129038443,-0.145498389354949,-0.144942443658669,-0.14439025763316,-0.143841797424872,-0.143297029630635,-0.142755921285629,-0.142218439851817,-0.141684553206841,-0.141154229633351,-0.140627437808761,-0.14010414679541,-0.13958432603112,-0.139067945320132,-0.138554974824408,-0.138045385055282,-0.137539146865451,-0.137036231441284,-0.136536610295449,-0.136040255259828,-0.135547138478725,-0.135057232402342,-0.13457050978052,-0.134086943656721,-0.133606507362258,-0.133129174510748,-0.132654918992782,-0.132183714970805,-0.131715536874191,-0.13125035939451,-0.13078815748097,-0.130328906336039,-0.129872581411218,-0.129419158402982,-0.128968613248861,-0.128520922123664,-0.128076061435837,-0.127634007823949,-0.127194738153301,-0.126758229512644,-0.126324459211011,-0.125893404774657,-0.125465043944086,-0.125039354671188,-0.124616315116446,-0.12419590364625,-0.123778098830268,0,-0.291031159243932,-0.290426366341131,-0.289715350018516,-0.288918378952552,-0.288061598173736,-0.287163615787265,-0.286235122264152,-0.285281128130126,-0.284303241417569,-0.283301389751532,-0.282274954155729,-0.28122343139665,-0.280146761695174,-0.279045438603236,-0.277920488895436,-0.276773383635815,-0.275605920495126,-0.274420102054559,-0.27321802425186,-0.272001782118933,-0.270773395491694,-0.269534754645073,-0.268287584240137,-0.267033423162663,-0.265773617508552,-0.264509323948173,-0.263241520859371,-0.261971024879174,-0.260698510836882,-0.259424533362875,-0.258149548796414,-0.256873936327102,-0.255598017589132,-0.254322074178743,-0.253046362780499,-0.25177112776605,-0.250496611270884,-0.249223060862557,-0.247950734991159,-0.246679906463423,-0.245410864209958,-0.244143913624931,-0.242879375753178,-0.241617585584883,-0.24035888969588,-0.239103643445109,-0.237852207912041,-0.236604946727709,-0.235362222924746,-0.234124395905405,-0.232891818602597,-0.231664834887775,-0.230443777261287,-0.229228964845419,-0.228020701687795,-0.226819275372681,-0.225624955929996,-0.224437995025989,-0.223258625415507,-0.222087060633057,-0.22092349489846,-0.219768103212319,-0.218621041616768,-0.217482447597735,-0.216352440606157,-0.215231122677043,-0.214118579126975,-0.213014879312356,-0.211920077432524,-0.210834213363614,-0.209757313510764,-0.208689391667878,-0.207630449875691,-0.206580479270279,-0.205539460915458,-0.204507366613674,-0.203484159691029,-0.202469795753016,-0.201464223408386,-0.200467384959228,-0.199479217056039,-0.198499651317029,-0.197528614911403,-0.196566031106734,-0.195611819780862,-0.194665897899012,-0.19372817995704,-0.192798578391899,-0.191877003960522,-0.19096336608844,-0.190057573189505,-0.189159532958141,-0.18826915263558,-0.187386339251514,-0.186510999842623,-0.185643041649394,-0.184782372292627,-0.18392889993098,-0.183082533400871,-0.182243182339989,-0.181410757295631,-0.180585169819025,-0.179766332546726,-0.178954159270144,-0.178148564994175,-0.177349465985885,-0.176556779814104,-0.175770425380757,-0.174990322944715,-0.174216394138855,-0.173448561981035,-0.172686750879567,-0.171930886633803,-0.171180896430336,-0.170436708835341,-0.169698253783479,-0.16896546256382,-0.168238267803133,-0.167516603446928,-0.166800404738558,-0.166089608196671,-0.165384151591296,-0.164683973918794,-0.163989015375905,-0.163299217333077,-0.162614522307274,-0.161934873934415,-0.161260216941586,-0.160590497119165,-0.159925661292962,-0.159265657296491,-0.158610433943445,-0.15795994100047,-0.157314129160295,-0.156672950015282,-0.156036356031441,-0.155404300522961,-0.154776737627287,-0.154153622280771,-0.153534910194928,-0.152920557833303,-0.152310522388982,-0.15170476176273,-0.151103234541793,-0.150505899979341,-0.149912717974562,-0.149323649053406,-0.148738654349976,-0.148157695588544,-0.147580735066201,-0.147007735636125,-0.146438660691447,-0.145873474149717,-0.145312140437939,-0.144754624478182,-0.144200891673732,-0.14365090789578,-0.143104639470632,-0.142562053167419,-0.142023116186294,-0.141487796147099,-0.14095606107849,-0.140427879407496,-0.139903219949505,-0.139382051898657,-0.138864344818623,-0.13835006863377,-0.137839193620678,-0.137331690400014,-0.136827529928728,-0.136326683492581,-0.135829122698967,-0.135334819470033,-0.134843746036079,-0.134355874929227,-0.133871178977339,-0.133389631298188,-0.132911205293855,-0.132435874645354,-0.131963613307462,-0.131494395503761,-0.131028195721862,-0.130564988708821,-0.130104749466725,-0.129647453248447,-0.129193075553554,-0.128741592124373,-0.128292978942197,-0.127847212223621,-0.127404268417018,-0.126964124199132,-0.126526756471786,-0.126092142358702,-0.125660259202432,-0.12523108456138,-0.124804596206924,-0.124380772120629,-0.12395959049154,-0.123541029713561,-0.123125068382913,0,-0.290802280806639,-0.290124527587721,-0.289342332167112,-0.288484994787582,-0.287579684010077,-0.286642764436327,-0.285682076539819,-0.284700184589217,-0.28369692408043,-0.282671093191701,-0.281621453199856,-0.280547241327683,-0.279448367762699,-0.278325424243414,-0.277179591718934,-0.27601250365426,-0.27482609946871,-0.273622487672763,-0.272403828598489,-0.27117224058408,-0.269929729864912,-0.268678142392705,-0.267419134775235,-0.266154161121409,-0.264884472543778,-0.263611126255785,-0.262335001505765,-0.261056819952435,-0.259777168469042,-0.258496522740966,-0.257215270378908,-0.255933732596497,-0.254652183791012,-0.253370868615474,-0.252090016338447,-0.250809852455326,-0.249530607643976,-0.248252524251656,-0.246975860563586,-0.245700893140705,-0.244427917530003,-0.243157247649783,-0.241889214138546,-0.24062416193368,-0.239362447317984,-0.238104434640889,-0.236850492889207,-0.235600992250866,-0.234356300785599,-0.23311678128962,-0.231882788417418,-0.23065466610315,-0.229432745306634,-0.228217342094592,-0.227008756056252,-0.22580726904348,-0.224613144218921,-0.223426625390863,-0.222247936610432,-0.22107728200492,-0.219914845820393,-0.218760792646811,-0.217615267799758,-0.216478397834073,-0.215350291166319,-0.214231038784808,-0.21312071502781,-0.21201937841254,-0.210927072499457,-0.209843826778271,-0.20876965756385,-0.207704568891884,-0.206648553405702,-0.205601593227056,-0.204563660804964,-0.203534719737836,-0.202514725565148,-0.201503626525784,-0.200501364281007,-0.199507874600635,-0.198523088011627,-0.197546930408762,-0.196579323627499,-0.195620185979479,-0.194669432751391,-0.193726976668171,-0.192792728321675,-0.191866596566103,-0.190948488881585,-0.190038311707363,-0.189135970746108,-0.188241371240881,-0.187354418226299,-0.186475016755426,-0.185603072103899,-0.18473848995277,-0.183881176551493,-0.183031038862448,-0.182187984688334,-0.181351922783711,-0.180522762951909,-0.179700416128472,-0.178884794452225,-0.178075811325016,-0.1772733814611,-0.176477420927099,-0.175687847173388,-0.174904579057723,-0.174127536861858,-0.173356642301859,-0.172591818532759,-0.17183299014816,-0.171080083175348,-0.170333025066425,-0.169591744685938,-0.168856172295453,-0.168126239535454,-0.167401879404948,-0.166683026239117,-0.165969615685304,-0.16526158467763,-0.164558871410479,-0.163861415311095,-0.163169157011484,-0.16248203831981,-0.161800002191453,-0.161122992699885,-0.160450955007475,-0.159783835336362,-0.159121580939496,-0.158464140071921,-0.157811461962405,-0.157163496785463,-0.156520195633849,-0.155881510491559,-0.155247394207386,-0.154617800469071,-0.15399268377807,-0.153371999424962,-0.152755703465524,-0.152143752697471,-0.151536104637881,-0.150932717501305,-0.150333550178569,-0.149738562216257,-0.149147713796878,-0.14856096571971,-0.147978279382308,-0.147399616762679,-0.146824940402084,-0.146254213388496,-0.145687399340655,-0.145124462392745,-0.144565367179644,-0.144010078822763,-0.143458562916425,-0.142910785514792,-0.142366713119317,-0.141826312666693,-0.141289551517296,-0.140756397444096,-0.140226818622025,-0.139700783617784,-0.139178261380059,-0.138659221230161,-0.138143632853037,-0.137631466288665,-0.137122691923801,-0.136617280484073,-0.136115203026397,-0.135616430931717,-0.135120935898036,-0.13462868993374,-0.134139665351192,-0.133653834760596,-0.1331711710641,-0.132691647450148,-0.132215237388053,-0.131741914622785,-0.131271653169977,-0.130804427311111,-0.130340211588906,-0.129878980802874,-0.129420710005047,-0.128965374495875,-0.128512949820258,-0.128063411763741,-0.127616736348838,-0.127172899831491,-0.126731878697647,-0.126293649659963,-0.125858189654616,-0.125425475838221,-0.124995485584847,-0.124568196483141,-0.124143586333524,-0.123721633145489,-0.12330231513497,-0.122885610721799,-0.122471498527222,0,-0.290525339702435,-0.289775026244759,-0.288923821867962,-0.28801078201418,-0.287062178126393,-0.286091029293397,-0.285101913476651,-0.284094921802059,-0.283068266663309,-0.282019821874004,-0.280947927565524,-0.2798517263948,-0.278731222196804,-0.277587189463986,-0.276421015172674,-0.275234521847989,-0.274029799225609,-0.272809058254539,-0.271574512902812,-0.27032829040059,-0.269072367906012,-0.267808532272125,-0.266538359092708,-0.265263207174289,-0.263984224813351,-0.262702364625881,-0.261418404106113,-0.260132969537934,-0.258846561319697,-0.257559579174739,-0.256272346095903,-0.25498513020647,-0.253698164008844,-0.252411660734915,-0.251125827708955,-0.249840876787509,-0.248557032054621,-0.247274535029317,-0.24599364769056,-0.244714653648204,-0.243437857791773,-0.24216358473712,-0.240892176368413,-0.239623988743202,-0.238359388594655,-0.237098749629889,-0.235842448788557,-0.234590862592889,-0.233344363690145,-0.232103317661419,-0.230868080147369,-0.229638994321527,-0.228416388725473,-0.227200575466964,-0.225991848771811,-0.22479048387256,-0.223596736211528,-0.222410840932042,-0.221233012629612,-0.220063445333847,-0.218902312691987,-0.217749768325706,-0.216605946334208,-0.215470961918318,-0.214344912102259,-0.21322787653187,-0.212119918330188,-0.211021084993411,-0.209931409312356,-0.20885091030643,-0.207779594159026,-0.206717455144897,-0.205664476541643,-0.204620631518831,-0.203585883999521,-0.202560189490089,-0.20154349587521,-0.200535744175735,-0.199536869267899,-0.198546800562985,-0.197565462647044,-0.196592775880782,-0.195628656960061,-0.194673019437788,-0.19372577420821,-0.192786829954822,-0.191856093563267,-0.190933470500688,-0.190018865163109,-0.189112181192425,-0.188213321764655,-0.187322189851077,-0.186438688453893,-0.185562720817995,-0.184694190620423,-0.183833002139027,-0.182979060401797,-0.182132271318279,-0.181292541794424,-0.180459779832172,-0.179633894614976,-0.17881479658044,-0.178002397481165,-0.177196610434828,-0.176397349964467,-0.175604532029877,-0.174818074050963,-0.174037894923846,-0.173263915030448,-0.172496056242243,-0.171734241918807,-0.170978396901745,-0.17022844750454,-0.169484321498817,-0.168745948097473,-0.1680132579351,-0.167286183046075,-0.166564656840663,-0.165848614079459,-0.165137990846455,-0.16443272452098,-0.163732753748772,-0.163038018412372,-0.162348459601046,-0.161664019580395,-0.160984641761817,-0.160310270671949,-0.159640851922206,-0.158976332178529,-0.158316659131439,-0.157661781466461,-0.157011648835,-0.156366211825734,-0.155725421936556,-0.155089231547123,-0.154457593892043,-0.153830463034723,-0.153207793841908,-0.152589541958917,-0.151975663785608,-0.151366116453046,-0.150760857800918,-0.150159846355659,-0.149563041309308,-0.148970402499086,-0.148381890387676,-0.147797466044211,-0.147217091125946,-0.146640727860613,-0.146068339029425,-0.145499887950744,-0.144935338464363,-0.144374654916412,-0.143817802144861,-0.14326474546559,-0.142715450659033,-0.142169883957361,-0.141628012032181,-0.141089801982754,-0.140555221324691,-0.140024237979124,-0.139496820262329,-0.138972936875782,-0.138452556896635,-0.137935649768592,-0.137422185293168,-0.136912133621322,-0.136405465245433,-0.135902150991628,-0.135402162012417,-0.134905469779648,-0.134412046077755,-0.133921862997281,-0.133434892928679,-0.132951108556361,-0.132470482852996,-0.13199298907404,-0.131518600752481,-0.131047291693808,-0.130579035971164,-0.130113807920705,-0.12965158213713,-0.129192333469387,-0.128736037016542,-0.128282668123804,-0.127832202378699,-0.127384615607381,-0.126939883871074,-0.12649798346265,-0.126058890903314,-0.125622582939412,-0.125189036539339,-0.124758228890559,-0.124330137396706,-0.123904739674796,-0.123482013552506,-0.123061937065552,-0.122644488455132,-0.122229646165453,-0.121817388841318,0,-0.290201414561966,-0.289377207465662,-0.288460483761666,-0.287497449026951,-0.286511233881333,-0.285510566970566,-0.284496550450977,-0.283466924114346,-0.282418518146223,-0.281348534482439,-0.280255108914294,-0.279137455416509,-0.277995787102706,-0.276831134122118,-0.275645129188762,-0.27443979958097,-0.273217384850577,-0.271980187898758,-0.270730460526505,-0.269470321086822,-0.268201700210241,-0.266926309977674,-0.265645631909055,-0.264360919445032,-0.263073211060027,-0.261783350666299,-0.260492012499161,-0.259199728184987,-0.257906914170779,-0.2566138981278,-0.255320943327054,-0.254028270318492,-0.252736075527789,-0.251444546615421,-0.25015387462474,-0.248864263082749,-0.247575934313859,-0.246289133288604,-0.245004129361779,-0.243721216263438,-0.242440710697089,-0.241162949877243,-0.239888288307369,-0.238617094063129,-0.237349744807227,-0.236086623723729,-0.234828115522906,-0.23357460263365,-0.23232646167004,-0.231084060232102,-0.229847754078136,-0.228617884687332,-0.227394777216197,-0.226178738840538,-0.224970057465777,-0.223769000781953,-0.222575815635449,-0.221390727686901,-0.220213941323607,-0.219045639794659,-0.217885985537854,-0.216735120668813,-0.215593167604609,-0.214460229796323,-0.213336392547227,-0.212221723895647,-0.211116275543879,-0.21002008381681,-0.208933170636018,-0.207855544497174,-0.20678720144039,-0.2057281260049,-0.204678292160958,-0.203637664213226,-0.202606197671158,-0.201583840082925,-0.200570531830379,-0.199566206883375,-0.198570793512411,-0.197584214959196,-0.19660639006519,-0.195637233858611,-0.194676658100701,-0.193724571792345,-0.192780881642328,-0.191845492498675,-0.190918307744659,-0.189999229661124,-0.189088159756834,-0.188184999068588,-0.18728964843283,-0.186402008730497,-0.185521981106793,-0.184649467167558,-0.183784369153838,-0.182926590096215,-0.182076033950397,-0.181232605715486,-0.180396211536302,-0.179566758791046,-0.178744156165524,-0.177928313715094,-0.177119142915422,-0.176316556703054,-0.175520469506773,-0.174730797270616,-0.173947457469398,-0.173170369117487,-0.172399452771571,-0.171634630528063,-0.170875826015758,-0.170122964384297,-0.169375972288974,-0.168634777872334,-0.16789931074302,-0.167169501952251,-0.1664452839683,-0.165726590649291,-0.165013357214633,-0.164305520215335,-0.163603017503465,-0.162905788200968,-0.162213772668029,-0.161526912471173,-0.160845150351244,-0.160168430191413,-0.159496696985326,-0.158829896805509,-0.158167976772123,-0.157510885022143,-0.156858570679039,-0.156210983823013,-0.155568075461851,-0.154929797502421,-0.154296102722859,-0.153666944745465,-0.153042278010339,-0.152422057749758,-0.151806239963323,-0.151194781393863,-0.150587639504115,-0.149984772454166,-0.14938613907966,-0.148791698870767,-0.148201411951882,-0.147615239062083,-0.147033141536288,-0.146455081287139,-0.145881020787565,-0.145310923054027,-0.144744751630418,-0.144182470572608,-0.1436240444336,-0.143069438249302,-0.142518617524865,-0.141971548221602,-0.141428196744436,-0.140888529929883,-0.140352515034536,-0.139820119724035,-0.139291312062509,-0.138766060502461,-0.13824433387509,-0.137726101381027,-0.137211332581459,-0.136699997389646,-0.136192066062787,-0.135687509194247,-0.135186297706102,-0.134688402842015,-0.134193796160402,-0.133702449527895,-0.133214335113076,-0.132729425380477,-0.132247693084822,-0.131769111265515,-0.131293653241351,-0.130821292605439,-0.130352003220335,-0.129885759213364,-0.129422534972133,-0.128962305140208,-0.128505044612973,-0.128050728533632,-0.127599332289371,-0.127150831507655,-0.126705202052667,-0.126262420021866,-0.125822461742675,-0.125385303769276,-0.124950922879515,-0.124519296071919,-0.124090400562792,-0.123664213783425,-0.123240713377373,-0.122819877197831,-0.122401683305077,-0.121986109963992,-0.121573135641656,-0.121162739005003,0,-0.289831445697306,-0.28893078009496,-0.287953622284392,-0.286947223469941,-0.285929307758106,-0.284903649088338,-0.283867891026994,-0.282817689075082,-0.281748809792141,-0.280658068660302,-0.279543620301178,-0.278404908272654,-0.277242456986987,-0.27605761022004,-0.274852272344736,-0.273628679537699,-0.272389211664884,-0.271136246520009,-0.269872053474263,-0.268598721505615,-0.267318115888896,-0.266031857889321,-0.264741322237255,-0.263447647761111,-0.262151757205108,-0.260854382901053,-0.259556095569851,-0.258257334086046,-0.25695843454121,-0.25565965738675,-0.254361211822554,-0.253063276924972,-0.251766019277168,-0.250469607079678,-0.24917422088274,-0.247880061199866,-0.246587353339794,-0.245296349837699,-0.244007330882766,-0.242720603133837,-0.241436497293649,-0.240155364780067,-0.238877573793868,-0.237603505040627,-0.236333547321671,-0.235068093167995,-0.233807534652841,-0.232552259484243,-0.231302647448663,-0.230059067251148,-0.228821873775959,-0.227591405774359,-0.226367983972536,-0.22515190958238,-0.223943463190274,-0.222742903994045,-0.221550469355107,-0.220366374631365,-0.21919081325625,-0.218023957030028,-0.216865956591005,-0.215716942036236,-0.21457702366366,-0.213446292810074,-0.212324822761944,-0.211212669718595,-0.210109873789809,-0.209016460012246,-0.207932439371279,-0.206857809816931,-0.205792557264411,-0.204736656571494,-0.203690072486434,-0.202652760561489,-0.201624668028271,-0.20060573463217,-0.199595893423988,-0.198595071507647,-0.197603190743507,-0.196620168407328,-0.195645917805382,-0.194680348846563,-0.193723368572645,-0.192774881648055,-0.191834790810715,-0.190902997285619,-0.189979401162927,-0.18906390174237,-0.188156397845849,-0.187256788100039,-0.186364971190881,-0.185480846091725,-0.184604312266921,-0.183735269852556,-0.182873619815979,-0.182019264095718,-0.181172105723281,-0.180332048928299,-0.179498999228367,-0.178672863504876,-0.177853550066064,-0.177040968698409,-0.176235030707461,-0.175435648949093,-0.174642737852124,-0.173856213433171,-0.173075993304546,-0.172301996675936,-0.171534144350577,-0.170772358716531,-0.170016563733683,-0.169266684916972,-0.168522649316373,-0.167784385494058,-0.167051823499169,-0.166324894840568,-0.165603532457908,-0.164887670691329,-0.164177245250063,-0.163472193180207,-0.162772452831862,-0.162077963825882,-0.161388667020369,-0.160704504477111,-0.160025419428082,-0.159351356242141,-0.158682260392026,-0.158018078421759,-0.157358757914524,-0.156704247461102,-0.156054496628909,-0.155409455931712,-0.15476907680003,-0.15413331155229,-0.153502113366729,-0.152875436254095,-0.15225323503114,-0.151635465294915,-0.151022083397886,-0.150413046423857,-0.149808312164709,-0.149207839097933,-0.148611586364969,-0.148019513750325,-0.147431581661465,-0.146847751109464,-0.146267983690389,-0.14569224156742,-0.145120487453661,-0.144552684595652,-0.143988796757538,-0.143428788205885,-0.14287262369513,-0.142320268453628,-0.14177168817029,-0.141226848981781,-0.140685717460266,-0.140148260601676,-0.139614445814482,-0.139084240908946,-0.138557614086845,-0.138034533931631,-0.137514969399023,-0.136998889808012,-0.136486264832245,-0.135977064491791,-0.135471259145268,-0.134968819482298,-0.134469716516298,-0.133973921577581,-0.133481406306746,-0.132992142648354,-0.132506102844875,-0.132023259430884,-0.131543585227507,-0.131067053337087,-0.130593637138085,-0.130123310280173,-0.129656046679539,-0.129191820514368,-0.128730606220509,-0.128272378487312,-0.127817112253616,-0.127364782703897,-0.126915365264561,-0.126468835600365,-0.126025169610979,-0.125584343427656,-0.125146333410031,-0.124711116143023,-0.124278668433841,-0.123848967309089,-0.123421990011962,-0.122997713999537,-0.122576116940135,-0.12215717671077,-0.121740871394673,-0.12132717927888,-0.120916078851891,-0.120507548801392,0,-0.289414356588664,-0.288435963978552,-0.28740524159202,-0.286362811984619,-0.285319082356486,-0.284272585177029,-0.28321776321169,-0.282148584743388,-0.281060129686391,-0.279949128940215,-0.278813973413496,-0.277654478923995,-0.276471564838778,-0.275266929125498,-0.274042758973274,-0.272801491990354,-0.27154563029262,-0.270277603609069,-0.268999674904175,-0.267713881273239,-0.266422003070976,-0.265125554874753,-0.263825792690278,-0.262523732640709,-0.261220177175459,-0.25991574556592,-0.258610906113877,-0.257306008084091,-0.256001311887025,-0.254697016483146,-0.253393283358626,-0.252090256735981,-0.250788079935345,-0.249486907996886,-0.248186916817562,-0.246888309152119,-0.245591317885732,-0.24429620701087,-0.243003270740685,-0.241712831171803,-0.240425234876584,-0.239140848763596,-0.237860055499284,-0.236583248736825,-0.235310828352366,-0.234043195845933,-0.232780750025446,-0.231523883058048,-0.230272976943614,-0.229028400440817,-0.227790506456228,-0.226559629891213,-0.225336085929432,-0.224120168739019,-0.222912150557583,-0.221712281124457,-0.220520787422803,-0.219337873693794,-0.218163721685818,-0.216998491103223,-0.215842320221234,-0.214695326636197,-0.213557608123039,-0.212429243574646,-0.211310294000672,-0.210200803566051,-0.209100800652042,-0.20801029892514,-0.206929298401364,-0.20585778649556,-0.204795739047149,-0.203743121315446,-0.202699888939112,-0.201665988855612,-0.200641360177642,-0.199625935024466,-0.198619639306921,-0.197622393465548,-0.196634113161864,-0.195654709923312,-0.194684091742777,-0.193722163633885,-0.19276882814356,-0.191823985823479,-0.190887535662214,-0.189959375479956,-0.189039402287743,-0.188127512613178,-0.187223602794602,-0.186327569245682,-0.185439308692338,-0.18455871838387,-0.183685696280124,-0.182820141216428,-0.181961953047986,-0.181111032775332,-0.180267282652369,-0.179430606278432,-0.178600908675749,-0.177778096353574,-0.176962077360204,-0.176152761324013,-0.175350059484539,-0.174553884714637,-0.17376415153458,-0.172980776118976,-0.172203676297281,-0.171432771548616,-0.170667982991586,-0.16990923336968,-0.169156447032839,-0.168409549915694,-0.167668469512954,-0.166933134852361,-0.166203476465613,-0.165479426357601,-0.164760917974281,-0.164047886169476,-0.163340267170859,-0.16263799854535,-0.161941019164141,-0.161249269167533,-0.160562689929743,-0.159881224023833,-0.159204815186881,-0.158533408285518,-0.157866949281914,-0.157205385200296,-0.15654866409409,-0.155896735013713,-0.155249547975096,-0.154607053928963,-0.153969204730899,-0.153335953112237,-0.152707252651784,-0.152083057748387,-0.151463323594371,-0.150848006149822,-0.150237062117738,-0.149630448920033,-0.149028124674389,-0.14843004817194,-0.147836178855788,-0.147246476800325,-0.146660902691346,-0.146079417806943,-0.145501983999148,-0.144928563676324,-0.14435911978626,-0.143793615799968,-0.143232015696153,-0.142674283946332,-0.142120385500586,-0.141570285773913,-0.141023950633174,-0.140481346384599,-0.139942439761835,-0.139407197914516,-0.138875588397331,-0.138347579159578,-0.137823138535166,-0.137302235233069,-0.136784838328196,-0.136270917252659,-0.135760441787435,-0.135253382054389,-0.134749708508643,-0.134249391931293,-0.133752403422427,-0.133258714394462,-0.132768296565756,-0.132281121954504,-0.13179716287289,-0.131316391921489,-0.130838781983905,-0.13036430622163,-0.12989293806912,-0.129424651229066,-0.128959419667863,-0.128497217611257,-0.128038019540163,-0.127581800186645,-0.127128534530055,-0.126678197793309,-0.126230765439314,-0.12578621316751,-0.125344516910549,-0.124905652831085,-0.124469597318673,-0.124036326986775,-0.123605818669867,-0.123178049420633,-0.122752996507254,-0.122330637410776,-0.121910949822558,-0.121493911641796,-0.121079500973113,-0.120667696124221,-0.120258475603642,-0.119851818118489,0,-0.288946724265575,-0.287893709748894,-0.286818071388222,-0.285747327398082,-0.284683371899254,-0.283619640266238,-0.28254785960096,-0.281460812204962,-0.280353303346933,-0.27922228027178,-0.278066570348274,-0.276886481771123,-0.275683390445077,-0.274459370115608,-0.273216886902703,-0.271958561206334,-0.270686991546479,-0.269404631624916,-0.268113711180455,-0.266816191691189,-0.265513748954517,-0.264207775696369,-0.262899398459739,-0.2615895040305,-0.260278771555761,-0.258967707298052,-0.257656679656711,-0.25634595268515,-0.255035716847058,-0.253726116191435,-0.252417271490065,-0.251109299175737,-0.249802326149876,-0.248496500699747,-0.247191999884572,-0.24588903382391,-0.244587847358037,-0.243288719556394,-0.241991961533608,-0.240697912999603,-0.239406937926651,-0.238119419666616,-0.236835755799825,-0.235556352946038,-0.234281621719809,-0.23301197196863,-0.23174780839339,-0.230489526617242,-0.229237509740932,-0.227992125399769,-0.226753723319319,-0.225522633353037,-0.224299163974904,-0.223083601193122,-0.221876207846534,-0.220677223243131,-0.219486863099432,-0.218305319740162,-0.217132762519303,-0.215969338425864,-0.214815172840458,-0.213670370411763,-0.212535016025029,-0.211409175837907,-0.210292898361875,-0.209186215570416,-0.208089144017776,-0.207001685954638,-0.20592383042928,-0.204855554364843,-0.203796823605143,-0.20274759392308,-0.201707811987084,-0.200677416282293,-0.199656337984181,-0.198644501783256,-0.197641826660217,-0.196648226611588,-0.19566361132635,-0.194687886814537,-0.193720955989097,-0.192762719202572,-0.191813074740363,-0.190871919272499,-0.189939148265905,-0.189014656359259,-0.188098337702523,-0.18719008626327,-0.186289796101879,-0.185397361617639,-0.184512677767779,-0.18363564026132,-0.182766145729647,-0.181904091875542,-0.181049377602409,-0.180201903125286,-0.179361570065178,-0.178528281528151,-0.177701942170544,-0.17688245825157,-0.176069737674494,-0.175263690017502,-0.174464226555286,-0.173671260272313,-0.172884705868664,-0.172104479759261,-0.171330500067241,-0.170562686612179,-0.169800960893797,-0.169045246071741,-0.168295466941974,-0.167551549910267,-0.166813422963227,-0.166081015637289,-0.165354258986013,-0.164633085546031,-0.163917429301938,-0.163207225650403,-0.162502411363722,-0.161802924553046,-0.161108704631462,-0.1604196922771,-0.159735829396412,-0.159057059087756,-0.158383325605393,-0.157714574323997,-0.157050751703768,-0.156391805256207,-0.155737683510621,-0.155088335981412,-0.15444371313617,-0.153803766364634,-0.153168447948509,-0.152537711032189,-0.151911509594374,-0.151289798420596,-0.150672533076667,-0.150059669883017,-0.149451165889951,-0.148846978853789,-0.148247067213885,-0.147651390070522,-0.147059907163643,-0.146472578852425,-0.145889366095657,-0.14531023043291,-0.144735133966482,-0.144164039344081,-0.14359690974224,-0.143033708850429,-0.142474400855843,-0.141918950428848,-0.141367322709059,-0.140819483292016,-0.140275398216453,-0.139735033952129,-0.139198357388191,-0.138665335822055,-0.138135936948793,-0.137610128850978,-0.137087879988996,-0.136569159191785,-0.13605393564799,-0.135542178897513,-0.135033858823441,-0.134528945644336,-0.13402740990686,-0.133529222478737,-0.133034354542016,-0.132542777586637,-0.132054463404271,-0.131569384082428,-0.131087511998828,-0.130608819815996,-0.130133280476099,-0.12966086719599,-0.129191553462466,-0.128725313027712,-0.128262119904933,-0.127801948364161,-0.127344772928225,-0.12689056836888,-0.12643930970308,-0.125990972189391,-0.125545531324541,-0.125102962840092,-0.124663242699223,-0.12422634709364,-0.123792252440573,-0.123360935379888,-0.122932372771284,-0.122506541691582,-0.122083419432094,-0.121662983496076,-0.121245211596253,-0.120830081652413,-0.120417571789071,-0.120007660333193,-0.119600325811975,-0.119195546950692,0,-0.288424555043854,-0.287305963569046,-0.286195542567155,-0.28510418290471,-0.284025014408311,-0.282946951490235,-0.281859682631595,-0.280755375279971,-0.279628981403595,-0.278477947474109,-0.277301709853203,-0.276101161072286,-0.274878170583803,-0.273635189888788,-0.272374945514186,-0.271100211739896,-0.269813650937277,-0.268517708878211,-0.267214553375946,-0.265906046146574,-0.264593739382896,-0.263278890020229,-0.261962485981969,-0.260645279816375,-0.259327826093766,-0.258010519749734,-0.256693633257139,-0.255377351104216,-0.254061800559525,-0.252747078124566,-0.251433271417559,-0.250120476502559,-0.248808810882814,-0.247498422522646,-0.246189495355879,-0.244882251789007,-0.243576952722115,-0.242273895598141,-0.24097341095866,-0.239675857938639,-0.23838161907906,-0.237091094779377,-0.235804697655096,-0.234522847011701,-0.233245963596571,-0.231974464746412,-0.230708760009571,-0.229449247290495,-0.228196309537298,-0.226950311972507,-0.225711599851003,-0.224480496717307,-0.223257303126173,-0.22204229578515,-0.220835727075005,-0.219637824902986,-0.218448792844496,-0.217268810530428,-0.216098034239884,-0.21493659766094,-0.213784612785418,-0.212642170907028,-0.211509343695621,-0.210386184323669,-0.209272728624205,-0.208168996262459,-0.207074991906138,-0.205990706381806,-0.204916117807055,-0.203851192690169,-0.202795886990738,-0.201750147136234,-0.200713910990901,-0.199687108774449,-0.198669663929049,-0.197661493933911,-0.196662511067458,-0.195672623117639,-0.194691734041419,-0.193719744574803,-0.192756552795092,-0.191802054637243,-0.190856144366373,-0.189918715008574,-0.188989658742241,-0.188068867252158,-0.187156232048599,-0.186251644753653,-0.185354997356958,-0.184466182442972,-0.183585093391822,-0.182711624555716,-0.181845671412797,-0.180987130700257,-0.180135900528398,-0.179291880477277,-0.178454971677445,-0.177625076876218,-0.17680210049082,-0.175985948649654,-0.175176529222858,-0.174373751843254,-0.173577527918675,-0.172787770636618,-0.172004394962076,-0.171227317629346,-0.170456457128543,-0.169691733687488,-0.168933069249575,-0.1681803874482,-0.167433613578227,-0.166692674564987,-0.165957498931208,-0.165228016762265,-0.164504159670095,-0.163785860756078,-0.163073054573169,-0.162365677087512,-0.161663665639781,-0.160966958906421,-0.160275496860969,-0.159589220735605,-0.158908072983075,-0.158231997239082,-0.157560938285255,-0.15689484201279,-0.156233655386807,-0.155577326411515,-0.154925804096207,-0.154279038422141,-0.15363698031033,-0.152999581590266,-0.152366794969593,-0.151738574004743,-0.151114873072532,-0.150495647342723,-0.149880852751546,-0.149270445976171,-0.14866438441012,-0.148062626139607,-0.14746512992078,-0.146871855157864,-0.146282761882168,-0.145697810731939,-0.145116962933053,-0.144540180280497,-0.143967425120637,-0.143398660334238,-0.142833849320218,-0.142272955980097,-0.141715944703137,-0.141162780352126,-0.140613428249801,-0.14006785416587,-0.139526024304617,-0.138987905293064,-0.13845346416967,-0.137922668373538,-0.13739548573411,-0.13687188446134,-0.136351833136298,-0.135835300702211,-0.135322256455913,-0.134812670039671,-0.134306511433394,-0.133803750947181,-0.133304359214216,-0.132808307183968,-0.132315566115703,-0.131826107572283,-0.131339903414226,-0.130856925794043,-0.130377147150803,-0.12990054020494,-0.12942707795328,-0.128956733664271,-0.128489480873418,-0.1280252933789,-0.127564145237366,-0.127106010759896,-0.126650864508122,-0.126198681290502,-0.125749436158727,-0.125303104404269,-0.124859661555051,-0.124419083372236,-0.123981345847133,-0.1235464251982,-0.123114297868158,-0.122684940521188,-0.122258330040228,-0.121834443524343,-0.121413258286183,-0.120994751849512,-0.120578901946805,-0.120165686516916,-0.119755083702804,-0.119347071849324,-0.118941629501064,-0.118538735400244,0,-0.287845708293825,-0.286675895612185,-0.285541700623043,-0.284436956408285,-0.283346756256301,-0.282256448408043,-0.281154497993138,-0.280033059065671,-0.278887634998203,-0.277716420655698,-0.276519597749908,-0.275298703005274,-0.274056110660347,-0.272794632651843,-0.271517223790516,-0.270226774356732,-0.268925972625148,-0.267617221783533,-0.266302598149749,-0.264983839943644,-0.263662357936178,-0.262339261036393,-0.261015391313694,-0.259691364136847,-0.258367610091852,-0.257044416160169,-0.255721964327665,-0.254400366373939,-0.253079694074986,-0.251760004448402,-0.250441359986437,-0.249123844064618,-0.247807571889443,-0.246492697465702,-0.24517941713083,-0.243867970229328,-0.242558637493547,-0.241251737666301,-0.239947622853421,-0.238646673036812,-0.237349290116298,-0.236055891785535,-0.234766905486705,-0.233482762632737,-0.232203893235649,-0.230930721036123,-0.229663659192561,-0.228403106557699,-0.227149444546643,-0.225903034581627,-0.22466421608493,-0.223433304981742,-0.222210592668512,-0.220996345398836,-0.219790804037747,-0.218594184135688,-0.217406676275225,-0.21622844664614,-0.215059637807838,-0.213900369601506,-0.212750740178277,-0.211610827113361,-0.21048068857981,-0.209360364559049,-0.208249878068619,-0.207149236390555,-0.206058432286619,-0.204977445189038,-0.203906242357645,-0.202844779996233,-0.201793004322642,-0.200750852588563,-0.199718254046326,-0.198695130860969,-0.19768139896683,-0.196676968868618,-0.195681746387565,-0.194695633353725,-0.193718528245919,-0.192750326781105,-0.191790922455196,-0.190840207037518,-0.189898071021208,-0.188964404031926,-0.188039095197278,-0.187122033479349,-0.186213107972718,-0.185312208170285,-0.184419224199159,-0.1835340470288,-0.182656568653508,-0.181786682251281,-0.180924282320924,-0.180069264799254,-0.179221527160086,-0.178380968496624,-0.17754748958877,-0.176720992956763,-0.175901382902466,-0.175088565539542,-0.174282448813654,-0.173482942513748,-0.172689958275405,-0.171903409577153,-0.171123211730583,-0.170349281865025,-0.169581538907482,-0.168819903558464,-0.168064298264313,-0.167314647186526,-0.166570876168588,-0.165832912700731,-0.165100685883013,-0.164374126387086,-0.163653166416956,-0.162937739669029,-0.162227781291694,-0.161523227844673,-0.16082401725833,-0.160130088793121,-0.159441382999344,-0.158757841677306,-0.158079407838051,-0.157406025664714,-0.156737640474622,-0.156074198682186,-0.155415647762655,-0.15476193621678,-0.15411301353642,-0.153468830171133,-0.152829337495754,-0.152194487778986,-0.15156423415302,-0.150938530584167,-0.150317331844508,-0.149700593484572,-0.149088271806998,-0.148480323841201,-0.147876707319005,-0.147277380651229,-0.146682302905209,-0.146091433783237,-0.145504733601878,-0.144922163272158,-0.144343684280589,-0.143769258671003,-0.143198849027181,-0.142632418456228,-0.142069930572688,-0.14151134948337,-0.140956639772843,-0.140405766489587,-0.139858695132776,-0.13931539163966,-0.138775822373516,-0.138239954112167,-0.137707754037012,-0.137179189722571,-0.136654229126512,-0.136132840580133,-0.135614992779286,-0.135100654775721,-0.134589795968822,-0.134082386097731,-0.133578395233826,-0.133077793773541,-0.13258055243152,-0.13208664223407,-0.131596034512912,-0.131108700899215,-0.130624613317885,-0.130143743982109,-0.129666065388137,-0.129191550310288,-0.128720171796161,-0.12825190316206,-0.127786717988598,-0.127324590116484,-0.12686549364248,-0.126409402915518,-0.125956292532969,-0.125506137337053,-0.125058912411385,-0.124614593077646,-0.124173154892381,-0.123734573643897,-0.123298825349282,-0.122865886251513,-0.122435732816669,-0.122008341731221,-0.121583689899417,-0.12116175444074,-0.120742512687443,-0.120325942182155,-0.119912020675549,-0.119500726124075,-0.119092036687755,-0.118685930728026,-0.11828238680564,-0.117881383678616,0,-0.287211721219874,-0.286007984998252,-0.284861051823005,-0.283749231948885,-0.282651135993423,-0.28154978178396,-0.280433298887027,-0.279294418512033,-0.278129559170295,-0.276937866355419,-0.275720361065916,-0.27447924984405,-0.273217397295246,-0.271937940368638,-0.270644018033498,-0.269338591354774,-0.268024332650363,-0.266703566379023,-0.265378247945622,-0.264049969546925,-0.262719984542618,-0.261389243712228,-0.260058438248895,-0.258728045535845,-0.257398374723015,-0.256069609922261,-0.254741849505749,-0.253415140545897,-0.252089507890745,-0.250764977735027,-0.24944159583207,-0.24811944070212,-0.246798632336964,-0.245479336987613,-0.244161768660906,-0.242846187951784,-0.241532898809982,-0.240222243791512,-0.238914598283987,-0.237610364126837,-0.23630996297766,-0.235013829708176,-0.233722406050046,-0.232436134653911,-0.231155453675316,-0.229880791959001,-0.228612564858195,-0.227351170697683,-0.226096987867754,-0.224850372520052,-0.223611656824936,-0.222381147742544,-0.221159126255506,-0.219945847009606,-0.218741538308995,-0.217546402414298,-0.216360616094818,-0.215184331389503,-0.214017676535298,-0.212860757025613,-0.211713656765788,-0.210576439296495,-0.209449149059883,-0.208331812686893,-0.207224440287512,-0.206127026728772,-0.205039552888039,-0.203961986871559,-0.202894285190372,-0.201836393887574,-0.200788249612522,-0.199749780638951,-0.198720907825166,-0.197701545515414,-0.196691602382415,-0.19569098221165,-0.194699584628569,-0.193717305770311,-0.19274403890385,-0.191779674992741,-0.190824103214815,-0.189877211433279,-0.188938886623783,-0.188009015260003,-0.187087483660313,-0.186174178298083,-0.185268986078073,-0.184371794581343,-0.183482492280998,-0.182600968731009,-0.181727114730232,-0.180860822463662,-0.18000198562284,-0.179150499507227,-0.178306261108248,-0.177469169177602,-0.176639124281348,-0.175816028841133,-0.174999787163893,-0.174190305461197,-0.173387491859371,-0.17259125640142,-0.171801511041688,-0.171018169634148,-0.170241147915099,-0.169470363481007,-0.168705735762169,-0.167947185992786,-0.167194637178023,-0.16644801405853,-0.165707243072904,-0.164972252318473,-0.164242971510795,-0.16351933194218,-0.162801266439543,-0.162088709321844,-0.161381596357344,-0.160679864720894,-0.159983452951419,-0.159292300909774,-0.158606349737091,-0.157925541813749,-0.157249820719055,-0.156579131191736,-0.155913419091296,-0.155252631360313,-0.154596715987707,-0.153945621973037,-0.153299299291826,-0.152657698861967,-0.152020772511191,-0.151388472945626,-0.150760753719438,-0.150137569205549,-0.149518874567423,-0.148904625731914,-0.14829477936315,-0.147689292837444,-0.147088124219208,-0.146491232237837,-0.14589857626556,-0.145310116296214,-0.144725812924917,-0.144145627328624,-0.143569521247524,-0.142997456967258,-0.142429397301922,-0.141865305577844,-0.14130514561808,-0.14074888172762,-0.140196478679276,-0.139647901700212,-0.139103116459102,-0.138562089053879,-0.13802478600006,-0.137491174219612,-0.136961221030341,-0.136434894135776,-0.135912161615528,-0.135392991916099,-0.134877353842125,-0.134365216548024,-0.133856549530031,-0.133351322618611,-0.132849505971217,-0.132351070065381,-0.131855985692122,-0.131364223949659,-0.130875756237403,-0.130390554250216,-0.129908589972932,-0.129429835675115,-0.128954263906044,-0.128481847489921,-0.128012559521269,-0.127546373360541,-0.127083262629894,-0.126623201209146,-0.126166163231891,-0.125712123081765,-0.125261055388862,-0.124812935026279,-0.124367737106796,-0.123925436979668,-0.123486010227543,-0.123049432663475,-0.122615680328046,-0.122184729486578,-0.121756556626436,-0.12133113845442,-0.120908451894226,-0.12048847408399,-0.120071182373898,-0.119656554323865,-0.119244567701271,-0.118835200478762,-0.118428430832096,-0.118024237138056,-0.117622597972394,-0.117223492107833,0,-0.286527363408352,-0.285307881845818,-0.284158347063696,-0.283044428474129,-0.281940375001023,-0.280828265263858,-0.27969678326317,-0.278539777702321,-0.277354884087026,-0.276142343881835,-0.274904065233398,-0.273642915631931,-0.272362211334815,-0.271065362753495,-0.269755638941564,-0.268436021067548,-0.267109121307215,-0.265777149036546,-0.264441910478585,-0.263104831234852,-0.261766993630356,-0.26042918271184,-0.259091936217098,-0.257755594997658,-0.256420351313396,-0.255086293183556,-0.253753443610689,-0.252421794014101,-0.2510913316308,-0.249762060973556,-0.248434019685278,-0.247107289304522,-0.245782001567577,-0.244458340928228,-0.243136543987106,-0.241816896499002,-0.240499728578008,-0.239185408655495,-0.237874336672096,-0.236566936907694,-0.235263650777667,-0.233964929852356,-0.232671229292125,-0.231383001833635,-0.230100692414568,-0.22882473348393,-0.227555541012778,-0.226293511195092,-0.225039017809689,-0.223792410200685,-0.222554011825151,-0.221324119311461,-0.220103001969664,-0.218890901695251,-0.217688033209522,-0.216494584582729,-0.215310717989995,-0.214136570654304,-0.212972255935418,-0.211817864528131,-0.210673465737793,-0.209539108805278,-0.208414824257621,-0.207300625264212,-0.206196508981821,-0.205102457874739,-0.20401844099899,-0.202944415241961,-0.201880326510813,-0.200826110864846,-0.199781695588486,-0.198747000202855,-0.197721937414952,-0.196706414004383,-0.195700331648282,-0.194703587685668,-0.19371607582295,-0.192737686782631,-0.191768308897551,-0.190807828653189,-0.189856131180671,-0.188913100703219,-0.187978620938769,-0.187052575461537,-0.186134848025211,-0.185225322850434,-0.18432388487915,-0.183430419998278,-0.182544815235114,-0.181666958926705,-0.18079674086537,-0.179934052422385,-0.17907878665178,-0.178230838376023,-0.177390104255312,-0.176556482842024,-0.175729874621821,-0.174910182042753,-0.174097309533644,-0.173291163512925,-0.17249165238898,-0.171698686553032,-0.170912178365439,-0.170132042136271,-0.169358194100915,-0.168590552391406,-0.167829037004118,-0.167073569764397,-0.166324074288644,-0.165580475944334,-0.164842701808377,-0.164110680624215,-0.163384342757987,-0.162663620154068,-0.161948446290255,-0.161238756132826,-0.160534486091702,-0.159835573975874,-0.159141958949272,-0.158453581487205,-0.157770383333503,-0.15709230745844,-0.156419298017551,-0.155751300311393,-0.155088260746319,-0.154430126796302,-0.153776846965857,-0.153128370754073,-0.152484648619783,-0.151845631947879,-0.151211273016777,-0.150581524967025,-0.149956341771058,-0.149335678204072,-0.148719489816024,-0.148107732904721,-0.147500364489981,-0.146897342288854,-0.146298624691861,-0.145704170740239,-0.145113940104153,-0.144527893061855,-0.143945990479749,-0.143368193793348,-0.142794464989077,-0.142224766586898,-0.141659061623732,-0.141097313637634,-0.140539486652708,-0.139985545164718,-0.139435454127373,-0.138889178939255,-0.138346685431369,-0.137807939855273,-0.137272908871779,-0.136741559540186,-0.136213859308027,-0.1356897760013,-0.135169277815174,-0.134652333305121,-0.134138911378481,-0.133628981286421,-0.133122512616275,-0.13261947528424,-0.132119839528416,-0.131623575902173,-0.131130655267816,-0.130641048790546,-0.130154727932696,-0.129671664448225,-0.129191830377455,-0.128715198042049,-0.128241740040194,-0.127771429242007,-0.127304238785126,-0.126840142070486,-0.126379112758276,-0.125921124764052,-0.125466152255008,-0.125014169646394,-0.124565151598067,-0.124119073011177,-0.123675909024969,-0.123235635013701,-0.122798226583672,-0.122363659570347,-0.121931910035584,-0.121502954264938,-0.121076768765065,-0.120653330261193,-0.120232615694672,-0.119814602220592,-0.119399267205472,-0.118986588224999,-0.118576543061839,-0.118169109703493,-0.117764266340204,-0.117361991362922,-0.116962263361298,-0.116565061121736,0,-0.285799797254638,-0.284582066336903,-0.283438319686555,-0.282325628604655,-0.281216282512351,-0.280092833718013,-0.278945345448678,-0.277769239935372,-0.276563593575307,-0.275329826079265,-0.274070733577145,-0.27278980267376,-0.271490740744233,-0.270177166606267,-0.268852417765664,-0.267519441366854,-0.266180744554163,-0.264838386312255,-0.263493997499787,-0.262148819181129,-0.260803751853674,-0.259459410025556,-0.258116178010978,-0.256774263911934,-0.25543374963646,-0.254094635521887,-0.25275687872105,-0.251420424989484,-0.250085233893918,-0.248751297755081,-0.247418654848987,-0.24608739752921,-0.244757676008258,-0.243429698559768,-0.242103728886068,-0.240780081348221,-0.239459114687848,-0.23814122479019,-0.236826836952925,-0.235516398040708,-0.234210368825112,-0.232909216736328,-0.231613409188199,-0.230323407582654,-0.229039662053352,-0.227762606971,-0.22649265720359,-0.225230205102807,-0.223975618172068,-0.222729237361157,-0.22149137592614,-0.220262318790413,-0.219042322342554,-0.217831614608402,-0.216630395738003,-0.21543883875218,-0.214257090498233,-0.213085272769255,-0.211923483546639,-0.210771798330311,-0.209630271525972,-0.20849893786308,-0.207377813821389,-0.206266899047617,-0.205166177747102,-0.204075620038326,-0.202995183260754,-0.201924813228722,-0.200864445426045,-0.199814006137692,-0.198773413516287,-0.197742578582357,-0.196721406158227,-0.195709795736268,-0.194707642282827,-0.193714836979663,-0.192731267905131,-0.1917568206576,-0.190791378923843,-0.189834824995225,-0.188887040234629,-0.187947905497056,-0.187017301506865,-0.186095109194522,-0.185181209995715,-0.184275486115562,-0.183377820760572,-0.182488098340878,-0.181606204645161,-0.180732026990563,-0.179865454349732,-0.179006377457059,-0.178154688896008,-0.177310283169322,-0.17647305675379,-0.175642908141114,-0.174819737866317,-0.174003448525035,-0.173193944780914,-0.172391133364252,-0.17159492306293,-0.170805224706578,-0.170021951144864,-0.169245017220701,-0.168474339739085,-0.167709837432251,-0.166951430921722,-0.166199042677806,-0.165452596977022,-0.164712019857899,-0.163977239075534,-0.163248184055275,-0.162524785845817,-0.161806977072013,-0.161094691887631,-0.160387865928278,-0.159686436264668,-0.158990341356413,-0.158299521006471,-0.157613916316361,-0.15693346964227,-0.156258124552111,-0.15558782578362,-0.154922519203549,-0.154262151767985,-0.153606671483846,-0.152956027371564,-0.152310169428986,-0.151669048596482,-0.151032616723281,-0.150400826535017,-0.14977363160248,-0.149150986311563,-0.148532845834372,-0.147919166101505,-0.147309903775446,-0.146705016225066,-0.146104461501207,-0.145508198313303,-0.144916186007018,-0.144328384542877,-0.143744754475838,-0.143165256935791,-0.142589853608948,-0.142018506720075,-0.141451179015563,-0.140887833747276,-0.140328434657165,-0.139772945962608,-0.139221332342445,-0.138673558923681,-0.138129591268821,-0.137589395363828,-0.137052937606639,-0.136520184796258,-0.135991104122357,-0.135465663155393,-0.134943829837193,-0.134425572472001,-0.133910859717947,-0.133399660578939,-0.132891944396925,-0.132387680844542,-0.131886839918103,-0.131389391930916,-0.13089530750692,-0.130404557574611,-0.129917113361256,-0.129432946387363,-0.128952028461409,-0.128474331674797,-0.127999828397039,-0.127528491271153,-0.127060293209249,-0.12659520738831,-0.126133207246147,-0.125674266477518,-0.125218359030401,-0.124765459102423,-0.124315541137415,-0.123868579822106,-0.123424550082937,-0.122983427082988,-0.122545186219013,-0.122109803118579,-0.1216772536373,-0.121247513856155,-0.120820560078899,-0.120396368829546,-0.119974916849927,-0.11955618109732,-0.119140138742146,-0.118726767165717,-0.118316043958057,-0.117907946915761,-0.117502454039916,-0.117099543534064,-0.116699193802211,-0.116301383446876,-0.115906091267185,0,-0.285037588478951,-0.283837377184885,-0.282705402582679,-0.281595421067007,-0.280480181827629,-0.279344021043356,-0.278179082757809,-0.276982708119173,-0.275755550043248,-0.274500223541777,-0.273220368218071,-0.271920018142097,-0.270603192853699,-0.26927364411601,-0.267934711297995,-0.266589252018023,-0.265239624386407,-0.263887703915348,-0.262534922852435,-0.261182322998832,-0.259830615441532,-0.258480242363009,-0.257131437397718,-0.255784282020629,-0.25443875626596,-0.253094782736736,-0.251752263406842,-0.250411109152643,-0.249071262290383,-0.247732712646094,-0.246395507854854,-0.24505975868559,-0.243725640227215,-0.242393389763497,-0.241063302119323,-0.239735723190992,-0.23841104228746,-0.237089683816343,-0.235772098754308,-0.234458756251203,-0.23315013563409,-0.231846719003431,-0.230548984549907,-0.229257400667092,-0.227972420891863,-0.226694479670495,-0.225423988922605,-0.224161335356581,-0.222906878477583,-0.221660949221622,-0.220423849145607,-0.21919585010268,-0.217977194333887,-0.216768094910627,-0.215568736466821,-0.214379276164897,-0.21319984484526,-0.212030548314468,-0.210871468732914,-0.209722666068005,-0.208584179583841,-0.207456029342873,-0.206338217699209,-0.205230730766872,-0.204133539849676,-0.203046602822172,-0.201969865453708,-0.200903262669714,-0.199846719746225,-0.198800153435154,-0.197763473019127,-0.196736581295774,-0.195719375492201,-0.194711748111097,-0.193713587710434,-0.192724779619178,-0.191745206591704,-0.190774749403835,-0.189813287393586,-0.188860698949732,-0.187916861951395,-0.186981654161784,-0.18605495357921,-0.185136638748393,-0.184226589034999,-0.183324684866234,-0.18243080794019,-0.181544841406512,-0.180666670020827,-0.179796180275225,-0.178933260506964,-0.178077800987413,-0.177229693993143,-0.176388833860908,-0.175555117028178,-0.174728442060725,-0.173908709668681,-0.173095822712351,-0.172289686198986,-0.171490207271591,-0.170697295190795,-0.169910861310683,-0.16913081904942,-0.168357083855446,-0.167589573169909,-0.166828206385981,-0.166072904805595,-0.165323591594137,-0.164580191733522,-0.163842631974081,-0.163110840785607,-0.162384748307893,-0.161664286301041,-0.16094938809579,-0.160239988544093,-0.159536023970127,-0.158837432121902,-0.158144152123617,-0.157456124428881,-0.156773290774896,-0.156095594137698,-0.155422978688519,-0.154755389751325,-0.154092773761577,-0.153435078226241,-0.152782251685075,-0.152134243673207,-0.151491004685,-0.150852486139218,-0.150218640345469,-0.149589420471929,-0.148964780514318,-0.148344675266114,-0.14772906028998,-0.147117891890374,-0.146511127087324,-0.145908723591317,-0.1453106397793,-0.144716834671728,-0.144127267910646,-0.14354189973877,-0.142960690979515,-0.142383603017961,-0.141810597782694,-0.141241637728517,-0.140676685819965,-0.140115705515623,-0.139558660753186,-0.139005515935246,-0.138456235915765,-0.13791078598721,-0.137369131868313,-0.136831239692433,-0.136297075996485,-0.135766607710416,-0.135239802147195,-0.134716626993292,-0.134197050299634,-0.133681040472988,-0.133168566267774,-0.132659596778276,-0.132154101431228,-0.131652049978755,-0.131153412491654,-0.130658159352996,-0.130166261252027,-0.12967768917836,-0.129192414416426,-0.128710408540191,-0.128231643408103,-0.127756091158274,-0.127283724203871,-0.126814515228702,-0.126348437183004,-0.125885463279398,-0.125425566989015,-0.124968722037782,-0.124514902402854,-0.124064082309182,-0.123616236226219,-0.123171338864741,-0.122729365173791,-0.122290290337724,-0.121854089773358,-0.121420739127218,-0.120990214272874,-0.120562491308356,-0.120137546553651,-0.119715356548275,-0.119295898048912,-0.118879148027117,-0.118465083667085,-0.118053682363467,-0.117644921719248,-0.117238779543675,-0.116835233850222,-0.11643426285461,-0.116035844972865,-0.115639958819408,-0.115246583205193,0,-0.284250758915037,-0.283080509924652,-0.281963454172359,-0.280855769900417,-0.279732863183585,-0.278581959001612,-0.277397816795174,-0.276179914425043,-0.274930524559207,-0.273653411141883,-0.272352971466186,-0.271033690097547,-0.269699805461696,-0.268355119804195,-0.267002905493178,-0.265645875781939,-0.264286198131818,-0.262925534801113,-0.261565099853652,-0.260205724798926,-0.258847927228226,-0.257491978371649,-0.256137966673761,-0.254785855401604,-0.253435533035736,-0.25208685579683,-0.250739682149202,-0.249393899509963,-0.248049443685409,-0.246706311761942,-0.245364569305909,-0.244024352785931,-0.242685868134616,-0.241349386326538,-0.240015236778242,-0.238683799284875,-0.237355495106365,-0.236030777711582,-0.234710123587513,-0.233394023426235,-0.232082973918115,-0.230777470306491,-0.229477999797619,-0.228185035869471,-0.226899033483417,-0.225620425172679,-0.224349617959598,-0.223086991038825,-0.221832894154373,-0.220587646593895,-0.219351536722483,-0.218124821979973,-0.216907729269277,-0.21570045566817,-0.21450316940261,-0.213316011025819,-0.212139094753534,-0.210972509911969,-0.209816322460883,-0.20867057655963,-0.207535296149115,-0.206410486527168,-0.205296135898956,-0.204192216887673,-0.203098687993948,-0.202015494995168,-0.20094257227829,-0.199879844101705,-0.198827225783461,-0.197784624814522,-0.196751941896923,-0.195729071907616,-0.194715904789561,-0.193712326372206,-0.192718219123931,-0.191733462839398,-0.19075793526494,-0.189791512665309,-0.188834070335146,-0.187885483058606,-0.186945625520501,-0.186014372672303,-0.185091600056252,-0.184177184090701,-0.183271002319715,-0.182372933629815,-0.181482858436579,-0.180600658843728,-0.179726218777102,-0.178859424095855,-0.178000162682991,-0.177148324517261,-0.176303801728281,-0.175466488636608,-0.174636281780367,-0.173813079929918,-0.172996784091924,-0.172187297504074,-0.171384525621604,-0.170588376096674,-0.169798758751556,-0.169015585546506,-0.168238770543119,-0.167468229863871,-0.166703881648513,-0.165945646007897,-0.165193444975748,-0.164447202458878,-0.163706844186231,-0.162972297657168,-0.162243492089287,-0.161520358366109,-0.160802828984853,-0.160090838004546,-0.159384320994664,-0.158683214984454,-0.157987458413105,-0.157296991080871,-0.156611754101263,-0.155931689854382,-0.155256741941475,-0.154586855140751,-0.153921975364516,-0.153262049617648,-0.15260702595743,-0.151956853454755,-0.151311482156706,-0.150670863050507,-0.150034948028836,-0.149403689856477,-0.148777042138302,-0.148154959288557,-0.147537396501416,-0.14692430972279,-0.14631565562334,-0.145711391572677,-0.145111475614711,-0.144515866444099,-0.143924523383775,-0.14333740636352,-0.142754475899516,-0.142175693074883,-0.14160101952112,-0.14103041740045,-0.140463849389006,-0.139901278660843,-0.13934266887272,-0.138787984149637,-0.138237189071081,-0.137690248657952,-0.137147128360141,-0.136607794044724,-0.13607221198474,-0.135540348848537,-0.135012171689641,-0.134487647937136,-0.133966745386518,-0.133449432191007,-0.132935676853289,-0.132425448217664,-0.131918715462579,-0.13141544809353,-0.130915615936308,-0.130419189130569,-0.129926138123711,-0.129436433665048,-0.128950046800252,-0.128466948866056,-0.127987111485199,-0.127510506561605,-0.127037106275772,-0.126566883080371,-0.126099809696028,-0.125635859107297,-0.125175004558788,-0.124717219551471,-0.124262477839111,-0.123810753424858,-0.123362020557959,-0.122916253730598,-0.122473427674853,-0.122033517359754,-0.121596497988447,-0.121162344995462,-0.12073103404405,-0.120302541023623,-0.119876842047264,-0.119453913449308,-0.119033731782993,-0.118616273818183,-0.118201516539136,-0.117789437142342,-0.117380013034407,-0.116973221829987,-0.116569041349767,-0.116167449618486,-0.115768424863,-0.115371945510384,-0.11497799018607,-0.114586537712015,0,-0.283451603008832,-0.282317542717337,-0.281215520722092,-0.280107921418261,-0.278974566846317,-0.27780639731511,-0.276601128300163,-0.275360457655323,-0.274088230608911,-0.272789255646983,-0.271468566770046,-0.270130982259668,-0.26878085635277,-0.267421955834413,-0.2660574175727,-0.264689758201601,-0.263320916666585,-0.261952316421943,-0.260584938057975,-0.259219395829993,-0.257856013436409,-0.256494895749253,-0.255135994226432,-0.253779164545135,-0.252424215654278,-0.25107094998317,-0.24971919497812,-0.248368826475522,-0.247019784664247,-0.24567208354891,-0.244325814908293,-0.242981147761623,-0.241638324322721,-0.240297653351389,-0.238959501715492,-0.237624284866835,-0.236292456818441,-0.234964500097182,-0.233640916039105,-0.23232221569856,-0.231008911558284,-0.229701510156605,-0.228400505689809,-0.227106374601512,-0.225819571135677,-0.224540523804061,-0.223269632701194,-0.222007267588855,-0.220753766666258,-0.219509435940523,-0.218274549113527,-0.217049347904946,-0.21583404273663,-0.214628813709646,-0.213433811812121,-0.212249160302874,-0.21107495622265,-0.209911271991273,-0.208758157055135,-0.20761563955506,-0.206483727989678,-0.205362412854002,-0.204251668236923,-0.203151453364898,-0.202061714082109,-0.200982384260043,-0.199913387131626,-0.198854636546922,-0.197806038148969,-0.196767490469573,-0.195738885945928,-0.194720111859739,-0.193711051201173,-0.192711583460429,-0.191721585350103,-0.190740931461742,-0.189769494860155,-0.188807147619129,-0.187853761302211,-0.186909207392201,-0.185973357672925,-0.185046084566777,-0.184127261431372,-0.183216762818545,-0.182314464698775,-0.181420244653935,-0.180533982041152,-0.179655558130355,-0.178784856217962,-0.177921761718974,-0.177066162239614,-0.176217947632467,-0.175377010035967,-0.174543243899919,-0.173716545998607,-0.172896815432935,-0.172083953622912,-0.171277864291689,-0.17047845344225,-0.169685629327759,-0.16889930241648,-0.168119385352092,-0.167345792910155,-0.166578441951402,-0.165817251372451,-0.16506214205451,-0.164313036810534,-0.163569860331289,-0.162832539130704,-0.162101001490842,-0.161375177406811,-0.160654998531862,-0.15994039812291,-0.159231310986681,-0.158527673426644,-0.157829423190892,-0.157136499421075,-0.156448842602508,-0.155766394515514,-0.155089098188096,-0.154416897849964,-0.153749738887981,-0.153087567803034,-0.152430332168362,-0.15177798058934,-0.151130462664725,-0.150487728949354,-0.149849730918281,-0.14921642093233,-0.148587752205051,-0.147963678771046,-0.147344155455634,-0.146729137845821,-0.146118582262551,-0.145512445734186,-0.14491068597119,-0.144313261341968,-0.143720130849835,-0.143131254111052,-0.142546591333918,-0.141966103298851,-0.141389751339438,-0.140817497324407,-0.140249303640477,-0.139685133176063,-0.139124949305781,-0.138568715875733,-0.138016397189525,-0.137467957994988,-0.136923363471573,-0.136382579218375,-0.135845571242773,-0.135312305949635,-0.134782750131081,-0.134256870956753,-0.13373463596459,-0.133216013052054,-0.132700970467811,-0.13218947680382,-0.131681500987823,-0.131177012276203,-0.130675980247199,-0.130178374794451,-0.12968416612086,-0.129193324732743,-0.128705821434269,-0.128221627322156,-0.127740713780616,-0.12726305247653,-0.12678861535485,-0.126317374634199,-0.125849302802667,-0.125384372613787,-0.124922557082688,-0.124463829482401,-0.124008163340316,-0.123555532434785,-0.123105910791851,-0.122659272682105,-0.122215592617657,-0.121774845349213,-0.12133700586326,-0.12090204937934,-0.120469951347415,-0.120040687445316,-0.119614233576268,-0.119190565866489,-0.118769660662856,-0.118351494530637,-0.117936044251277,-0.117523286820245,-0.11711319944493,-0.116705759542584,-0.116300944738316,-0.115898732863119,-0.115499101951947,-0.11510203024182,-0.11470749616997,-0.114315478372012,-0.113925955680156,0,-0.282651575346998,-0.281553448508273,-0.280463655665402,-0.279352356555786,-0.278204997773849,-0.277016743863674,-0.275788403593144,-0.274523846377436,-0.273228359888423,-0.271907643167368,-0.27056721832737,-0.269212106929655,-0.267846670857382,-0.266474555480323,-0.265098696518734,-0.263721366055753,-0.262344241581623,-0.260968487196149,-0.259594839477161,-0.258223692779172,-0.25685518029141,-0.255489248324083,-0.254125722168215,-0.252764362579858,-0.251404912520748,-0.250047134264388,-0.248690837355825,-0.247335898197918,-0.245982272230632,-0.24462999978015,-0.243279206692072,-0.241930100840654,-0.240582965538152,-0.239238150768668,-0.237896063052104,-0.236557154616738,-0.235221912431929,-0.233890847532037,-0.232564484953016,-0.231243354506752,-0.229927982536376,-0.22861888472824,-0.227316560002486,-0.226021485462768,-0.224734112355286,-0.223454862966149,-0.222184128372708,-0.220922266957261,-0.219669603589174,-0.218426429382723,-0.217193001941894,-0.215969546009067,-0.214756254441409,-0.213553289446219,-0.212360784014164,-0.211178843496889,-0.210007547282756,-0.208846950531241,-0.207697085932811,-0.206557965466745,-0.205429582134455,-0.204311911650327,-0.203204914076023,-0.202108535387563,-0.201022708967412,-0.199947357016215,-0.198882391880925,-0.19782771729772,-0.196783229549534,-0.195748818539133,-0.194724368779565,-0.193709760304492,-0.19270486950146,-0.19170956987152,-0.190723732718894,-0.189747227774522,-0.188779923757446,-0.187821688877952,-0.186872391286422,-0.185931899471698,-0.185000082612723,-0.18407681088703,-0.183161955739552,-0.182255390115021,-0.181356988657075,-0.180466627877023,-0.17958418629502,-0.178709544556253,-0.177842585524549,-0.176983194355658,-0.176131258552312,-0.175286668002971,-0.174449315006066,-0.173619094281371,-0.172795902970023,-0.17197964062456,-0.171170209190267,-0.170367512978968,-0.169571458636318,-0.168781955103558,-0.167998913574588,-0.167222247449149,-0.166451872282802,-0.165687705734359,-0.164929667511309,-0.164177679313757,-0.163431664777328,-0.162691549415424,-0.161957260561192,-0.161228727309516,-0.160505880459296,-0.159788652456248,-0.15907697733644,-0.158370790670714,-0.157670029510172,-0.156974632332823,-0.156284538991503,-0.155599690663152,-0.154920029799519,-0.154245500079325,-0.153576046361951,-0.152911614642645,-0.152252152009287,-0.151597606600702,-0.15094792756652,-0.15030306502858,-0.14966297004385,-0.149027594568852,-0.148396891425553,-0.147770814268706,-0.147149317554596,-0.146532356511159,-0.14591988710944,-0.145311866036339,-0.144708250668621,-0.144108999048128,-0.143514069858166,-0.142923422401021,-0.142337016576556,-0.141754812861849,-0.141176772291837,-0.14060285644091,-0.140033027405429,-0.139467247787114,-0.138905480677281,-0.138347689641867,-0.137793838707222,-0.137243892346628,-0.136697815467509,-0.136155573399295,-0.135617131881913,-0.135082457054872,-0.134551515446903,-0.134024273966143,-0.133500699890812,-0.132980760860378,-0.132464424867168,-0.13195166024841,-0.131442435678673,-0.130936720162698,-0.130434483028578,-0.129935693921284,-0.129440322796512,-0.128948339914827,-0.128459715836089,-0.127974421414155,-0.127492427791823,-0.127013706396016,-0.126538228933188,-0.126065967384937,-0.125596894003812,-0.12513098130931,-0.124668202084037,-0.124208529370033,-0.123751936465252,-0.123298396920177,-0.122847884534572,-0.122400373354358,-0.121955837668601,-0.121514252006612,-0.121075591135149,-0.120639830055707,-0.120206944001908,-0.119776908436965,-0.119349699051221,-0.118925291759771,-0.118503662700138,-0.118084788230024,-0.11766864492511,-0.117255209576915,-0.116844459190704,-0.116436370983449,-0.116030922381825,-0.115628091020254,-0.115227854738986,-0.114830191582215,-0.114435079796232,-0.114042497827601,-0.113652424321378,-0.113264838119343,0,-0.281858475475727,-0.280791696102409,-0.279708812145223,-0.278588792247272,-0.277423370870322,-0.276212122539863,-0.27495889003027,-0.273669545598497,-0.27235061842098,-0.271008505214706,-0.269649048540051,-0.268277335554889,-0.266897627164424,-0.265513364614383,-0.264127221920372,-0.262741184506083,-0.261356641363839,-0.259974482278298,-0.25859519434767,-0.257218953825305,-0.255845710552374,-0.254475263179616,-0.253107324110276,-0.251741573703668,-0.250377703786879,-0.249015450938249,-0.24765462032989,-0.246295101147392,-0.244936874746492,-0.243580016767223,-0.24222469441795,-0.24087116007934,-0.239519742276585,-0.238170834941593,-0.236824885747701,-0.235482384158181,-0.234143849694035,-0.232809820801799,-0.231480844591621,-0.230157467621321,-0.228840227823854,-0.22752964761279,-0.226226228151968,-0.224930444739522,-0.223642743231383,-0.222363537413123,-0.221093207220093,-0.219832097702436,-0.218580518632536,-0.217338744656501,-0.216107015897462,-0.214885538926011,-0.213674488021321,-0.212474006655065,-0.211284209138633,-0.210105182382258,-0.208936987722256,-0.207779662779544,-0.206633223318951,-0.205497665084476,-0.204372965590602,-0.203259085854168,-0.202155972055013,-0.20106355711682,-0.1999817622023,-0.198910498119115,-0.197849666634788,-0.196799161700428,-0.195758870584249,-0.194728674916906,-0.193708451651375,-0.192698073940679,-0.19169741193719,-0.190706333517484,-0.189724704936931,-0.188752391418258,-0.187789257678343,-0.186835168397479,-0.185889988635213,-0.184953584196781,-0.184025821953995,-0.183106570124277,-0.182195698511345,-0.181293078710891,-0.180398584284374,-0.179512090903875,-0.178633476470777,-0.177762621210828,-0.176899407747975,-0.176043721159191,-0.175195449012333,-0.174354481388917,-0.173520710893557,-0.172694032651638,-0.171874344296702,-0.171061545948867,-0.170255540185489,-0.169456232005179,-0.168663528786158,-0.167877340239871,-0.167097578360655,-0.166324157372213,-0.165556993671537,-0.164796005770872,-0.164041114238243,-0.163292241637013,-0.162549312464883,-0.161812253092686,-0.161080991703306,-0.160355458230992,-0.159635584301304,-0.158921303171901,-0.158212549674344,-0.157509260157064,-0.156811372429621,-0.15611882570834,-0.155431560563436,-0.154749518867658,-0.154072643746523,-0.153400879530165,-0.152734171706822,-0.152072466877974,-0.151415712715127,-0.150763857918249,-0.150116852175824,-0.149474646126526,-0.148837191322464,-0.148204440193991,-0.147576346016022,-0.146952862875842,-0.146333945642342,-0.145719549936671,-0.145109632104231,-0.14450414918799,-0.143903058903058,-0.143306319612491,-0.142713890304261,-0.142125730569358,-0.141541800580984,-0.140962061074775,-0.140386473330023,-0.139814999151854,-0.139247600854306,-0.138684241244281,-0.138124883606324,-0.137569491688188,-0.137018029687149,-0.136470462237034,-0.135926754395927,-0.135386871634519,-0.134850779825063,-0.134318445230916,-0.133789834496615,-0.133264914638486,-0.132743653035732,-0.132226017421988,-0.131711975877316,-0.131201496820605,-0.130694549002372,-0.130191101497917,-0.129691123700839,-0.129194585316859,-0.128701456357968,-0.128211707136855,-0.1277253082616,-0.127242230630635,-0.126762445427933,-0.126285924118429,-0.125812638443644,-0.125342560417514,-0.1248756623224,-0.124411916705269,-0.123951296374045,-0.123493774394102,-0.123039324084909,-0.122587919016797,-0.122139533007861,-0.121694140120969,-0.121251714660887,-0.120812231171495,-0.12037566443311,-0.119941989459884,-0.119511181497296,-0.119083216019711,-0.118658068728015,-0.118235715547314,-0.117816132624698,-0.11739929632706,-0.116985183238969,-0.116573770160593,-0.11616503410567,-0.11575895229952,-0.115355502177096,-0.11495466138108,-0.114556407760004,-0.11416071936641,-0.113767574455041,-0.113376951481052,-0.112988829098262,-0.112603186157413,0,-0.281078138190923,-0.280034071210059,-0.278950818662144,-0.277816231285539,-0.276628483656212,-0.275391445230366,-0.274111757398529,-0.272797024612805,-0.271454761310599,-0.270091842245132,-0.268714252610663,-0.267327006533067,-0.265934159188637,-0.264538871153205,-0.263143501191675,-0.261749713006481,-0.260358586686514,-0.258970728735833,-0.257586376551099,-0.256205494543866,-0.254827860050258,-0.253453137902249,-0.25208094314111,-0.250710891872828,-0.24934264070589,-0.247975915569238,-0.246610530975978,-0.245246400974491,-0.243883543116889,-0.242522076785328,-0.241162217163409,-0.239804266038556,-0.238448600487876,-0.237095660348904,-0.235745935220021,-0.234399951582816,-0.233058260496845,-0.231721426190738,-0.230390015764461,-0.229064590126683,-0.227745696217891,-0.226433860512985,-0.225129583754633,-0.223833336838745,-0.222545557753878,-0.22126664946527,-0.219996978629681,-0.218736875027742,-0.217486631604635,-0.216246505016598,-0.21501671658903,-0.21379745360109,-0.212588870821185,-0.211391092227131,-0.210204212853823,-0.209028300719716,-0.207863398791226,-0.206709526951224,-0.205566683944082,-0.204434849275293,-0.203313985048507,-0.202204037726999,-0.201104939810126,-0.20001661141832,-0.198938961782674,-0.197871890637204,-0.196815289513587,-0.195769042939477,-0.194733029542586,-0.193707123063513,-0.192691193280926,-0.19168510685314,-0.190688728080414,-0.189701919592493,-0.188724542965988,-0.187756459276188,-0.186797529587864,-0.185847615389505,-0.184906578975296,-0.183974283778972,-0.183050594663521,-0.18213537817048,-0.181228502732384,-0.180329838851715,-0.179439259249491,-0.178556638986412,-0.177681855559309,-0.176814788975417,-0.175955321806818,-0.175103339227227,-0.174258729033102,-0.173421381650918,-0.17259119013228,-0.171768050138399,-0.170951859915348,-0.170142520261351,-0.169339934487264,-0.168544008371305,-0.167754650108952,-0.166971770258881,-0.166195281685696,-0.165425099500132,-0.164661140997342,-0.163903325593816,-0.163151574763399,-0.16240581197285,-0.161665962617289,-0.160931953955885,-0.160203715048047,-0.15948117669037,-0.158764271354542,-0.158052933126402,-0.15734709764627,-0.156646702050706,-0.155951684915774,-0.155261986201899,-0.154577547200381,-0.153898310481611,-0.153224219845012,-0.152555220270735,-0.151891257873111,-0.151232279855854,-0.150578234469009,-0.149929070967627,-0.149284739572136,-0.148645191430385,-0.148010378581321,-0.147380253920267,-0.146754771165756,-0.146133884827871,-0.145517550178061,-0.144905723220372,-0.144298360664049,-0.143695419897466,-0.143096858963319,-0.142502636535062,-0.141912711894499,-0.14132704491052,-0.140745596018909,-0.140168326203184,-0.139595196976433,-0.139026170364078,-0.138461208887553,-0.137900275548829,-0.13734333381575,-0.136790347608152,-0.136241281284711,-0.135696099630494,-0.135154767845167,-0.134617251531831,-0.134083516686459,-0.133553529687884,-0.133027257288327,-0.132504666604425,-0.13198572510873,-0.131470400621663,-0.130958661303876,-0.130450475649033,-0.129945812476941,-0.129444640927053,-0.128946930452293,-0.128452650813197,-0.12796177207234,-0.127474264589048,-0.12699009901436,-0.126509246286238,-0.126031677624997,-0.125557364528957,-0.125086278770286,-0.124618392391031,-0.124153677699331,-0.123692107265779,-0.123233653919954,-0.122778290747077,-0.122325991084815,-0.121876728520199,-0.121430476886665,-0.120987210261199,-0.120546902961581,-0.120109529543728,-0.11967506479912,-0.119243483752307,-0.118814761658497,-0.118388874001206,-0.117965796489982,-0.117545505058182,-0.117127975860813,-0.11671318527242,-0.116301109885023,-0.115891726506104,-0.115485012156634,-0.115080944069133,-0.114679499685778,-0.114280656656536,-0.11388439283733,-0.113490686288237,-0.113099515271714,-0.112710858250841,-0.1123246938876,-0.111941001041164,0,-0.280313131853455,-0.279280628538712,-0.278188436162046,-0.277033056087763,-0.275818811308334,-0.274553493580982,-0.273246161915346,-0.271905803654785,-0.270540624559898,-0.269157743708522,-0.267763109719094,-0.266361529974012,-0.264956756890844,-0.263551602468335,-0.262148065234691,-0.260747460081253,-0.259350544929736,-0.257957640254436,-0.256568738803847,-0.255183603769179,-0.253801854325003,-0.252423038030048,-0.251046690073964,-0.249672379799063,-0.24829974530531,-0.246928517247536,-0.245558533145439,-0.244189743646994,-0.242822212219978,-0.241456109706599,-0.240091705078616,-0.238729353591972,-0.237369483377433,-0.236012581331194,-0.234659178998609,-0.233309838983503,-0.231965142270707,-0.230625676723635,-0.229292026913225,-0.227964765348961,-0.226644445115832,-0.225331593870937,-0.224026709117733,-0.222730254652374,-0.221442658062828,-0.220164309155497,-0.218895559183897,-0.217636720758205,-0.216388068321585,-0.215149839088312,-0.213922234348841,-0.212705421057507,-0.211499533629083,-0.210304675880487,-0.20912092306346,-0.207948323942734,-0.206786902882121,-0.20563666190797,-0.20449758272566,-0.203369628670134,-0.202252746576155,-0.201146868557867,-0.200051913690569,-0.198967789590362,-0.197894393889603,-0.196831615607926,-0.195779336420064,-0.194737431822865,-0.193705772204767,-0.192684223821663,-0.191672649683559,-0.19067091035673,-0.189678864686275,-0.188696370444054,-0.187723284906973,-0.186759465370535,-0.185804769602451,-0.184859056240934,-0.183922185142136,-0.182994017680969,-0.182074417009338,-0.181163248275575,-0.180260378808669,-0.179365678270613,-0.17847901878,-0.177600275009762,-0.176729324261748,-0.175866046520623,-0.175010324489369,-0.174162043608513,-0.173321092060998,-0.172487360764474,-0.171660743352617,-0.170841136146947,-0.170028438120475,-0.1692225508544,-0.168423378488931,-0.167630827669231,-0.166844807487366,-0.166065229421053,-0.165292007269906,-0.164525057089832,-0.163764297126119,-0.163009647745716,-0.162261031369155,-0.161518372402472,-0.160781597169487,-0.160050633844711,-0.159325412387142,-0.158605864475154,-0.157891923442658,-0.157183524216695,-0.156480603256567,-0.155783098494614,-0.155090949278727,-0.154404096316624,-0.153722481621968,-0.153046048462329,-0.152374741309017,-0.15170850578878,-0.15104728863737,-0.150391037654959,-0.149739701663374,-0.149093230465131,-0.148451574804238,-0.147814686328707,-0.147182517554759,-0.146555021832658,-0.145932153314134,-0.14531386692134,-0.144700118317302,-0.144090863877795,-0.143486060664608,-0.142885666400131,-0.142289639443229,-0.14169793876633,-0.141110523933694,-0.140527355080797,-0.139948392894797,-0.139373598596013,-0.138802933920392,-0.138236361102896,-0.137673842861777,-0.137115342383698,-0.136560823309646,-0.13601024972161,-0.135463586129972,-0.134920797461584,-0.134381849048491,-0.133846706617259,-0.133315336278886,-0.132787704519253,-0.132263778190094,-0.131743524500449,-0.131226911008575,-0.130713905614285,-0.130204476551702,-0.129698592382381,-0.129196221988805,-0.128697334568206,-0.128201899626711,-0.12770988697378,-0.127221266716927,-0.1267360092567,-0.126254085281907,-0.12577546576507,-0.125300121958099,-0.124828025388159,-0.124359147853729,-0.123893461420837,-0.123430938419459,-0.122971551440068,-0.122515273330327,-0.122062077191918,-0.121611936377491,-0.121164824487728,-0.120720715368519,-0.120279583108235,-0.119841402035092,-0.119406146714607,-0.118973791947128,-0.118544312765446,-0.118117684432466,-0.117693882438955,-0.117272882501339,-0.116854660559563,-0.116439192774994,-0.116026455528382,-0.115616425417857,-0.11520907925697,-0.114804394072773,-0.114402347103933,-0.114002915798875,-0.113606077813966,-0.113211811011711,-0.112820093458994,-0.112430903425325,-0.112044219381122,-0.111660019996009,-0.111278284137136,0,-0.279562956306375,-0.278529782223362,-0.277419487810129,-0.276237158446637,-0.274992617635523,-0.273697005724183,-0.272361309448815,-0.270995497126709,-0.269608152573192,-0.268206403814713,-0.266795990378587,-0.265381389263971,-0.263965964044471,-0.262552120840825,-0.261141462669886,-0.259734937113103,-0.258332974074245,-0.256935611508527,-0.255542607740062,-0.254153539522801,-0.252767885454336,-0.251385094778437,-0.250004642023024,-0.248626068299832,-0.247249010415547,-0.245873219189533,-0.244498568527963,-0.243125056867074,-0.241752802577492,-0.240382034832069,-0.239013081299264,-0.23764635385129,-0.236282333287623,-0.234921553884138,-0.233564588396491,-0.232212033980954,-0.230864499350936,-0.229522593364939,-0.228186915141728,-0.226858045719931,-0.225536541219882,-0.224222927423046,-0.222917695655827,-0.221621299847719,-0.220334154625806,-0.219056634306761,-0.217789072651593,-0.216531763256079,-0.21528496045975,-0.214048880667581,-0.212823703990234,-0.211609576120531,-0.210406610375092,-0.209214889840739,-0.208034469575044,-0.206865378819233,-0.205707623189511,-0.204561186819834,-0.203426034435098,-0.202302113338914,-0.201189355304492,-0.20008767836082,-0.198996988469391,-0.197917181089206,-0.196848142629827,-0.195789751793835,-0.194741880811333,-0.193704396570064,-0.192677161645458,-0.191660035235391,-0.190652874004802,-0.189655532845474,-0.188667865556389,-0.187689725450042,-0.186720965890019,-0.185761440765012,-0.184811004904255,-0.183869514439176,-0.182936827115813,-0.182012802562307,-0.181097302515553,-0.180190191010803,-0.179291334537813,-0.178400602166832,-0.17751786564754,-0.17664299948377,-0.175775880986665,-0.174916390308687,-0.174064410460705,-0.173219827314208,-0.172382529590494,-0.171552408838546,-0.170729359403131,-0.169913278384525,-0.169104065591122,-0.168301623486084,-0.167505857129053,-0.166716674113844,-0.165933984502945,-0.165157700759579,-0.164387737677949,-0.16362401231228,-0.162866443905146,-0.162114953815543,-0.161369465447102,-0.160629904176769,-0.159896197284263,-0.15916827388256,-0.158446064849611,-0.15772950276148,-0.157018521827047,-0.156313057824411,-0.155613048039069,-0.154918431203961,-0.154229147441439,-0.153545138207187,-0.152866346236127,-0.152192715490314,-0.15152419110882,-0.150860719359601,-0.150202247593324,-0.149548724199113,-0.148900098562214,-0.148256321023497,-0.147617342840786,-0.14698311615195,-0.14635359393972,-0.145728729998155,-0.145108478900738,-0.144492795970011,-0.143881637248721,-0.1432749594724,-0.142672720043344,-0.142074877005905,-0.141481389023076,-0.140892215354282,-0.140307315834346,-0.139726650853567,-0.139150181338853,-0.138577868735875,-0.138009674992174,-0.137445562541195,-0.136885494287175,-0.136329433590873,-0.135777344256063,-0.135229190516786,-0.134684937025294,-0.134144548840656,-0.133607991417995,-0.133075230598318,-0.132546232598901,-0.132020964004202,-0.131499391757277,-0.130981483151651,-0.130467205823639,-0.129956527745083,-0.129449417216469,-0.128945842860413,-0.128445773615497,-0.127949178730418,-0.127456027758439,-0.126966290552131,-0.126479937258373,-0.1259969383136,-0.125517264439283,-0.125040886637631,-0.124567776187486,-0.124097904640415,-0.123631243816976,-0.123167765803142,-0.122707442946892,-0.122250247854931,-0.121796153389548,-0.121345132665601,-0.120897159047613,-0.120452206146975,-0.120010247819251,-0.119571258161571,-0.119135211510113,-0.118702082437664,-0.11827184575125,-0.117844476489846,-0.117419949922132,-0.116998241544321,-0.116579327078038,-0.116163182468246,-0.115749783881219,-0.115339107702562,-0.114931130535264,-0.114525829197795,-0.114123180722233,-0.113723162352418,-0.113325751542147,-0.112930925953382,-0.11253866345449,-0.112148942118512,-0.111761740221437,-0.111377036240513,-0.110994808852565,-0.110615036932333,0,-0.27882547698162,-0.277778535142733,-0.276641047667408,-0.275426094980939,-0.274148074744485,-0.272820763021968,-0.271456514738997,-0.270065851428913,-0.268657420223191,-0.267238132445588,-0.265813359740986,-0.264387139404072,-0.262962373532972,-0.261541017101785,-0.260124252799827,-0.258712651310188,-0.257306316129763,-0.255905012343397,-0.254508279016509,-0.253115525117594,-0.251726109164622,-0.25033940311491,-0.24895484136337,-0.247571956041341,-0.246190400080194,-0.244809959694234,-0.243430558034015,-0.242052251765782,-0.240675222256952,-0.239299762909282,-0.237926264000511,-0.236555196191021,-0.235187093641205,-0.233822537480797,-0.232462140182821,-0.231106531228023,-0.229756344303493,-0.228412206162477,-0.227074727179875,-0.225744493567745,-0.224422061164293,-0.223107950675536,-0.221802644227962,-0.220506583080317,-0.219220166340653,-0.217943750538736,-0.216677649912122,-0.215422137275075,-0.21417744535199,-0.21294376847012,-0.211721264519536,-0.210510057100984,-0.209310237794199,-0.208121868490245,-0.206944983741339,-0.205779593090453,-0.204625683350697,-0.203483220811231,-0.202352153352164,-0.201232412455773,-0.200123915105462,-0.199026565567233,-0.197940257051216,-0.19686487325301,-0.195800289776376,-0.194746375440166,-0.193702993473431,-0.192670002603432,-0.191647258041768,-0.19063461237425,-0.189631916360282,-0.18863901964764,-0.187655771408462,-0.186682020902218,-0.185717617971221,-0.184762413474073,-0.183816259662191,-0.182879010504306,-0.181950521963567,-0.181030652231604,-0.180119261923628,-0.179216214238374,-0.178321375086437,-0.177434613190268,-0.176555800158881,-0.175684810540047,-0.174821521852558,-0.173965814600917,-0.173117572274589,-0.172276681333804,-0.171443031183676,-0.170616514138273,-0.169797025376106,-0.168984462888353,-0.168178727421037,-0.167379722412198,-0.166587353925056,-0.165801530577998,-0.165022163472163,-0.164249166117315,-0.163482454356579,-0.162721946290593,-0.161967562201518,-0.161219224477328,-0.160476857536711,-0.159740387754893,-0.15900974339064,-0.158284854514647,-0.157565652939508,-0.156852072151399,-0.156144047243619,-0.15544151485205,-0.154744413092649,-0.154052681500986,-0.153366260973893,-0.152685093713221,-0.15200912317173,-0.151338294001088,-0.150672552001976,-0.150011844076264,-0.14935611818124,-0.148705323285829,-0.148059409328781,-0.147418327178769,-0.146782028596344,-0.146150466197692,-0.145523593420141,-0.144901364489351,-0.144283734388137,-0.143670658826857,-0.143062094215302,-0.142457997636045,-0.141858326819159,-0.141263040118278,-0.140672096487917,-0.140085455462007,-0.139503077133587,-0.138924922135588,-0.13835095162268,-0.137781127254099,-0.137215411177431,-0.136653766013286,-0.136096154840834,-0.135542541184133,-0.134992888999229,-0.134447162661981,-0.133905326956557,-0.133367347064581,-0.132833188554888,-0.132302817373852,-0.131776199836245,-0.131253302616618,-0.130734092741148,-0.130218537579942,-0.129706604839759,-0.129198262557129,-0.128693479091846,-0.128192223120807,-0.127694463632183,-0.127200169919885,-0.12670931157833,-0.126221858497466,-0.125737780858052,-0.125257049127164,-0.124779634053931,-0.124305506665468,-0.123834638262997,-0.123367000418148,-0.122902564969427,-0.122441304018832,-0.121983189928616,-0.121528195318182,-0.121076293061095,-0.120627456282219,-0.120181658354955,-0.119738872898571,-0.119299073775634,-0.11886223508952,-0.118428331182005,-0.117997336630925,-0.117569226247907,-0.117143975076157,-0.116721558388312,-0.116301951684337,-0.115885130689475,-0.115471071352243,-0.115059749842466,-0.114651142549353,-0.114245226079602,-0.113841977255546,-0.113441373113323,-0.113043390901075,-0.112648008077171,-0.112255202308461,-0.111864951468538,-0.111477233636035,-0.111092027092928,-0.110709310322868,-0.110329062009514,-0.109951261034899,0,-0.278096881795407,-0.277022762369575,-0.275849669371955,-0.274597256702309,-0.273283383940356,-0.271923672090349,-0.270531253755011,-0.269116775777315,-0.267688648661801,-0.266253360875698,-0.264815776792285,-0.263379402215819,-0.261946620346262,-0.260518902657005,-0.259096997508267,-0.25768109804403,-0.256270990271722,-0.254866181921444,-0.253466012569301,-0.25206974554511,-0.250676642310098,-0.24928602024937,-0.247897295123482,-0.246510009707346,-0.245123850367582,-0.243738653463807,-0.242354403496207,-0.240971224866941,-0.239589368992513,-0.238209198318951,-0.236831168573312,-0.235455810353222,-0.234083710927187,-0.232715496904116,-0.231351818238831,-0.229993333875601,-0.228640699195328,-0.227294555323271,-0.225955520271004,-0.22462418182563,-0.223301092057875,-0.221986763294989,-0.220681665391351,-0.219386224126204,-0.218100820561642,-0.216825791202634,-0.215561428812807,-0.214307983753522,-0.213065665728474,-0.211834645830759,-0.210615058803651,-0.209407005439712,-0.208210555055225,-0.20702574798806,-0.205852598076969,-0.204691095088998,-0.203541207069192,-0.20240288259318,-0.20127605290866,-0.200160633956317,-0.199056528264458,-0.197963626714692,-0.196881810178415,-0.195810951025826,-0.194750914510675,-0.193701560035077,-0.192662742299576,-0.191634312344183,-0.19061611848652,-0.189608007163357,-0.188609823681944,-0.187621412887463,-0.186642619752821,-0.185673289896823,-0.184713270036531,-0.183762408379362,-0.182820554960173,-0.181887561928323,-0.180963283789355,-0.180047577605687,-0.17914030316036,-0.178241323087624,-0.177350502973861,-0.176467711432061,-0.175592820152824,-0.174725703934607,-0.173866240695704,-0.173014311470236,-0.172169800390232,-0.171332594655658,-0.170502584494126,-0.169679663111813,-0.168863726636972,-0.168054674057304,-0.167252407152294,-0.166456830421522,-0.165667851009851,-0.164885378630263,-0.164109325485072,-0.163339606186113,-0.162576137674471,-0.161818839140201,-0.161067631942481,-0.160322439530524,-0.159583187365588,-0.15884980284431,-0.158122215223607,-0.157400355547321,-0.156684156574741,-0.155973552711146,-0.155268479940438,-0.154568875759949,-0.153874679117462,-0.153185830350487,-0.15250227112779,-0.151823944393194,-0.151150794311621,-0.150482766217379,-0.14981980656463,-0.149161862880032,-0.148508883717492,-0.147860818614982,-0.147217618053374,-0.146579233417224,-0.145945616957446,-0.145316721755829,-0.14469250169131,-0.144072911407957,-0.143457906284588,-0.142847442405961,-0.142241476535476,-0.14163996608932,-0.141042869111992,-0.140450144253148,-0.139861750745703,-0.139277648385135,-0.138697797509924,-0.138122158983083,-0.137550694174717,-0.136983364945554,-0.136420133631413,-0.135860963028543,-0.135305816379793,-0.134754657361574,-0.134207450071553,-0.13366415901706,-0.133124749104145,-0.132589185627265,-0.132057434259556,-0.131529461043652,-0.131005232383038,-0.130484715033871,-0.129967876097278,-0.129454683012073,-0.128945103547879,-0.128439105798636,-0.127936658176453,-0.127437729405795,-0.126942288517987,-0.126450304845998,-0.125961748019498,-0.125476587960176,-0.124994794877283,-0.1245163392634,-0.124041191890413,-0.123569323805674,-0.123100706328339,-0.122635311045881,-0.12217310981074,-0.121714074737131,-0.121258178197975,-0.120805392821953,-0.120355691490677,-0.119909047335966,-0.119465433737215,-0.119024824318859,-0.118587192947916,-0.118152513731611,-0.117720761015066,-0.117291909379062,-0.116865933637855,-0.116442808837049,-0.116022510251526,-0.115605013383413,-0.115190293960102,-0.114778327932304,-0.114369091472142,-0.113962560971277,-0.113558713039066,-0.113157524500746,-0.112758972395647,-0.112363033975427,-0.111969686702333,-0.111578908247474,-0.111190676489124,-0.110804969511029,-0.110421765600745,-0.110041043247977,-0.109662781142939,-0.109286958174727,0,-0.277370972520977,-0.276257527443269,-0.27504163514672,-0.273748040954409,-0.272396890762369,-0.271004837885323,-0.269585206831051,-0.268148364820419,-0.266702214382336,-0.265252642199682,-0.263803889543248,-0.262358858617047,-0.260919372517096,-0.259486400140403,-0.258060252325357,-0.256640752766304,-0.255227385868071,-0.253819422987112,-0.252416028150656,-0.251016344249566,-0.24961956080084,-0.248224964599783,-0.246831974851741,-0.245440164619475,-0.244049270596128,-0.242659193290081,-0.241269989683004,-0.239881860307576,-0.238495132507245,-0.237110241410734,-0.235727709901899,-0.234348128610663,-0.232972136708208,-0.231600404069954,-0.23023361517907,-0.228872454983964,-0.227517596795299,-0.226169692209406,-0.22482936297254,-0.22349719465034,-0.222173731935373,-0.220859475408931,-0.219554879567961,-0.218260351931196,-0.216976253047639,-0.215702897243617,-0.214440553959947,-0.213189449547154,-0.211949769403233,-0.21072166035449,-0.209505233195114,-0.20830056531499,-0.207107703357821,-0.205926665862733,-0.204757445852283,-0.203600013338174,-0.202454317723179,-0.201320290083813,-0.20019784532332,-0.19908688418871,-0.197987295148949,-0.196898956134085,-0.195821736137255,-0.194755496683106,-0.193700093167451,-0.192655376073828,-0.191621192073273,-0.190597385013978,-0.189583796807741,-0.18858026822014,-0.187586639571331,-0.186602751354206,-0.185628444776452,-0.184663562232781,-0.183707947713315,-0.182761447153787,-0.181823908732902,-0.180895183121855,-0.179975123690685,-0.179063586675808,-0.178160431312756,-0.177265519937851,-0.176378718062228,-0.175499894421367,-0.174628921003023,-0.173765673056169,-0.172910029083385,-0.172061870818843,-0.171221083193909,-0.17038755429211,-0.16956117529513,-0.16874184042125,-0.167929446857571,-0.167123894687173,-0.166325086812256,-0.165532928874204,-0.16474732917138,-0.163968198575393,-0.163195450446467,-0.162429000548491,-0.161668766964204,-0.160914670010986,-0.16016663215757,-0.159424577942025,-0.158688433891252,-0.157958128442214,-0.157233591865093,-0.156514756188508,-0.155801555126921,-0.155093924010309,-0.154391799716179,-0.153695120603964,-0.153003826451819,-0.152317858395846,-0.151637158871713,-0.150961671558682,-0.150291341325991,-0.149626114181573,-0.148965937223052,-0.148310758590978,-0.147660527424237,-0.147015193817578,-0.146374708781198,-0.145739024202309,-0.145108092808629,-0.144481868133728,-0.143860304484146,-0.143243356908231,-0.142630981166618,-0.142023133704276,-0.141419771624063,-0.140820852661719,-0.140226335162227,-0.139636178057482,-0.139050340845206,-0.138468783569043,-0.137891466799772,-0.137318351617602,-0.136749399595458,-0.136184572783235,-0.135623833692959,-0.135067145284797,-0.134514470953882,-0.133965774517895,-0.133421020205374,-0.132880172644699,-0.13234319685371,-0.131810058229937,-0.131280722541382,-0.130755155917846,-0.130233324842742,-0.129715196145385,-0.129200736993712,-0.128689914887422,-0.128182697651492,-0.127679053430056,-0.127178950680622,-0.126682358168603,-0.126189244962136,-0.125699580427182,-0.125213334222876,-0.124730476297114,-0.124250976882369,-0.1237748064917,-0.123301935914967,-0.122832336215208,-0.122365978725198,-0.121902835044145,-0.121442877034538,-0.120986076819126,-0.120532406778011,-0.120081839545865,-0.119634348009237,-0.119189905303973,-0.118748484812708,-0.118310060162452,-0.117874605222243,-0.117442094100877,-0.117012501144694,-0.116585800935429,-0.116161968288115,-0.115740978249032,-0.115322806093709,-0.114907427324958,-0.114494817670958,-0.114084953083359,-0.113677809735436,-0.113273364020256,-0.112871592548881,-0.112472472148594,-0.112075979861146,-0.111682092941026,-0.111290788853746,-0.110902045274147,-0.110515840084718,-0.110132151373934,-0.109750957434602,-0.109372236762222,-0.108995968053357,-0.108622130204021,0,-0.276640750090599,-0.275477466507466,-0.274213207210941,-0.272876014835082,-0.271487187889866,-0.270063624382472,-0.268618290842563,-0.267160912334434,-0.265698651371165,-0.26423664658981,-0.262778426468565,-0.26132623826772,-0.259881320298508,-0.258444132977266,-0.257014556910059,-0.255592062722302,-0.254175855580699,-0.25276499640332,-0.251358501269058,-0.249955420384992,-0.248554898052077,-0.247156215284623,-0.245758816990151,-0.244362325826883,-0.242966544978663,-0.241571452102177,-0.24017718661241,-0.238784032297185,-0.237392397015664,-0.2360027909651,-0.234615804718808,-0.233232087965301,-0.231852329627502,-0.230477239820412,-0.229107533919766,-0.22774391886363,-0.226387081691955,-0.225037680242437,-0.223696335860541,-0.222363627942884,-0.221040090111924,-0.21972620781225,-0.218422417121122,-0.217129104575442,-0.21584660783149,-0.214575216990822,-0.213315176444037,-0.212066687102731,-0.210829908908024,-0.209604963521076,-0.208391937116673,-0.20719088321507,-0.206001825499825,-0.204824760580281,-0.203659660666804,-0.202506476134902,-0.201365137961127,-0.200235560019268,-0.199117641229956,-0.19801126756054,-0.196916313875076,-0.195832645636592,-0.1947601204656,-0.193698589560169,-0.192647898983807,-0.191607890828096,-0.19057840425739,-0.189559276443126,-0.188550343395298,-0.187551440698624,-0.186562404160696,-0.185583070379226,-0.184613277235149,-0.183652864318048,-0.182701673290005,-0.181759548193617,-0.180826335709541,-0.179901885368586,-0.178986049722986,-0.178078684481169,-0.177179648609968,-0.176288804407945,-0.175406017553148,-0.174531157128385,-0.173664095626772,-0.172804708940133,-0.171952876332524,-0.171108480400986,-0.170271407025403,-0.169441545309166,-0.168618787512176,-0.167803028977536,-0.166994168053174,-0.166192106009465,-0.165396746953838,-0.164607997743211,-0.163825767895006,-0.163049969497414,-0.162280517119484,-0.161517327721532,-0.16076032056631,-0.160009417131307,-0.15926454102249,-0.158525617889759,-0.157792575344332,-0.157065342878245,-0.156343851786102,-0.155628035089203,-0.154917827462128,-0.154213165161833,-0.153513985959306,-0.152820229073797,-0.152131835109624,-0.151448745995549,-0.150770904926701,-0.150098256308995,-0.149430745706031,-0.148768319788399,-0.148110926285342,-0.14745851393872,-0.146811032459188,-0.146168432484554,-0.145530665540204,-0.144897684001551,-0.144269441058421,-0.143645890681299,-0.143026987589371,-0.142412687220268,-0.141802945701462,-0.14119771982322,-0.140596967013056,-0.14000064531161,-0.13940871334988,-0.138821130327745,-0.138237855993717,-0.137658850625849,-0.137084075013751,-0.136513490441649,-0.135947058672428,-0.135384741932612,-0.134826502898227,-0.134272304681492,-0.133722110818301,-0.133175885256434,-0.132633592344478,-0.13209519682139,-0.131560663806682,-0.131029958791184,-0.130503047628345,-0.129979896526049,-0.129460472038901,-0.128944741060965,-0.128432670818914,-0.12792422886558,-0.127419383073856,-0.12691810163095,-0.12642035303295,-0.125926106079691,-0.125435329869891,-0.124947993796552,-0.124464067542593,-0.123983521076714,-0.123506324649453,-0.123032448789453,-0.122561864299888,-0.122094542255068,-0.121630453997189,-0.121169571133229,-0.120711865531967,-0.120257309321134,-0.119805874884663,-0.119357534860052,-0.118912262135816,-0.118470029849027,-0.118030811382932,-0.117594580364653,-0.117161310662944,-0.116730976386019,-0.116303551879428,-0.115879011723994,-0.115457330733791,-0.115038483954173,-0.114622446659831,-0.114209194352901,-0.113798702761095,-0.113390947835861,-0.112985905750584,-0.112583552898794,-0.112183865892412,-0.111786821560008,-0.111392396945081,-0.111000569304358,-0.110611316106103,-0.110224615028448,-0.109840443957731,-0.10945878098685,-0.109079604413623,-0.108702892739165,-0.108328624666269,-0.107956779097795,0,-0.27589907876179,-0.274677184223742,-0.273360864297483,-0.271979060797879,-0.270553200845576,-0.269099700299374,-0.267630679362576,-0.266154915748898,-0.264678646502479,-0.263206151710486,-0.261740184575981,-0.260282306963272,-0.258833163929652,-0.257392714163769,-0.255960425212985,-0.25453543868251,-0.253116708724092,-0.251703116106811,-0.250293559648723,-0.248887026643453,-0.247482644018185,-0.246079712184248,-0.244677723779465,-0.243276369674642,-0.241875534683331,-0.240475285363847,-0.239075852147653,-0.237677607793511,-0.236281043881699,-0.234886746755505,-0.233495374011893,-0.232107632357634,-0.230724257392817,-0.229345995667011,-0.227973589176239,-0.226607762330146,-0.225249211315064,-0.22389859570556,-0.222556532129493,-0.221223589764835,-0.219900287435664,-0.21858709207602,-0.217284418340034,-0.215992629152204,-0.214712037010504,-0.213442905875608,-0.212185453500364,-0.210939854074092,-0.209706241075464,-0.208484710245459,-0.207275322607785,-0.206078107478325,-0.204893065417473,-0.203720171089815,-0.202559376004678,-0.20141061111857,-0.200273789286859,-0.199148807557141,-0.198035549300903,-0.196933886183378,-0.195843679974048,-0.194764784202247,-0.193697045663715,-0.192640305785068,-0.191594401853764,-0.190559168121647,-0.189534436790288,-0.188520038886411,-0.18751580503557,-0.186521566142047,-0.185537153982637,-0.184562401721685,-0.183597144354338,-0.182641219084589,-0.181694465644301,-0.180756726558971,-0.179827847365605,-0.178907676787668,-0.177996066871717,-0.177092873089932,-0.176197954412434,-0.175311173352934,-0.174432395990973,-0.173561491973687,-0.172698334499799,-0.171842800288254,-0.170994769533705,-0.170154125850827,-0.169320756209246,-0.168494550860673,-0.167675403259679,-0.166863209979386,-0.166057870623206,-0.165259287733629,-0.164467366698953,-0.163682015658735,-0.162903145408633,-0.162130669305258,-0.16136450317152,-0.160604565202937,-0.159850775875273,-0.159103057853821,-0.158361335904611,-0.157625536807756,-0.156895589273112,-0.156171423858407,-0.155452972889938,-0.154740170385921,-0.154032951982546,-0.153331254862781,-0.15263501768792,-0.151944180531891,-0.151258684818289,-0.150578473260114,-0.14990348980217,-0.149233679566074,-0.148568988797809,-0.147909364817778,-0.14725475597326,-0.146605111593225,-0.145960381945407,-0.145320518195575,-0.144685472368907,-0.144055197313399,-0.143429646665221,-0.142808774815943,-0.142192536881543,-0.141580888673134,-0.140973786669312,-0.14037118799007,-0.139773050372178,-0.13917933214599,-0.138589992213571,-0.138004990028106,-0.137424285574504,-0.136847839351148,-0.13627561235272,-0.135707566054044,-0.135143662394895,-0.134583863765712,-0.134028132994173,-0.13347643333257,-0.132928728445946,-0.132384982400948,-0.131845159655346,-0.131309225048186,-0.130777143790529,-0.130248881456753,-0.129724403976361,-0.129203677626285,-0.128686669023639,-0.128173345118902,-0.127663673189487,-0.127157620833696,-0.126655155965,-0.126156246806662,-0.125660861886641,-0.125168970032786,-0.124680540368286,-0.124195542307357,-0.123713945551157,-0.123235720083905,-0.122760836169195,-0.122289264346484,-0.121820975427746,-0.121355940494279,-0.12089413089365,-0.120435518236772,-0.119980074395099,-0.119527771497929,-0.119078581929814,-0.118632478328055,-0.118189433580288,-0.11774942082215,-0.117312413435008,-0.116878385043764,-0.116447309514714,-0.116019160953462,-0.11559391370289,-0.115171542341164,-0.114752021679792,-0.114335326761711,-0.113921432859418,-0.113510315473119,-0.113101950328922,-0.112696313377044,-0.112293380790044,-0.111893128961085,-0.111495534502199,-0.111100574242589,-0.110708225226927,-0.110318464713683,-0.109931270173457,-0.109546619287323,-0.109164489945188,-0.108784860244158,-0.10840770848691,-0.10803301318008,-0.107660753032645,-0.107290906954329,0,-0.275138206622024,-0.273851604266085,-0.272481508235032,-0.271055497211084,-0.269594252836024,-0.268113068313502,-0.266622810428728,-0.265131071706997,-0.263643028613829,-0.262162028789963,-0.260690014589991,-0.259227852212358,-0.257775600369088,-0.25633273458397,-0.254898335587102,-0.253471246911398,-0.252050205057619,-0.250633944621237,-0.249221280314249,-0.247811167731657,-0.246402744864063,-0.244995356603055,-0.243588564710317,-0.242182145851551,-0.24077608030098,-0.2393705338025,-0.23796583485145,-0.236562449368131,-0.235160954403938,-0.233762012182651,-0.232366345456171,-0.230974714861574,-0.229587898714209,-0.228206675463273,-0.226831808871672,-0.225464035857818,-0.224104056848486,-0.222752528433563,-0.221410058079616,-0.220077200644445,-0.218754456434409,-0.21744227055612,-0.216141033330805,-0.214851081560541,-0.213572700458529,-0.212306126079171,-0.211051548106673,-0.209809112882729,-0.208578926573786,-0.20736105839646,-0.206155543835638,-0.204962387803686,-0.203781567701153,-0.202613036349482,-0.20145672477473,-0.2003125448283,-0.199180391636428,-0.19806014587474,-0.196951675867883,-0.195854839517018,-0.19476948606014,-0.193695457671781,-0.19263259090974,-0.191580718017272,-0.190539668089563,-0.18950926811354,-0.188489343890073,-0.18747972084748,-0.186480224754997,-0.185490682344573,-0.184510921848937,-0.18354077346348,-0.182580069739071,-0.181628645912426,-0.180686340180272,-0.179752993923024,-0.178828451883328,-0.177912562304361,-0.17700517703241,-0.176106151587855,-0.175215345208332,-0.174332620867526,-0.173457845272714,-0.172590888843891,-0.171731625677063,-0.170879933494,-0.170035693580545,-0.169198790715349,-0.168369113090701,-0.167546552226952,-0.166731002881861,-0.165922362956045,-0.165120533395575,-0.164325418092641,-0.163536923785078,-0.162754959955481,-0.161979438730494,-0.16121027478082,-0.160447385222396,-0.159690689519109,-0.158940109387398,-0.158195568702992,-0.157456993410011,-0.15672431143261,-0.155997452589309,-0.155276348510097,-0.154560932556413,-0.153851139744026,-0.153146906668858,-0.152448171435753,-0.151754873590175,-0.151066954052818,-0.150384355057079,-0.149707020089358,-0.14903489383211,-0.148367922109608,-0.147706051836308,-0.147049230967783,-0.14639740845411,-0.145750534195643,-0.145108559001087,-0.144471434547782,-0.143839113344111,-0.143211548693948,-0.142588694663052,-0.141970506047335,-0.141356938342902,-0.140747947717798,-0.140143490985363,-0.139543525579137,-0.138948009529213,-0.13835690143999,-0.137770160469231,-0.137187746308371,-0.136609619164004,-0.136035739740478,-0.135466069223549,-0.134900569265017,-0.134339201968309,-0.13378192987493,-0.133228715951755,-0.132679523579089,-0.132134316539463,-0.131593059007122,-0.131055715538146,-0.130522251061188,-0.129992630868766,-0.129466820609087,-0.128944786278375,-0.128426494213643,-0.127911911085914,-0.127401003893833,-0.126893739957659,-0.126390086913604,-0.125890012708499,-0.125393485594759,-0.124900474125633,-0.124410947150709,-0.123924873811666,-0.123442223538249,-0.122962966044444,-0.122487071324859,-0.122014509651267,-0.121545251569322,-0.121079267895427,-0.120616529713731,-0.120157008373267,-0.1197006754852,-0.119247502920184,-0.11879746280582,-0.118350527524205,-0.117906669709563,-0.117465862245956,-0.117028078265058,-0.116593291144001,-0.116161474503272,-0.115732602204668,-0.115306648349293,-0.114883587275606,-0.114463393557505,-0.114046042002441,-0.11363150764958,-0.113219765767972,-0.112810791854771,-0.112404561633457,-0.112001051052094,-0.111600236281599,-0.111202093714035,-0.110806599960913,-0.11041373185151,-0.110023466431202,-0.109635780959808,-0.109250652909936,-0.10886805996535,-0.108487980019339,-0.10811039117309,-0.107735271734073,-0.107362600214429,-0.106992355329368,-0.106624515995564,0,-0.274350829642352,-0.272996277275401,-0.271572630327824,-0.270104169000425,-0.268610106571935,-0.267104077242917,-0.265595382208728,-0.264090263269136,-0.262592751939561,-0.261105224986998,-0.259628803810621,-0.258163667475108,-0.256709309391988,-0.255264751189874,-0.253828721110444,-0.252399801584808,-0.250976549177515,-0.249557589255149,-0.248141687394266,-0.246727799561154,-0.245315103314924,-0.243903012553347,-0.242491178524974,-0.241079479909235,-0.239668004701354,-0.238257026445557,-0.236846977070303,-0.235438418231228,-0.23403201269708,-0.232628496950655,-0.231228655842079,-0.229833299838877,-0.228443245172619,-0.227059296986588,-0.225682235440128,-0.224312804618187,-0.222951704022929,-0.221599582381585,-0.220257033484885,-0.21892459376771,-0.217602741353244,-0.216291896299907,-0.214992421813439,-0.213704626212255,-0.212428765460753,-0.211165046111272,-0.209913628520072,-0.208674630225374,-0.207448129395923,-0.206234168276644,-0.205032756573634,-0.203843874734267,-0.202667477089559,-0.201503494835479,-0.200351838837768,-0.199212402251181,-0.198085062949214,-0.196969685764398,-0.195866124542378,-0.194774224015349,-0.193693821502131,-0.192624748443397,-0.191566831781348,-0.19051989519357,-0.189483760191009,-0.188458247089988,-0.187443175867998,-0.186438366912719,-0.18544364167334,-0.184458823222818,-0.18348373673924,-0.18251820991396,-0.181562073293687,-0.180615160563179,-0.17967730877474,-0.178748358530219,-0.177828154120753,-0.176916543629079,-0.176013378998807,-0.175118516074675,-0.174231814617436,-0.173353138296691,-0.172482354664672,-0.171619335113664,-0.170763954819539,-0.169916092673552,-0.169075631204399,-0.168242456492261,-0.167416458076412,-0.166597528857783,-0.165785564997691,-0.164980465813835,-0.164182133674505,-0.16339047389183,-0.162605394614806,-0.161826806722708,-0.161054623719452,-0.160288761629347,-0.159529138894642,-0.158775676275179,-0.15802829675044,-0.157286925424196,-0.156551489431938,-0.155821917851217,-0.155098141615009,-0.154380093428158,-0.153667707686954,-0.15296092040185,-0.152259669123332,-0.15156389287091,-0.150873532065208,-0.150188528463093,-0.149508825095795,-0.148834366209952,-0.148165097211495,-0.147500964612307,-0.146841915979562,-0.146187899887656,-0.145538865872648,-0.144894764389105,-0.144255546769267,-0.143621165184441,-0.142991572608516,-0.142366722783521,-0.141746570187131,-0.141131070002026,-0.140520178087014,-0.139913850949845,-0.139312045721616,-0.138714720132694,-0.138121832490078,-0.13753334165612,-0.136949207028541,-0.13636938852165,-0.135793846548733,-0.135222542005505,-0.134655436254598,-0.13409249111101,-0.133533668828451,-0.132978932086548,-0.132428243978844,-0.131881568001554,-0.131338868043013,-0.130800108373796,-0.130265253637441,-0.129734268841759,-0.129207119350679,-0.128683770876598,-0.128164189473197,-0.127648341528697,-0.127136193759526,-0.126627713204362,-0.126122867218528,-0.125621623468717,-0.125123949928026,-0.12462981487126,-0.124139186870515,-0.123652034790986,-0.123168327787015,-0.122688035298333,-0.122211127046502,-0.121737573031534,-0.121267343528664,-0.120800409085281,-0.120336740517996,-0.119876308909835,-0.119419085607542,-0.118965042219003,-0.118514150610752,-0.118066382905577,-0.117621711480199,-0.117180108963035,-0.116741548232016,-0.116306002412478,-0.115873444875102,-0.115443849233906,-0.115017189344284,-0.114593439301084,-0.114172573436724,-0.113754566319347,-0.113339392750994,-0.112927027765817,-0.112517446628305,-0.112110624831545,-0.111706538095487,-0.111305162365237,-0.110906473809362,-0.110510448818207,-0.110117064002229,-0.109726296190334,-0.109338122428228,-0.108952519976781,-0.108569466310387,-0.108188939115339,-0.107810916288208,-0.107435375934228,-0.10706229636568,-0.106691656100287,-0.10632343385961,-0.105957608567447,0,-0.273529233410804,-0.272107592038024,-0.270632431514193,-0.269124505842925,-0.26760098238916,-0.266073417616008,-0.264549337437352,-0.263033539705561,-0.261528874765232,-0.260036742788324,-0.258557457256026,-0.257090535557828,-0.255634939451535,-0.254189275365102,-0.252751960375054,-0.251321357854802,-0.249895885660955,-0.248474099097998,-0.247054750723891,-0.245636829203925,-0.244219579712959,-0.24280250867035,-0.241385375764111,-0.23996817623551,-0.23855111625297,-0.237134583933747,-0.235719118215567,-0.234305377381366,-0.232894108636076,-0.231486119753335,-0.230082253470957,-0.22868336502698,-0.227290302996325,-0.225903893409825,-0.224524927007512,-0.223154149390004,-0.22179225377816,-0.220439876064748,-0.219097591836077,-0.21776591505061,-0.216445298080824,-0.215136132850066,-0.213838752825002,-0.212553435654218,-0.211280406273009,-0.210019840322352,-0.208771867755836,-0.207536576531492,-0.206314016305991,-0.205104202066463,-0.203907117650435,-0.202722719117279,-0.201550937945255,-0.200391684037058,-0.199244848523931,-0.198110306364091,-0.196987918735717,-0.19587753522816,-0.194778995837682,-0.193692132775839,-0.192616772099979,-0.191552735176144,-0.190499839985114,-0.189457902282548,-0.188426736624073,-0.187406157266001,-0.186395978951986,-0.185396017595481,-0.184406090867409,-0.183426018697861,-0.18245562370015,-0.181494731524929,-0.180543171151573,-0.179600775123452,-0.178667379733223,-0.177742825163742,-0.176826955589751,-0.175919619245014,-0.175020668459195,-0.17412995966833,-0.173247353402422,-0.172372714253321,-0.171505910825752,-0.17064681567406,-0.169795305226967,-0.16895125970241,-0.168114563014294,-0.167285102672792,-0.166462769679631,-0.165647458419657,-0.164839066549794,-0.164037494886384,-0.163242647291766,-0.162454430560844,-0.161672754308289,-0.160897530856921,-0.160128675127745,-0.159366104532035,-0.158609738865791,-0.157859500206853,-0.157115312814867,-0.156377103034301,-0.155644799200614,-0.154918331549701,-0.154197632130647,-0.153482634721853,-0.152773274750522,-0.15206948921551,-0.151371216613505,-0.150678396868498,-0.149990971264483,-0.149308882381328,-0.148632074033729,-0.147960491213177,-0.14729408003284,-0.14663278767527,-0.145976562342843,-0.145325353210818,-0.144679110382937,-0.144037784849446,-0.143401328447443,-0.142769693823457,-0.142142834398152,-0.141520704333058,-0.140903258499241,-0.140290452447808,-0.139682242382164,-0.139078585131926,-0.138479438128411,-0.137884759381615,-0.1372945074586,-0.136708641463215,-0.136127121017072,-0.135549906241713,-0.134976957741889,-0.134408236589895,-0.133843704310895,-0.133283322869178,-0.132727054655284,-0.132174862473952,-0.131626709532839,-0.13108255943195,-0.130542376153753,-0.130006124053912,-0.129473767852615,-0.128945272626452,-0.128420603800796,-0.127899727142674,-0.127382608754071,-0.126869215065653,-0.126359512830872,-0.12585346912043,-0.125351051317071,-0.124852227110681,-0.124356964493674,-0.123865231756637,-0.123376997484222,-0.122892230551259,-0.12241090011908,-0.121932975632028,-0.121458426814148,-0.120987223666035,-0.120519336461833,-0.120054735746366,-0.119593392332403,-0.119135277298022,-0.118680361984095,-0.118228617991854,-0.117780017180555,-0.117334531665211,-0.116892133814405,-0.116452796248163,-0.116016491835888,-0.115583193694345,-0.115152875185697,-0.114725509915581,-0.114301071731228,-0.113879534719608,-0.113460873205621,-0.113045061750299,-0.112632075149046,-0.112221888429891,-0.111814476851768,-0.111409815902807,-0.111007881298644,-0.110608648980738,-0.110212095114709,-0.109818196088682,-0.109426928511633,-0.109038269211752,-0.108652195234811,-0.10826868384253,-0.107887712510961,-0.107509258928861,-0.10713330099608,-0.106759816821949,-0.106388784723668,-0.1060201832247,-0.105653991053162,-0.105290187140227,0,-0.272667091704021,-0.271182940477926,-0.269659896037647,-0.268116547529268,-0.266567553352464,-0.265022101905207,-0.263485837981832,-0.261962090080545,-0.260452534294208,-0.25895761723128,-0.257476877718936,-0.256009211661792,-0.254553093696338,-0.253106761779075,-0.251668368980431,-0.250236105744112,-0.248808295097877,-0.247383462911009,-0.245960385310396,-0.24453811565077,-0.243115993796213,-0.241693640756117,-0.240270941842838,-0.23884802145645,-0.237425212374486,-0.236003022075342,-0.234582098203804,-0.233163194843108,-0.231747140827438,-0.230334810937786,-0.228927100488156,-0.227524903534245,-0.226129094723004,-0.224740514644007,-0.223359958435258,-0.221988167328647,-0.220625822785414,-0.219273542861947,-0.217931880454249,-0.216601323089738,-0.21528229396316,-0.213975153945677,-0.212680204329993,-0.211397690107851,-0.210127803607975,-0.208870688351865,-0.207626443011212,-0.206395125373993,-0.205176756246537,-0.20397132323609,-0.202778784372971,-0.201599071543506,-0.200432093714814,-0.199277739940527,-0.198135882142908,-0.19700637767178,-0.195889071644513,-0.194783799074138,-0.193690386794731,-0.192608655194577,-0.191538419768537,-0.190479492501512,-0.189431683095036,-0.188394800048964,-0.187368651609929,-0.186353046597847,-0.185347795121227,-0.184352709191504,-0.183367603245985,-0.182392294588381,-0.1814266037553,-0.180470354816404,-0.1795233756154,-0.178585497958411,-0.177656557755733,-0.176736395122484,-0.175824854443131,-0.174921784404454,-0.17402703800104,-0.173140472517061,-0.172261949487657,-0.171391334642958,-0.170528497837456,-0.169673312967127,-0.168825657876492,-0.16798541425751,-0.167152467542034,-0.166326706789319,-0.165508024569928,-0.164696316847185,-0.163891482857207,-0.163093424988401,-0.16230204866119,-0.161517262208621,-0.16073897675844,-0.159967106117086,-0.15920156665602,-0.158442277200714,-0.157689158922566,-0.156942135233968,-0.156201131686675,-0.15546607587362,-0.154736897334244,-0.154013527463413,-0.153295899423931,-0.152583948062663,-0.151877609830244,-0.151176822704336,-0.150481526116384,-0.149791660881797,-0.149107169133484,-0.148427994258661,-0.147754080838827,-0.14708537459282,-0.146421822322848,-0.145763371863384,-0.145109972032832,-0.144461572587831,-0.143818124180115,-0.143179578315801,-0.142545887317008,-0.141917004285694,-0.141292883069612,-0.140673478230274,-0.140058745012842,-0.139448639317819,-0.13884311767448,-0.138242137215922,-0.137645655655668,-0.13705363126572,-0.136466022855996,-0.135882789755066,-0.13530389179211,-0.134729289280029,-0.134158942999637,-0.133592814184877,-0.133030864508986,-0.132473056071565,-0.131919351386477,-0.131369713370546,-0.130824105332977,-0.130282490965477,-0.12974483433301,-0.129211099865153,-0.128681252348013,-0.128155256916662,-0.127633079048057,-0.127114684554411,-0.126600039576982,-0.126089110580247,-0.125581864346444,-0.125078267970438,-0.124578288854905,-0.124081894705791,-0.123589053528044,-0.123099733621587,-0.122613903577508,-0.122131532274467,-0.121652588875289,-0.121177042823723,-0.120704863841377,-0.120236021924786,-0.119770487342618,-0.119308230633009,-0.118849222600998,-0.118393434316073,-0.117940837109807,-0.117491402573578,-0.117045102556365,-0.116601909162613,-0.116161794750158,-0.115724731928217,-0.115290693555415,-0.114859652737869,-0.114431582827306,-0.114006457419221,-0.113584250351059,-0.113164935700442,-0.1127484877834,-0.112334881152643,-0.11192409059584,-0.111516091133921,-0.111110858019392,-0.110708366734664,-0.11030859299039,-0.109911512723816,-0.109517102097134,-0.109125337495848,-0.108736195527143,-0.108349653018257,-0.107965687014857,-0.107584274779423,-0.107205393789629,-0.106829021736725,-0.10645513652393,-0.106083716264815,-0.105714739281691,-0.105348184104003,-0.104984029466715,-0.104622254308704,0,-0.271761464574854,-0.270220821977637,-0.268654821005417,-0.267080937884306,-0.265510919205803,-0.263951431396949,-0.262406231254642,-0.26087721200019,-0.259364918787336,-0.257868891766311,-0.256387945363621,-0.25492040656933,-0.253464316516467,-0.2520175980179,-0.250578191948981,-0.24914416503221,-0.247713791127106,-0.246285607991877,-0.244858451709943,-0.24343147139486,-0.242004127201554,-0.240576174938282,-0.239147640630171,-0.237718788233223,-0.236290083378775,-0.234862155600313,-0.233435761015266,-0.232011746952848,-0.23059101957082,-0.229174515111792,-0.227763175124244,-0.226357925717143,-0.224959660725941,-0.223569228534493,-0.222187422212714,-0.220814972584173,-0.219452543822076,-0.218100731178287,-0.216760060471268,-0.215430988989706,-0.214113907504676,-0.212809143121413,-0.211516962739732,-0.210237576928286,-0.208971144051258,-0.207717774516143,-0.20647753503778,-0.205250452836803,-0.204036519710249,-0.202835695928571,-0.201647913926922,-0.200473081769758,-0.199311086376778,-0.198161796505327,-0.19702506548994,-0.195900733743913,-0.194788631030913,-0.193688578516861,-0.192600390613859,-0.191523876628829,-0.190458842230042,-0.189405090744834,-0.188362424301659,-0.187330644829301,-0.186309554925588,-0.185298958607345,-0.184298661952718,-0.183308473646273,-0.182328205436603,-0.181357672515478,-0.180396693826868,-0.179445092313533,-0.178502695108205,-0.177569333675815,-0.176644843912632,-0.175729066207638,-0.174821845470983,-0.173923031133893,-0.173032477123969,-0.172150041819425,-0.171275587985455,-0.170408982695577,-0.169550097240491,-0.168698807026732,-0.167854991467119,-0.167018533864784,-0.166189321292356,-0.165367244467677,-0.164552197627259,-0.163744078398539,-0.162942787671849,-0.162148229472878,-0.161360310836317,-0.160578941681246,-0.159804034688762,-0.159035505182235,-0.158273271010536,-0.157517252434501,-0.156767372016835,-0.156023554515628,-0.155285726781597,-0.154553817659121,-0.153827757891141,-0.153107480027912,-0.152392918339619,-0.151684008732818,-0.150980688670657,-0.150282897096814,-0.149590574363066,-0.148903662160416,-0.148222103453671,-0.147545842419376,-0.146874824386979,-0.146208995783145,-0.145548304079067,-0.144892697740692,-0.144242126181714,-0.143596539719242,-0.142955889532011,-0.142320127621021,-0.141689206772502,-0.141063080523077,-0.140441703127029,-0.139825029525554,-0.139213015317912,-0.138605616734352,-0.138002790610744,-0.137404494364798,-0.136810685973804,-0.136221323953787,-0.135636367340007,-0.135055775668722,-0.134479508960137,-0.133907527702468,-0.133339792837056,-0.132776265744458,-0.132216908231461,-0.131661682518956,-0.131110551230615,-0.130563477382324,-0.130020424372316,-0.129481355971957,-0.128946236317148,-0.128415029900288,-0.127887701562773,-0.127364216487981,-0.126844540194713,-0.126328638531064,-0.125816477668675,-0.125308024097362,-0.124803244620063,-0.124302106348115,-0.123804576696802,-0.123310623381172,-0.122820214412105,-0.122333318092586,-0.121849903014204,-0.121369938053828,-0.120893392370457,-0.120420235402229,-0.119950436863575,-0.119483966742508,-0.119020795298021,-0.118560893057611,-0.118104230814886,-0.117650779627272,-0.117200510813799,-0.116753395952957,-0.116309406880622,-0.115868515688039,-0.115430694719862,-0.114995916572236,-0.114564154090923,-0.114135380369469,-0.113709568747402,-0.113286692808457,-0.112866726378829,-0.112449643525451,-0.112035418554286,-0.111624026008639,-0.111215440667486,-0.110809637543807,-0.11040659188294,-0.110006279160936,-0.109608675082924,-0.109213755581481,-0.108821496815008,-0.108431875166108,-0.108044867239967,-0.107660449862737,-0.107278600079923,-0.106899295154766,-0.106522512566629,-0.106148230009382,-0.105776425389791,-0.105407076825899,-0.10504016264541,-0.104675661384077,-0.104313551784082,-0.103953812792417,0,-0.270811551559818,-0.269220822048635,-0.267617804753009,-0.266018889995145,-0.264432561994423,-0.262862952188942,-0.261312010423123,-0.259780276978034,-0.258267238051238,-0.256771593560258,-0.255291497465226,-0.253824770422236,-0.252369080962586,-0.250922095251403,-0.249481597256157,-0.248045581272175,-0.246612318572385,-0.245180400073117,-0.2437487573459,-0.242316664847321,-0.240883726680043,-0.239449851418041,-0.238015218496487,-0.236580239412059,-0.235145516564877,-0.233711802068911,-0.232279958326336,-0.230850921651377,-0.229425669773057,-0.228005193661504,-0.226590473815238,-0.225182460914827,-0.223782060584189,-0.22239012189444,-0.221007429185665,-0.219634696758674,-0.218272565992098,-0.216921604462048,-0.21558230667523,-0.214255096066788,-0.212940327957326,-0.211638293206693,-0.210349222343364,-0.209073289986357,-0.207810619410936,-0.206561287139638,-0.205325327466331,-0.204102736843302,-0.202893478080082,-0.201697484318177,-0.200514662758431,-0.199344898127867,-0.198188055880823,-0.197043985135351,-0.195912521350533,-0.194793488753805,-0.193686702529805,-0.192591970783908,-0.191509096294549,-0.190437878068975,-0.189378112717108,-0.188329595658027,-0.187292122173162,-0.186265488319718,-0.185249491717168,-0.184243932218934,-0.183248612480577,-0.182263338435058,-0.181287919684822,-0.180322169819714,-0.179365906669003,-0.178418952495057,-0.177481134135591,-0.176552283100754,-0.175632235630744,-0.174720832719099,-0.17381792010632,-0.172923348247983,-0.172036972261118,-0.171158651852205,-0.170288251229779,-0.169425639004342,-0.168570688077938,-0.167723275525506,-0.166883282469874,-0.166050593952017,-0.165225098798029,-0.164406689484051,-0.16359526200025,-0.162790715714787,-0.161992953238582,-0.161201880291575,-0.160417405571052,-0.159639440622538,-0.158867899713665,-0.158102699711327,-0.157343759962407,-0.156591002178274,-0.155844350323197,-0.155103730506801,-0.154369070880616,-0.153640301538775,-0.152917354422845,-0.152200163230793,-0.151488663330022,-0.150782791674444,-0.150082486725485,-0.149387688376961,-0.148698337883704,-0.148014377793844,-0.147335751884623,-0.146662405101639,-0.145994283501367,-0.145331334196864,-0.144673505306512,-0.144020745905674,-0.143373005981147,-0.142730236388269,-0.142092388810577,-0.141459415721875,-0.140831270350609,-0.14020790664642,-0.139589279248772,-0.138975343457543,-0.138366055205469,-0.137761371032342,-0.137161248060873,-0.136565643974103,-0.135974516994297,-0.135387825863215,-0.13480552982369,-0.134227588602431,-0.133653962393962,-0.133084611845649,-0.132519498043733,-0.131958582500296,-0.131401827141124,-0.130849194294381,-0.130300646680055,-0.129756147400125,-0.129215659929393,-0.128679148106932,-0.128146576128119,-0.127617908537202,-0.127093110220365,-0.126572146399252,-0.126054982624925,-0.12554158477221,-0.125031919034416,-0.124525951918384,-0.124023650239857,-0.123524981119126,-0.123029911976951,-0.122538410530714,-0.122050444790805,-0.121565983057203,-0.12108499391625,-0.120607446237595,-0.120133309171291,-0.119662552145033,-0.119195144861535,-0.118731057296012,-0.118270259693775,-0.11781272256792,-0.117358416697106,-0.116907313123411,-0.116459383150253,-0.116014598340381,-0.115572930513918,-0.115134351746455,-0.114698834367188,-0.114266350957098,-0.113836874347161,-0.11341037761659,-0.112986834091104,-0.112566217341218,-0.112148501180556,-0.111733659664175,-0.111321667086908,-0.11091249798172,-0.110506127118064,-0.110102529500257,-0.109701680365857,-0.10930355518404,-0.108908129653991,-0.108515379703285,-0.108125281486283,-0.107737811382515,-0.107352945995075,-0.106970662149007,-0.106590936889692,-0.106213747481239,-0.105839071404864,-0.105466886357277,-0.105097170249063,-0.10472990120306,-0.104365057552734,-0.104002617840557,-0.10364256081638,-0.103284865435801,0,-0.269817804742171,-0.268183522352618,-0.266550199453785,-0.264932126569059,-0.263334286907702,-0.261758403131905,-0.26020477046367,-0.258672693872962,-0.257160693316669,-0.255666708998371,-0.254188308850733,-0.252722877508359,-0.251267777347553,-0.249820480164543,-0.248378670640164,-0.246940323052642,-0.245503752751581,-0.244067644293905,-0.242631058781531,-0.241193423576183,-0.239754507999686,-0.238314388770526,-0.236873408784419,-0.235432132478538,-0.233991300507697,-0.232551785885514,-0.231114553169388,-0.229680621740527,-0.228251033776572,-0.226826827146253,-0.225409013173711,-0.223998559017771,-0.222596374277858,-0.221203301360889,-0.219820109110018,-0.218447489195158,-0.217086054787073,-0.215736341073377,-0.214398807219875,-0.213073839429415,-0.211761754799571,-0.210462805727485,-0.209177184653857,-0.207905028977269,-0.206646426004681,-0.20540141783382,-0.20417000608859,-0.202952156449924,-0.201747802942003,-0.200556851947999,-0.199379185940902,-0.198214666923876,-0.197063139581539,-0.195924434148695,-0.194798369006856,-0.193684753021557,-0.192583387635183,-0.191494068731089,-0.190416588285247,-0.189350735821706,-0.188296299687877,-0.187253068165157,-0.186220830429722,-0.185199377377545,-0.184188502326862,-0.183188001610411,-0.182197675068902,-0.18121732645628,-0.180246763766519,-0.179285799490847,-0.178334250813525,-0.177391939753597,-0.176458693259308,-0.175534343261267,-0.174618726689844,-0.173711685461732,-0.172813066440104,-0.171922721372333,-0.171040506808836,-0.170166284006184,-0.169299918817308,-0.168441281571274,-0.167590246944852,-0.166746693827798,-0.16591050518356,-0.165081567906902,-0.164259772679735,-0.163445013826287,-0.162637189168565,-0.161836199882963,-0.161041950358691,-0.16025434805864,-0.159473303383171,-0.158698729537231,-0.157930542401127,-0.157168660405221,-0.156413004408737,-0.155663497582844,-0.154920065298085,-0.154182635016243,-0.153451136186647,-0.152725500146916,-0.152005660028118,-0.151291550664276,-0.150583108506155,-0.149880271539245,-0.149182979205828,-0.148491172331029,-0.147804793052723,-0.147123784755177,-0.146448092006287,-0.145777660498291,-0.145112436991803,-0.144452369263052,-0.143797406054166,-0.143147497026382,-0.142502592716048,-0.141862644493265,-0.141227604523063,-0.140597425728971,-0.139972061758863,-0.139351466952949,-0.13873559631382,-0.138124405478401,-0.137517850691738,-0.136915888782489,-0.136318477140036,-0.135725573693117,-0.135137136889884,-0.134553125679304,-0.133973499493823,-0.133398218233204,-0.132827242249475,-0.132260532332913,-0.131698049698985,-0.131139755976201,-0.130585613194808,-0.130035583776263,-0.129489630523444,-0.128947716611534,-0.128409805579545,-0.127875861322419,-0.127345848083684,-0.126819730448604,-0.126297473337804,-0.125779042001325,-0.12526440201307,-0.124753519265633,-0.124246359965452,-0.123742890628284,-0.123243078074965,-0.122746889427429,-0.122254292104976,-0.121765253820757,-0.121279742578462,-0.120797726669193,-0.120319174668504,-0.119844055433601,-0.119372338100671,-0.118903992082345,-0.118438987065273,-0.1179772930078,-0.117518880137739,-0.117063718950224,-0.116611780205638,-0.116163034927609,-0.115717454401067,-0.115275010170348,-0.114835674037351,-0.114399418059732,-0.113966214549133,-0.113536036069448,-0.113108855435105,-0.112684645709387,-0.112263380202754,-0.111845032471198,-0.111429576314598,-0.111016985775099,-0.110607235135489,-0.11020029891759,-0.109796151880649,-0.109394769019735,-0.108996125564145,-0.108600196975793,-0.108206958947621,-0.107816387401993,-0.107428458489095,-0.10704314858533,-0.106660434291714,-0.106280292432264,-0.105902700052387,-0.105527634417262,-0.105155073010223,-0.104784993531136,-0.104417373894769,-0.104052192229165,-0.103689426874009,-0.103329056378988,-0.102971059502154,-0.102615415208281,0,-0.268781124961773,-0.267110406302656,-0.265454034600536,-0.263822800075028,-0.262218152367916,-0.26063965866411,-0.259086162082617,-0.257555871782741,-0.256046447473994,-0.254555160077098,-0.253079073544758,-0.251615212424822,-0.250160703299621,-0.248712888346967,-0.24726941182619,-0.245828280592938,-0.244387900009254,-0.242947087264868,-0.241505064941972,-0.240061438344655,-0.23861616049753,-0.237169488750099,-0.235721936650189,-0.234274224261036,-0.23282722949078,-0.231381942365577,-0.229939423571931,-0.228500768060633,-0.227067074064315,-0.225639417538179,-0.224218831783901,-0.222806291848715,-0.221402703191484,-0.220008894060596,-0.218625611021382,-0.217253517091803,-0.215893191984484,-0.21454513400337,-0.213209763198369,-0.211887425437262,-0.210578397107985,-0.209282890214323,-0.208001057673073,-0.206732998660369,-0.205478763889109,-0.204238360728432,-0.203011758100475,-0.201798891109516,-0.200599665374784,-0.199413961051011,-0.198241636530871,-0.197082531831165,-0.195936471670327,-0.194803268249061,-0.193682723748768,-0.192574632564321,-0.191478783288821,-0.190394960468413,-0.189322946145242,-0.188262521206249,-0.187213466554918,-0.186175564122251,-0.18514859773241,-0.184132353837436,-0.183126622134505,-0.18213119607814,-0.181145873298864,-0.180170455938785,-0.179204750913725,-0.178248570110636,-0.177301730528236,-0.176364054368062,-0.175435369082405,-0.174515507384992,-0.173604307229634,-0.172701611761562,-0.171807269245632,-0.170921132975158,-0.170043061164689,-0.169172916829702,-0.168310567655795,-0.167455885859714,-0.166608748044208,-0.165769035048507,-0.16493663179595,-0.164111427140115,-0.163293313710602,-0.162482187759472,-0.161677949009181,-0.160880500502729,-0.160089748456628,-0.159305602117188,-0.158527973620519,-0.15775677785658,-0.156991932337537,-0.156233357070601,-0.155480974435502,-0.154734709066676,-0.153994487740224,-0.153260239265629,-0.15253189438225,-0.151809385660502,-0.151092647407699,-0.150381615578429,-0.149676227689399,-0.148976422738599,-0.148282141128687,-0.14759332459445,-0.146909916134195,-0.146231859944941,-0.145559101361256,-0.144891586797595,-0.144229263693988,-0.143572080464929,-0.142919986451326,-0.142272931875366,-0.141630867798142,-0.140993746079921,-0.140361519342908,-0.139734140936373,-0.139111564904021,-0.138493745953476,-0.137880639427765,-0.137272201278686,-0.136668388041952,-0.136069156813998,-0.135474465230373,-0.134884271445587,-0.134298534114361,-0.133717212374154,-0.13314026582892,-0.13256765453399,-0.131999338982016,-0.131435280089911,-0.130875439186704,-0.130319778002262,-0.129768258656812,-0.129220843651203,-0.128677495857871,-0.12813817851243,-0.127602855205877,-0.127071489877334,-0.126544046807307,-0.126020490611417,-0.125500786234566,-0.124984898945499,-0.124472794331748,-0.123964438294902,-0.123459797046203,-0.122958837102417,-0.122461525281977,-0.121967828701361,-0.121477714771694,-0.120991151195544,-0.120508105963907,-0.120028547353354,-0.119552443923329,-0.119079764513584,-0.118610478241739,-0.118144554500944,-0.117681962957651,-0.117222673549471,-0.116766656483108,-0.11631388223237,-0.115864321536234,-0.115417945396979,-0.114974725078355,-0.114534632103804,-0.114097638254714,-0.113663715568705,-0.113232836337946,-0.11280497310749,-0.112380098673633,-0.111958186082289,-0.111539208627375,-0.111123139849207,-0.11070995353291,-0.110299623706823,-0.109892124640919,-0.109487430845223,-0.109085517068225,-0.108686358295301,-0.108289929747134,-0.107896206878119,-0.107505165374781,-0.107116781154179,-0.106731030362312,-0.106347889372512,-0.105967334783842,-0.105589343419483,-0.105213892325118,-0.104840958767304,-0.104470520231855,-0.104102554422199,-0.103737039257748,-0.103373952872251,-0.103013273612151,-0.10265498003493,-0.102299050907458,-0.101945465204334,0,-0.267703782345793,-0.26600379951789,-0.264331916805573,-0.262693397917384,-0.261086393613301,-0.259508669431988,-0.25795784539213,-0.256431183647711,-0.254925596528053,-0.253437782297075,-0.251964388057835,-0.250502157933408,-0.249048055492819,-0.247599359297953,-0.246153732269033,-0.244709265732568,-0.243264499499265,-0.241818420224847,-0.240370441262817,-0.238920367909714,-0.237468352230768,-0.236014841543238,-0.234560524214861,-0.233106275822691,-0.231653108023831,-0.23020212180145,-0.228754466126005,-0.227311302545701,-0.225873775804242,-0.22444299027577,-0.223019991795655,-0.221605754336053,-0.220201170910346,-0.218807048074608,-0.217424103413161,-0.216052965437212,-0.214694175381182,-0.213348190443602,-0.212015388083114,-0.210696071041792,-0.20939047282527,-0.208098763420908,-0.20682105508072,-0.205557408035082,-0.204307836036478,-0.203072311660232,-0.201850771311898,-0.200643119909259,-0.199449235221444,-0.198268971858955,-0.197102164917049,-0.195948633281315,-0.194808182608904,-0.193680608002039,-0.19256569639243,-0.191463228656343,-0.190372981480519,-0.189294728999005,-0.188228244220546,-0.187173300265381,-0.18612967142942,-0.185097134092678,-0.184075467487777,-0.183064454343177,-0.182063881414658,-0.181073539917492,-0.180093225870673,-0.179122740363571,-0.178161889754412,-0.177210485809105,-0.176268345788124,-0.175335292488348,-0.174411154246097,-0.173495764906939,-0.172588963767239,-0.171690595491908,-0.170800510012288,-0.169918562407692,-0.169044612773691,-0.168178526079888,-0.167320172019584,-0.166469424853444,-0.165626163249005,-0.164790270117625,-0.163961632450258,-0.163140141153254,-0.162325690885188,-0.161518179895608,-0.160717509866405,-0.159923585756431,-0.159136315649861,-0.158355610608695,-0.157581384529729,-0.156813554006243,-0.156052038194574,-0.15529675868572,-0.154547639382028,-0.153804606379016,-0.153067587852321,-0.152336513949734,-0.151611316688264,-0.150891929856151,-0.150178288919712,-0.149470330934925,-0.148767994463595,-0.14807121949398,-0.147379947365725,-0.146694120698942,-0.146013683327296,-0.145338580234917,-0.144668757496996,-0.144004162223896,-0.143344742508613,-0.142690447377448,-0.142041226743712,-0.141397031364334,-0.140757812799209,-0.140123523373147,-0.139494116140291,-0.138869544850857,-0.138249763920071,-0.137634728399183,-0.137024393948429,-0.136418716811831,-0.135817653793726,-0.135221162236909,-0.134629200002304,-0.134041725450057,-0.133458697421961,-0.132880075225129,-0.132305818616836,-0.131735887790439,-0.131170243362325,-0.130608846359789,-0.130051658209801,-0.129498640728585,-0.12894975611196,-0.128404966926385,-0.127864236100648,-0.127327526918176,-0.126794803009887,-0.126266028347564,-0.125741167237712,-0.125220184315841,-0.124703044541164,-0.12418971319166,-0.123680155859481,-0.123174338446667,-0.122672227161157,-0.122173788513047,-0.121678989311102,-0.121187796659474,-0.120700177954622,-0.120216100882413,-0.119735533415385,-0.119258443810153,-0.118784800604953,-0.118314572617302,-0.117847728941766,-0.117384238947822,-0.116924072277809,-0.116467198844948,-0.116013588831439,-0.115563212686604,-0.115116041125093,-0.114672045125129,-0.114231195926792,-0.113793465030338,-0.113358824194546,-0.112927245435085,-0.112498701022909,-0.112073163482657,-0.111650605591075,-0.111231000375441,-0.110814321112003,-0.110400541324417,-0.109989634782189,-0.109581575499117,-0.109176337731738,-0.108773895977762,-0.108374224974516,-0.107977299697373,-0.10758309535818,-0.107191587403683,-0.106802751513941,-0.10641656360074,-0.10603299980599,-0.105652036500125,-0.105273650280494,-0.104897817969738,-0.104524516614167,-0.104153723482131,-0.103785416062374,-0.103419572062398,-0.103056169406804,-0.102695186235639,-0.10233660090273,-0.10198039197402,-0.101626538225892,-0.101275018643493,0,-0.266588796257021,-0.264866783955209,-0.263186908744718,-0.261546638277956,-0.259941343991989,-0.258367403367663,-0.256821445009123,-0.255299931648872,-0.253799143009721,-0.252315304572969,-0.250844736683768,-0.249383984767667,-0.247929923234895,-0.246479833166613,-0.245031454486387,-0.243583013349124,-0.242133226220755,-0.240681283268499,-0.239226814725491,-0.237769844527796,-0.236310735664986,-0.234850131402752,-0.233388895958369,-0.231928057476717,-0.230468755383887,-0.229012193471485,-0.227559599438664,-0.226112191113879,-0.224671149197708,-0.223237596102142,-0.221812580294044,-0.220397065461906,-0.218991923796719,-0.217597932692716,-0.216215774217696,-0.214846036764049,-0.213489218361801,-0.212145731207637,-0.210815907034487,-0.209500003012205,-0.208198207929349,-0.206910648458492,-0.205637395352649,-0.204378469458561,-0.203133847464308,-0.201903467324657,-0.200687233328374,-0.199485020788222,-0.198296680347101,-0.197122041903515,-0.195960918166659,-0.194813107856532,-0.193678398567953,-0.192556569319479,-0.191447392809409,-0.190350637401424,-0.189266068862245,-0.188193451873067,-0.187132551335648,-0.186083133492837,-0.185044966882103,-0.184017823139384,-0.183001477669244,-0.181995710196098,-0.181000305209981,-0.180015052319191,-0.179039746520977,-0.178074188400413,-0.177118184266612,-0.176171546234513,-0.175234092259645,-0.174305646132501,-0.173386037438443,-0.172475101488424,-0.17157267922523,-0.170678617109408,-0.169792766988565,-0.1689149859533,-0.168045136182636,-0.167183084781453,-0.166328703612131,-0.165481869122304,-0.164642462170391,-0.163810367850324,-0.162985475316709,-0.162167677611455,-0.161356871492758,-0.16055295726718,-0.159755838625436,-0.158965422482383,-0.158181618821617,-0.157404340544993,-0.156633503327297,-0.155869025476249,-0.155110827797941,-0.154358833467775,-0.153612967906921,-0.152873158664273,-0.152139335303846,-0.15141142929755,-0.150689373923222,-0.149973104167813,-0.14926255663559,-0.148557669461199,-0.147858382227441,-0.1471646358876,-0.14647637269215,-0.145793536119661,-0.145116070811755,-0.144443922511908,-0.143777038007954,-0.143115365078092,-0.142458852440251,-0.141807449704634,-0.141161107329281,-0.1405197765785,-0.139883409483998,-0.139251958808586,-0.138625378012292,-0.138003621220764,-0.137386643195815,-0.136774399307992,-0.136166845511047,-0.135563938318188,-0.134965634780007,-0.134371892463974,-0.133782669435396,-0.13319792423975,-0.1326176158863,-0.132041703832902,-0.13147014797193,-0.130902908617237,-0.130339946492084,-0.129781222717959,-0.129226698804242,-0.128676336638625,-0.128130098478268,-0.127587946941595,-0.127049845000723,-0.126515755974442,-0.125985643521721,-0.125459471635696,-0.124937204638095,-0.124418807174072,-0.123904244207417,-0.123393481016096,-0.122886483188112,-0.122383216617651,-0.121883647501481,-0.121387742335596,-0.120895467912067,-0.120406791316093,-0.119921679923225,-0.119440101396752,-0.118962023685228,-0.118487415020127,-0.118016243913615,-0.117548479156424,-0.117084089815816,-0.116623045233628,-0.116165315024392,-0.115710869073512,-0.115259677535495,-0.11481171083224,-0.11436693965135,-0.113925334944495,-0.113486867925792,-0.113051510070218,-0.112619233112034,-0.112190009043232,-0.111763810111992,-0.111340608821143,-0.110920377926636,-0.11050309043602,-0.110088719606915,-0.109677238945485,-0.109268622204918,-0.108862843383885,-0.10845987672501,-0.108059696713325,-0.107662278074721,-0.107267595774392,-0.106875625015266,-0.106486341236436,-0.106099720111573,-0.105715737547335,-0.105334369681767,-0.104955592882693,-0.104579383746088,-0.104205719094462,-0.103834575975212,-0.103465931658983,-0.103099763638013,-0.102736049624471,-0.102374767548792,-0.102015895557996,-0.10165941201401,-0.101305295491983,-0.100953524778586,-0.100604078870321,0,-0.265437591976703,-0.263703051364674,-0.262022390624101,-0.260385362514313,-0.25878535790275,-0.25721778953313,-0.255678507963927,-0.254163315289533,-0.252667971946309,-0.251188331579434,-0.249720479099577,-0.248260843594489,-0.246806284047719,-0.245354149309861,-0.243902313023664,-0.242449184211966,-0.240993695287877,-0.23953527060413,-0.238073779723267,-0.236609480101039,-0.235142953827214,-0.233675042589186,-0.23220678428369,-0.230739353856442,-0.229274010117307,-0.2278120495365,-0.226354767415041,-0.22490342635225,-0.223459231598058,-0.222023312661141,-0.220596710423874,-0.219180368969511,-0.217775131335402,-0.216381738451029,-0.215000830587008,-0.213632950720268,-0.212278549303423,-0.210937990007446,-0.20961155608267,-0.208299457051811,-0.207001835509136,-0.205718773851958,-0.204450300814572,-0.203196397711162,-0.201957004323895,-0.200732024396198,-0.199521330709949,-0.198324769739717,-0.197142165888116,-0.195973325314298,-0.194818039373271,-0.193676087687474,-0.192547240874388,-0.191431262955103,-0.190327913469122,-0.189236949320355,-0.188158126378497,-0.187091200858923,-0.18603593050292,-0.184992075578709,-0.18395939972222,-0.18293767063514,-0.181926660656278,-0.180926147220936,-0.179935913221616,-0.178955747282146,-0.177985443956162,-0.177024803859761,-0.176073633747159,-0.175131746537268,-0.174198961298263,-0.173275103196425,-0.172360003414874,-0.171453499047165,-0.170555432970131,-0.169665653699868,-0.168784015234275,-0.167910376885139,-0.167044603102398,-0.166186563292861,-0.165336131635372,-0.164493186894121,-0.16365761223159,-0.162829295022381,-0.162008126668999,-0.161194002420479,-0.160386821194623,-0.159586485404438,-0.15879290078929,-0.158005976251169,-0.157225623696353,-0.156451757882714,-0.155684296272818,-0.154923158892903,-0.154168268197798,-0.153419548941771,-0.152676928055275,-0.151940334527515,-0.151209699294748,-0.150484955134192,-0.149766036563404,-0.14905287974498,-0.148345422396411,-0.14764360370492,-0.146947364247099,-0.146256645913165,-0.145571391835651,-0.144891546322329,-0.144217054793202,-0.143547863721348,-0.142883920577458,-0.142225173777877,-0.141571572635962,-0.1409230673166,-0.140279608793708,-0.139641148810554,-0.139007639842744,-0.138379035063722,-0.137755288312634,-0.137136354064422,-0.136522187402015,-0.135912743990473,-0.135307980052989,-0.134707852348604,-0.134112318151548,-0.133521335232082,-0.132934861838759,-0.132352856681993,-0.131775278918859,-0.131202088139032,-0.130633244351789,-0.130068707973996,-0.129508439819013,-0.128952401086442,-0.128400553352667,-0.127852858562115,-0.127309279019196,-0.126769777380854,-0.126234316649697,-0.125702860167646,-0.125175371610073,-0.124651814980381,-0.124132154604991,-0.1236163551287,-0.123104381510381,-0.122596199018997,-0.122091773229892,-0.121591070021341,-0.121094055571341,-0.120600696354603,-0.120110959139738,-0.119624810986625,-0.119142219243918,-0.118663151546704,-0.118187575814281,-0.117715460248044,-0.117246773329475,-0.116781483818212,-0.116319560750201,-0.115860973435909,-0.115405691458597,-0.114953684672646,-0.114504923201917,-0.114059377438153,-0.113617018039412,-0.113177815928519,-0.112741742291542,-0.112308768576282,-0.111878866490772,-0.11145200800179,-0.111028165333366,-0.110607310965306,-0.110189417631701,-0.109774458319441,-0.109362406266729,-0.108953234961574,-0.108546918140298,-0.108143429786014,-0.107742744127109,-0.107344835635713,-0.106949679026154,-0.106557249253407,-0.106167521511529,-0.105780471232084,-0.105396074082557,-0.105014305964751,-0.104635143013184,-0.104258561593464,-0.103884538300656,-0.103513049957645,-0.103144073613479,-0.102777586541708,-0.102413566238715,-0.102051990422031,-0.101692837028654,-0.101336084213345,-0.100981710346932,-0.100629694014592,-0.100280014014146,-0.0999326493543285,0,-0.264252485199576,-0.2625167926207,-0.260841911735242,-0.259212430068714,-0.257620738805104,-0.256061666577914,-0.254530465490972,-0.253022402846079,-0.251532829856341,-0.250057328855537,-0.248591840489305,-0.247132759277044,-0.245677001330508,-0.244222046714127,-0.242765957060654,-0.241307369253007,-0.23984546739159,-0.238379936782535,-0.236910904686478,-0.235438872885312,-0.233964646842167,-0.232489265538656,-0.231013935174187,-0.229539968969045,-0.22806873443893,-0.226601608768083,-0.22513994232683,-0.223685029956936,-0.222238089368067,-0.220800245826898,-0.219372522250922,-0.217955833817147,-0.216550986240275,-0.215158676948238,-0.213779498471763,-0.212413943458991,-0.211062410819435,-0.209725212589091,-0.208402581187928,-0.207094676810854,-0.205801594753424,-0.204523372524228,-0.203259996637837,-0.202011409016254,-0.200777512954029,-0.199558178623523,-0.198353248113163,-0.19716254000384,-0.195985853497492,-0.194822972118212,-0.193673667010317,-0.19253769986029,-0.1914148254707,-0.190304794014474,-0.189207352997395,-0.188122248955787,-0.18704922891503,-0.185988041633059,-0.184938438651356,-0.183900175174281,-0.182873010795906,-0.181856710091879,-0.180851043092279,-0.179855785649925,-0.178870719717217,-0.177895633543281,-0.176930321801975,-0.175974585660248,-0.175028232795277,-0.174091077367942,-0.173162939959323,-0.172243647476163,-0.171333033030555,-0.170430935798484,-0.169537200861317,-0.168651679033812,-0.167774226681794,-0.166904705532217,-0.166042982478001,-0.165188929379692,-0.164342422865717,-0.163503344132743,-0.162671578747441,-0.161847016450734,-0.161029550965437,-0.160219079808056,-0.159415504105353,-0.158618728416161,-0.157828660558859,-0.157045211444776,-0.15626829491775,-0.155497827599973,-0.154733728744212,-0.153975920092417,-0.153224325740713,-0.152478872010705,-0.15173948732701,-0.15100610210091,-0.150278648619966,-0.149557060943451,-0.148841274803427,-0.148131227511279,-0.147426857869518,-0.146728106088645,-0.146034913708899,-0.145347223526652,-0.144664979525273,-0.143988126810248,-0.143316611548351,-0.142650380910681,-0.14198938301935,-0.141333566897658,-0.140682882423552,-0.140037280286188,-0.139396711945447,-0.138761129594208,-0.138130486123236,-0.137504735088524,-0.136883830680948,-0.136267727698081,-0.135656381518045,-0.135049748075262,-0.134447783837988,-0.133850445787508,-0.133257691398889,-0.13266947862318,-0.132085765870962,-0.131506511997153,-0.130931676286989,-0.13036121844308,-0.129795098573482,-0.129233277180696,-0.128675715151531,-0.128122373747772,-0.127573214597578,-0.127028199687564,-0.126487291355508,-0.125950452283642,-0.125417645492459,-0.124888834335021,-0.124363982491702,-0.123843053965347,-0.123326013076796,-0.12281282446075,-0.122303453061953,-0.121797864131639,-0.121296023224253,-0.120797896194387,-0.12030344919393,-0.119812648669406,-0.119325461359476,-0.118841854292597,-0.118361794784805,-0.117885250437628,-0.117412189136095,-0.116942579046845,-0.116476388616313,-0.116013586568987,-0.11555414190573,-0.11509802390215,-0.114645202107014,-0.114195646340705,-0.113749326693704,-0.1133062135251,-0.112866277461119,-0.112429489393664,-0.111995820478874,-0.111565242135682,-0.11113772604438,-0.110713244145182,-0.110291768636791,-0.109873271974951,-0.109457726871006,-0.109045106290438,-0.108635383451404,-0.108228531823262,-0.107824525125079,-0.107423337324133,-0.107024942634401,-0.10662931551503,-0.1062364306688,-0.105846263040567,-0.105458787815694,-0.105073980418473,-0.104691816510526,-0.104312271989197,-0.103935322985928,-0.103560945864627,-0.103189117220014,-0.102819813875968,-0.102453012883851,-0.102088691520829,-0.101726827288177,-0.101367397909577,-0.101010381329409,-0.100655755711032,-0.100303499435053,-0.0999535910975935,-0.0996060095085532,-0.0992607336898585,0,-0.263038261599075,-0.261312571270122,-0.259649040297484,-0.258030621491738,-0.256449675005171,-0.254900737135972,-0.253378599453433,-0.251878106675536,-0.250394307103648,-0.248922610897478,-0.247458904343963,-0.245999627532549,-0.244541824153567,-0.243083166291808,-0.241621954640943,-0.240157095211085,-0.238688055390819,-0.237214803820204,-0.235737739381419,-0.234257614670423,-0.232775458762059,-0.231292503170957,-0.22981011386402,-0.228329731160727,-0.226852818464974,-0.225380820054523,-0.223915127621094,-0.222457054892074,-0.221007819447737,-0.219568530745411,-0.21814018334461,-0.216723654368543,-0.215319704316192,-0.213928980438416,-0.212552021999152,-0.211189266849917,-0.209841058847088,-0.208507655733359,-0.20718923718582,-0.20588591280278,-0.20459772986011,-0.203324680716273,-0.202066709784442,-0.20082372002131,-0.199595578906567,-0.198382123905604,-0.197183167421909,-0.195998501255604,-0.194827900591531,-0.193671127544818,-0.192527934294453,-0.191398065836632,-0.190281262389762,-0.189177261482347,-0.188085799753837,-0.187006614496928,-0.185939444968061,-0.184884033490976,-0.183840126376225,-0.182807474677657,-0.181785834805028,-0.180774969010109,-0.179774645761991,-0.178784640025753,-0.177804733457162,-0.176834714524804,-0.175874378569779,-0.174923527812007,-0.173981971311174,-0.173049524889454,-0.172126011022281,-0.171211258702751,-0.170305103284519,-0.169407386307512,-0.168517955310178,-0.16763666363158,-0.16676337020616,-0.165897939353653,-0.16504024056627,-0.164190148294983,-0.163347541736454,-0.162512304621944,-0.161684325009297,-0.16086349507892,-0.160049710934528,-0.159242872409252,-0.158442882877607,-0.157649649073693,-0.1568630809159,-0.156083091338327,-0.155309596129016,-0.154542513775084,-0.153781765314732,-0.153027274196113,-0.152278966142961,-0.151536769026888,-0.150800612746182,-0.150070429110978,-0.149346151734596,-0.14862771593086,-0.147915058617208,-0.147208118223354,-0.146506834605312,-0.14581114896455,-0.145121003772038,-0.144436342697006,-0.143757110540148,-0.143083253171095,-0.142414717469913,-0.141751451272445,-0.141093403319269,-0.140440523208098,-0.139792761349416,-0.139150068925171,-0.138512397850352,-0.137879700737273,-0.137251930862402,-0.136629042135591,-0.136010989071533,-0.135397726763332,-0.134789210858026,-0.134185397533957,-0.133586243479847,-0.132991705875473,-0.132401742373832,-0.131816311084693,-0.131235370559435,-0.130658879777077,-0.130086798131425,-0.129519085419236,-0.128955701829342,-0.128396607932649,-0.127841764672943,-0.127291133358452,-0.12674467565409,-0.126202353574337,-0.125664129476702,-0.125129966055717,-0.124599826337422,-0.124073673674294,-0.123551471740587,-0.123033184528039,-0.122518776341923,-0.122008211797397,-0.121501455816141,-0.120998473623236,-0.120499230744279,-0.120003693002687,-0.119511826517203,-0.119023597699544,-0.118538973252214,-0.118057920166428,-0.117580405720165,-0.117106397476308,-0.116635863280878,-0.116168771261346,-0.115705089825,-0.115244787657382,-0.114787833720755,-0.114334197252626,-0.113883847764286,-0.113436755039388,-0.112992889132531,-0.112552220367875,-0.112114719337748,-0.111680356901273,-0.111249104182991,-0.110820932571479,-0.110395813717973,-0.109973719534977,-0.109554622194866,-0.109138494128479,-0.108725308023701,-0.108315036824028,-0.107907653727121,-0.107503132183343,-0.107101445894285,-0.106702568811267,-0.10630647513383,-0.105913139308208,-0.105522536025785,-0.105134640221534,-0.104749427072437,-0.104366871995898,-0.103986950648127,-0.10360963892252,-0.103234912948017,-0.102862749087448,-0.102493123935868,-0.102126014318873,-0.101761397290906,-0.101399250133555,-0.101039550353832,-0.100682275682452,-0.100327404072089,-0.0999749136956351,-0.0996247829444457,-0.0992769904265776,-0.0989315149650219,-0.0985883355959291,0,-0.261802222379822,-0.260095113225767,-0.25844721980887,-0.256842554324473,-0.255274185057777,-0.253736528955665,-0.252224013852434,-0.250731162687036,-0.249252823826391,-0.24778433238409,-0.246321608025698,-0.244861214028394,-0.243400389190153,-0.241937055030341,-0.240469798477235,-0.23899783158295,-0.237520931950678,-0.236039369124216,-0.234553822784798,-0.233065298333417,-0.231575044593898,-0.230084477247851,-0.228595110439724,-0.227108497920933,-0.225626184217417,-0.224149665632288,-0.222680360427051,-0.221219587234308,-0.219768550607142,-0.218328332569913,-0.21689988906993,-0.2154840503126,-0.214081524073164,-0.212692901200582,-0.211318662652436,-0.209959187516934,-0.20861476158485,-0.207285586128394,-0.205971786624973,-0.204673421231853,-0.203390488873735,-0.20212293685058,-0.20087066790889,-0.199633546747572,-0.198411405950713,-0.197204051355292,-0.196011266873146,-0.194832818794179,-0.193668459602785,-0.192517931342221,-0.191380968562877,-0.190257300890351,-0.189146655248395,-0.188048757770323,-0.186963335430601,-0.18589011742631,-0.184828836335911,-0.183779229080571,-0.182741037711099,-0.181714010041426,-0.18069790014759,-0.179692468749259,-0.178697483489148,-0.177712719123997,-0.176737957639383,-0.175772988299229,-0.174817607639691,-0.173871619415984,-0.172934834509728,-0.172007070803471,-0.171088153028281,-0.170177912589538,-0.169276187375456,-0.168382821552248,-0.167497665349363,-0.166620574837768,-0.165751411703814,-0.164890043020899,-0.164036341020803,-0.16319018286629,-0.162351450426309,-0.161520030054948,-0.160695812375033,-0.159878692067161,-0.159068567664754,-0.158265341355619,-0.157468918790377,-0.156679208898013,-0.15589612370873,-0.15511957818421,-0.1543494900553,-0.153585779667131,-0.152828369831581,-0.152077185686988,-0.15133215456498,-0.150593205864249,-0.149860270931085,-0.149133282946478,-0.148412176819555,-0.147696889087138,-0.146987357819185,-0.146283522529876,-0.145585324094103,-0.144892704669129,-0.144205607621168,-0.143523977456658,-0.142847759757984,-0.142176901123438,-0.141511349111175,-0.140851052186966,-0.140195959675524,-0.13954602171521,-0.138901189215921,-0.138261413819969,-0.137626647865773,-0.136996844354198,-0.136371956917359,-0.135751939789756,-0.135136747781569,-0.134526336253984,-0.133920661096412,-0.133319678705469,-0.132723345965601,-0.132131620231236,-0.131544459310358,-0.130961821449398,-0.13038366531935,-0.129809950003013,-0.129240634983289,-0.128675680132442,-0.128115045702251,-0.127558692314992,-0.12700658095517,-0.126458672961949,-0.125914930022228,-0.125375314164293,-0.124839787752013,-0.124308313479524,-0.123780854366357,-0.123257373752978,-0.122737835296695,-0.1222222029679,-0.121710441046616,-0.121202514119319,-0.120698387076007,-0.120198025107483,-0.119701393702853,-0.119208458647183,-0.118719186019323,-0.118233542189873,-0.117751493819262,-0.117273007855945,-0.116798051534686,-0.116326592374925,-0.115858598179216,-0.115394037031722,-0.114932877296759,-0.114475087617382,-0.114020636914005,-0.113569494383044,-0.113121629495579,-0.112677011996039,-0.11223561190088,-0.111797399497285,-0.111362345341849,-0.110930420259272,-0.110501595341038,-0.110075841944094,-0.109653131689506,-0.109233436461113,-0.108816728404162,-0.108402979923921,-0.10799216368429,-0.107584252606373,-0.107179219867053,-0.106777038897529,-0.106377683381845,-0.105981127255397,-0.105587344703418,-0.105196310159441,-0.104807998303751,-0.104422384061809,-0.104039442602664,-0.10365914933734,-0.103281479917211,-0.102906410232358,-0.102533916409907,-0.10216397481235,-0.10179656203586,-0.101431654908577,-0.101069230488898,-0.100709266063738,-0.100351739146786,-0.0999966274767584,-0.0996439090156237,-0.0992935619468353,-0.0989455646735451,-0.0985998958168149,-0.0982565342138176,-0.0979154589160345,0,-0.260551484089621,-0.258869000119377,-0.257239641577846,-0.255650615275216,-0.254096073688444,-0.252570363060572,-0.251067611609393,-0.249582114128942,-0.248108619552079,-0.246642482603312,-0.24517974112614,-0.243717155914406,-0.242252224757079,-0.240783171941093,-0.239308913259839,-0.237828998792095,-0.236343538127409,-0.234853114111713,-0.233358691424588,-0.231861525658088,-0.230363077423144,-0.228864934688877,-0.227368745290471,-0.22587616045422,-0.224388789339772,-0.22290816399388,-0.221435713721845,-0.219972747672999,-0.218520444362633,-0.217079846875255,-0.215651862579641,-0.21423726630822,-0.212836706092423,-0.211450710687601,-0.210079698256986,-0.208723985708394,-0.20738379828709,-0.20605927912255,-0.204750498506019,-0.203457462740838,-0.202180122459956,-0.200918380346442,-0.199672098224889,-0.198441103515828,-0.19722519506311,-0.196024148356901,-0.194837720183516,-0.193665652738744,-0.192507677244278,-0.191363517107997,-0.190232890668664,-0.189115513564449,-0.188011100762875,-0.1869193682876,-0.185840034674975,-0.184772822190772,-0.183717457834925,-0.182673674159607,-0.181641209923582,-0.180619810603483,-0.179609228780595,-0.178609224419721,-0.177619565054944,-0.176640025895465,-0.17567038986319,-0.174710447572417,-0.173759997260754,-0.172818844679316,-0.171886802949274,-0.170963692390961,-0.170049340330951,-0.169143580891864,-0.168246254768981,-0.167357208997271,-0.166476296711886,-0.165603376904779,-0.16473831417973,-0.163880978507677,-0.163031244984015,-0.162188993589214,-0.161354108953893,-0.160526480129297,-0.15970600036391,-0.158892566886818,-0.158086080698285,-0.157286446367874,-0.156493571840362,-0.155707368249597,-0.154927749740381,-0.154154633298374,-0.153387938587985,-0.152627587798158,-0.151873505495908,-0.151125618487467,-0.15038385568682,-0.149648147991444,-0.148918428165008,-0.148194630726797,-0.147476691847607,-0.146764549251859,-0.146058142125668,-0.145357411030602,-0.144662297822884,-0.143972745577755,-0.143288698518774,-0.142610101951769,-0.141936902203228,-0.141269046562869,-0.140606483230165,-0.139949161264608,-0.139297030539482,-0.138650041698951,-0.138008146118251,-0.137371295866811,-0.136739443674104,-0.136112542898059,-0.135490547495882,-0.134873411997106,-0.134261091478736,-0.133653541542346,-0.133050718292986,-0.13245257831978,-0.131859078678092,-0.131270176873146,-0.130685830844998,-0.130105998954756,-0.129530639971954,-0.128959713062992,-0.128393177780569,-0.127830994054007,-0.127273122180428,-0.126719522816684,-0.126170156971992,-0.125624986001226,-0.125083971598779,-0.124547075792982,-0.124014260941001,-0.123485489724185,-0.122960725143823,-0.122439930517264,-0.121923069474372,-0.121410105954276,-0.1209010042024,-0.120395728767724,-0.119894244500267,-0.119396516548762,-0.118902510358503,-0.118412191669342,-0.117925526513817,-0.117442481215401,-0.11696302238685,-0.116487116928632,-0.116014732027445,-0.115545835154781,-0.115080394065552,-0.11461837679676,-0.114159751666194,-0.113704487271161,-0.113252552487232,-0.112803916467002,-0.112358548638862,-0.111916418705765,-0.111477496644005,-0.111041752701975,-0.110609157398926,-0.110179681523713,-0.10975329613353,-0.109329972552617,-0.108909682370968,-0.108492397442999,-0.108078089886216,-0.107666732079845,-0.107258296663448,-0.106852756535516,-0.106450084852036,-0.106050255025037,-0.105653240721114,-0.105259015859924,-0.104867554612668,-0.104478831400538,-0.104092820893158,-0.103709498006986,-0.103328837903712,-0.102950815988622,-0.102575407908953,-0.102202589552223,-0.101832337044545,-0.101464626748926,-0.101099435263548,-0.100736739420032,-0.100376516281694,-0.100018743141781,-0.0996633975216943,-0.0993104571692118,-0.0989599000566858,-0.0986117043792398,-0.0982658485529543,-0.0979223112130448,-0.0975810712120323,-0.0972421076179095,0,-0.259291878859888,-0.257638381065943,-0.256029144928196,-0.254456910471625,-0.252916898226634,-0.251403328820421,-0.249910076601253,-0.248431299717564,-0.246961746521415,-0.245496883081347,-0.244032946597207,-0.242566965747972,-0.241096756900975,-0.239620895727056,-0.238138664371737,-0.236649977466687,-0.235155292783416,-0.233655513404117,-0.23215188806884,-0.230645915307636,-0.229139255529245,-0.227633653750933,-0.226130874325284,-0.224632647950503,-0.223140630467165,-0.221656372426469,-0.220181298120191,-0.218716692640318,-0.217263695538528,-0.215823299740179,-0.214396354501124,-0.212983571353062,-0.211585532146646,-0.210202698459313,-0.208835421779634,-0.207483954008179,-0.206148457925088,-0.204829017366936,-0.203525646931288,-0.202238301088239,-0.20096688262617,-0.199711250395911,-0.198471226345259,-0.197246601856132,-0.196037143410951,-0.194842597624432,-0.193662695682908,-0.19249715723643,-0.191345693789965,-0.190208011639582,-0.189083814398014,-0.187972805151781,-0.186874688289419,-0.185789171037502,-0.184715964738127,-0.183654785898624,-0.182605357041351,-0.181567407378706,-0.180540673335947,-0.17952489894199,-0.178519836106207,-0.177525244797217,-0.17654089313785,-0.175566557428843,-0.174602022112316,-0.17364707968478,-0.172701530568223,-0.171765182946763,-0.170837852575434,-0.169919362566789,-0.169009543160305,-0.168108231478887,-0.167215271276176,-0.166330512677879,-0.165453811919842,-0.16458503108521,-0.163724037842656,-0.162870705187334,-0.162024911185947,-0.161186538727081,-0.160355475277734,-0.159531612646784,-0.158714846755986,-0.157905077418941,-0.15710220812836,-0.156306145851833,-0.155516800836238,-0.154734086420829,-0.153957918858988,-0.15318821714856,-0.152424902870663,-0.151667900036789,-0.150917134944022,-0.150172536038145,-0.149434033784393,-0.148701560545597,-0.14797505046746,-0.147254439370671,-0.146539664649594,-0.145830665177228,-0.145127381216176,-0.144429754335322,-0.143737727331945,-0.14305124415899,-0.14237024985724,-0.14169469049211,-0.141024513094817,-0.140359665607681,-0.139700096833319,-0.139045756387492,-0.138396594655408,-0.137752562751235,-0.137113612480668,-0.136479696306308,-0.135850767315713,-0.135226779191915,-0.134607686186257,-0.133993443093382,-0.133384005228229,-0.132779328404899,-0.132179368917252,-0.131584083521111,-0.130993429417962,-0.130407364240026,-0.129825846036616,-0.129248833261664,-0.128676284762339,-0.128108159768665,-0.127544417884055,-0.126985019076695,-0.126429923671705,-0.125879092344001,-0.125332486111814,-0.124790066330798,-0.12425179468868,-0.123717633200399,-0.123187544203688,-0.122661490355066,-0.122139434626187,-0.121621340300525,-0.121107170970347,-0.120596890533958,-0.120090463193172,-0.119587853451009,-0.11908902610956,-0.118593946268031,-0.118102579320924,-0.117614890956348,-0.117130847154433,-0.116650414185847,-0.116173558610383,-0.115700247275621,-0.115230447315641,-0.114764126149783,-0.114301251481441,-0.113841791296889,-0.113385713864119,-0.112932987731702,-0.112483581727643,-0.112037464958252,-0.111594606807001,-0.111154976933377,-0.110718545271725,-0.110285282030075,-0.109855157688955,-0.109428143000182,-0.109004208985631,-0.108583326935983,-0.108165468409453,-0.107750605230482,-0.107338709488415,-0.106929753536147,-0.10652370998874,-0.106120551722016,-0.105720251871127,-0.105322783829092,-0.104928121245308,-0.104536238024039,-0.104147108322879,-0.103760706551186,-0.103377007368496,-0.102995985682913,-0.102617616649475,-0.102241875668498,-0.1018687383839,-0.101498180681509,-0.101130178687346,-0.10076470876589,-0.100401747518334,-0.100041271780817,-0.0996832586226419,-0.0993276853444872,-0.0989745294765957,-0.0986237687769582,-0.0982753812294835,-0.0979293450421605,-0.0975856386452095,-0.097244240689227,-0.0969051300433237,-0.0965682857932553,0,-0.25803026409463,-0.256406804438673,-0.254818154032548,-0.253263233666847,-0.25173794475258,-0.250236265501529,-0.248751860779378,-0.247278846037703,-0.24581206667171,-0.244347188359688,-0.242880724587862,-0.24141003773237,-0.239933317437002,-0.238449534062749,-0.236958367892012,-0.235460118699861,-0.233955602701377,-0.232446044465462,-0.230932970636572,-0.22941811083305,-0.227903309386781,-0.226390449978254,-0.224881393877461,-0.223377931487517,-0.221881746197535,-0.22039438914006,-0.218917263257236,-0.217451615049727,-0.215998532460572,-0.214558947490114,-0.213133642315719,-0.211723257878078,-0.210328304079278,-0.208949170907087,-0.207586139950074,-0.206239395897324,-0.204909037724688,-0.203595089358133,-0.202297509675698,-0.201016201765263,-0.199751021398033,-0.198501784709598,-0.197268275103619,-0.196050249409411,-0.194847443335422,-0.193659576267109,-0.19248635546101,-0.191327479687784,-0.190182642376234,-0.189051534308413,-0.187933845913225,-0.186829269202813,-0.185737499392579,-0.184658236242272,-0.183591185152143,-0.182536058044853,-0.181492574060748,-0.180460460091159,-0.179439451171733,-0.17842929075534,-0.177429730881842,-0.176440532260019,-0.175461464275122,-0.174492304933879,-0.173532840757355,-0.172582866630728,-0.171642185617947,-0.170710608748148,-0.169787954779864,-0.1688740499482,-0.167968727699498,-0.167071828417325,-0.166183199143124,-0.165302693294339,-0.164430170382426,-0.163565495732758,-0.162708540208136,-0.161859179937289,-0.161017296049527,-0.160182774416472,-0.159355505401591,-0.158535383618123,-0.157722307695791,-0.15691618005662,-0.156116906700033,-0.155324396997331,-0.154538563495554,-0.153759321730701,-0.15298659005016,-0.152220289444235,-0.151460343386541,-0.150706677683056,-0.14995922032958,-0.149217901377324,-0.148482652806339,-0.147753408406496,-0.147030103665711,-0.146312675665095,-0.145601062980741,-0.144895205591814,-0.144195044794655,-0.143500523122598,-0.14281158427119,-0.142128173028539,-0.14145023521051,-0.140777717600483,-0.140110567893424,-0.139448734644016,-0.138792167218588,-0.138140815750636,-0.137494631099693,-0.136853564813336,-0.136217569092141,-0.13558659675737,-0.134960601221233,-0.134339536459522,-0.133723356986481,-0.133112017831728,-0.132505474519108,-0.131903683047318,-0.13130659987218,-0.130714181890446,-0.13012638642501,-0.129543171211419,-0.128964494385589,-0.128390314472623,-0.127820590376647,-0.127255281371576,-0.126694347092737,-0.126137747529275,-0.125585443017275,-0.125037394233533,-0.124493562189923,-0.123953908228309,-0.123418394015936,-0.122886981541277,-0.12235963311027,-0.121836311342923,-0.121316979170235,-0.120801599831417,-0.12029013687136,-0.119782554138342,-0.119278815781936,-0.118778886251092,-0.118282730292385,-0.117790312948395,-0.117301599556201,-0.116816555745985,-0.116335147439718,-0.115857340849913,-0.115383102478446,-0.114912399115422,-0.114445197838072,-0.113981466009687,-0.113521171278568,-0.113064281576989,-0.112610765120164,-0.112160590405218,-0.111713726210147,-0.111270141592772,-0.110829805889682,-0.110392688715152,-0.109958759960045,-0.109527989790695,-0.109100348647757,-0.108675807245037,-0.108254336568292,-0.107835907873998,-0.107420492688093,-0.107008062804689,-0.106598590284746,-0.106192047454726,-0.105788406905208,-0.105387641489473,-0.104989724322065,-0.104594628777315,-0.104202328487838,-0.103812797343004,-0.103426009487376,-0.103041939319126,-0.102660561488422,-0.102281850895792,-0.101905782690461,-0.101532332268667,-0.101161475271956,-0.100793187585453,-0.100427445336118,-0.100064224890974,-0.0997035028553316,-0.0993452560709838,-0.0989894616143935,-0.098636096794864,-0.0982851391526968,-0.0979365664573376,-0.0975903567055118,-0.0972464881193496,-0.0969049391445024,-0.0965656884482523,-0.0962287149176139,-0.0958939976574308,0,-0.256773140239592,-0.255177095332506,-0.253608652355924,-0.252071050349823,-0.250560212582138,-0.249069749681832,-0.24759317611274,-0.246124664077091,-0.244659252173393,-0.243192889818134,-0.241722438881989,-0.240245656157155,-0.238761153820077,-0.237268334356917,-0.235767301749964,-0.234258755149724,-0.23274387325407,-0.231224197545345,-0.229701521199311,-0.228177788597165,-0.226655008445824,-0.2251351818312,-0.223620245219664,-0.22211202750349,-0.220612219615443,-0.219122354948743,-0.217643798738751,-0.21617774462595,-0.21472521677168,-0.213287076097069,-0.211864029431796,-0.210456640572699,-0.209065342450483,-0.207690449779193,-0.20633217171494,-0.204990624177479,-0.203665841592138,-0.202357787892617,-0.201066366690046,-0.199791430563249,-0.198532789462024,-0.197290218241826,-0.19606346336666,-0.194852248829019,-0.193656281342829,-0.192475254868855,-0.191308854532776,-0.190156759995044,-0.189018648329189,-0.187894196461968,-0.186783083225011,-0.185684991063603,-0.184599607444218,-0.183526625998468,-0.182465747437335,-0.181416680265996,-0.180379141326275,-0.17935285619067,-0.17833755942921,-0.177332994767832,-0.176338915154769,-0.17535508274941,-0.174381268846291,-0.173417253745284,-0.172462826577647,-0.171517785096322,-0.170581935437764,-0.169655091861623,-0.168737076473707,-0.167827718936921,-0.166926856174193,-0.16603433206682,-0.165149997151132,-0.164273708315955,-0.163405328502917,-0.162544726411318,-0.161691776208984,-0.160846357250244,-0.160008353801948,-0.159177654778254,-0.158354153484713,-0.157537747372055,-0.15672833779994,-0.155925829810826,-0.155130131914015,-0.154341155879848,-0.153558816543974,-0.152783031621538,-0.152013721531088,-0.151250809227993,-0.150494220047078,-0.149743881554222,-0.148999723406585,-0.148261677221166,-0.147529676451345,-0.146803656271093,-0.146083553466495,-0.145369306334261,-0.144660854586885,-0.143958139264117,-0.143261102650432,-0.142569688198173,-0.141883840456061,-0.141203505002762,-0.14052862838524,-0.139859158061595,-0.139195042348133,-0.138536230370393,-0.137882672017907,-0.137234317902427,-0.136591119319418,-0.135953028212592,-0.135319997141277,-0.134691979250435,-0.13406892824314,-0.133450798355341,-0.132837544332759,-0.132229121409748,-0.131625485289979,-0.131026592128826,-0.130432398517295,-0.129842861467411,-0.129257938398917,-0.128677587127209,-0.128101765852379,-0.127530433149305,-0.126963547958671,-0.12640106957886,-0.125842957658633,-0.125289172190528,-0.124739673504917,-0.124194422264654,-0.123653379460265,-0.123116506405623,-0.122583764734071,-0.122055116394932,-0.121530523650377,-0.121009949072617,-0.120493355541371,-0.119980706241587,-0.119471964661393,-0.118967094590231,-0.118466060117173,-0.117968825629381,-0.117475355810697,-0.116985615640343,-0.116499570391709,-0.116017185631226,-0.115538427217299,-0.115063261299288,-0.114591654316532,-0.114123572997401,-0.113658984358371,-0.113197855703104,-0.112740154621539,-0.11228584898898,-0.111834906965172,-0.111387296993373,-0.110942987799397,-0.110501948390652,-0.110064148055138,-0.109629556360428,-0.109198143152621,-0.108769878555256,-0.108344732968204,-0.107922677066516,-0.107503681799248,-0.10708771838824,-0.106674758326865,-0.106264773378748,-0.105857735576435,-0.105453617220043,-0.105052390875867,-0.104654029374948,-0.104258505811623,-0.103865793542023,-0.103475866182556,-0.103088697608346,-0.102704261951654,-0.102322533600258,-0.101943487195815,-0.10156709763219,-0.101193340053766,-0.100822189853722,-0.100453622672294,-0.100087614395012,-0.0997241411509165,-0.0993631793107575,-0.0990047054851725,-0.0986486965228501,-0.0982951295086773,-0.0979439817618727,-0.097595230834106,-0.0972488545076063,-0.0969048307932591,-0.0965631379286941,-0.0962237543763638,-0.095886658821615,-0.0955518301707542,-0.0952192475491071,0,-0.255524040434758,-0.253951284179056,-0.252402190200032,-0.250881494177903,-0.249384405411346,-0.247904087856514,-0.24643399105711,-0.244968449711383,-0.24350278936865,-0.24203332240349,-0.240557325800616,-0.239073005902353,-0.237579440705293,-0.236076495848283,-0.234564717875167,-0.233045212822609,-0.231519519476267,-0.229989485780216,-0.228457154938312,-0.2269246654936,-0.225394167586591,-0.223867755905439,-0.22234741861747,-0.220835000783067,-0.219332180325305,-0.217840454474003,-0.216361134637983,-0.214895347814376,-0.213444042864922,-0.212008000237074,-0.210587843956294,-0.20918405494854,-0.207796984959788,-0.20642687051851,-0.205073846536898,-0.203737959268933,-0.202419178440825,-0.20111740844526,-0.199832498548595,-0.198564252102802,-0.197312434784561,-0.196076781904847,-0.19485700484591,-0.193652796690356,-0.192463837110699,-0.191289796588252,-0.190130340028679,-0.188985129838413,-0.187853828522217,-0.186736100857664,-0.185631615697596,-0.18454004744694,-0.183461077255631,-0.182394393965095,-0.181339694841614,-0.180296686126193,-0.179265083427079,-0.178244611978015,-0.177235006782467,-0.176236012661612,-0.1752473842216,-0.17426888575365,-0.173300291078773,-0.172341383347367,-0.171391954802567,-0.170451806515022,-0.16952074809572,-0.168598597392555,-0.167685180175507,-0.166780329814605,-0.165883886954203,-0.164995699186564,-0.164115620727273,-0.163243512094556,-0.162379239794257,-0.16152267601188,-0.160673698312832,-0.159832189351775,-0.158998036591777,-0.158171132033771,-0.157351371956697,-0.156538656668535,-0.155732890268363,-0.154933980419443,-0.154141838133284,-0.153356377564545,-0.152577515816598,-0.151805172757501,-0.151039270846135,-0.150279734968177,-0.149526492281606,-0.148779472071383,-0.148038605612959,-0.147303826044252,-0.14657506824571,-0.145852268728107,-0.145135365527701,-0.144424298108386,-0.143719007270485,-0.143019435065828,-0.14232552471879,-0.141637220552935,-0.140954467922959,-0.140277213151623,-0.139605403471362,-0.13893898697031,-0.138277912542437,-0.137622129841562,-0.136971589238964,-0.136326241784389,-0.135686039170185,-0.135050933698387,-0.134420878250521,-0.133795826259956,-0.133175731686607,-0.13256054899382,-0.13195023312729,-0.131344739495845,-0.130744023953954,-0.130148042785844,-0.129556752691075,-0.128970110771473,-0.128388074519304,-0.12781060180659,-0.127237650875466,-0.126669180329498,-0.126105149125869,-0.125545516568359,-0.124990242301053,-0.124439286302702,-0.12389260888168,-0.123350170671481,-0.122811932626695,-0.122277856019429,-0.121747902436112,-0.121222033774651,-0.1207002122419,-0.120182400351407,-0.119668560921397,-0.119158657072977,-0.118652652228527,-0.11815051011025,-0.117652194738863,-0.117157670432412,-0.116666901805178,-0.116179853766676,-0.115696491520716,-0.115216780564522,-0.114740686687889,-0.114268175972373,-0.113799214790503,-0.113333769804999,-0.112871807967997,-0.112413296520273,-0.111958202990449,-0.111506495194192,-0.111058141233388,-0.110613109495292,-0.110171368651652,-0.1097328876578,-0.109297635751712,-0.10886558245303,-0.108436697562049,-0.108010951158666,-0.107588313601286,-0.107168755525693,-0.106752247843877,-0.106338761742825,-0.105928268683265,-0.105520740398378,-0.105116148892463,-0.104714466439568,-0.10431566558208,-0.103919719129284,-0.103526600155873,-0.103136282000434,-0.1027487382639,-0.102363942807956,-0.101981869753433,-0.101602493478652,-0.101225788617752,-0.100851730058987,-0.100480292942992,-0.100111452661029,-0.09974518485321,-0.09938146540669,-0.0990202704538493,-0.0986615763704485,-0.0983053597737686,-0.0979515975207335,-0.097600266706017,-0.0972513446601348,-0.0969048089475244,-0.0965606373646124,-0.096218807937872,-0.0958792989218703,-0.0955420887973073,-0.0952071562690489,-0.0948744802641527,-0.0945440399298893,0,-0.254284430552099,-0.252730673770348,-0.251199917836473,-0.249695371319472,-0.24821092743805,-0.246739313609772,-0.245274031251168,-0.243809687927593,-0.242341985927103,-0.240867674092927,-0.239384505405433,-0.237891184845398,-0.236387293033972,-0.234873182866913,-0.233349855173772,-0.231818823371515,-0.230281977376919,-0.228741455302046,-0.227199528920872,-0.225658506340802,-0.224120653146541,-0.222588131657623,-0.221062956854607,-0.219546966905363,-0.218041805956858,-0.216548916844851,-0.215069541523944,-0.213604727262842,-0.212155336933163,-0.210722062009591,-0.209305437172836,-0.207905855652369,-0.206523584657927,-0.205158780426084,-0.20381150255274,-0.20248172739719,-0.201169360432591,-0.199874247485082,-0.198596184853418,-0.19733492833629,-0.196090201218444,-0.194861701281996,-0.193649106917939,-0.192452082416606,-0.191270282516094,-0.19010335628542,-0.188950950415384,-0.187812711985273,-0.186688290768206,-0.185577341132359,-0.184479523589809,-0.183394506039411,-0.182321964745105,-0.181261585086404,-0.180213062113517,-0.179176100935684,-0.178150416967817,-0.177135736057388,-0.176131794510715,-0.175138339035334,-0.174155126612961,-0.173181924315591,-0.172218509075618,-0.171264667419362,-0.170320195172067,-0.169384897141327,-0.168458586784861,-0.167541085867719,-0.166632224113217,-0.165731838851246,-0.16483977466702,-0.163955883052821,-0.163080022064863,-0.16221205598702,-0.16135185500282,-0.160499294876836,-0.159654256646345,-0.158816626323923,-0.157986294611443,-0.157163156625806,-0.156347111636589,-0.155538062815673,-0.154735916998829,-0.153940584459155,-0.153151978692182,-0.152370016212424,-0.151594616361078,-0.150825701124581,-0.150063194963657,-0.149307024652504,-0.148557119127729,-0.147813409346643,-0.147075828154515,-0.146344310160379,-0.145618791621001,-0.144899210332595,-0.144185505529908,-0.143477617792276,-0.142775488956285,-0.142079062034664,-0.141388281141056,-0.140703091420322,-0.14002343898406,-0.139349270850993,-0.138680534891958,-0.138017179779173,-0.137359154939523,-0.136706410511593,-0.136058897306196,-0.135416566770163,-0.134779370953164,-0.134147262477341,-0.133520194509563,-0.132898120736106,-0.132280995339576,-0.131668772977906,-0.131061408765279,-0.130458858254814,-0.129861077422882,-0.129268022654923,-0.12867965073264,-0.128095918822453,-0.127516784465116,-0.126942205566381,-0.126372140388638,-0.125806547543429,-0.125245385984759,-0.124688615003141,-0.124136194220289,-0.123588083584409,-0.123044243366028,-0.1225046341543,-0.121969216853739,-0.121437952681349,-0.120910803164082,-0.120387730136613,-0.119868695739369,-0.119353662416808,-0.118842592915889,-0.118335450284728,-0.117832197871406,-0.117332799322903,-0.116837218584143,-0.116345419897134,-0.115857367800172,-0.11537302712711,-0.114892363006673,-0.114415340861797,-0.113941926408995,-0.113472085657732,-0.113005784909802,-0.112542990758701,-0.112083670088982,-0.1116277900756,-0.111175318183224,-0.110726222165528,-0.110280470064446,-0.109838030209389,-0.109398871216434,-0.108962961987457,-0.108530271709239,-0.108100769852519,-0.107674426171006,-0.107251210700343,-0.10683109375703,-0.106414045937293,-0.106000038115922,-0.105589041445043,-0.105181027352867,-0.104775967542375,-0.104373833989977,-0.103974598944117,-0.103578234923839,-0.103184714717317,-0.102794011380342,-0.102406098234777,-0.102020948866965,-0.101638537126114,-0.101258837122642,-0.100881823226493,-0.100507470065421,-0.100135752523246,-0.0997666457380813,-0.0994001251005397,-0.099036166251908,-0.0986747450823049,-0.0983158377288152,-0.097959420573604,-0.0976054702420131,-0.0972539636006405,-0.0969048777554038,-0.0965581900495897,-0.0962138780618909,-0.0958719196044312,-0.0955322927207799,-0.0951949756839582,-0.0948599469944367,-0.0945271853781272,-0.0941966697843675,-0.0938683793839041,0,-0.253054195137149,-0.251516003691012,-0.250002632309064,-0.248513168238819,-0.247039883045098,-0.245575188855196,-0.244112784162114,-0.242647660555446,-0.241175981007352,-0.239694997896997,-0.238202994819493,-0.236699217990669,-0.235183780464379,-0.233657539078337,-0.232121953148731,-0.230578936732293,-0.229030715323982,-0.227479695200844,-0.225928350559608,-0.224379130834199,-0.222834388422617,-0.221296325559367,-0.219766958169429,-0.218248094109646,-0.216741323112148,-0.215248015875669,-0.213769330011576,-0.212306220873828,-0.210859455639281,-0.209429629327204,-0.208017181737862,-0.206622414541868,-0.205245507962654,-0.203886536665946,-0.202545484605973,-0.201222258683288,-0.199916701148243,-0.198628600742069,-0.197357702608401,-0.196103717035614,-0.194866327107533,-0.193645195349672,-0.192439969461935,-0.191250287228571,-0.190075780693213,-0.188916079682043,-0.187770814752324,-0.186639619637116,-0.185522133250477,-0.184418001310971,-0.183326877635148,-0.182248425146872,-0.181182316642997,-0.180128235351067,-0.179085875310255,-0.178054941602861,-0.177035150460132,-0.176026229263084,-0.175027916456235,-0.174039961389761,-0.173062124103445,-0.172094175063952,-0.171135894865336,-0.17018707390127,-0.169247512016256,-0.168317018142008,-0.167395409924258,-0.16648251334443,-0.165578162339926,-0.164682198426141,-0.163794470322818,-0.162914833586867,-0.162043150253403,-0.161179288486378,-0.160323122239926,-0.159474530931254,-0.158633399125692,-0.157799616234357,-0.156973076224678,-0.156153677343941,-0.155341321855848,-0.15453591579004,-0.153737368704389,-0.152945593459865,-0.152160506007665,-0.151382025188299,-0.150610072542249,-0.149844572131827,-0.149085450373807,-0.148332635882418,-0.147586059322248,-0.146845653270638,-0.146111352089106,-0.145383091803383,-0.144660809991615,-0.143944445680307,-0.143233939247602,-0.142529232333482,-0.141830267756498,-0.141136989436652,-0.140449342324065,-0.139767272333073,-0.139090726281421,-0.13841965183422,-0.137753997452373,-0.137093712345163,-0.136438746426727,-0.135789050276156,-0.135144575100959,-0.134505272703662,-0.133871095451311,-0.133241996247674,-0.132617928507929,-0.131998846135668,-0.131384703502022,-0.130775455426756,-0.130171057161169,-0.129571464372661,-0.128976633130822,-0.128386519894928,-0.127801081502715,-0.127220275160322,-0.126644058433313,-0.126072389238662,-0.125505225837631,-0.124942526829445,-0.124384251145699,-0.123830358045418,-0.12328080711071,-0.12273555824295,-0.122194571659434,-0.12165780789047,-0.121125227776831,-0.120596792467556,-0.120072463418034,-0.119552202388356,-0.119035971441886,-0.118523732944025,-0.118015449561152,-0.117511084259694,-0.117010600305324,-0.116513961262254,-0.116021130992607,-0.115532073655854,-0.115046753708292,-0.114565135902566,-0.114087185287202,-0.113612867206156,-0.113142147298362,-0.112674991497275,-0.112211366030392,-0.111751237418758,-0.11129457247644,-0.110841338309969,-0.110391502317746,-0.109945032189408,-0.109501895905148,-0.109062061734989,-0.108625498238015,-0.108192174261544,-0.107762058940262,-0.107335121695292,-0.106911332233225,-0.106490660545087,-0.106073076905265,-0.105658551870375,-0.105247056278081,-0.104838561245866,-0.104433038169749,-0.104030458722964,-0.103630794854581,-0.103234018788088,-0.102840103019929,-0.102449020317997,-0.102060743720088,-0.101675246532313,-0.101292502327479,-0.100912484943421,-0.100535168481315,-0.100160527303945,-0.0997885360339456,-0.0994191695520155,-0.0990524029950984,-0.0986882117545419,-0.0983265714742296,-0.0979674580486916,-0.0976108476211926,-0.0972567165817999,-0.0969050415654345,-0.0965557994499042,-0.0962089673539214,-0.0958645226351076,-0.095522442887985,-0.0951827059419569,-0.0948452898592785,-0.0945101729330191,-0.0941773336850169,-0.0938467508638274,-0.0935184034426681,-0.0931922706173574,0,-0.251832439516906,-0.250307649776618,-0.2488108238487,-0.247335059179243,-0.24587107909681,-0.244411208811612,-0.242949507431363,-0.241481457262771,-0.240003758193497,-0.238514226189146,-0.237011723464399,-0.23549607312565,-0.233967942951174,-0.232428702514451,-0.230880265971143,-0.229324933912905,-0.227765245330487,-0.226203847187094,-0.224643385620849,-0.223086419943982,-0.22153535855732,-0.219992414608246,-0.218459578549495,-0.216938604541364,-0.215431007730231,-0.213938069709113,-0.212460849830019,-0.211000200430232,-0.20955678441533,-0.208131093987679,-0.206723469609427,-0.205334118540385,-0.203963132495515,-0.202610504128289,-0.201276142170705,-0.199959885154074,-0.198661513702609,-0.197380761439414,-0.196117324576171,-0.194870870277399,-0.193641043900662,-0.192427475218048,-0.191229783723463,-0.190047583126427,-0.188880485127145,-0.187728102560547,-0.186590051989376,-0.185465955818651,-0.184355443996288,-0.183258155357449,-0.182173738663542,-0.181101853380589,-0.180042170236185,-0.1789943715892,-0.177958151641969,-0.176933216520751,-0.175919284246747,-0.174916084616927,-0.173923359011245,-0.172940860140473,-0.171968351746872,-0.171005608268143,-0.170052414473568,-0.169108565079934,-0.168173864353658,-0.167248125704559,-0.166331171275852,-0.165422831534175,-0.164522944862843,-0.163631357160945,-0.162747921450431,-0.161872497492911,-0.161004951417537,-0.160145155361027,-0.159292987120642,-0.158448329820673,-0.157611071592821,-0.156781105270699,-0.155958328098516,-0.155142641453911,-0.154333950584798,-0.153532164360007,-0.152737195033428,-0.151948958021318,-0.151167371692395,-0.150392357170301,-0.149623838147983,-0.14886174071354,-0.148105993187059,-0.14735652596797,-0.146613271392422,-0.145876163600209,-0.145145138410779,-0.144420133207831,-0.143701086832072,-0.142987939481663,-0.142280632619931,-0.141579108889917,-0.140883312035361,-0.14019318682773,-0.13950867899891,-0.138829735179203,-0.138156302840298,-0.137488330242863,-0.136825766388473,-0.136168560975564,-0.13551666435913,-0.134870027513913,-0.13422860200082,-0.133592339936333,-0.1329611939647,-0.132335117232688,-0.131714063366695,-0.131097986452061,-0.13048684101437,-0.129880582002618,-0.129279164774058,-0.128682545080618,-0.12809067905673,-0.127503523208465,-0.126921034403852,-0.126343169864275,-0.125769887156856,-0.125201144187724,-0.124636899196091,-0.124077110749049,-0.123521737737033,-0.122970739369858,-0.122424075173289,-0.121881704986081,-0.121343588957428,-0.120809687544791,-0.120279961512041,-0.119754371927895,-0.119232880164591,-0.118715447896781,-0.118202037100613,-0.117692610052955,-0.117187129330764,-0.116685557810547,-0.116187858667924,-0.115693995377244,-0.115203931711262,-0.114717631740845,-0.114235059834707,-0.113756180659144,-0.11328095917778,-0.112809360651293,-0.112341350637127,-0.111876894989179,-0.11141595985745,-0.110958511687666,-0.110504517220844,-0.110053943492828,-0.109606757833759,-0.10916292786751,-0.108722421511049,-0.108285206973763,-0.107851252756711,-0.10742052765183,-0.106993000741076,-0.106568641395509,-0.106147419274321,-0.105729304323803,-0.105314266776262,-0.104902277148871,-0.104493306242473,-0.10408732514033,-0.103684305206814,-0.103284218086051,-0.102887035700518,-0.102492730249583,-0.102101274208012,-0.101712640324415,-0.101326801619666,-0.10094373138527,-0.100563403181693,-0.100185790836661,-0.0998108684434157,-0.0994386103589401,-0.0990689912021523,-0.0987019858520683,-0.0983375694459373,-0.0979757173773497,-0.097616405294321,-0.0972596090973526,-0.096905304937471,-0.0965534692142472,-0.0962040785737989,-0.0958571099067748,-0.0955125403463253,-0.095170347266059,-0.0948305082779867,-0.0944930012304564,-0.094157804206077,-0.0938248955196359,-0.0934942537160085,-0.0931658575680633,-0.0928396860745624,-0.0925157184580587,0,-0.250617297533645,-0.249105793927644,-0.24762470947913,-0.246160910984239,-0.244704029464081,-0.243246610540926,-0.241783240691642,-0.240309989558834,-0.238824160960953,-0.237324187135512,-0.235809550000549,-0.234280677794695,-0.232738807265049,-0.231185821184097,-0.22962407680155,-0.228056239746197,-0.226485134069034,-0.224913614801842,-0.22334446565263,-0.221780321652174,-0.22022361472463,-0.218676539132384,-0.217141033339066,-0.21561877484897,-0.214111184853022,-0.21261943991796,-0.211144488411084,-0.209687069802997,-0.208247735403376,-0.206826869444221,-0.205424709726337,-0.204041367289347,-0.202676844758497,-0.201331053169705,-0.200003827184879,-0.198694938689501,-0.1974041088201,-0.196131018505928,-0.194875317631433,-0.193636632937805,-0.192414574785753,-0.19120874290027,-0.190018731213052,-0.188844131910965,-0.18768453879039,-0.186539550008145,-0.185408770310544,-0.184291812813277,-0.183188300396405,-0.182097866771046,-0.181020157267224,-0.179954829386021,-0.17890155315345,-0.177860011308475,-0.176829899353095,-0.175810925488597,-0.174802810458618,-0.173805287316743,-0.172818101133776,-0.171841008657607,-0.170873777936678,-0.169916187916385,-0.168968028016311,-0.168029097694986,-0.167099206007746,-0.166178171162406,-0.165265820076632,-0.164361987940231,-0.163466517785003,-0.162579260064269,-0.161700072243795,-0.160828818405434,-0.159965368864488,-0.159109599801559,-0.158261392909378,-0.157420635054938,-0.156587217957083,-0.155761037879554,-0.154941995339401,-0.154129994830536,-0.153324944562163,-0.152526756211718,-0.151735344691937,-0.150950627931578,-0.15017252666936,-0.149400964260593,-0.148635866495991,-0.147877161432158,-0.147124779233202,-0.146378652022959,-0.145638713747302,-0.144904900046011,-0.144177148133713,-0.143455396689373,-0.142739585753876,-0.142029656635216,-0.141325551820851,-0.140627214896787,-0.139934590472965,-0.139247624114569,-0.13856626227885,-0.137890452257119,-0.13722014212156,-0.13655528067652,-0.135895817413981,-0.135241702472908,-0.134592886602199,-0.133949321126962,-0.133310957917892,-0.132677749363493,-0.132049648344933,-0.131426608213337,-0.130808582769303,-0.130195526244483,-0.129587393285044,-0.128984138936858,-0.128385718632277,-0.127792088178349,-0.127203203746351,-0.126619021862522,-0.126039499399888,-0.125464593571067,-0.124894261921973,-0.124328462326323,-0.123767152980871,-0.123210292401284,-0.122657839418617,-0.122109753176285,-0.121565993127517,-0.121026519033199,-0.120491290960089,-0.119960269279339,-0.119433414665291,-0.118910688094511,-0.118392050845018,-0.117877464495694,-0.117366890925825,-0.11686029231477,-0.116357631141715,-0.115858870185504,-0.115363972524527,-0.114872901536643,-0.114385620899125,-0.113902094588619,-0.113422286881095,-0.112946162351793,-0.112473685875136,-0.112004822624629,-0.111539538072705,-0.111077797990537,-0.110619568447802,-0.110164815812393,-0.109713506750068,-0.109265608224052,-0.108821087494567,-0.108379912118308,-0.107942049947847,-0.10750746913098,-0.107076138110003,-0.106648025620924,-0.106223100692609,-0.105801332645866,-0.105382691092464,-0.104967145934084,-0.104554667361218,-0.104145225851997,-0.103738792170968,-0.103335337367806,-0.102934832775981,-0.102537250011357,-0.10214256097075,-0.101750737830434,-0.101361753044592,-0.100975579343726,-0.100592189733026,-0.100211557490688,-0.0998336561661973,-0.0994584595785752,-0.099085941814584,-0.0987160772269013,-0.0983488404322616,-0.0979842063095672,-0.0976221499979707,-0.0972626468949307,-0.0969056726542435,-0.0965512031840517,-0.0961992146448311,-0.0958496834473591,-0.0955025862506649,-0.0951578999599642,-0.0948156017245783,-0.0944756689358418,-0.0941380792249978,-0.0938028104610834,-0.0934698407488071,-0.0931391484264181,-0.0928107120635707,-0.0924845104591835,-0.0921605226392952,-0.0918387278549179,0,-0.249406931764772,-0.247910549963356,-0.246444246433736,-0.244990284661424,-0.243537961936467,-0.242080384992319,-0.240612820631034,-0.239132007536816,-0.237635910415664,-0.236123622990058,-0.234595280747352,-0.233051937370491,-0.231495404233073,-0.229928069047104,-0.228352712153823,-0.22677233541386,-0.225190013442645,-0.22360877202597,-0.222031494708809,-0.220460855930271,-0.218899277540306,-0.217348904834062,-0.215811598123008,-0.214288936110174,-0.212782227783228,-0.211292530066505,-0.209820669005863,-0.208367262753879,-0.206932745055027,-0.205517388293211,-0.204121325458219,-0.2027445706193,-0.201387037671308,-0.200048557250517,-0.198728891811869,-0.197427748924776,-0.196144792887244,-0.194879654783638,-0.193631941124298,-0.192401241209142,-0.191187133354964,-0.189989190119711,-0.188806982647981,-0.187640084251623,-0.186488073328444,-0.185350535711151,-0.184227066528238,-0.183117271648768,-0.182020768773975,-0.180937188230515,-0.179866173512871,-0.178807381615937,-0.177760483193124,-0.176725162570303,-0.175701117641569,-0.17468805966901,-0.173685713005403,-0.172693814755915,-0.171712114392492,-0.170740373332464,-0.169778364491167,-0.168825871816774,-0.167882689814247,-0.166948623064166,-0.166023485741221,-0.165107101136323,-0.16419930118557,-0.163299926008702,-0.162408823459139,-0.161525848687272,-0.160650863718281,-0.159783737045417,-0.158924343239441,-0.158072562574654,-0.15722828067175,-0.156391388157574,-0.155561780341721,-0.154739356909785,-0.153924021632989,-0.153115682093826,-0.152314249427307,-0.151519638077328,-0.150731765567665,-0.149950552287036,-0.149175921287702,-0.148407798097005,-0.147646110541282,-0.146890788581578,-0.146141764160568,-0.145398971060122,-0.144662344768963,-0.14393182235985,-0.143207342375769,-0.142488844724602,-0.141776270581777,-0.141069562300416,-0.140368663328516,-0.139673518132713,-0.138984072128216,-0.138300271614487,-0.137622063716296,-0.136949396329776,-0.136282218073129,-0.135620478241657,-0.134964126766804,-0.134313114178914,-0.133667391573434,-0.133026910580289,-0.132391623336193,-0.131761482459674,-0.131136441028573,-0.130516452559842,-0.129901470991436,-0.129291450666133,-0.128686346317103,-0.128086113055102,-0.127490706357107,-0.126900082056307,-0.126314196333287,-0.125733005708318,-0.125156467034631,-0.124584537492598,-0.1240171745847,-0.123454336131231,-0.122895980266641,-0.122342065436452,-0.121792550394689,-0.121247394201761,-0.120706556222734,-0.120169996125957,-0.119637673881987,-0.11910954976277,-0.118585584341052,-0.118065738489973,-0.117549973382816,-0.117038250492891,-0.116530531593513,-0.116026778758068,-0.115526954360135,-0.115031021073646,-0.114538941873076,-0.114050680033641,-0.113566199131484,-0.113085463043862,-0.11260843594929,-0.112135082327665,-0.111665366960341,-0.111199254930155,-0.110736711621405,-0.11027770271976,-0.109822194212117,-0.109370152386385,-0.108921543831204,-0.108476335435591,-0.108034494388516,-0.107595988178406,-0.107160784592573,-0.10672885171657,-0.106300157933476,-0.105874671923105,-0.105452362661143,-0.10503319941822,-0.104617151758907,-0.104204189540647,-0.103794282912619,-0.103387402314539,-0.102983518475397,-0.102582602412137,-0.102184625428271,-0.101789559112443,-0.101397375336936,-0.101008046256131,-0.100621544304904,-0.100237842196993,-0.0998569129233056,-0.0994787297501871,-0.0991032662176508,-0.0987304961375662,-0.0983603935918109,-0.0979929329303888,-0.0976280887695156,-0.0972658359896732,-0.0969061497336371,-0.0965490054044761,-0.0961943786635284,-0.0958422454283552,-0.0954925818706732,-0.0951453644142682,-0.0948005697328925,-0.0944581747481457,-0.0941181566273426,-0.0937804927813681,-0.0934451608625221,-0.0931121387623551,-0.0927814046094957,-0.0924529367674725,-0.0921267138325296,-0.0918027146314398,-0.0914809182193145,-0.0911613038774123,0,-0.248200805986693,-0.246722025817987,-0.245269123912322,-0.243822434848299,-0.24237182809203,-0.240911292547453,-0.239436899063919,-0.237946119073638,-0.236437625044816,-0.234911210015069,-0.233367689353003,-0.231808753994023,-0.230236786471051,-0.228654662128188,-0.227065556090123,-0.225472770548805,-0.223879590542863,-0.222289171145978,-0.220704455253704,-0.219128118867855,-0.217562539630725,-0.216009784027335,-0.214471608859748,-0.212949473074716,-0.211444556632895,-0.209957783738798,-0.208489848343208,-0.207041240351557,-0.205612271410672,-0.204203099502099,-0.202813751849739,-0.201444145862672,-0.200094107991659,-0.198763390490467,-0.197451686150323,-0.196158641125688,-0.194883865998913,-0.193626945245718,-0.192387445267172,-0.191164921150348,-0.189958922311497,-0.188768997164576,-0.187594696945346,-0.186435578808244,-0.18529120830036,-0.184161161304552,-0.183045025532329,-0.181942401636663,-0.180852904005526,-0.179776161288543,-0.178711816701787,-0.177659528149268,-0.176618968194015,-0.175589823906801,-0.174571796616304,-0.173564601580922,-0.172567967599294,-0.171581636573951,-0.170605363040231,-0.169638913670644,-0.168682066763196,-0.167734611720802,-0.166796348527661,-0.165867087227468,-0.164946647407447,-0.164034857691453,-0.163131555244722,-0.162236585292351,-0.161349800653083,-0.160471061289618,-0.159600233876312,-0.158737191384857,-0.157881812688292,-0.157033982183504,-0.156193589432199,-0.15536052882019,-0.154534699234735,-0.15371600375957,-0.152904349387177,-0.152099646747818,-0.151301809854759,-0.150510755865129,-0.149726404855791,-0.1489486796136,-0.148177505439424,-0.14741280996529,-0.146654522984004,-0.145902576290634,-0.145156903535223,-0.144417440086125,-0.143684122903386,-0.142956890421565,-0.142235682441466,-0.14152044003023,-0.140811105429272,-0.14010762196956,-0.13940993399378,-0.138717986784916,-0.138031726500817,-0.137351100114352,-0.136676055358753,-0.13600654067778,-0.135342505180359,-0.134683898599377,-0.134030671254302,-0.133382774017355,-0.132740158282952,-0.132102775940165,-0.131470579347955,-0.13084352131295,-0.130221555069576,-0.129604634262312,-0.128992712929925,-0.128385745491475,-0.127783686733967,-0.127186491801474,-0.126594116185612,-0.126006515717238,-0.125423646559243,-0.124845465200344,-0.124271928449768,-0.123702993432741,-0.123138617586688,-0.122578758658074,-0.122023374699812,-0.12147242406917,-0.120925865426115,-0.120383657732048,-0.119845760248864,-0.119312132538308,-0.118782734461569,-0.118257526179088,-0.117736468150533,-0.117219521134919,-0.116706646190841,-0.116197804676793,-0.115692958251553,-0.115192068874608,-0.114695098806615,-0.114202010609859,-0.113712767148713,-0.113227331590079,-0.112745667403804,-0.112267738363045,-0.1117935085446,-0.11132294232918,-0.110856004401616,-0.110392659751003,-0.109932873670778,-0.109476611758714,-0.109023839916848,-0.108574524351323,-0.108128631572152,-0.107686128392898,-0.107246981930279,-0.106811159603683,-0.106378629134607,-0.105949358546011,-0.105523316161592,-0.105100470604984,-0.104680790798876,-0.104264245964053,-0.103850805618368,-0.103440439575636,-0.103033117944462,-0.102628811127,-0.102227489817647,-0.101829125001671,-0.101433687953781,-0.101041150236636,-0.1006514836993,-0.100264660475646,-0.0998806529826972,-0.0994994339189351,-0.0991209762625497,-0.0987452532696512,-0.0983722384724381,-0.0980019056773265,-0.0976342289630437,-0.0972691826786851,-0.0969067414417405,-0.0965468801360896,-0.0961895739099693,-0.0958347981739148,-0.0954825285986778,-0.0951327411131216,-0.0947854119020965,-0.0944405174042976,-0.0940980343101051,-0.0937579395594109,-0.0934202103394315,-0.0930848240825103,-0.0927517584639092,-0.0924209913995929,-0.0920925010440053,-0.0917662657878417,-0.0914422642558158,-0.0911204753044242,-0.0908008780197105,-0.0904834517150268,0,-0.246999540580607,-0.245540292231321,-0.244098737110996,-0.242656309706019,-0.24120431689695,-0.239737882034094,-0.238253963735751,-0.236750811194023,-0.235227842215515,-0.233685579784843,-0.232125537477637,-0.230550046145758,-0.228962046371218,-0.227364874541566,-0.225762064033409,-0.224157174724972,-0.222553656831184,-0.220954749741369,-0.219363413141099,-0.217782285872934,-0.216213667304988,-0.214659516034947,-0.213121461245542,-0.211600822719455,-0.210098636268796,-0.208615682047675,-0.207152513849437,-0.205709488023988,-0.204286791083386,-0.20288446540317,-0.201502432684645,-0.20014051503317,-0.198798453642257,-0.197475925164973,-0.196172555912777,-0.194887934055859,-0.193621620015187,-0.192373155239888,-0.191142069558624,-0.189927887283121,-0.188730132228357,-0.187548331798757,-0.186382020274029,-0.185230741413067,-0.184094050479794,-0.182971515781462,-0.181862719797792,-0.180767259968425,-0.179684749196581,-0.178614816118341,-0.17755710517965,-0.17651127655676,-0.175477005950374,-0.174453984279015,-0.173441917293181,-0.172440525128355,-0.171449541812076,-0.170468714737761,-0.169497804115869,-0.168536582411219,-0.16758483377375,-0.166642353468724,-0.165708947311293,-0.164784431109418,-0.163868630118353,-0.162961378509232,-0.162062518853768,-0.161171901626542,-0.160289384726036,-0.159414833015134,-0.15854811788163,-0.15768911681895,-0.156837713027167,-0.155993795034176,-0.155157256336792,-0.154327995061387,-0.153505913643625,-0.152690918526762,-0.151882919877923,-0.15108183132173,-0.150287569690622,-0.149500054791177,-0.148719209185751,-0.147944957988727,-0.147177228676672,-0.146415950911704,-0.145661056377391,-0.144912478626493,-0.144170152939906,-0.143434016196149,-0.142704006750798,-0.141980064325238,-0.14126212990419,-0.14055014564143,-0.139844054773197,-0.13914380153876,-0.138449331107689,-0.137760589513344,-0.137077523592171,-0.136400080928385,-0.135728209803643,-0.135061859151354,-0.134400978515272,-0.133745518012043,-0.133095428297415,-0.132450660535802,-0.131811166372949,-0.131176897911448,-0.130547807688854,-0.129923848658196,-0.129304974170674,-0.12869113796035,-0.128082294130653,-0.127478397142544,-0.126879401804176,-0.126285263261914,-0.125695936992581,-0.125111378796815,-0.124531544793416,-0.123956391414586,-0.12338587540197,-0.122819953803399,-0.122258583970264,-0.121701723555454,-0.121149330511768,-0.120601363090766,-0.120057779841981,-0.119518539612455,-0.118983601546546,-0.118452925085963,-0.117926469969993,-0.117404196235885,-0.116886064219356,-0.116372034555197,-0.115862068177946,-0.115356126322616,-0.114854170525437,-0.114356162624626,-0.113862064761137,-0.113371839379391,-0.112885449227984,-0.112402857360337,-0.111924027135303,-0.111448922217709,-0.110977506578829,-0.110509744496781,-0.110045600556855,-0.109585039651745,-0.109128026981705,-0.108674528054614,-0.108224508685946,-0.107777934998661,-0.107334773422993,-0.106894990696151,-0.106458553861932,-0.106025430270236,-0.105595587576499,-0.105168993741035,-0.104745617028289,-0.104325426006009,-0.103908389544333,-0.103494476814799,-0.103083657289269,-0.102675900738787,-0.102271177232354,-0.101869457135642,-0.10147071110963,-0.10107491010918,-0.100682025381549,-0.100292028464844,-0.0999048911864103,-0.0995205856611759,-0.0991390842899363,-0.098760359757593,-0.0983843850313447,-0.0980111333588331,-0.0976405782662487,-0.0972726935563956,-0.0969074533067213,-0.0965448318673102,-0.0961848038588466,-0.0958273441705469,-0.0954724279580653,-0.0951200306413726,-0.0947701279026135,-0.0944226956839406,-0.0940777101853314,-0.093735147862386,-0.0933949854241101,-0.0930571998306842,-0.0927217682912208,-0.0923886682615108,-0.0920578774417621,-0.0917293737743291,-0.0914031354414385,-0.0910791408629097,-0.0907573686938715,-0.0904377978224785,-0.0901204073676262,-0.0898051766766665,0,-0.245805470721454,-0.244365277844981,-0.242932152160931,-0.241490554483095,-0.24003387276115,-0.238558513077691,-0.237062361545939,-0.235544473298852,-0.234005041160663,-0.232445341630262,-0.230867596248576,-0.229274768603161,-0.227670334101822,-0.226058054193308,-0.224441775984097,-0.2228252681476,-0.221212096387182,-0.219605536668369,-0.218008521572535,-0.216423613876308,-0.214853001286434,-0.213298506720577,-0.211761609302133,-0.210243472120345,-0.208744973668554,-0.207266740645049,-0.205809180454106,-0.204372512274365,-0.202956795975984,-0.201561958481792,-0.2001878173975,-0.198834101898394,-0.197500470969419,-0.196186529164945,-0.194891840094001,-0.193615937854832,-0.192358336645744,-0.19111853877225,-0.189896041257379,-0.188690341245164,-0.187500940368962,-0.186327348237425,-0.185169085172791,-0.184025684319015,-0.182896693221567,-0.181781674966561,-0.180680208954277,-0.179591891371065,-0.178516335413958,-0.177453171313982,-0.176402046196924,-0.175362623814223,-0.174334584171347,-0.173317623076603,-0.172311451629528,-0.171315795664818,-0.170330395165052,-0.169355003653198,-0.168389387573948,-0.16743332567134,-0.166486608368732,-0.165549037156068,-0.16462042398839,-0.163700590698763,-0.162789368428056,-0.161886597073477,-0.160992124757272,-0.16010580731656,-0.159227507814979,-0.158357096076502,-0.157494448241542,-0.156639446345298,-0.15579197791809,-0.154951935607331,-0.154119216820652,-0.153293723389631,-0.152475361253488,-0.151664040162064,-0.150859673397379,-0.150062177512999,-0.149271472090471,-0.148487479512037,-0.147710124748858,-0.146939335163979,-0.146175040329273,-0.14541717185561,-0.14466566323553,-0.143920449697699,-0.143181468072464,-0.142448656667836,-0.141721955155262,-0.141001304464568,-0.140286646687481,-0.139577924989169,-0.138875083527257,-0.138178067377812,-0.137486822467811,-0.136801295513621,-0.136121433965081,-0.135447185954741,-0.134778500251907,-0.134115326221097,-0.133457613784583,-0.132805313388699,-0.132158375973597,-0.131516752946191,-0.130880396156013,-0.130249257873732,-0.129623290772123,-0.12900244790925,-0.128386682713693,-0.127775948971604,-0.127170200815445,-0.12656939271424,-0.125973479465196,-0.125382416186555,-0.124796158311554,-0.124214661583386,-0.123637882051036,-0.123065776065919,-0.122498300279209,-0.12193541163979,-0.121377067392751,-0.120823225078352,-0.120273842531403,-0.119728877880997,-0.119188289550544,-0.118652036258062,-0.118120077016675,-0.117592371135291,-0.117068878219411,-0.116549558172048,-0.116034371194726,-0.115523277788525,-0.115016238755167,-0.114513215198099,-0.114014168523581,-0.113519060441739,-0.113027852967594,-0.112540508422024,-0.112056989432686,-0.111577258934856,-0.111101280172194,-0.110629016697434,-0.110160432372978,-0.109695491371402,-0.109234158175866,-0.108776397580423,-0.108322174690231,-0.107871454921666,-0.107424204002324,-0.106980387970931,-0.106539973177148,-0.106102926281272,-0.105669214253841,-0.105238804375141,-0.104811664234613,-0.104387761730172,-0.103967065067424,-0.103549542758805,-0.103135163622622,-0.102723896782017,-0.102315711663842,-0.101910577997464,-0.101508465813485,-0.101109345442392,-0.100713187513141,-0.100319962951663,-0.0999296429793182,-0.0995421991112783,-0.0991576031548569,-0.0987758272077812,-0.0983968436564118,-0.0980206251739122,-0.0976471447183719,-0.0972763755308847,-0.0969082911335856,-0.0965428653276478,-0.0961800721912448,-0.0958198860774769,-0.0954622816122676,-0.0951072336922294,-0.0947547174825044,-0.0944047084145786,-0.0940571821840748,-0.0937121147485252,-0.0933694823251247,-0.0930292613884686,-0.0926914286682758,-0.0923559611470984,-0.0920228360580219,-0.0916920308823541,-0.0913635233473084,-0.0910372914236789,-0.0907133133235126,-0.0903915674977775,-0.0900720326340286,-0.0897546876540739,-0.0894395117116409,-0.0891264841900447,0,-0.244620121687563,-0.24319658173694,-0.241768072812774,-0.240323521928777,-0.238858718498493,-0.237371381514197,-0.235860323831624,-0.2343254219585,-0.232767667197875,-0.231189105982576,-0.229592668241194,-0.227981932532491,-0.226360875369412,-0.224733637926385,-0.22310432892978,-0.221476871363354,-0.219854893076137,-0.218241656926155,-0.216640023952166,-0.215052442484855,-0.213480956471795,-0.211927227143699,-0.210392563189999,-0.208877955654699,-0.207384114708902,-0.20591150626027,-0.20446038701188,-0.203030837092297,-0.20162278976309,-0.200236057990264,-0.198870357862844,-0.197525328973556,-0.196200551959083,-0.194895563443677,-0.193609868650295,-0.192342951945932,-0.191094285578527,-0.189863336846234,-0.188649573919183,-0.187452470511527,-0.186271509578966,-0.185106186195284,-0.183956009741121,-0.182820505519772,-0.181699215898246,-0.180591701057187,-0.179497539420501,-0.178416327824445,-0.177347681476431,-0.176291233745656,-0.175246635820751,-0.174213556263799,-0.173191680485092,-0.172180710158881,-0.171180362596817,-0.170190370092912,-0.169210479251315,-0.168240450306211,-0.167280056441375,-0.166329083115493,-0.165387327398167,-0.164454597320471,-0.16353071124314,-0.162615497244708,-0.161708792531368,-0.160810442869806,-0.159920302043864,-0.159038231335529,-0.158164099030489,-0.157297779948223,-0.156439154996437,-0.155588110749468,-0.154744539050171,-0.15390833663469,-0.153079404779438,-0.152257648969542,-0.151442978587975,-0.150635306624544,-0.14983454940391,-0.149040626331763,-0.148253459658321,-0.14747297425828,-0.146699097426379,-0.145931758687748,-0.14517088962222,-0.144416423701828,-0.1436682961407,-0.142926443756623,-0.142190804843554,-0.141461319054387,-0.140737927293323,-0.140020571617202,-0.139309195145214,-0.138603741976389,-0.137904157114355,-0.137210386398821,-0.136522376443317,-0.135840074578724,-0.135163428802157,-0.134492387730802,-0.133826900560316,-0.133166917027435,-0.132512387376446,-0.131863262329219,-0.131219493058495,-0.130581031164153,-0.129947828652214,-0.12931983791632,-0.128697011721493,-0.128079303189943,-0.127466665788753,-0.126859053319249,-0.126256419907906,-0.125658719998621,-0.125065908346233,-0.124477940011142,-0.123894770354925,-0.123316355036829,-0.122742650011043,-0.122173611524663,-0.121609196116256,-0.121049360614961,-0.120494062140036,-0.119943258100811,-0.119396906196967,-0.118854964419105,-0.118317391049546,-0.117784144663327,-0.117255184129349,-0.116730468611639,-0.116209957570704,-0.115693610764943,-0.11518138825209,-0.114673250390667,-0.114169157841431,-0.113669071568793,-0.113172952842196,-0.11268076323744,-0.112192464637933,-0.111708019235875,-0.111227389533351,-0.110750538343335,-0.110277428790592,-0.109808024312483,-0.109342288659659,-0.10888018589665,-0.108421680402335,-0.107966736870312,-0.107515320309139,-0.107067396042476,-0.106622929709104,-0.106181887262838,-0.105744234972326,-0.105309939420739,-0.104878967505354,-0.104451286437034,-0.104026863739601,-0.103605667249115,-0.103187665113049,-0.102772825789373,-0.10236111804555,-0.101952510957436,-0.101546973908101,-0.101144476586569,-0.100744988986473,-0.100348481404641,-0.0999549244396075,-0.0995642889900552,-0.0991765462531937,-0.0987916677230734,-0.0984096251888421,-0.0980303907329443,-0.0976539367292681,-0.0972802358412425,-0.0969092610198861,-0.0965409855018144,-0.0961753828072028,-0.0958124267377128,-0.0954520913743825,-0.0950943510754825,-0.0947391804743421,-0.0943865544771468,-0.09403644826071,-0.0936888372702204,-0.0933436972169691,-0.0930010040760563,-0.0926607340840811,-0.092322863736816,-0.0919873697868686,-0.0916542292413307,-0.0913234193594183,-0.0909949176501035,-0.0906687018697394,-0.0903447500196812,-0.0900230403439021,-0.0897035513266094,-0.0893862616898579,-0.0890711503911654,-0.0887581966211291,-0.0884473798010456,0,-0.243443975466562,-0.24203329885861,-0.240604820866722,-0.239153291955759,-0.237676883192253,-0.23617454742556,-0.2346459933266,-0.233091926981897,-0.231514156936881,-0.229915508375128,-0.228299609732934,-0.22667062545551,-0.225032988690048,-0.223391165873291,-0.221749468241555,-0.220111913818301,-0.218482136500441,-0.216863335304893,-0.215258255569209,-0.213669194042051,-0.212098020698871,-0.210546211335763,-0.209014886259468,-0.207504851555834,-0.206016640414863,-0.204550552799429,-0.203106692375455,-0.20168500009565,-0.200285284173039,-0.198907246420642,-0.197550505093138,-0.196214614465315,-0.194899081436658,-0.193603379474645,-0.192326960210971,-0.191069262992652,-0.189829722669095,-0.188607775870879,-0.187402866008781,-0.186214447194441,-0.185041987258098,-0.183884970014825,-0.182742896908903,-0.18161528814661,-0.180501683410717,-0.179401642235179,-0.178314744105831,-0.177240588342036,-0.176178793804993,-0.175128998470671,-0.174090858898738,-0.173064049623394,-0.172048262487422,-0.171043205936934,-0.170048604291101,-0.169064196998518,-0.168089737889632,-0.167124994432839,-0.166169747000335,-0.165223788148548,-0.164286921916914,-0.163358963147918,-0.162439736830555,-0.161529077468822,-0.160626828476306,-0.15973284159754,-0.158846976356479,-0.157969099532129,-0.157099084661159,-0.156236811567139,-0.155382165915878,-0.154535038796232,-0.153695326325647,-0.152862929279632,-0.152037752744296,-0.151219705791053,-0.150408701172568,-0.149604655038985,-0.148807486673506,-0.148017118246369,-0.147233474586273,-0.146456482968339,-0.145686072917704,-0.144922176027848,-0.144164725792808,-0.143413657452454,-0.142668907850015,-0.141930415301088,-0.141198119473402,-0.140471961276621,-0.139751882761517,-0.139037827027876,-0.13832973814052,-0.137627561052883,-0.136931241537581,-0.136240726123464,-0.135555962038678,-0.134876897159259,-0.134203479962842,-0.133535659487082,-0.132873385292403,-0.132216607428725,-0.131565276405844,-0.130919343167137,-0.130278759066336,-0.12964347584707,-0.129013445624952,-0.12838862087197,-0.127768954402956,-0.127154399363966,-0.12654490922235,-0.12594043775837,-0.125340939058198,-0.124746367508155,-0.124156677790046,-0.123571824877489,-0.12299176403311,-0.122416450806506,-0.121845841032888,-0.121279890832304,-0.120718556609383,-0.120161795053513,-0.11960956313939,-0.119061818127895,-0.118518517567216,-0.117979619294204,-0.117445081435877,-0.11691486241108,-0.116388920932221,-0.115867216007084,-0.115349706940674,-0.114836353337077,-0.114327115101306,-0.113821952441125,-0.113320825868815,-0.112823696202894,-0.112330524569748,-0.111841272405187,-0.111355901455903,-0.110874373780827,-0.110396651752374,-0.109922698057578,-0.109452475699105,-0.10898594799615,-0.108523078585203,-0.108063831420697,-0.107608170775524,-0.107156061241432,-0.106707467729285,-0.106262355469214,-0.105820690010631,-0.105382437222129,-0.104947563291262,-0.104516034724204,-0.104087818345299,-0.103662881296501,-0.103241191036696,-0.102822715340929,-0.102407422299529,-0.101995280317127,-0.101586258111589,-0.101180324712854,-0.100777449461682,-0.100377602008323,-0.0999807523111014,-0.0995868706349262,-0.099195927549727,-0.0988078939288198,-0.0984227409472075,-0.0980404400798168,-0.0976609630996766,-0.097284282076039,-0.0969103693724488,-0.0965391976447622,-0.0961707398391189,-0.095804969189872,-0.0954418592174747,-0.0950813837263319,-0.0947235168026144,-0.0943682328120424,-0.0940155063976382,-0.0936653124774514,-0.0933176262422607,-0.0929724231532515,-0.0926296789396739,-0.0922893695964828,-0.0919514713819616,-0.0916159608153318,-0.0912828146743513,-0.0909520099929014,-0.090623524058566,-0.0902973344102038,-0.0899734188355155,-0.0896517553686072,-0.089332322287552,-0.0890150981119504,-0.0887000616004923,-0.0883871917485194,-0.0880764677855933,-0.0877678691730644,0,-0.24227741230082,-0.240873921264045,-0.239440339941536,-0.237977701611965,-0.236486234442755,-0.234965965218733,-0.233417452404203,-0.231842238491966,-0.230242964241609,-0.228623233860283,-0.226987352970504,-0.22534003082446,-0.223686101912276,-0.222030294783033,-0.220377057857485,-0.218730441102673,-0.217094026612533,-0.215470898729539,-0.21386364405383,-0.212274372568274,-0.210704752516647,-0.209156053208077,-0.207629191362078,-0.206124777850761,-0.204643162705723,-0.203184477044232,-0.20174867115905,-0.20033554844207,-0.198944795107108,-0.197576005871821,-0.196228705878136,-0.194902369195464,-0.193596434277514,-0.192310316744082,-0.191043419843075,-0.189795142921957,-0.188564888206554,-0.187352066152095,-0.186156099598564,-0.184976426931417,-0.183812504420116,-0.182663807881256,-0.181529833790312,-0.180410099946252,-0.179304145776109,-0.17821153235204,-0.177131842180964,-0.176064678816421,-0.175009666333531,-0.173966448700584,-0.172934689074716,-0.171914069044061,-0.170904287834558,-0.169905061496183,-0.168916122080448,-0.167937216818739,-0.166968107309039,-0.166008568717057,-0.165058388996426,-0.16411736813156,-0.16318531740588,-0.162262058697369,-0.161347423802815,-0.160441253791625,-0.159543398389649,-0.158653715393154,-0.157772070112798,-0.15689833484724,-0.15603238838583,-0.155174115539709,-0.15432340670051,-0.153480157425774,-0.15264426805014,-0.151815643321296,-0.150994192059684,-0.15017982684089,-0.149372463699677,-0.148572021854601,-0.147778423452165,-0.146991593329485,-0.146211458794445,-0.145437949422374,-0.144670996868268,-0.143910534693641,-0.143156498207113,-0.142408824317857,-0.141667451401107,-0.140932319174909,-0.140203368587381,-0.139480541713765,-0.138763781662566,-0.138053032490172,-0.1373482391233,-0.136649347288727,-0.135956303449737,-0.135269054748784,-0.13458754895588,-0.133911734422272,-0.133241560038958,-0.13257697519967,-0.131917929767945,-0.131264374047926,-0.13061625875859,-0.129973535011095,-0.129336154288955,-0.12870406843081,-0.128077229615521,-0.127455590349392,-0.126839103455303,-0.126227722063558,-0.125621399604286,-0.125020089801223,-0.124423746666735,-0.123832324497929,-0.123245777873757,-0.122664061652958,-0.122087130972773,-0.121514941248307,-0.120947448172463,-0.120384607716375,-0.119826376130246,-0.119272709944553,-0.118723565971535,-0.118178901306925,-0.117638673331869,-0.117102839715,-0.116571358414609,-0.116044187680897,-0.115521286058269,-0.115002612387633,-0.114488125808699,-0.113977785762242,-0.113471551992308,-0.112969384548362,-0.11247124378735,-0.111977090375661,-0.111486885290992,-0.111000589824101,-0.110518165580427,-0.110039574481599,-0.109564778766801,-0.109093740994013,-0.108626424041104,-0.108162791106797,-0.107702805711482,-0.107246431697905,-0.1067936332317,-0.106344374801798,-0.10589862122069,-0.105456337624556,-0.10501748947327,-0.10458204255026,-0.10414996296226,-0.103721217138921,-0.103295771832313,-0.102873594116308,-0.102454651385846,-0.102038911356098,-0.101626342061517,-0.101216911854794,-0.100810589405713,-0.100407343699913,-0.100007144037559,-0.0996099600319322,-0.0992157616079324,-0.0988245190005068,-0.0984362027530028,-0.0980507837154514,-0.0976682330427842,-0.0972885221929864,-0.0969116229251914,-0.0965375072977195,-0.0961661476660635,-0.095797516680826,-0.0954315872856096,-0.0950683327148655,-0.0947077264917009,-0.0943497424256511,-0.0939943546104163,-0.0936415374215674,-0.0932912655142235,-0.0929435138207033,-0.0925982575481523,-0.0922554721761495,-0.0919151334542946,-0.091577217399779,-0.0912417002949414,-0.0909085586848117,-0.0905777693746433,-0.0902493094274374,-0.0899231561614598,-0.0895992871477524,-0.0892776802076409,-0.088958313410241,-0.0886411650699629,-0.0883262137440172,-0.0880134382299226,-0.0877028175630173,-0.0873943310139745,-0.0870879580863236,0,-0.241120524833179,-0.239716300992348,-0.238272226415088,-0.236794384789854,-0.235284513982225,-0.23374351508333,-0.232172752236568,-0.230574614766275,-0.228952586722808,-0.227311041594415,-0.225654928181,-0.223989446931398,-0.222319767732854,-0.220650810093572,-0.218987089063266,-0.217332620734622,-0.215690876882507,-0.214064777229566,-0.21245670856814,-0.210868561568232,-0.209301777965144,-0.2077574026134,-0.206236136454515,-0.204738387719858,-0.203264319680383,-0.201813893994448,-0.200386909236142,-0.198983034552308,-0.197601838635779,-0.196242814347664,-0.194905399399249,-0.193588993534728,-0.192292972655019,-0.191016700302025,-0.18975953689001,-0.188520847032324,-0.187300005271332,-0.186096400479801,-0.184909439164729,-0.183738547870547,-0.182583174848218,-0.181442791130015,-0.180316891126632,-0.179204992843438,-0.178106637795822,-0.177021390689407,-0.175948838919016,-0.174888591930365,-0.173840280480287,-0.172803555824474,-0.171778088856193,-0.170763569214821,-0.169759704379299,-0.168766218758561,-0.167782852788443,-0.166809362042579,-0.165845516363069,-0.164891099015392,-0.163945905870884,-0.163009744619223,-0.162082434012603,-0.161163803142699,-0.160253690751015,-0.159351944572818,-0.15845842071455,-0.157572983064328,-0.156695502734948,-0.155825857538655,-0.154963931492778,-0.154109614355261,-0.153262801189045,-0.152423391954162,-0.151591291126433,-0.150766407341564,-0.149948653063496,-0.14913794427581,-0.148334200195023,-0.147537343004632,-0.146747297608773,-0.145963991404379,-0.145187354070794,-0.144417317375773,-0.143653814996893,-0.142896782357397,-0.142146156475548,-0.141401875826613,-0.140663880216632,-0.13993211066716,-0.139206509310234,-0.138487019292822,-0.137773584690077,-0.137066150426756,-0.136364662206175,-0.135669066446134,-0.134979310221281,-0.134295341211383,-0.133617107655053,-0.132944558308472,-0.132277642408691,-0.131616309641137,-0.130960510110944,-0.130310194317779,-0.129665313133863,-0.129025817784866,-0.128391659833439,-0.127762791165113,-0.127139163976339,-0.12652073076446,-0.125907444319411,-0.125299257716976,-0.124696124313425,-0.124097997741381,-0.123504831906784,-0.122916580986809,-0.122333199428637,-0.121754641948958,-0.121180863534111,-0.120611819440781,-0.120047465197155,-0.119487756604482,-0.118932649738956,-0.118382100953865,-0.117836066881965,-0.117294504438003,-0.116757370821374,-0.116224623518856,-0.115696220307389,-0.115172119256879,-0.114652278732981,-0.114136657399852,-0.113625214222849,-0.113117908471151,-0.112614699720285,-0.11211554785456,-0.111620413069372,-0.11112925587339,-0.110642037090612,-0.110158717862269,-0.109679259648597,-0.109203624230451,-0.10873177371077,-0.108263670515886,-0.107799277396683,-0.107338557429594,-0.10688147401745,-0.10642799089017,-0.105978072105307,-0.105531682048433,-0.105088785433393,-0.104649347302396,-0.104213333025984,-0.103780708302852,-0.103351439159538,-0.102925491949985,-0.102502833354976,-0.102083430381447,-0.101667250361686,-0.101254260952416,-0.100844430133772,-0.100437726208172,-0.100034117799091,-0.0996335738497357,-0.0992360636216348,-0.0988415566931335,-0.0984500229578134,-0.0980614326228299,-0.0976757562071762,-0.0972929645398769,-0.0969130287581159,-0.0965359203053,-0.0961616109290651,-0.0957900726792267,-0.0954212779056777,-0.0950551992562397,-0.0946918096744673,-0.0943310823974119,-0.0939729909533465,-0.0936175091594545,-0.093264611119486,-0.092914271221384,-0.0925664641348835,-0.092221164809086,-0.0918783484700113,-0.0915379906181299,-0.0912000670258788,-0.0908645537351599,-0.0905314270548276,-0.0902006635581639,-0.0898722400803452,-0.0895461337159008,-0.0892223218161672,-0.0889007819867373,-0.0885814920849086,-0.0882644302171298,-0.0879495747364487,-0.0876369042399625,-0.0873263975662707,-0.0870180337929342,-0.0867117922339392,-0.0864076524371685,0,-0.239971934121586,-0.238557669345005,-0.237097785925779,-0.23560081954934,-0.234069375283727,-0.232505035156241,-0.230909942555942,-0.22928735063422,-0.227641592542786,-0.225977789335103,-0.224301485046423,-0.222618304871014,-0.220933677946241,-0.219252636527605,-0.21757968769232,-0.215918746350745,-0.214273115930782,-0.212645503482168,-0.211038057710659,-0.209452420708078,-0.207889786385716,-0.206350960594853,-0.204836419537145,-0.203346364325409,-0.201880770491066,-0.200439431902864,-0.199021999018849,-0.197628011690162,-0.196256926913638,-0.19490814202412,-0.19358101385305,-0.192274874377009,-0.190989043352832,-0.189722838395069,-0.188475582904058,-0.187246612203602,-0.186035278199202,-0.184840952823002,-0.183663030490891,-0.182500929761136,-0.181354094352412,-0.180221993652015,-0.179104122821944,-0.178000002591127,-0.176909178805757,-0.175831221796214,-0.174765725607856,-0.173712307133764,-0.17267060518003,-0.171640279487993,-0.170621009732865,-0.169612494514106,-0.168614450349626,-0.167626610683229,-0.166648724912567,-0.165680557443127,-0.164721886772372,-0.163772504607042,-0.162832215015678,-0.161900833617736,-0.160978186810025,-0.160064111030768,-0.159158452061166,-0.158261064364079,-0.157371810459156,-0.156490560333593,-0.155617190887524,-0.154751585412952,-0.153893633105022,-0.153043228604419,-0.152200271569571,-0.151364666277379,-0.150536321251132,-0.1497151489143,-0.148901065268887,-0.148093989597065,-0.147293844184816,-0.146500554066343,-0.145714046788059,-0.144934252190987,-0.144161102210446,-0.143394530691941,-0.142634473222234,-0.141880866974579,-0.141133650567202,-0.140392763934104,-0.139658148207335,-0.138929745609924,-0.13820749935871,-0.137491353576311,-0.13678125321159,-0.136077143967931,-0.135378972238743,-0.13468668504961,-0.134000230006559,-0.133319555249936,-0.132644609413429,-0.131975341587808,-0.131311701288956,-0.130653638429836,-0.130001103296018,-0.129354046524462,-0.12871241908524,-0.128076172265916,-0.127445257658336,-0.12681962714758,-0.126199232902851,-0.125584027370114,-0.124973963266275,-0.124368993574754,-0.123769071542272,-0.123174150676718,-0.122584184745968,-0.121999127777522,-0.121418934058868,-0.120843558138452,-0.12027295482718,-0.11970707920036,-0.119145886600017,-0.118589332637501,-0.118037373196346,-0.117489964435303,-0.116947062791522,-0.116408624983818,-0.115874608015995,-0.115344969180192,-0.114819666060212,-0.114298656534818,-0.113781898780965,-0.113269351276953,-0.112760972805479,-0.112256722456567,-0.111756559630385,-0.111260444039907,-0.110768335713438,-0.110280194996981,-0.10979598255644,-0.109315659379661,-0.108839186778306,-0.108366526389551,-0.107897640177618,-0.107432490435133,-0.10697103978431,-0.106513251177972,-0.106059087900399,-0.10560851356801,-0.105161492129887,-0.104717987868132,-0.104277965398077,-0.103841389668336,-0.103408225960711,-0.102978439889951,-0.102551997403383,-0.102128864780393,-0.101709008631787,-0.101292395899028,-0.100878993853345,-0.100468770094734,-0.100061692550841,-0.0996577294757497,-0.0992568494486552,-0.0988590213724505,-0.0984642144722172,-0.0980723982936293,-0.0976835427012743,-0.0972976178768961,-0.0969145943175627,-0.0965344428337647,-0.0961571345474471,-0.09578264088998,-0.0954109336000702,-0.0950419847216192,-0.0946757666015295,-0.0943122518874646,-0.0939514135255652,-0.0935932247581237,-0.0932376591212226,-0.0928846904423388,-0.0925342928379149,-0.0921864407109043,-0.0918411087482886,-0.0914982719185735,-0.0911579054692631,-0.0908199849243164,-0.0904844860815884,-0.0901513850102569,-0.0898206580482382,-0.0894922817995937,-0.0891662331319285,-0.0888424891737845,-0.0885210273120299,-0.0882018251892465,-0.0878848607011159,-0.0875701119938074,-0.0872575574613677,-0.0869471757431147,-0.0866389457210366,-0.0863328465171963,-0.0860288574911448,-0.0857269582373418,0,-0.238827717281645,-0.237394727969958,-0.235914109801045,-0.234394379780036,-0.232838421642278,-0.231248353802899,-0.229627101780865,-0.227978806253362,-0.22630864731274,-0.224622457580997,-0.22292631334806,-0.221226185270054,-0.219527676171243,-0.217835846999326,-0.216155119582441,-0.214489240189056,-0.212841287555171,-0.211213710895177,-0.209608386129961,-0.208026681380354,-0.206469525296041,-0.20493747386711,-0.20343077297852,-0.201949415163374,-0.200493189860171,-0.199061727056101,-0.19765453456958,-0.196271029446083,-0.194910564055846,-0.193572447524021,-0.192255963118306,-0.190960382184305,-0.189684975167672,-0.188429020203375,-0.187191809692012,-0.185972655224838,-0.184770891165001,-0.183585877143841,-0.182416999688112,-0.18126367315681,-0.180125340134464,-0.179001471400882,-0.17789156557485,-0.176795148510559,-0.175711772510185,-0.174641015403348,-0.173582479533929,-0.172535790686323,-0.171500596976448,-0.170476567727399,-0.169463392345201,-0.16846077920667,-0.167468454568497,-0.166486161504498,-0.165513658876117,-0.16455072033988,-0.163597133394338,-0.162652698468129,-0.161717228050092,-0.160790545861765,-0.159872486072163,-0.158962892554384,-0.158061618183285,-0.157168524173284,-0.156283479455152,-0.155406360090552,-0.154537048722963,-0.153675434063607,-0.152821410410883,-0.151974877201877,-0.151135738594411,-0.150303903078187,-0.149479283113518,-0.148661794796217,-0.147851357547221,-0.14704789382554,-0.146251328863215,-0.145461590420951,-0.14467860856318,-0.143902315451336,-0.143132645154178,-0.142369533474046,-0.141612917787995,-0.140862736902771,-0.140118930922701,-0.139381441129546,-0.138650209873474,-0.137925180474335,-0.137206297132454,-0.136493504848225,-0.135786749349818,-0.135085977028366,-0.134391134880016,-0.133702170454294,-0.133019031808253,-0.132341667465913,-0.131670026382535,-0.131004057913309,-0.130343711786049,-0.129688938077538,-0.12903968719318,-0.12839590984964,-0.127757557060186,-0.127124580122456,-0.126496930608413,-0.125874560356251,-0.125257421464042,-0.12464546628494,-0.124038647423748,-0.123436917734708,-0.122840230320347,-0.122248538531251,-0.12166179596665,-0.121079956475685,-0.120502974159276,-0.119930803372481,-0.119363398727275,-0.118800715095664,-0.118242707613068,-0.117689331681923,-0.117140542975429,-0.116596297441409,-0.116056551306228,-0.115521261078739,-0.114990383554217,-0.114463875818248,-0.113941695250564,-0.113423799528774,-0.112910146631991,-0.112400694844338,-0.1118954027583,-0.11139422927794,-0.110897133621932,-0.110404075326441,-0.10991501424781,-0.109429910565078,-0.108948724782297,-0.108471417730676,-0.107997950570519,-0.107528284792988,-0.107062382221667,-0.106600205013941,-0.106141715662186,-0.105686876994786,-0.105235652176953,-0.104788004711387,-0.104343898438753,-0.103903297537992,-0.103466166526472,-0.103032470259973,-0.102602173932526,-0.102175243076094,-0.101751643560119,-0.101331341590919,-0.100914303710961,-0.100500496798002,-0.100089888064107,-0.0996824450545491,-0.099278135646596,-0.0988769280481941,-0.0984787907965445,-0.0980836927565846,-0.0976916031193772,-0.0973024914004113,-0.0969163274378208,-0.0965330813905245,-0.0961527237362924,-0.0957752252697429,-0.0954005571002742,-0.0950286906499357,-0.0946595976512409,-0.0942932501449289,-0.0939296204776748,-0.0935686812997552,-0.0932104055626714,-0.0928547665167332,-0.092501737708607,-0.092151292978832,-0.0918034064593054,-0.0914580525707428,-0.0911152060201128,-0.090774841798051,-0.090436935176256,-0.0901014617048676,-0.0897683972098321,-0.0894377177902554,-0.0891093998157465,-0.0887834199237531,-0.0884597550168922,-0.088138382260276,-0.0878192790788362,-0.0875024231546477,-0.0871877924242536,-0.0868753650759921,-0.086565119547329,-0.0862570345221938,-0.0859510889283238,-0.0856472619346152,-0.0853455329484845,-0.0850458816132381,0,-0.237682981629219,-0.236223832199628,-0.234718162917449,-0.233172387372686,-0.231589243302661,-0.22997132158747,-0.228322367359886,-0.226647436110891,-0.22495254085282,-0.223244173065879,-0.221528862473076,-0.219812833492011,-0.218101768803522,-0.216400669632666,-0.214713794143925,-0.213044653770243,-0.211396049102304,-0.209770130215573,-0.208168469861096,-0.206592141190564,-0.20504179437734,-0.203517728585882,-0.202019957286131,-0.200548265999765,-0.1991022623004,-0.197681418358555,-0.19628510659826,-0.194912629173183,-0.193563242020097,-0.192236174238524,-0.190930643500722,-0.189645868131928,-0.188381076428015,-0.187135513703529,-0.185908447492011,-0.184699171255099,-0.183507006898358,-0.182331306340584,-0.18117145233924,-0.180026858737258,-0.178896970265065,-0.177781262005598,-0.176679238608565,-0.175590433322649,-0.174514406900015,-0.173450746415972,-0.172399064037294,-0.171358995765298,-0.170330200173808,-0.169312357157429,-0.168305166701804,-0.167308347684562,-0.166321636713341,-0.165344787005424,-0.164377567312091,-0.163419760889641,-0.162471164518187,-0.16153158756858,-0.160600851117354,-0.159678787109086,-0.158765237565316,-0.157860053838878,-0.156963095912321,-0.156074231738981,-0.155193336625136,-0.154320292651626,-0.153454988133276,-0.152597317114431,-0.151747178898916,-0.150904477612724,-0.150069121797779,-0.149241024035125,-0.148420100595929,-0.147606271118758,-0.146799458311578,-0.145999587677034,-0.145206587259571,-0.144420387413048,-0.143640920587521,-0.14286812113396,-0.142101925125678,-0.141342270195369,-0.140589095386629,-0.139842341018973,-0.139101948565344,-0.13836786054121,-0.13764002040438,-0.136918372464713,-0.136202861802963,-0.135493434198025,-0.134790036061921,-0.134092614381877,-0.13340111666891,-0.132715490912368,-0.132035685539908,-0.131361649382435,-0.130693331643555,-0.130030681873129,-0.129373649944545,-0.128722186035351,-0.12807624061093,-0.127435764410896,-0.126800708437957,-0.126171023948961,-0.125546662447916,-0.12492757568074,-0.124313715631566,-0.123705034520401,-0.123101484801986,-0.1225030191657,-0.121909590536362,-0.121321152075821,-0.120737657185208,-0.120159059507746,-0.119585312932031,-0.119016371595693,-0.118452189889366,-0.117892722460895,-0.117337924219717,-0.116787750341366,-0.116242156272054,-0.115701097733272,-0.11516453072639,-0.114632411537216,-0.114104696740473,-0.113581343204188,-0.113062308093956,-0.112547548877067,-0.112037023326473,-0.111530689524596,-0.111028505866944,-0.110530431065546,-0.110036424152187,-0.109546444481443,-0.109060451733509,-0.108578405916815,-0.108100267370441,-0.107625996766312,-0.10715555511119,-0.106688903748454,-0.106226004359678,-0.105766818966004,-0.105311309929312,-0.104859439953204,-0.104411172083788,-0.103966469710278,-0.103525296565417,-0.103087616725716,-0.102653394611529,-0.102222594986962,-0.101795182959614,-0.101371123980182,-0.100950383841896,-0.100532928679829,-0.100118724970065,-0.0997077395287334,-0.0992999395109208,-0.0988952924094663,-0.098493766053639,-0.0980953286077096,-0.0976999485694187,-0.0973075947683477,-0.0969182363641977,-0.0965318428449801,-0.0961483840251271,-0.095767830043522,-0.0953901513614585,-0.0950153187605313,-0.0946433033404621,-0.0942740765168667,-0.0939076100189658,-0.0935438758872446,-0.0931828464710643,-0.0928244944262298,-0.0924687927125163,-0.0921157145911591,-0.0917652336223092,-0.0914173236624586,-0.0910719588618372,-0.090729113661786,-0.0903887627921063,-0.0900508812683918,-0.0897154443893427,-0.0893824277340651,-0.0890518071593588,-0.0887235587969955,-0.0883976590509885,-0.0880740845948571,-0.0877528123688877,-0.0874338195773916,-0.0871170836859633,-0.0868025824187408,-0.0864902937556673,-0.0861801959297585,-0.0858722674243754,-0.085566486970504,-0.0852628335440431,-0.0849612863631028,-0.0846618248853123,-0.0843644288051399,0,-0.236531875686487,-0.235041192347919,-0.233506872048707,-0.231932161169023,-0.230319452540428,-0.228671842724773,-0.226993966272618,-0.225291818104744,-0.223572213563499,-0.221842231294592,-0.220108759461401,-0.218378173023867,-0.216656133951474,-0.214947492707943,-0.21325626591482,-0.21158566670543,-0.209938168155401,-0.20831558466996,-0.206719160416633,-0.205149657414862,-0.203607438634471,-0.202092543472296,-0.20060475439202,-0.19914365445935,-0.19770867610294,-0.196299141779955,-0.194914297400542,-0.193553339425557,-0.192215436538344,-0.190899746734037,-0.189605430589033,-0.188331661382837,-0.187077632653075,-0.185842563677633,-0.184625703298448,-0.183426332431035,-0.182243765542466,-0.181077351328242,-0.179926472774291,-0.178790546753624,-0.177669023276851,-0.176561384490992,-0.175467143500898,-0.17438584307143,-0.173317054255542,-0.172260374983096,-0.171215428637051,-0.170181862637196,-0.169159347046544,-0.168147573211506,-0.167146252443904,-0.166155114750457,-0.165173907613506,-0.164202394825336,-0.163240355377321,-0.162287582404295,-0.161343882183879,-0.160409073190043,-0.159482985199768,-0.158565458451448,-0.157656342853425,-0.156755497240939,-0.155862788679665,-0.154978091813925,-0.154101288257671,-0.153232266026268,-0.152370919007145,-0.151517146467386,-0.150670852596353,-0.149831946081489,-0.149000339715467,-0.14817595003292,-0.147358696975041,-0.146548503580379,-0.145745295700244,-0.144949001737172,-0.144159552404989,-0.143376880509047,-0.142600920745297,-0.141831609516914,-0.14106888476725,-0.140312685827964,-0.139562953281229,-0.138819628834985,-0.138082655210257,-0.137351976039621,-0.136627535775947,-0.135909279610615,-0.135197153400434,-0.134491103602552,-0.133791077216701,-0.133097021734131,-0.132408885092686,-0.13172661563745,-0.131050162086483,-0.130379473501171,-0.129714499260768,-0.129055189040713,-0.128401492794375,-0.12775336073787,-0.127110743337638,-0.126473591300494,-0.125841855565888,-0.125215487300125,-0.124594437892325,-0.123978658951913,-0.123368102307463,-0.122762720006711,-0.122162464317588,-0.12156728773014,-0.120977142959183,-0.120391982947604,-0.119811760870187,-0.119236430137865,-0.118665944402326,-0.118100257560888,-0.117539323761575,-0.116983097408331,-0.11643153316632,-0.115884585967263,-0.115342211014768,-0.114804363789616,-0.11427100005497,-0.113742075861472,-0.11321754755222,-0.112697371767583,-0.112181505449848,-0.111669905847681,-0.111162530520392,-0.110659337341989,-0.110160284505013,-0.109665330524155,-0.109174434239644,-0.108687554820397,-0.108204651766954,-0.107725684914159,-0.10725061443363,-0.106779400835983,-0.106312004972838,-0.105848388038598,-0.105388511572004,-0.104932337457481,-0.104479827926264,-0.104030945557327,-0.103585653278101,-0.103143914365007,-0.102705692443794,-0.102270951489693,-0.101839655827401,-0.101411770130889,-0.100987259423047,-0.100566089075171,-0.100148224806303,-0.0997336326824237,-0.0993222791155017,-0.0989141308624191,-0.0985091550237652,-0.0981073190425126,-0.0977085907025775,-0.0973129381272733,-0.0969203297776606,-0.0965307344508,-0.0961441212779138,-0.095760459722461,-0.0953797195781308,-0.0950018709667599,-0.0946268843361784,-0.0942547304579882,-0.0938853804252798,-0.0935188056502903,-0.093154977862008,-0.0927938691037266,-0.0924354517305543,-0.09207969840688,-0.0917265821038006,-0.0913760760965142,-0.0910281539616807,-0.0906827895747531,-0.090339957107285,-0.0899996310242134,-0.0896617860811226,-0.0893263973214905,-0.0889934400739208,-0.0886628899493615,-0.0883347228383144,-0.088008914908037,-0.0876854425997378,-0.0873642826257683,-0.0870454119668132,-0.0867288078690805,-0.086414447841493,-0.0861023096528838,-0.0857923713291954,-0.0854846111506858,-0.0851790076491425,-0.0848755396051045,-0.0845741860450948,-0.0842749262388645,-0.0839777396966485,-0.083682606166435,0,-0.23536818312095,-0.233843057161072,-0.232277204458328,-0.23067105970155,-0.229026716119284,-0.2273479060502,-0.225640245695261,-0.223910682546961,-0.222166782123695,-0.220416117780991,-0.218665825258009,-0.216922316753259,-0.215191128125964,-0.213476867373985,-0.211783234002658,-0.210113083583121,-0.20846851753382,-0.206850983664594,-0.205261377682594,-0.203700139493819,-0.202167340802143,-0.200662762368775,-0.199185960529588,-0.197736323340107,-0.196313117162517,-0.194915524729652,-0.193542675793888,-0.192193671449416,-0.19086760314255,-0.189563567282875,-0.188280676255113,-0.187018066518647,-0.185774904375085,-0.184550389887565,-0.183343759350323,-0.182154286633473,-0.180981283665551,-0.179824100264219,-0.178682123482357,-0.177554776601486,-0.176441517875871,-0.175341839107621,-0.174255264114734,-0.173181347139487,-0.172119671233066,-0.171069846643358,-0.170031509225808,-0.169004318891822,-0.167987958105016,-0.166982130432389,-0.165986559155066,-0.165000985941386,-0.164025169583723,-0.16305888479936,-0.162101921094962,-0.161154081693632,-0.160215182523072,-0.159285051263131,-0.158363526450731,-0.157450456640102,-0.156545699616098,-0.155649121658343,-0.154760596853938,-0.153880006456447,-0.153007238288894,-0.152142186188562,-0.15128474949139,-0.150434832553845,-0.149592344310186,-0.14875719786311,-0.147929310105818,-0.147108601373635,-0.146294995123368,-0.145488417638652,-0.144688797759641,-0.143896066635435,-0.143110157497732,-0.142331005454252,-0.14155854730057,-0.140792721349047,-0.140033467273625,-0.139280725969322,-0.138534439425325,-0.137794550610644,-0.137061003371358,-0.136333742338517,-0.135612712845877,-0.134897860856625,-0.134189132898368,-0.133486476005685,-0.132789837669565,-0.132099165793157,-0.131414408653233,-0.130735514866869,-0.130062433362828,-0.129395113357225,-0.128733504333033,-0.12807755602306,-0.127427218396041,-0.126782441645509,-0.126143176181161,-0.125509372622434,-0.124880981794039,-0.124257954723229,-0.123640242638576,-0.123027796970087,-0.122420569350461,-0.121818511617341,-0.121221575816414,-0.120629714205223,-0.12004287925758,-0.119461023668468,-0.118884100359338,-0.118312062483712,-0.117744863433017,-0.117182456842581,-0.116624796597727,-0.116071836839915,-0.115523531972878,-0.114979836668713,-0.11444070587389,-0.113906094815147,-0.113375959005238,-0.11285025424852,-0.112328936646347,-0.111811962602264,-0.111299288826979,-0.110790872343109,-0.110286670489684,-0.109786640926404,-0.109290741637648,-0.108798930936227,-0.10831116746688,-0.107827410209515,-0.107347618482195,-0.106871751943862,-0.106399770596822,-0.105931634788971,-0.105467305215782,-0.105006742922055,-0.104549909303428,-0.104096766107661,-0.103647275435704,-0.103201399742539,-0.102759101837826,-0.102320344886329,-0.101885092408167,-0.101453308278859,-0.101024956729198,-0.100600002344948,-0.100178410066368,-0.0997601451875883,-0.0993451733558181,-0.0989334605704183,-0.0985249731818286,-0.0981196778903629,-0.0977175417448784,-0.0973185321413234,-0.0969226168211721,-0.0965297638697507,-0.0961399417144617,-0.0957531191229123,-0.0953692652009514,-0.0949883493906222,-0.0946103414680344,-0.0942352115411617,-0.0938629300475695,-0.093493467752077,-0.0931267957443597,-0.0927628854364947,-0.092401708560455,-0.0920432371655554,-0.0916874436158548,-0.0913343005875191,-0.0909837810661464,-0.0906358583440604,-0.0902905060175734,-0.0899476979842234,-0.0896074084399875,-0.0892696118764754,-0.0889342830781036,-0.0886013971192569,-0.0882709293614353,-0.0879428554503922,-0.0876171513132634,-0.0872937931556922,-0.086972757458949,-0.0866540209770503,-0.0863375607338785,-0.0860233540203019,-0.0857113783913001,-0.0854016116630938,-0.0850940319102813,-0.0847886174629831,-0.0844853469039966,-0.0841841990659606,-0.0838851530285319,-0.0835881881155755,-0.0832932838923683,-0.0830004201628173,0,-0.234186074347968,-0.232625866934492,-0.231026229541141,-0.229386515983395,-0.227708785166296,-0.22599761576812,-0.224259703869142,-0.22250294089553,-0.220735564186932,-0.21896552761866,-0.217200088825527,-0.215445575850816,-0.213707290472071,-0.211989507986939,-0.210295539338674,-0.208627828914505,-0.206988068624268,-0.205377315094153,-0.203796101687917,-0.202244540642373,-0.200722413082589,-0.199229246312363,-0.197764378784789,-0.196327013731722,-0.194916262711293,-0.193531180422621,-0.192170792109211,-0.190834114777516,-0.189520173328019,-0.188228012554804,-0.186956705829388,-0.18570536115335,-0.184473125146215,-0.183259185431686,-0.182062771796767,-0.18088315642375,-0.179719653433161,-0.178571617924975,-0.177438444664237,-0.176319566524117,-0.17521445277302,-0.174122607271568,-0.173043566628841,-0.171976898354577,-0.170922199034131,-0.169879092545422,-0.16884722833134,-0.167826279736666,-0.166815942415301,-0.16581593281111,-0.164825986713897,-0.163845857890671,-0.162875316791411,-0.16191414932785,-0.160962155723305,-0.160019149431271,-0.159084956120258,-0.158159412722229,-0.157242366541938,-0.156333674424408,-0.155433201977829,-0.154540822849153,-0.153656418049739,-0.152779875328426,-0.151911088589511,-0.151049957353148,-0.150196386255793,-0.149350284588386,-0.148511565870025,-0.147680147455022,-0.146855950171254,-0.146038897987858,-0.145228917710384,-0.144425938701585,-0.143629892626164,-0.142840713217814,-0.142058336067014,-0.141282698428112,-0.140513739044298,-0.139751397989161,-0.13899561652357,-0.138246336966737,-0.137503502580337,-0.13676705746467,-0.136036946465886,-0.13531311509338,-0.134595509446489,-0.133884076149722,-0.133178762295772,-0.132479515395632,-0.131786283335169,-0.13109901433757,-0.130417656931113,-0.129742159921746,-0.129072472370019,-0.12840854357192,-0.127750323043228,-0.127097760507009,-0.126450805883917,-0.125809409284995,-0.125173521006685,-0.124543091527796,-0.123918071508178,-0.123298411788902,-0.122684063393736,-0.122074977531744,-0.121471105600839,-0.120872399192156,-0.120278810095091,-0.119690290302903,-0.119106792018762,-0.118528267662154,-0.11795466987554,-0.117385951531212,-0.116822065738257,-0.116262965849585,-0.115708605468953,-0.115158938457948,-0.114613918942875,-0.114073501321529,-0.113537640269808,-0.113006290748143,-0.112479408007723,-0.111956947596498,-0.111438865364941,-0.110925117471553,-0.110415660388109,-0.109910450904633,-0.109409446134091,-0.108912603516809,-0.108419880824605,-0.107931236164635,-0.107446627982965,-0.10696601506785,-0.106489356552746,-0.106016611919039,-0.105547740998513,-0.105082703975547,-0.104621461389054,-0.104163974134174,-0.103710203463713,-0.10326011098935,-0.102813658682609,-0.102370808875611,-0.101931524261604,-0.101495767895287,-0.101063503192941,-0.10063469393235,-0.100209304252554,-0.0997872986534135,-0.0993686419950089,-0.098953299496875,-0.0985412367370825,-0.0981324196511703,-0.0977268145309387,-0.0973243880231077,-0.0969251071278493,-0.0965289391972009,-0.0961358519333637,-0.0957458133868945,-0.0953587919547979,-0.0949747563785217,-0.0945936757418643,-0.0942155194687985,-0.0938402573212168,-0.0934678593966043,-0.0930982961256432,-0.092731538269755,-0.092367556918583,-0.092006323487423,-0.0916478097146023,-0.0912919876588154,-0.0909388296964158,-0.0905883085186729,-0.0902403971289927,-0.0898950688401092,-0.089552297271248,-0.0892120563452666,-0.0888743202857728,-0.0885390636142261,-0.0882062611470228,-0.0878758879925688,-0.087547919548343,-0.0872223314979514,-0.0868990998081769,-0.086578200726025,-0.0862596107757686,-0.0859433067559927,-0.0856292657366427,-0.0853174650560752,-0.0850078823181158,-0.0847004953891234,-0.0843952823950639,-0.084092221718593,-0.0837912919961517,-0.0834924721150731,-0.0831957412107033,-0.0829010786635377,-0.082608464096372,-0.0823178773714709,0,-0.23298235552812,-0.231386369783332,-0.229751159737872,-0.228076064121407,-0.226363523124078,-0.224619222402452,-0.222851021193826,-0.221067713959363,-0.219278101694253,-0.217490382986539,-0.215711798766818,-0.213948465984415,-0.212205344353915,-0.210486289965233,-0.208794159700138,-0.207130940144493,-0.205497883089034,-0.203895636330354,-0.202324363334263,-0.200783848670615,-0.199273588311325,-0.197792865219857,-0.196340811411,-0.194916458020475,-0.193518775036042,-0.192146702303248,-0.190799173295863,-0.18947513297672,-0.188173550896747,-0.186893430505095,-0.185633815481094,-0.18439379375386,-0.183172499749554,-0.181969115299336,-0.180782869551635,-0.179613038158741,-0.178458941947806,-0.177319945238184,-0.176195453928623,-0.175084913447533,-0.173987806635871,-0.172903651613769,-0.171831999667916,-0.170772433185883,-0.169724563655443,-0.168688029740794,-0.16766249544307,-0.16664764834917,-0.16564319797052,-0.164648874171657,-0.163664425687289,-0.162689618725661,-0.161724235655501,-0.160768073773462,-0.159820944148761,-0.158882670541629,-0.157953088392145,-0.157032043876031,-0.156119393024081,-0.155215000901912,-0.154318740846871,-0.153430493758991,-0.152550147443021,-0.151677595998632,-0.150812739256043,-0.149955482254395,-0.149105734760309,-0.148263410824182,-0.147428428371884,-0.146600708829586,-0.145780176779618,-0.14496675964527,-0.144160387402637,-0.143360992317629,-0.142568508706416,-0.141782872717628,-0.141004022134762,-0.140231896197285,-0.13946643543906,-0.138707581542752,-0.137955277208992,-0.137209466039121,-0.136470092430433,-0.135737101482887,-0.135010438916331,-0.134290050997357,-0.133575884474938,-0.132867886524091,-0.132166004696828,-0.131470186879745,-0.130780381257612,-0.130096536282411,-0.129418600647266,-0.128746523264807,-0.128080253249486,-0.127419739903459,-0.126764932705628,-0.126115781303512,-0.125472235507609,-0.124834245287978,-0.124201760772748,-0.123574732248326,-0.122953110161077,-0.122336845120273,-0.121725887902129,-0.121120189454751,-0.120519700903865,-0.119924373559168,-0.119334158921197,-0.1187490086886,-0.118168874765705,-0.117593709270311,-0.117023464541617,-0.116458093148215,-0.115897547896101,-0.115341781836628,-0.114790748274381,-0.114244400774907,-0.11370269317228,-0.113165579576476,-0.112633014380507,-0.112104952267326,-0.111581348216454,-0.111062157510341,-0.110547335740426,-0.110036838812903,-0.109530622954186,-0.109028644716052,-0.108530860980486,-0.108037228964202,-0.107547706222857,-0.107062250654956,-0.106580820505443,-0.106103374368997,-0.105629871193027,-0.105160270280371,-0.10469453129172,-0.104232614247749,-0.103774479530988,-0.103320087887426,-0.102869400427856,-0.102422378628976,-0.101978984334251,-0.101539179754544,-0.10110292746852,-0.100670190422846,-0.100240931932177,-0.0998151156789518,-0.0993927057129965,-0.0989736664509495,-0.0985579626755162,-0.0981455595345581,-0.097736422540028,-0.0973305175667554,-0.0969278108510935,-0.0965282689894315,-0.0961318589365819,-0.0957385480040484,-0.0953483038581826,-0.0949610945182334,-0.0945768883542993,-0.0941956540851858,-0.0938173607761764,-0.0934419778367226,-0.0930694750180571,-0.0926998224107368,-0.0923329904421207,-0.0919689498737868,-0.0916076717988932,-0.0912491276394878,-0.0908932891437714,-0.0905401283833181,-0.0901896177502562,-0.0898417299544146,-0.089496438020438,-0.0891537152848738,-0.0888135353932349,-0.0884758722970404,-0.0881407002508393,-0.0878079938092168,-0.0874777278237896,-0.0871498774401897,-0.0868244180950419,-0.0865013255129345,-0.0861805757033874,-0.0858621449578199,-0.0855460098465185,-0.0852321472156074,-0.0849205341840252,-0.0846111481405054,-0.0843039667405673,-0.0839989679035146,-0.0836961298094453,-0.0833954308962739,-0.0830968498567664,-0.0828003656355904,-0.0825059574263803,-0.0822136046688194,-0.0819232870457394,-0.0816349844802381,0,-0.231754415923869,-0.230121636937565,-0.228449369740588,-0.226737359048914,-0.224988932952428,-0.223211154440045,-0.22141309149427,-0.219604359236528,-0.217794182365232,-0.215990848166706,-0.214201432108495,-0.212431710611053,-0.210686196132279,-0.208968245082608,-0.207280202488664,-0.205623558765707,-0.203999103022624,-0.202407063983346,-0.200847234190675,-0.199319076123939,-0.197821810658064,-0.196354489286629,-0.194916052001844,-0.193505372865878,-0.192121295254455,-0.190762658593245,-0.18942831819713,-0.188117159597236,-0.186828108521452,-0.185560137492706,-0.184312269830732,-0.183083581689336,-0.181873202631403,-0.180680315136381,-0.17950415334707,-0.178344001291701,-0.177199190760757,-0.176069098973367,-0.174953146133302,-0.173850792947603,-0.172761538160236,-0.17168491613748,-0.170620494529973,-0.169567872027599,-0.168526676216935,-0.167496561546362,-0.166477207400591,-0.165468316284036,-0.164469612110885,-0.16348083859867,-0.162501757761491,-0.161532148498645,-0.160571805274269,-0.159620536883505,-0.158678165300769,-0.157744524605802,-0.156819459983274,-0.15590282679191,-0.154994489699237,-0.154094321878221,-0.153202204262234,-0.152318024854928,-0.151441678091781,-0.150573064250193,-0.149712088905169,-0.148858662427776,-0.148012699523666,-0.147174118809105,-0.146342842422072,-0.145518795666099,-0.144701906684652,-0.143892106163954,-0.143089327062276,-0.142293504363805,-0.141504574855329,-0.140722476924045,-0.139947150374924,-0.139178536266131,-0.138416576761109,-0.137661214996015,-0.136912394961257,-0.136170061396002,-0.13543415969456,-0.134704635823639,-0.133981436249538,-0.133264507874396,-0.132553797980692,-0.131849254183229,-0.131150824387922,-0.130458456756726,-0.129772099678105,-0.12909170174251,-0.128417211722329,-0.127748578555863,-0.127085751334883,-0.126428679295382,-0.125777311811153,-0.125131598389867,-0.124491488671344,-0.123856932427747,-0.123227879565435,-0.122604280128266,-0.121986084302122,-0.121373242420487,-0.120765704970892,-0.120163422602086,-0.119566346131793,-0.118974426554921,-0.118387615052132,-0.117805862998656,-0.117229121973272,-0.116657343767373,-0.116090480394049,-0.115528484097129,-0.11497130736012,-0.114418902915014,-0.113871223750903,-0.113328223122385,-0.112789854557718,-0.112256071866717,-0.111726829148344,-0.111202080798006,-0.110681781514527,-0.110165886306795,-0.109654350500066,-0.109147129741932,-0.108644180007942,-0.108145457606879,-0.10765091918569,-0.107160521734076,-0.106674222588739,-0.106191979437302,-0.10571375032189,-0.105239493642396,-0.104769168159429,-0.10430273299695,-0.103840147644618,-0.103381371959832,-0.1029263661695,-0.102475090871532,-0.102027507036065,-0.101583576006436,-0.101143259499913,-0.100706519608181,-0.10027331879761,-0.0998436199092999,-0.0994173861589212,-0.0989945811363522,-0.0985751688051312,-0.098159113501724,-0.0977463799346206,-0.0973369331832677,-0.0969307386968455,-0.0965277622928969,-0.0961279701558175,-0.0957313288352133,-0.0953378052441333,-0.0949473666571863,-0.0945599807085458,-0.0941756153898524,-0.093794239048018,-0.0934158203829402,-0.0930403284451317,-0.0926677326332704,-0.0922980026916762,-0.0919311087077204,-0.0915670211091725,-0.0912057106614874,-0.0908471484650424,-0.0904913059523232,-0.0901381548850673,-0.089787667351367,-0.0894398157627367,-0.0890945728511472,-0.0887519116660328,-0.0884118055712722,-0.0880742282421484,-0.0877391536622898,-0.0874065561205957,-0.0870764102081484,-0.0867486908151164,-0.0864233731276488,-0.0861004326247663,-0.0857798450752471,-0.0854615865345138,-0.0851456333415221,-0.0848319621156508,-0.0845205497535993,-0.0842113734262906,-0.0839044105757834,-0.0835996389121942,-0.0832970364106309,-0.082996581308139,-0.0826982521006631,-0.0824020275400219,-0.0821078866309015,-0.0818158086278648,-0.0815257730323799,-0.0812377595898687,-0.0809517482867733,0,-0.230499744265938,-0.22882902549429,-0.227118397169895,-0.225368192009282,-0.223583185071242,-0.22177205110546,-0.219945053284925,-0.218112496943956,-0.216283858871453,-0.214467341633954,-0.212669699906376,-0.210896241118551,-0.209150931009211,-0.207436554157637,-0.205754895287219,-0.204106919603635,-0.202492939654559,-0.200912762550378,-0.19936581547453,-0.197851249863877,-0.196368025979107,-0.194914980207324,-0.193490877620195,-0.192094452236445,-0.190724437226984,-0.189379587029436,-0.188058693051973,-0.186760594370128,-0.185484184568666,-0.184228415659709,-0.182992299819542,-0.181774909528653,-0.180575376569685,-0.179392890232798,-0.17822669499382,-0.177076087864107,-0.175940415559089,-0.174819071592356,-0.17371149337144,-0.172617159348249,-0.171535586259737,-0.17046632648159,-0.169408965508372,-0.168363119566892,-0.167328433364823,-0.166304577973414,-0.165291248840967,-0.164288163932384,-0.163295061989332,-0.162311700905095,-0.161337856208115,-0.1603733196482,-0.159417897879568,-0.158471411235078,-0.157533692586281,-0.156604586284174,-0.155683947175816,-0.154771639692217,-0.153867537003188,-0.152971520235039,-0.152083477747269,-0.151203304464575,-0.150330901260723,-0.149466174390988,-0.148609034970047,-0.147759398492387,-0.146917184392418,-0.146082315641644,-0.145254718380378,-0.144434321581632,-0.143621056744916,-0.142814857617824,-0.142015659943412,-0.14122340123144,-0.140438020551722,-0.139659458347882,-0.138887656269945,-0.138122557024271,-0.137364104239445,-0.136612242346814,-0.135866916474462,-0.135128072353474,-0.134395656235436,-0.133669614820178,-0.132949895192849,-0.132236444769461,-0.131529211250124,-0.130828142579229,-0.130133186911911,-0.129444292586161,-0.128761408100021,-0.128084482093321,-0.127413463333477,-0.126748300704907,-0.126088943201647,-0.1254353399228,-0.12478744007047,-0.124145192949878,-0.123508547971361,-0.122877454654015,-0.122251862630729,-0.121631721654413,-0.121016981605221,-0.120407592498595,-0.119803504493978,-0.119204667904063,-0.118611033204433,-0.118022551043507,-0.117439172252672,-0.116860847856525,-0.116287529083138,-0.115719167374291,-0.115155714395601,-0.1145971220465,-0.114043342470018,-0.113494328062332,-0.112950031482045,-0.112410405659172,-0.111875403803813,-0.111344979414477,-0.110819086286072,-0.110297678517515,-0.109780710518986,-0.109268137018794,-0.108759913069871,-0.108255994055881,-0.107756335696949,-0.107260894055011,-0.106769625538792,-0.106282486908413,-0.105799435279631,-0.105320428127732,-0.104845423291066,-0.104374378974244,-0.103907253751007,-0.103444006566769,-0.102984596740851,-0.102528983968408,-0.102077128322071,-0.101628990253298,-0.101184530593463,-0.100743710554677,-0.100306491730362,-0.0998728360955807,-0.0994427060071424,-0.099016064203482,-0.098592873804334,-0.0981730983102024,-0.0977567016016425,-0.0973436479383598,-0.0969339019581364,-0.096527428675595,-0.0961241934808073,-0.0957241621377566,-0.0953273007826616,-0.0949335759221706,-0.0945429544314327,-0.094155403552054,-0.0937708908899456,-0.093389384413071,-0.093010852449098,-0.0926352636829633,-0.0922625871543553,-0.09189279225512,-0.0915258487265974,-0.0911617266568924,-0.0908003964780867,-0.0904418289633949,-0.0900859952242715,-0.0897328667074727,-0.0893824151920762,-0.0890346127864652,-0.0886894319252791,-0.088346845366335,-0.0880068261875237,-0.0876693477836842,-0.0873343838634587,-0.0870019084461326,-0.0866718958584613,-0.0863443207314872,-0.0860191579973493,-0.0856963828860883,-0.0853759709224496,-0.0850578979226848,-0.084742139991357,-0.0844286735181487,-0.084117475174676,-0.0838085219113105,-0.083501790954011,-0.083197259801165,-0.0828949062204431,-0.0825947082456679,-0.0822966441736965,-0.0820006925613205,-0.0817068322221826,-0.0814150422237127,-0.0811253018840816,-0.0808375907691771,-0.0805518886896002,-0.080268175697683,0,-0.229215886878587,-0.227506131731474,-0.225755930983935,-0.223966505368587,-0.222144647598916,-0.220300796528384,-0.218446320680816,-0.21659203418614,-0.214747465146048,-0.212920544769663,-0.211117549354249,-0.209343193624344,-0.207600805854442,-0.205892537138603,-0.204219574255513,-0.20258233837313,-0.200980660722478,-0.199413932087151,-0.197881226356232,-0.196381400222641,-0.194913171945619,-0.193475182331687,-0.192066040984238,-0.190684360592838,-0.189328781680092,-0.187997989855658,-0.186690727276572,-0.185405799697088,-0.184142080216429,-0.182898510600171,-0.181674100857929,-0.180467927602676,-0.179279131590667,-0.178106914740803,-0.176950536853885,-0.175809312191664,-0.174682606029237,-0.173569831259413,-0.172470445101599,-0.17138394594856,-0.170309870370571,-0.169247790286559,-0.168197310304987,-0.167158065232579,-0.16612971774597,-0.165111956219479,-0.164104492701214,-0.163107061029225,-0.16211941507935,-0.161141327136569,-0.160172586381996,-0.159212997488037,-0.158262379314695,-0.157320563700429,-0.156387394341418,-0.155462725753504,-0.154546422311457,-0.153638357360563,-0.152738412395864,-0.151846476304679,-0.150962444668293,-0.150086219118963,-0.149217706748603,-0.148356819565741,-0.147503473997508,-0.146657590433624,-0.145819092809511,-0.144987908225814,-0.144163966601767,-0.143347200360001,-0.1425375441405,-0.14173493454157,-0.140939309885787,-0.140150610009034,-0.139368776070828,-0.138593750384267,-0.13782547626402,-0.137063897890894,-0.136308960191587,-0.13556060873236,-0.134818789625417,-0.134083449446879,-0.133354535165316,-0.132631994079875,-0.131915773767105,-0.131205822035662,-0.13050208688811,-0.129804516489141,-0.129113059139534,-0.128427663255272,-0.12774827735126,-0.127074850029143,-0.126407329968754,-0.125745665922774,-0.125089806714213,-0.124439701236369,-0.123795298454926,-0.123156547411919,-0.122523397231287,-0.121895797125781,-0.121273696405003,-0.120657044484399,-0.120045790895008,-0.119439885293817,-0.118839277474597,-0.118243917379066,-0.11765375510829,-0.117068740934214,-0.116488825311233,-0.115913958887735,-0.115344092517532,-0.114779177271144,-0.114219164446866,-0.113664005581577,-0.113113652461268,-0.112568057131236,-0.112027171905943,-0.111490949378493,-0.110959342429731,-0.110432304236944,-0.109909788282147,-0.109391748359957,-0.108878138585053,-0.108368913399205,-0.107864027577894,-0.107363436236506,-0.106867094836121,-0.106374959188882,-0.105886985462975,-0.105403130187209,-0.104923350255212,-0.104447602929248,-0.103975845843673,-0.103508037008035,-0.10304413480982,-0.102584098016877,-0.102127885779513,-0.101675457632272,-0.101226773495426,-0.100781793676168,-0.100340478869529,-0.0999027901590316,-0.0994686890170916,-0.0990381373051689,-0.0986110972736919,-0.0981875315617583,-0.0977674031966247,-0.0973506755929957,-0.096937312552122,-0.0965272782607177,-0.0961205372897061,-0.0957170545928032,-0.0953167955049485,-0.0949197257405905,-0.0945258113918372,-0.0941350189264777,-0.0937473151858843,-0.0933626673828021,-0.0929810430990328,-0.0926024102830216,-0.0922267372473509,-0.0918539926661509,-0.0914841455724297,-0.0911171653553323,-0.0907530217573312,-0.0903916848713564,-0.0900331251378678,-0.0896773133418784,-0.0893242206099283,-0.0889738184070188,-0.0886260785335073,-0.0882809731219702,-0.0879384746340347,-0.0875985558571861,-0.0872611899015513,-0.0869263501966654,-0.0865940104882211,-0.0862641448348057,-0.0859367276046293,-0.085611733472245,-0.0852891374152656,-0.0849689147110776,-0.0846510409335564,-0.084335491949783,-0.084022243916767,-0.0837112732781746,-0.0834025567610658,-0.0830960713726419,-0.0827917943970041,-0.0824897033919262,-0.0821897761856415,-0.0818919908736455,-0.0815963258155166,-0.0813027596317546,-0.0810112712006389,-0.0807218396551073,-0.0804344443796557,-0.080149065007261,-0.0798656814163266,-0.0795842737276507,0,-0.227900544876294,-0.226150742163438,-0.224359795033112,-0.222530410740294,-0.220671920218085,-0.218796555273355,-0.216916613401276,-0.215043186601365,-0.21318562924445,-0.211351406759261,-0.209546162109428,-0.207773902282328,-0.206037238974882,-0.204337640626567,-0.20267567046216,-0.201051197638774,-0.199463576665575,-0.197911795057207,-0.196394591739726,-0.194910549874564,-0.193458168078661,-0.192035913872377,-0.190642262812861,-0.189275726306237,-0.187934870615185,-0.186618329130556,-0.185324809576283,-0.184053097473168,-0.182802056898721,-0.181570629343324,-0.180357831271517,-0.17916275084487,-0.177984544143365,-0.176822431129526,-0.175675691528729,-0.174543660745589,-0.173425725896514,-0.172321322009198,-0.171229928418794,-0.170151065375457,-0.169084290867687,-0.168029197658908,-0.166985410530313,-0.165952583720285,-0.164930398549332,-0.163918561218835,-0.162916800771969,-0.161924867205454,-0.160942529721391,-0.159969575109116,-0.159005806247678,-0.158051040720341,-0.157105109533096,-0.156167855929899,-0.155239134297864,-0.154318809156223,-0.153406754223291,-0.152502851556152,-0.151606990758124,-0.150719068249424,-0.149838986596752,-0.148966653897806,-0.148101983216967,-0.147244892068655,-0.146395301945038,-0.145553137885002,-0.144718328081454,-0.143890803524202,-0.143070497675837,-0.142257346178165,-0.141451286586916,-0.140652258132559,-0.139860201505215,-0.139075058661767,-0.138296772653382,-0.1375252874718,-0.136760547912811,-0.136002499455483,-0.135251088155785,-0.134506260553333,-0.133767963590105,-0.133036144540011,-0.13231075094833,-0.131591730580069,-0.130879031376372,-0.130172601418196,-0.129472388896503,-0.128778342088301,-0.128090409337901,-0.12740853904283,-0.126732679643859,-0.12606277961869,-0.125398787478839,-0.124740651769331,-0.124088321070846,-0.12344174400397,-0.122800869235266,-0.122165645484889,-0.121536021535499,-0.120911946242251,-0.120293368543663,-0.119680237473193,-0.119072502171342,-0.118470111898173,-0.117873016046095,-0.117281164152803,-0.11669450591429,-0.116112991197825,-0.115536570054834,-0.114965192733611,-0.114398809691804,-0.113837371608624,-0.113280829396748,-0.112729134213853,-0.112182237473783,-0.111640090857309,-0.111102646322457,-0.110569856114407,-0.110041672774938,-0.109518049151413,-0.108998938405307,-0.108484294020265,-0.107974069809709,-0.107468219923966,-0.106966698856955,-0.106469461452416,-0.1059764629097,-0.105487658789118,-0.105003005016868,-0.104522457889552,-0.104045974078277,-0.103573510632371,-0.10310502498272,-0.102640474944725,-0.102179818720913,-0.101723014903199,-0.101270022474817,-0.100820800811933,-0.10037530968495,-0.0999335092595213,-0.0994953600972815,-0.0990608231563076,-0.0986298597913247,-0.0982024317536663,-0.097778501191,-0.0973580306468321,-0.0969409830598009,-0.0965273217627693,-0.0961170104817283,-0.0957100133345204,-0.0953062948293933,-0.0949058198633937,-0.0945085537206103,-0.0941144620702743,-0.0937235109647277,-0.093335666837265,-0.0929508964998594,-0.0925691671407791,-0.0921904463221016,-0.0918147019771333,-0.0914419024077419,-0.0910720162816059,-0.0907050126293903,-0.0903408608418529,-0.0899795306668864,-0.0896209922065034,-0.0892652159137689,-0.0889121725896835,-0.0885618333800261,-0.0882141697721556,-0.0878691535917804,-0.0875267569996974,-0.0871869524885041,-0.0868497128792892,-0.0865150113183041,-0.086182821273619,-0.0858531165317657,-0.0855258711943728,-0.0852010596747922,-0.084878656694724,-0.0845586372808378,-0.0842409767613969,-0.0839256507628849,-0.0836126352066378,-0.0833019063054838,-0.082993440560392,-0.0826872147571328,-0.0823832059629504,-0.0820813915232498,-0.0817817490582995,-0.0814842564599516,-0.0811888918883796,-0.0808956337688364,-0.080604460788432,-0.0803153518929342,-0.0800282862835905,-0.0797432434139739,-0.0794602029868534,-0.0791791449510888,-0.0789000494985515,0,-0.226551892537737,-0.224760786060483,-0.222927934667852,-0.221058214206269,-0.219163872505777,-0.217258808823613,-0.215355985096466,-0.213466496728199,-0.211599282151436,-0.209761145255819,-0.207956948593573,-0.206189889001457,-0.204461796840618,-0.202773422926464,-0.201124694291911,-0.199514931343926,-0.197943025813482,-0.196407582533244,-0.194907029683955,-0.193439702576117,-0.192003905826739,-0.190597958283636,-0.189220224432472,-0.187869135398171,-0.186543202074806,-0.185241022409696,-0.183961284434798,-0.182702766279278,-0.181464334104922,-0.180244938672134,-0.179043611059996,-0.177859457920597,-0.17669165653804,-0.175539449879519,-0.17440214176395,-0.173279092228212,-0.172169713138265,-0.171073464069233,-0.169989848462522,-0.168918410057402,-0.16785872958759,-0.166810421729372,-0.165773132285618,-0.164746535589257,-0.163730332109818,-0.162724246247239,-0.161728024298079,-0.160741432580315,-0.159764255704051,-0.158796294976567,-0.1578373669312,-0.156887301970499,-0.155945943115006,-0.155013144849784,-0.154088772061524,-0.153172699059675,-0.1522648086756,-0.151364991434229,-0.150473144793102,-0.149589172444094,-0.14871298367341,-0.147844492775783,-0.146983618519034,-0.146130283655433,-0.145284414476514,-0.144445940408192,-0.143614793643241,-0.142790908808377,-0.141974222663319,-0.14116467382942,-0.140362202545559,-0.139566750449163,-0.138778260380336,-0.137996676207226,-0.137221942670863,-0.136454005247838,-0.135692810029276,-0.134938303614694,-0.134190433019402,-0.13344914559423,-0.132714388956427,-0.131986110930678,-0.131264259499263,-0.130548782760445,-0.129839628894269,-0.129136746134985,-0.128440082749409,-0.127749587020554,-0.127065207235961,-0.126386891680163,-0.125714588630805,-0.125048246357956,-0.124387813126206,-0.123733237199173,-0.123084466846079,-0.122441450350094,-0.121804136018158,-0.121172472192048,-0.120546407260443,-0.119925889671815,-0.11931086794793,-0.118701290697827,-0.118097106632122,-0.1174982645775,-0.116904713491301,-0.116316402476085,-0.115733280794101,-0.115155297881582,-0.114582403362792,-0.11401454706379,-0.113451679025836,-0.112893749518425,-0.112340709051897,-0.111792508389612,-0.111249098559645,-0.110710430866017,-0.110176456899411,-0.109647128547404,-0.109122398004174,-0.1086022177797,-0.10808654070846,-0.107575319957606,-0.107068509034645,-0.106566061794617,-0.10606793244679,-0.105574075560867,-0.105084446072728,-0.10459899928971,-0.104117690895444,-0.103640476954255,-0.10316731391514,-0.10269815861534,-0.102232968283517,-0.101771700542551,-0.101314313411972,-0.100860765310035,-0.100411015055461,-0.0999650218688555,-0.0995227453738067,-0.0990841455976966,-0.0986491829722226,-0.0982178183336489,-0.0977900129228007,-0.0973657283848119,-0.0969449267686397,-0.0965275705263572,-0.0961136225122371,-0.0957030459816349,-0.0952958045896856,-0.0948918623898228,-0.0944911838321297,-0.094093733761534,-0.0936994774158539,-0.0933083804237058,-0.0929204088022822,-0.0925355289550079,-0.0921537076690825,-0.0917749121129179,-0.0913991098334778,-0.0910262687535255,-0.0906563571687888,-0.090289343745046,-0.0899251975151427,-0.0895638878759407,-0.0892053845852107,-0.0888496577584678,-0.088496677865761,-0.0881464157284167,-0.0877988425157443,-0.087453929741707,-0.087111649261562,-0.0867719732684748,-0.0864348742901104,-0.0861003251852064,-0.0857682991401309,-0.0854387696654269,-0.0851117105923497,-0.0847870960693972,-0.0844649005588363,-0.0841450988332305,-0.0838276659719674,-0.0835125773577913,-0.083199808673342,-0.0828893358977017,-0.0825811353029527,-0.0822751834507461,-0.0819714571888856,-0.0816699336479255,-0.0813705902377866,-0.0810734046443891,-0.0807783548263062,-0.0804854190114375,-0.0801945756937046,-0.0799058036297694,-0.0796190818357764,-0.0793343895841193,-0.0790517064002333,-0.0787710120594136,-0.0784922865836606,-0.0782155102385528,0,-0.225167879723972,-0.223334272802236,-0.221458414151025,-0.219548451622793,-0.217619686848957,-0.215687392187312,-0.213764849022756,-0.211862848263861,-0.209989661932996,-0.208151242434239,-0.206351538085403,-0.204592849541084,-0.202876177837921,-0.201201536765457,-0.199568218106708,-0.197975008104911,-0.19642035876929,-0.194902519941038,-0.193419638641456,-0.191969831932684,-0.190551238824572,-0.189162055929965,-0.187800560745731,-0.186465125685029,-0.185154225333794,-0.183866438856065,-0.182600449022829,-0.181355038976741,-0.180129087558185,-0.178921563794257,-0.177731520980164,-0.176558090651964,-0.175400476652134,-0.174257949417703,-0.173129840568945,-0.172015537839876,-0.170914480366534,-0.169826154332017,-0.168750088956454,-0.167685852813569,-0.166633050452118,-0.16559131929909,-0.164560326821633,-0.163539767925539,-0.162529362569505,-0.161528853576036,-0.16053800462157,-0.159556598390083,-0.158584434876044,-0.157621329824043,-0.156667113293753,-0.155721628340046,-0.154784729799125,-0.153856283172447,-0.152936163600978,-0.152024254923026,-0.15112044880947,-0.150224643970746,-0.149336745430374,-0.148456663860235,-0.147584314973135,-0.146719618968523,-0.145862500027515,-0.145012885853599,-0.144170707255687,-0.143335897770334,-0.14250839332019,-0.141688131905912,-0.140875053328947,-0.140069098942753,-0.139270211430198,-0.138478334604994,-0.137693413235205,-0.13691539288694,-0.136144219786534,-0.135379840699581,-0.134622202825341,-0.133871253705102,-0.133126941143235,-0.132389213139718,-0.13165801783304,-0.130933303452446,-0.130215018278601,-0.129503110611776,-0.128797528746783,-0.128098220953904,-0.127405135465163,-0.126718220465299,-0.126037424086907,-0.125362694409208,-0.124693979459998,-0.12403122722035,-0.123374385631673,-0.122723402604791,-0.122078226030728,-0.121438803792902,-0.120805083780493,-0.120177013902734,-0.119554542103943,-0.118937616379092,-0.118326184789767,-0.117720195480365,-0.11711959669441,-0.116524336790861,-0.115934364260335,-0.11534962774114,-0.11477007603506,-0.114195658122815,-0.113626323179154,-0.11306202058753,-0.112502699954316,-0.111948311122542,-0.111398804185113,-0.110854129497503,-0.110314237689897,-0.10977907967879,-0.109248606678011,-0.108722770209192,-0.108201522111671,-0.107684814551832,-0.10717260003189,-0.10666483139813,-0.106161461848593,-0.105662444940253,-0.105167734595649,-0.104677285109033,-0.104191051152011,-0.103708987778706,-0.103231050430457,-0.102757194940073,-0.102287377535638,-0.10182155484391,-0.101359683893305,-0.100901722116498,-0.100447627352646,-0.0999973578492554,-0.099550872263702,-0.0991081296644268,-0.0986690895318148,-0.098233711758775,-0.0978019566510357,-0.0973737849271673,-0.0969491577183474,-0.0965280365678808,-0.0961103834304874,-0.0956961606713697,-0.0952853310650725,-0.0948778577941466,-0.0944737044476266,-0.0940728350193355,-0.0936752139060233,-0.0932808059053542,-0.0928895762137481,-0.092501490424087,-0.0921165145232963,-0.0917346148898081,-0.0913557582909154,-0.0909799118800249,-0.090607043193816,-0.0902371201493134,-0.0898701110408792,-0.0895059845371333,-0.0891447096778052,-0.088786255870526,-0.0884305928875652,-0.0880776908625169,-0.0877275202869425,-0.087380052006973,-0.0870352572198762,-0.086693107470594,-0.0863535746482526,-0.0860166309826505,-0.0856822490407285,-0.0853504017230236,-0.0850210622601123,-0.0846942042090447,-0.0843698014497732,-0.0840478281815794,-0.0837282589195001,-0.0834110684907568,-0.0830962320311891,-0.082783724981697,-0.0824735230846908,-0.0821656023805538,-0.0818599392041168,-0.0815565101811489,-0.0812552922248639,-0.0809562625324448,-0.0806593985815881,-0.0803646781270686,-0.080072079197326,-0.0797815800910752,-0.0794931593739399,-0.0792067958751115,-0.0789224686840346,-0.0786401571471186,-0.0783598408644765,-0.0780814996866929,-0.0778051137116203,-0.0775306632812042,0,-0.223746367048235,-0.221869233318108,-0.219949432420802,-0.217999935683189,-0.216038905212703,-0.214082529373466,-0.212143999923417,-0.210233475349505,-0.20835831266256,-0.20652343612229,-0.204731764493414,-0.202984636017408,-0.201282193181094,-0.199623709868678,-0.198007857379469,-0.196432913497074,-0.194896922207126,-0.193397812551136,-0.191933484699029,-0.190501870354554,-0.189100973472649,-0.187728896162394,-0.186383853659398,-0.185064181406097,-0.183768336578154,-0.182494895827775,-0.181242550563338,-0.180010100731098,-0.178796447791866,-0.177600587378001,-0.176421601960538,-0.175258653741564,-0.174110977903843,-0.17297787629063,-0.171858711547703,-0.170752901732106,-0.1696599153744,-0.16857926697048,-0.167510512873237,-0.166453247551901,-0.165407100186685,-0.164371731567526,-0.163346831267733,-0.162332115065744,-0.161327322590765,-0.16033221517059,-0.159346573862275,-0.158370197648568,-0.157402901784922,-0.156444516283712,-0.155494884523766,-0.154553861974667,-0.153621315026405,-0.152697119915972,-0.151781161743287,-0.150873333569606,-0.14997353559217,-0.149081674389375,-0.148197662231249,-0.147321416450378,-0.146452858868843,-0.14559191527699,-0.144738514960201,-0.143892590270042,-0.143054076236447,-0.142222910217789,-0.141399031585901,-0.140582381443298,-0.139772902370035,-0.138970538197794,-0.13817523380896,-0.137386934958589,-0.136605588117308,-0.135831140333337,-0.135063539111931,-0.134302732310667,-0.133548668049126,-0.132801294631596,-0.132060560481564,-0.131326414086819,-0.130598803954119,-0.129877678572415,-0.129162986383746,-0.128454675760955,-0.127752694991484,-0.127056992266534,-0.126367515674956,-0.125684213201298,-0.125007032727474,-0.124335922037567,-0.123670828825342,-0.123011700704067,-0.122358485218285,-0.121711129857213,-0.121069582069485,-0.120433789278975,-0.119803698901467,-0.119179258361968,-0.118560415112475,-0.117947116650041,-0.117339310534981,-0.116736944409108,-0.116139966013882,-0.115548323208363,-0.114961963986903,-0.1143808364965,-0.113804889053738,-0.113234070161286,-0.112668328523892,-0.112107613063846,-0.111551872935887,-0.11100105754152,-0.110455116542741,-0.109913999875147,-0.109377657760426,-0.108846040718231,-0.108319099577425,-0.107796785486709,-0.107279049924641,-0.106765844709039,-0.106257122005794,-0.105752834337092,-0.105252934589072,-0.104757376018906,-0.104266112261353,-0.103779097334771,-0.103296285646617,-0.102817631998452,-0.102343091590458,-0.101872620025502,-0.101406173312739,-0.100943707870797,-0.100485180530539,-0.100030548537437,-0.0995797695535574,-0.0991328016591931,-0.0986896033541403,-0.0982501335586489,-0.0978143516140557,-0.0973822172831182,-0.0969536907500624,-0.09652873262036,-0.0961073039202486,-0.0956893660960088,-0.0952748810130108,-0.0948638109545437,-0.0944561186204411,-0.0940517671255111,-0.0936507199977871,-0.0932529411766069,-0.0928583950105318,-0.0924670462551159,-0.0920788600705366,-0.0916938020190929,-0.0913118380625835,-0.0909329345595715,-0.0905570582625443,-0.0901841763149774,-0.0898142562483089,-0.0894472659788311,-0.0890831738045091,-0.0887219484017284,-0.0883635588219822,-0.0880079744885017,-0.087655165192835,-0.0873051010913825,-0.0869577527018904,-0.0866130908999096,-0.086271086915224,-0.0859317123282522,-0.0855949390664271,-0.085260739400557,-0.0849290859411722,-0.0845999516348609,-0.0842733097605961,-0.0839491339260593,-0.0836273980639609,-0.083308076428363,-0.0829911435910047,-0.0826765744376339,-0.0823643441643475,-0.0820544282739414,-0.0817468025722745,-0.0814414431646451,-0.0811383264521848,-0.0808374291282702,-0.0805387281749525,-0.08024220085941,-0.0799478247304209,-0.0796555776148602,-0.0793654376142207,-0.0790773831011601,-0.0787913927160735,-0.0785074453636945,-0.0782255202097232,-0.0779455966774842,-0.0776676544446134,-0.0773916734397752,-0.0771176338394108,-0.0768455160645171,0,-0.222285400079516,-0.220363677466579,-0.218399363380353,-0.216411814696439,-0.214421478141906,-0.212444866115842,-0.210494630856079,-0.20857996602338,-0.206707077612325,-0.204879705776715,-0.203099647780717,-0.201367235931713,-0.199681745179414,-0.198041723633902,-0.196445250558634,-0.194890131587641,-0.193374042323762,-0.191894630935267,-0.190449589011488,-0.189036698366315,-0.187653859975786,-0.186299109916363,-0.184970626063532,-0.183666728408239,-0.182385875128233,-0.18112665598566,-0.179887784184413,-0.178668087486791,-0.177466499138003,-0.176282048961232,-0.175113854850841,-0.173961114794824,-0.172823099490414,-0.17169914557121,-0.170588649434605,-0.169491061640054,-0.168405881838561,-0.167332654189112,-0.166270963216778,-0.165220430068562,-0.164180709125782,-0.163151484935236,-0.162132469425109,-0.161123399375335,-0.160124034115633,-0.159134153427736,-0.158153555631218,-0.157182055834939,-0.156219484338376,-0.155265685169052,-0.154320514743925,-0.153383840644057,-0.152455540493045,-0.151535500930752,-0.150623616674735,-0.149719789662494,-0.148823928268323,-0.147935946589059,-0.147055763793529,-0.146183303530868,-0.145318493393272,-0.144461264429059,-0.143611550702207,-0.142769288894787,-0.141934417948969,-0.141106878745479,-0.140286613815616,-0.139473567084091,-0.13866768364018,-0.137868909534803,-0.137077191601338,-0.136292477298106,-0.135514714570614,-0.134743851731781,-0.133979837358499,-0.13322262020298,-0.132472149117498,-0.131728372991192,-0.130991240697734,-0.130260701052742,-0.129536702779909,-0.128819194484919,-0.128108124636265,-0.127403441552195,-0.126705093393053,-0.126013028158361,-0.125327193688036,-0.124647537667198,-0.123974007634074,-0.123306550990545,-0.122645115014937,-0.12198964687669,-0.121340093652563,-0.120696402344102,-0.120058519896087,-0.119426393215739,-0.118799969192459,-0.118179194717936,-0.117564016706439,-0.116954382115161,-0.116350237964486,-0.11575153135807,-0.115158209502636,-0.114570219727406,-0.113987509503102,-0.113410026460449,-0.112837718408144,-0.112270533350232,-0.111708419502878,-0.111151325310493,-0.110599199461202,-0.110051990901642,-0.109509648851073,-0.108972122814808,-0.108439362596957,-0.107911318312481,-0.107387940398577,-0.106869179625383,-0.106354987106035,-0.105845314306064,-0.105340113052168,-0.104839335540364,-0.104342934343533,-0.10385086241838,-0.103363073111834,-0.102879520166882,-0.102400157727887,-0.101924940345382,-0.101453822980376,-0.100986761008178,-0.100523710221773,-0.100064626834751,-0.0996094674838255,-0.0991581892309406,-0.0987107495650036,-0.0982671064032461,-0.0978272180922396,-0.0973910434085776,-0.0969585415592429,-0.0965296721816753,-0.096104395343555,-0.0956826715423176,-0.0952644617044138,-0.0948497271843295,-0.0944384297633784,-0.0940305316482814,-0.0936259954695444,-0.0932247842796474,-0.0928268615510568,-0.0924321911740703,-0.0920407374545085,-0.0916524651112593,-0.09126733927369,-0.0908853254789311,-0.0905063896690456,-0.0901304981880895,-0.0897576177790737,-0.0893877155808331,-0.0890207591248127,-0.0886567163317764,-0.0882955555084455,-0.0879372453440743,-0.0875817549069681,-0.0872290536409492,-0.0868791113617783,-0.0865318982535339,-0.0861873848649573,-0.0858455421057667,-0.0855063412429444,-0.0851697538970027,-0.0848357520382316,-0.0845043079829325,-0.0841753943896415,-0.0838489842553456,-0.0835250509116947,-0.0832035680212129,-0.0828845095735119,-0.0825678498815093,-0.0822535635776533,-0.0819416256101573,-0.0816320112392465,-0.0813246960334175,-0.0810196558657147,-0.0807168669100228,-0.0804163056373795,-0.0801179488123085,-0.0798217734891752,-0.0795277570085644,-0.0792358769936847,-0.0789461113467975,-0.0786584382456735,-0.0783728361400765,-0.078089283748277,-0.0778077600535945,-0.0775282443009707,-0.0772507159935735,-0.0769751548894328,-0.0767015409981084,-0.0764298545773903,-0.0761600761300331,0,-0.220783435294381,-0.21881558124595,-0.216806824171616,-0.214783641126378,-0.212767813570751,-0.210775497949745,-0.208818343663496,-0.206904259036076,-0.205038086292735,-0.203222253174182,-0.201457371109476,-0.199742747913102,-0.198076803121624,-0.196457390197443,-0.194882037958391,-0.19334812599563,-0.1918530081997,-0.190394096613013,-0.188968915622545,-0.187575134432893,-0.186210583975127,-0.18487326293968,-0.183561336447667,-0.182273129953186,-0.181007120255639,-0.17976192495646,-0.178536291284316,-0.177329084908327,-0.176139279136424,-0.174965944736406,-0.173808240505404,-0.172665404637021,-0.171536746885086,-0.170421641491432,-0.169319520826856,-0.168229869685398,-0.167152220169146,-0.166086147101888,-0.165031263913341,-0.163987218940487,-0.162953692097867,-0.161930391874089,-0.160917052617031,-0.159913432075005,-0.158919309165483,-0.157934481946825,-0.15695876577177,-0.1559919916043,-0.155034004483968,-0.154084662123801,-0.153143833629675,-0.152211398330508,-0.151287244709833,-0.150371269430383,-0.149463376444159,-0.148563476181202,-0.147671484810919,-0.146787323570341,-0.145910918154168,-0.145042198161843,-0.144181096597268,-0.1433275494171,-0.142481495123815,-0.141642874400046,-0.140811629780878,-0.139987705361061,-0.139171046534255,-0.138361599761659,-0.13755931236752,-0.136764132359219,-0.135976008269753,-0.135194889020632,-0.134420723803301,-0.13365346197738,-0.132893052984096,-0.132139446273449,-0.13139259124372,-0.130652437192081,-0.12991893327512,-0.129192028478243,-0.128471671592936,-0.127757811201028,-0.127050395665107,-0.126349373124345,-0.125654691495058,-0.124966298475377,-0.12428414155346,-0.123608168018741,-0.122938324975758,-0.122274559360137,-0.121616817956364,-0.120965047417005,-0.120319194283081,-0.119679205005321,-0.119045025966066,-0.118416603501594,-0.117793883924709,-0.117176813547398,-0.116565338703434,-0.115959405770793,-0.115358961193774,-0.114763951504736,-0.114174323345358,-0.113590023487381,-0.113010998852744,-0.112437196533092,-0.111868563808611,-0.111305048166158,-0.110746597316664,-0.110193159211802,-0.109644682059904,-0.109101114341112,-0.108562404821787,-0.108028502568147,-0.107499356959173,-0.106974917698761,-0.10645513482715,-0.10593995873164,-0.105429340156601,-0.104923230212804,-0.10442158038608,-0.10392434254534,-0.103431468949958,-0.102942912256549,-0.102458625525163,-0.101978562224902,-0.101502676239004,-0.101030921869388,-0.100563253840705,-0.100099627303898,-0.0996399978393005,-0.0991843214592942,-0.0987325546105371,-0.0982846541757929,-0.097840577475372,-0.0974002822682069,-0.0969637267525782,-0.0965308695665108,-0.0961016697878542,-0.0956760869340672,-0.0952540809617207,-0.0948356122657333,-0.0944206416783584,-0.0940091304679322,-0.0936010403374015,-0.0931963334226403,-0.0927949722905714,-0.0923969199371031,-0.092002139784895,-0.0916105956809614,-0.0912222518941257,-0.0908370731123357,-0.0904550244398487,-0.090076071394297,-0.0897001799036417,-0.0893273163030259,-0.0889574473315322,-0.0885905401288551,-0.0882265622318945,-0.0878654815712781,-0.0875072664678184,-0.0871518856289123,-0.086799308144888,-0.086449503485306,-0.0861024414952187,-0.0857580923913957,-0.0854164267585168,-0.0850774155453402,-0.0847410300608488,-0.0844072419703792,-0.0840760232917371,-0.083747346391303,-0.0834211839801317,-0.0830975091100495,-0.0827762951697499,-0.0824575158808944,-0.082141145294218,-0.081827157785643,-0.0815155280524038,-0.0812062311091852,-0.0808992422842753,-0.0805945372157352,-0.0802920918475887,-0.0799918824260316,-0.0796938854956634,-0.0793980778957436,-0.0791044367564713,-0.0788129394952929,-0.0785235638132361,-0.0782362876912728,-0.0779510893867114,-0.0776679474296193,-0.0773868406192773,-0.0771077480206647,-0.0768306489609784,-0.076555523026184,-0.0762823500576011,-0.0760111101485232,-0.0757417836408713,-0.0754743511218834,0,-0.219239508581033,-0.217222919357636,-0.215170770957673,-0.213115446069843,-0.211078822391206,-0.209075991601697,-0.207117151818472,-0.205208633324507,-0.203353735045904,-0.201553477806366,-0.199807253877293,-0.198113354454163,-0.196469377106782,-0.194872528232272,-0.193319840003278,-0.19180832078065,-0.190335055337205,-0.188897268119181,-0.187492359866585,-0.186117925461537,-0.184771758901734,-0.183451849751339,-0.182156374231248,-0.180883683204972,-0.179632288635119,-0.17840084957961,-0.177188158426206,-0.175993127797164,-0.174814778367422,-0.173652227709952,-0.172504680195354,-0.171371417917449,-0.170251792583621,-0.169145218291078,-0.168051165103112,-0.166969153339169,-0.165898748496429,-0.164839556726964,-0.163791220801929,-0.162753416502053,-0.161725849381238,-0.160708251857144,-0.159700380589,-0.158702014108554,-0.157712950674987,-0.156733006328832,-0.15576201312355,-0.154799817516446,-0.153846278903122,-0.152901268281826,-0.151964667035788,-0.151036365823116,-0.150116263565048,-0.149204266524356,-0.148300287466573,-0.147404244897402,-0.146516062370314,-0.145635667858805,-0.144762993188292,-0.143897973522976,-0.143040546903365,-0.142190653830466,-0.141348236892923,-0.140513240433632,-0.139685610252626,-0.138865293343205,-0.138052237658514,-0.137246391905962,-0.136447705367042,-0.13565612774029,-0.134871609005287,-0.134094099305742,-0.133323548849852,-0.132559907826269,-0.13180312633411,-0.131053154325599,-0.130309941560016,-0.129573437567744,-0.128843591623306,-0.128120352726365,-0.127403669589767,-0.126693490633772,-0.125989763985691,-0.125292437484238,-0.124601458687939,-0.123916774887036,-0.123238333118349,-0.122566080182632,-0.121899962663988,-0.121239926950976,-0.12058591925905,-0.11993788565404,-0.119295772076399,-0.118659524365973,-0.118029088287084,-0.117404409553742,-0.116785433854811,-0.116172106879003,-0.115564374339564,-0.114962181998549,-0.114365475690596,-0.113774201346125,-0.11318830501389,-0.11260773288284,-0.112032431303243,-0.111462346807035,-0.110897426127377,-0.110337616217395,-0.10978286426809,-0.109233117725423,-0.108688324306549,-0.108148432015235,-0.107613389156441,-0.107083144350083,-0.106557646543999,-0.106036845026113,-0.105520689435835,-0.1050091297747,-0.104502116416267,-0.10399960011531,-0.103501532016311,-0.103007863661275,-0.102518546996904,-0.102033534381138,-0.101552778589094,-0.101076232818425,-0.100603850694118,-0.10013558627276,-0.09967139404629,-0.0992112289452604,-0.0987550463416317,-0.098302802051119,-0.0978544523351127,-0.0974099539021947,-0.0969692639092683,-0.0965323399623229,-0.0960991401168513,-0.0956696228779381,-0.0952437472000377,-0.0948214724864568,-0.0944027585885613,-0.0939875658047203,-0.0935758548790036,-0.0931675869996492,-0.0927627237973119,-0.0923612273431086,-0.0919630601464729,-0.0915681851528318,-0.0911765657411155,-0.0907881657211124,-0.090402949330681,-0.0900208812328275,-0.0896419265126601,-0.0892660506742297,-0.0888932196372657,-0.0885233997338148,-0.0881565577047933,-0.0877926606964573,-0.0874316762568021,-0.087073572331894,-0.086718317262145,-0.0863658797785332,-0.0860162289987777,-0.085669334423472,-0.0853251659321823,-0.0849836937795149,-0.0846448885911588,-0.0843087213599062,-0.0839751634416575,-0.0836441865514126,-0.0833157627592545,-0.0829898644863263,-0.0826664645008073,-0.0823455359138907,-0.0820270521757646,-0.0817109870716008,-0.0813973147175535,-0.0810860095567698,-0.0807770463554145,-0.0804704001987125,-0.0801660464870087,-0.0798639609318492,-0.0795641195520844,-0.0792664986699956,-0.0789710749074479,-0.0786778251820685,-0.0783867267034538,-0.0780977569694055,-0.0778108937621966,-0.0775261151448684,-0.0772433994575604,-0.0769627253138718,-0.0766840715972578,-0.076407417457459,-0.0761327423069662,-0.0758600258175211,-0.0755892479166515,-0.0753203887842435,-0.0750534288491506,-0.0747883487858388,0,-0.217651782429476,-0.215583749871549,-0.213490617075114,-0.211407814310161,-0.209355957372552,-0.207348397653795,-0.2053934744899,-0.203495689591635,-0.201656661049709,-0.19987594710349,-0.198151720929843,-0.196481292005523,-0.194861490215058,-0.193288937864639,-0.191760235185173,-0.190272081479334,-0.188821349650388,-0.187405127723114,-0.186020737541154,-0.184665738132052,-0.183337919171101,-0.182035288422244,-0.180756055875679,-0.17949861644537,-0.178261532463521,-0.177043516757273,-0.175843416772489,-0.174660199986967,-0.173492940705229,-0.172340808229362,-0.17120305634024,-0.170079013989711,-0.168968077088427,-0.167869701270037,-0.166783395515909,-0.1657087165324,-0.16464526378282,-0.163592675087173,-0.162550622713671,-0.1615188098963,-0.160496967722091,-0.159484852340107,-0.158482242451407,-0.157488937045513,-0.15650475335421,-0.155529524997974,-0.154563100304041,-0.153605340778245,-0.15265611971529,-0.151715320934227,-0.150782837627661,-0.14985857131462,-0.148942430888204,-0.148034331750105,-0.147134195024902,-0.146241946847725,-0.145357517719441,-0.144480841924018,-0.143611857003169,-0.142750503283718,-0.141896723453496,-0.141050462181856,-0.14021166578117,-0.139380281905938,-0.138556259286343,-0.137739547493321,-0.13693009673241,-0.136127857663836,-0.135332781246458,-0.134544818603382,-0.133763920907205,-0.132990039282987,-0.132223124727214,-0.131463128041135,-0.130709999776976,-0.129963690195679,-0.129224149234881,-0.128491326486004,-0.127765171179382,-0.127045632176471,-0.126332657968246,-0.125626196679003,-0.124926196074822,-0.124232603576045,-0.123545366273155,-0.122864430945541,-0.122189744082644,-0.12152125190706,-0.120858900399208,-0.12020263532322,-0.119552402253736,-0.118908146603334,-0.11826981365036,-0.117637348566922,-0.117010696446896,-0.116389802333749,-0.115774611248052,-0.115165068214568,-0.114561118288795,-0.113962706582889,-0.113369778290893,-0.1127822787132,-0.112200153280216,-0.111623347575175,-0.111051807356077,-0.11048547857673,-0.109924307406886,-0.109368240251447,-0.108817223768755,-0.108271204887967,-0.107730130825508,-0.107193949100623,-0.106662607550045,-0.10613605434178,-0.105614237988045,-0.105097107357362,-0.104584611685841,-0.104076700587675,-0.103573324064858,-0.103074432516167,-0.102579976745424,-0.10208990796906,-0.101604177823016,-0.101122738369001,-0.100645542100132,-0.10017254194598,-0.0997036912770549,-0.0992389439087455,-0.0987782541047402,-0.0983215765799569,-0.0978688665030002,-0.0974200794981719,-0.0969751716470542,-0.0965340994896895,-0.0960968200253765,-0.0956632907131018,-0.095233469471629,-0.0948073146792624,-0.0943847851733025,-0.0939658402492143,-0.0935504396595215,-0.0931385436124451,-0.0927301127703023,-0.0923251082476777,-0.0919234916093854,-0.0915252248682323,-0.0911302704825975,-0.0907385913538399,-0.0903501508235459,-0.0899649126706291,-0.0895828411082926,-0.0892039007808645,-0.0888280567605163,-0.0884552745438743,-0.0880855200485321,-0.0877187596094743,-0.0873549599754165,-0.0869940883050743,-0.0866361121633629,-0.0862809995175389,-0.0859287187332881,-0.0855792385707674,-0.0852325281806045,-0.0848885570998641,-0.0845472952479823,-0.0842087129226772,-0.0838727807958388,-0.0835394699094028,-0.083208751671213,-0.0828805978508758,-0.0825549805756105,-0.0822318723260996,-0.0819112459323407,-0.081593074569505,-0.0812773317538041,-0.0809639913383681,-0.0806530275091369,-0.0803444147807686,-0.0800381279925657,-0.079734142304421,-0.0794324331927867,-0.0791329764466668,-0.0788357481636352,-0.0785407247458809,-0.0782478828962815,-0.0779571996145066,-0.0776686521931519,-0.0773822182139051,-0.0770978755437451,-0.0768156023311747,-0.0765353770024877,-0.0762571782580723,-0.0759809850687484,-0.0757067766721442,-0.0754345325691074,-0.0751642325201554,-0.0748958565419625,-0.0746293849038862,-0.0743647981245308,-0.0741020769683511,0,-0.216017540665402,-0.213896390751041,-0.211766364199834,-0.209661953615365,-0.207601241972643,-0.205595252594648,-0.203650120870816,-0.201768323633328,-0.199949709764848,-0.198192361757867,-0.196493268350212,-0.194848818881903,-0.19325514947312,-0.191708375135566,-0.190204738114508,-0.188740696619646,-0.187312972184911,-0.185918569027473,-0.18455477503222,-0.18321915119737,-0.181909514326482,-0.180623916257166,-0.179360621833863,-0.178118087054383,-0.176894938268059,-0.175689952918446,-0.174502042061035,-0.173330234713152,-0.172173663983754,-0.171031554866457,-0.169903213545762,-0.168788018053799,-0.167685410115599,-0.166594888029665,-0.165516000443784,-0.16444834090116,-0.163391543047496,-0.162345276404534,-0.16130924262932,-0.160283172190738,-0.159266821405626,-0.158259969786052,-0.157262417657172,-0.156273984011728,-0.155294504572717,-0.154323830040323,-0.153361824502944,-0.152408363995196,-0.151463335188267,-0.15052663420005,-0.149598165514118,-0.148677840997965,-0.147765579012047,-0.14686130360207,-0.145964943767732,-0.145076432801747,-0.144195707693545,-0.143322708592476,-0.142457378325764,-0.141599661966813,-0.140749506449773,-0.139906860226573,-0.139071672962876,-0.138243895269681,-0.137423478467478,-0.136610374380122,-0.135804535155752,-0.135005913112295,-0.134214460605241,-0.133430129915585,-0.132652873155941,-0.131882642193021,-0.131119388584789,-0.130363063530745,-0.129613617833909,-0.128871001873199,-0.128135165585006,-0.12740605845287,-0.12668362950425,-0.125967827313488,-0.125258600010131,-0.124555895291867,-0.12385966044139,-0.123169842346582,-0.122486387523472,-0.121809242141454,-0.121138352050345,-0.120473662808869,-0.119815119714222,-0.119162667832402,-0.118516252029038,-0.117875817000451,-0.117241307304762,-0.116612667392838,-0.115989841638932,-0.115372774370861,-0.114761409899622,-0.114155692548329,-0.113555566680393,-0.112960976726885,-0.112371867213004,-0.111788182783629,-0.111209868227902,-0.110636868502826,-0.110069128755861,-0.109506594346505,-0.108949210866856,-0.108396924161163,-0.10784968034436,-0.107307425819613,-0.106770107294872,-0.106237671798466,-0.105710066693744,-0.105187239692795,-0.104669138869269,-0.104155712670318,-0.103646909927688,-0.103142679867991,-0.102642972122181,-0.102147736734261,-0.101656924169253,-0.101170485320459,-0.100688371516039,-0.10021053452493,-0.0997369265621462,-0.0992675002934767,-0.0988022088396086,-0.0983410057797069,-0.0978838451544741,-0.0974306814687129,-0.0969814696934189,-0.0965361652674272,-0.0960947240986329,-0.0956571025648116,-0.095223257514059,-0.094793146264871,-0.094366726605885,-0.0939439567953011,-0.0935247955600014,-0.0931092020943874,-0.0926971360589495,-0.092288557578588,-0.0918834272406999,-0.0914817060930464,-0.0910833556414173,-0.0906883378471037,-0.0902966151241947,-0.0899081503367081,-0.0895229067955705,-0.0891408482554548,-0.0887619389114877,-0.0883861433958385,-0.0880134267741972,-0.0876437545421527,-0.0872770926214789,-0.0869134073563387,-0.0865526655094121,-0.086194834257958,-0.0858398811898149,-0.0854877742993489,-0.0851384819833549,-0.0847919730369171,-0.0844482166492344,-0.0841071823994163,-0.083768840252255,-0.0834331605539773,-0.0831001140279826,-0.0827696717705688,-0.0824418052466536,-0.0821164862854906,-0.081793687076389,-0.0814733801644347,-0.0811555384462204,-0.0808401351655857,-0.0805271439093691,-0.0802165386031765,-0.0799082935071669,-0.0796023832118587,-0.0792987826339574,-0.0789974670122079,-0.0786984119032722,-0.0784015931776348,-0.0781069870155365,-0.0778145699029395,-0.0775243186275227,-0.0772362102747109,-0.0769502222237372,-0.0766663321437403,-0.0763845179898976,-0.0761047579995947,-0.0758270306886315,-0.0755513148474673,-0.0752775895375028,-0.0750058340874021,-0.0747360280894534,-0.0744681513959694,-0.0742021841157279,-0.0739381066104521,-0.073675899491332,-0.0734155436155862,0,-0.214333868730328,-0.212159682472766,-0.209998733224939,-0.207879751714331,-0.205817285839736,-0.203819568654436,-0.201890264072245,-0.200029691285988,-0.198235896052446,-0.196505516574358,-0.194834426342298,-0.193218181515351,-0.19165231612398,-0.190132526467047,-0.188654778064487,-0.18721536004837,-0.185810904841776,-0.184438385665488,-0.183095100562485,-0.181778648883129,-0.180486904225021,-0.17921798644357,-0.177970234380264,-0.176742180281099,-0.17553252641566,-0.174340124098746,-0.173163955117517,-0.172003115445893,-0.170856801060403,-0.169724295640663,-0.168604959930405,-0.167498222542521,-0.166403572007712,-0.165320549886663,-0.164248744787452,-0.16318778715134,-0.162137344690129,-0.161097118376354,-0.160066838903535,-0.159046263547422,-0.158035173370902,-0.157033370725029,-0.156040677006815,-0.155056930641132,-0.154081985259625,-0.15311570805396,-0.152157978284427,-0.151208685927801,-0.150267730450776,-0.149335019697161,-0.148410468878603,-0.147493999659811,-0.146585539330312,-0.145685020055584,-0.144792378201098,-0.143907553723406,-0.143030489622882,-0.142161131453152,-0.141299426882642,-0.140445325303982,-0.139598777487313,-0.138759735273811,-0.137928151306014,-0.137103978791736,-0.13628717129861,-0.135477682576473,-0.134675466405037,-0.133880476464436,-0.133092666226443,-0.1323119888643,-0.131538397179263,-0.130771843542114,-0.130012279848028,-0.129259657483316,-0.128513927302678,-0.127775039615735,-0.127042944181693,-0.126317590211117,-0.125598926373856,-0.124886900812284,-0.124181461159078,-0.12348255455882,-0.122790127692822,-0.122104126806585,-0.121424497739398,-0.120751185955619,-0.120084136577243,-0.119423294417389,-0.118768604014399,-0.118120009666267,-0.117477455465152,-0.116840885331765,-0.116210243049448,-0.115585472297776,-0.114966516685558,-0.114353319783111,-0.113745825153722,-0.113143976384202,-0.112547717114482,-0.111956991066191,-0.11137174207018,-0.110791914092957,-0.110217451262017,-0.109648297890058,-0.109084398498069,-0.108525697837301,-0.107972140910121,-0.10742367298976,-0.10688023963898,-0.106341786727668,-0.105808260449382,-0.105279607336876,-0.104755774276629,-0.104236708522401,-0.103722357707853,-0.103212669858255,-0.102707593401315,-0.102207077177157,-0.101711070447487,-0.101219522903968,-0.100732384675841,-0.100249606336827,-0.0997711389113291,-0.0992969338799792,-0.0988269431845454,-0.0983611192322399,-0.0978994148994498,-0.0974417835349205,-0.0969881789624192,-0.0965385554829034,-0.0960928678762213,-0.0956510714023673,-0.0952131218023185,-0.0947789752984719,-0.0943485885947089,-0.0939219188761039,-0.0934989238083014,-0.0930795615365791,-0.0926637906846155,-0.0922515703529836,-0.0918428601173835,-0.0914376200266337,-0.0910358106004366,-0.0906373928269323,-0.0902423281600564,-0.0898505785167152,-0.0894621062737914,-0.0890768742649932,-0.088694845777559,-0.0883159845488282,-0.0879402547626908,-0.087567621045923,-0.0871980484644229,-0.0868315025193507,-0.0864679491431876,-0.0861073546957159,-0.0857496859599335,-0.085394910137907,-0.0850429948465714,-0.0846939081134838,-0.0843476183725362,-0.0840040944596341,-0.0836633056083465,-0.0833252214455324,-0.0829898119869488,-0.0826570476328453,-0.0823268991635487,-0.0819993377350432,-0.0816743348745482,-0.0813518624761001,-0.0810318927961378,-0.080714398449099,-0.0803993524030275,-0.0800867279751946,-0.0797764988277397,-0.0794686389633284,-0.0791631227208341,-0.0788599247710429,-0.0785590201123846,-0.0782603840666921,-0.0779639922749886,-0.0776698206933073,-0.0773778455885433,-0.0770880435343371,-0.0768003914069959,-0.0765148663814481,-0.0762314459272358,-0.0759501078045447,-0.0756708300602723,-0.0753935910241356,-0.0751183693048175,-0.0748451437861547,-0.0745738936233659,-0.07430459823932,-0.0740372373208483,-0.0737717908150958,-0.0735082389259161,-0.0732465621103086,-0.0729867410748965,-0.0727287567724494,0,-0.21259628955343,-0.210373270308304,-0.208189279128827,-0.206063814925011,-0.204007284331564,-0.202024810218194,-0.200117404205957,-0.198283165131243,-0.19651835939921,-0.194818257433425,-0.193177719839407,-0.191591579667773,-0.190054875758263,-0.18856298361773,-0.187111678416151,-0.185697154405113,-0.184316017370437,-0.182965261302114,-0.1816422367172,-0.180344615498367,-0.179070355344351,-0.177817665717643,-0.176584976350486,-0.175370908817725,-0.174174251324176,-0.172993936628119,-0.171829022890259,-0.170678677169162,-0.169542161258377,-0.168418819561672,-0.16730806872025,-0.16620938873203,-0.165122315333018,-0.164046433441278,-0.162981371493118,-0.161926796527652,-0.160882409899529,-0.159847943520046,-0.15882315654432,-0.15780783243686,-0.156801776360062,-0.155804812840177,-0.154816783673481,-0.153837546042019,-0.152866970813654,-0.151904941005405,-0.150951350392536,-0.150006102248571,-0.149069108203594,-0.148140287209945,-0.147219564605816,-0.146306871268369,-0.145402142848923,-0.144505319083471,-0.143616343172456,-0.142735161224206,-0.141861721756902,-0.140995975254335,-0.140137873771043,-0.139287370582743,-0.13844441987822,-0.137608976489145,-0.136780995654484,-0.135960432816413,-0.135147243444867,-0.134341382888039,-0.133542806246348,-0.132751468267561,-0.131967323260952,-0.131190325028507,-0.13042042681137,-0.12965758124985,-0.128901740355456,-0.128152855493548,-0.127410877375313,-0.12667575605791,-0.125947440951682,-0.125225880833496,-0.124511023865307,-0.12380281761717,-0.123101209093961,-0.122406144765187,-0.121717570597286,-0.121035432087913,-0.120359674301747,-0.119690241907414,-0.119027079215157,-0.118370130214943,-0.117719338614722,-0.1170746478786,-0.116436001264701,-0.115803341862553,-0.115176612629833,-0.11455575642833,-0.113940716059036,-0.113331434296244,-0.112727853920613,-0.112129917751101,-0.11153756867575,-0.11095074968128,-0.11036940388145,-0.109793474544207,-0.109222905117578,-0.108657639254336,-0.108097620835425,-0.107542793992174,-0.106993103127298,-0.106448492934727,-0.105908908418269,-0.105374294909146,-0.104844598082419,-0.10431976397235,-0.103799738986717,-0.103284469920123,-0.102773903966335,-0.102267988729674,-0.101766672235514,-0.101269902939901,-0.100777629738341,-0.100289801973786,-0.0998063694438551,-0.0993272824073213,-0.0988524915898991,-0.098381948189363,-0.0979156038800309,-0.0974534108166416,-0.0969953216376565,-0.0965412894680157,-0.0960912679213748,-0.0956452111018508,-0.0952030736053043,-0.0947648105201814,-0.0943303774279414,-0.0938997304030934,-0.0934728260128642,-0.0930496213165203,-0.0926300738643635,-0.0922141416964214,-0.0918017833408511,-0.0913929578120753,-0.0909876246086678,-0.090585743711005,-0.0901872755787001,-0.0897921811478353,-0.0894004218280053,-0.0890119594991872,-0.0886267565084504,-0.0882447756665173,-0.0878659802441879,-0.0874903339686404,-0.0871178010196165,-0.0867483460255031,-0.0863819340593204,-0.0860185306346234,-0.0856581017013285,-0.0853006136414707,-0.084946033264901,-0.0845943278049301,-0.0842454649139261,-0.0838994126588724,-0.0835561395168921,-0.0832156143707442,-0.0828778065042982,-0.0825426855979905,-0.0822102217242692,-0.0818803853430306,-0.0815531472970525,-0.0812284788074267,-0.0809063514689973,-0.0805867372458053,-0.080269608466544,-0.0799549378200288,-0.0796426983506837,-0.0793328634540464,-0.0790254068722956,-0.0787203026898026,-0.0784175253287085,-0.0781170495445295,-0.0778188504217925,-0.0775229033697018,-0.0772291841178389,-0.076937668711897,-0.0766483335094509,-0.0763611551757637,-0.0760761106796317,-0.0757931772892681,-0.075512332568226,-0.0752335543713622,-0.0749568208408427,-0.0746821104021886,-0.0744094017603655,-0.0741386738959151,-0.0738699060611303,-0.0736030777762723,-0.0733381688258343,-0.0730751592548458,-0.0728140293652232,-0.0725547597121638,-0.0722973311005844,-0.0720417245816033,0,-0.210800465217381,-0.208537893985456,-0.206340475430262,-0.204217483653183,-0.202175000103643,-0.200214856087735,-0.198335320640836,-0.196532283378242,-0.194800313903926,-0.193133435109306,-0.191525627575636,-0.189971131281465,-0.188464608900368,-0.187001219627803,-0.185576637412141,-0.18418703606643,-0.182829055880865,-0.181499761125832,-0.180196594382172,-0.178917331349878,-0.177660038268908,-0.176423033080969,-0.175204850804401,-0.174004213176565,-0.172820002365169,-0.171651238409341,-0.170497059986149,-0.16935670808202,-0.168229512162707,-0.167114878466821,-0.166012280088036,-0.164921248553736,-0.163841366649809,-0.162772262280237,-0.161713603185034,-0.160665092370578,-0.159626464132536,-0.158597480573505,-0.15757792853586,-0.156567616885267,-0.155566374092623,-0.154574046072055,-0.153590494240577,-0.152615593771334,-0.151649232017417,-0.150691307087196,-0.149741726555275,-0.148800406295663,-0.147867269425684,-0.146942245350709,-0.146025268901023,-0.14511627955311,-0.144215220728435,-0.143322039163458,-0.142436684345138,-0.141559108006672,-0.140689263678573,-0.139827106290567,-0.138972591820086,-0.138125676983426,-0.137286318965894,-0.136454475187508,-0.135630103101071,-0.134813160019618,-0.134003602970467,-0.133201388573302,-0.132406472939887,-0.131618811593197,-0.130838359403926,-0.130065070542478,-0.129298898444709,-0.128539795789824,-0.127787714488974,-0.127042605683217,-0.126304419749628,-0.125573106314455,-0.124848614272319,-0.124130891810546,-0.123419886437828,-0.122715545016458,-0.122017813797495,-0.12132663845826,-0.120641964141638,-0.119963735496718,-0.119291896720367,-0.118626391599352,-0.117967163552708,-0.11731415567407,-0.116667310773713,-0.116026571420106,-0.115391879980788,-0.114763178662427,-0.114140409549915,-0.11352351464441,-0.112912435900227,-0.112307115260512,-0.111707494691645,-0.111113516216333,-0.110525121945354,-0.109942254107953,-0.109364855080864,-0.108792867415961,-0.108226233866556,-0.107664897412345,-0.107108801283017,-0.106557888980565,-0.106012104300306,-0.105471391350651,-0.104935694571654,-0.104404958752376,-0.103879129047087,-0.103358150990365,-0.102841970511105,-0.102330533945502,-0.101823788049015,-0.101321680007387,-0.100824157446725,-0.100331168442704,-0.0998426615289172,-0.0993585857044165,-0.0988788904404807,-0.0984035256866409,-0.0979324418760051,-0.0974655899299117,-0.0970029212619463,-0.0965443877813549,-0.0960899418958839,-0.0956395365140763,-0.095193125047055,-0.0947506614098198,-0.0943121000220868,-0.0938773958086941,-0.0934465041996014,-0.0930193811295056,-0.0925959830370966,-0.0921762668639747,-0.0917601900532519,-0.0913477105478554,-0.0909387867885555,-0.0905333777117335,-0.0901314427469092,-0.0897329418140437,-0.0893378353206349,-0.0889460841586185,-0.0885576497010924,-0.0881724937988751,-0.0877905787769129,-0.0874118674305485,-0.0870363230216618,-0.0866639092746947,-0.0862945903725706,-0.0859283309525184,-0.0855650961018104,-0.0852048513534237,-0.0848475626816325,-0.0844931964975408,-0.0841417196445614,-0.0837930993938499,-0.083447303439699,-0.0831042998949014,-0.0827640572860843,-0.0824265445490239,-0.0820917310239443,-0.081759586450805,-0.0814300809645819,-0.0811031850905471,-0.0807788697395508,-0.0804571062033086,-0.0801378661496987,-0.0798211216180722,-0.0795068450145787,-0.0791950091075115,-0.0788855870226732,-0.0785785522387666,-0.0782738785828106,-0.0779715402255851,-0.0776715116771063,-0.0773737677821336,-0.0770782837157108,-0.0767850349787425,-0.0764939973936069,-0.0762051470998069,-0.0759184605496603,-0.0756339145040294,-0.0753514860280933,-0.07507115248716,-0.0747928915425233,-0.074516681147361,-0.0742424995426788,-0.0739703252532973,-0.0737001370838844,-0.0734319141150328,-0.0731656356993831,-0.0729012814577921,-0.0726388312755478,-0.0723782652986296,-0.0721195639300154,-0.0718627078260337,-0.0716076778927636,-0.0713544552824792,0,-0.208943794168571,-0.206655622457388,-0.204455757210523,-0.202344821697651,-0.200324725651629,-0.198393947386713,-0.196548013807218,-0.194780691640816,-0.193084993896027,-0.191453856834842,-0.18988054045222,-0.188358837699703,-0.186883162666762,-0.185448566256134,-0.184050710617087,-0.182685821865727,-0.181350633102027,-0.180042324994077,-0.178758468205043,-0.177496970030523,-0.17625602639489,-0.175034079583337,-0.173829781611249,-0.172641962856427,-0.171469605436819,-0.170311820761003,-0.169167830678768,-0.16803695169242,-0.166918581740563,-0.165812189124825,-0.164717303209743,-0.163633506582794,-0.162560428413213,-0.161497738793737,-0.160445143888648,-0.159402381744594,-0.158369218648279,-0.157345445937823,-0.156330877193034,-0.155325345744799,-0.154328702455658,-0.153340813733139,-0.152361559744917,-0.151390832810707,-0.150428535950433,-0.149474581571786,-0.148528890283064,-0.14759138981938,-0.146662014071992,-0.145740702211842,-0.14482739789944,-0.143922048574037,-0.143024604815718,-0.14213501977459,-0.141253248661695,-0.140379248296686,-0.139512976707627,-0.138654392778607,-0.13780345594114,-0.136960125905565,-0.13612436242892,-0.135296125115999,-0.134475373250501,-0.133662065653412,-0.132856160565943,-0.132057615554563,-0.131266387435799,-0.130482432218727,-0.129705705063157,-0.128936160251743,-0.128173751174354,-0.127418430323197,-0.126670149297318,-0.125928858815224,-0.125194508734489,-0.124467048077301,-0.123746425061031,-0.123032587132979,-0.122325481008538,-0.121625052712113,-0.120931247620176,-0.120244010505935,-0.119563285585139,-0.118889016562598,-0.118221146679052,-0.117559618758063,-0.116904375252662,-0.116255358291497,-0.11561250972428,-0.114975771166363,-0.11434508404228,-0.113720389628148,-0.113101629092812,-0.112488743537668,-0.111881674035081,-0.11128036166537,-0.110684747552308,-0.110094772897135,-0.109510379011051,-0.108931507346204,-0.108358099525171,-0.10779009736895,-0.107227442923472,-0.106670078484676,-0.106117946622154,-0.105570990201411,-0.105029152404775,-0.104492376750989,-0.103960607113528,-0.103433787737675,-0.102911863256411,-0.102394778705149,-0.101882479535358,-0.101374911627121,-0.100872021300672,-0.100373755326949,-0.0998800609372088,-0.0993908858317447,-0.0989061781877444,-0.0984258866663328,-0.0979499604188345,-0.0974783490922952,-0.0970110028343003,-0.0965478722971226,-0.0960889086412386,-0.095634063538242,-0.0951832891731908,-0.0947365382464163,-0.0942937639748255,-0.0938549200927248,-0.0934199608521944,-0.0929888410230377,-0.0925615158923331,-0.0921379412636114,-0.0917180734556838,-0.0913018693011404,-0.0908892861445431,-0.0904802818403317,-0.090074814750463,-0.089672843741802,-0.0892743281832816,-0.0888792279428495,-0.0884875033842159,-0.0880991153634194,-0.0877140252252242,-0.0873321947993622,-0.0869535863966343,-0.0865781628048811,-0.0862058872848372,-0.0858367235658772,-0.0854706358416665,-0.0851075887657254,-0.0847475474469156,-0.0843904774448588,-0.0840363447652948,-0.0836851158553873,-0.0833367575989855,-0.0829912373118468,-0.0826485227368287,-0.0823085820390546,-0.0819713838010611,-0.08163689701793,-0.0813050910924121,-0.0809759358300458,-0.0806494014342766,-0.0803254585015803,-0.080004078016594,-0.0796852313472599,-0.0793688902399829,-0.0790550268148073,-0.0787436135606142,-0.0784346233303426,-0.0781280293362376,-0.0778238051451263,-0.0775219246737247,-0.0772223621839781,-0.0769250922784349,-0.0766300898956575,-0.0763373303056705,-0.0760467891054481,-0.0757584422144417,-0.0754722658701493,-0.0751882366237275,-0.0749063313356462,-0.0746265271713885,-0.0743488015971947,-0.0740731323758529,-0.0737994975625344,-0.0735278755006772,-0.0732582448179155,-0.0729905844220571,-0.0727248734971076,-0.072461091499344,-0.0721992181534346,-0.0719392334486078,-0.0716811176348692,-0.0714248512192661,-0.0711704149622007,-0.0709177898737913,-0.0706669572102807,0,-0.207026753170177,-0.204729973337819,-0.202539516850333,-0.200450578181576,-0.198461226542805,-0.196566621446785,-0.194759637327744,-0.193032078626105,-0.191375596266067,-0.189782236639402,-0.188244720109024,-0.186756550026419,-0.185312024122385,-0.183906193403238,-0.182534795462036,-0.181194177868271,-0.1798812205856,-0.178593262366707,-0.177328033663918,-0.176083597127157,-0.174858295871031,-0.17365070916832,-0.172459614939178,-0.171283958271684,-0.170122825174644,-0.168975420789924,-0.167841051352924,-0.166719109268315,-0.165609060752242,-0.164510435574406,-0.163422818509662,-0.162345842176719,-0.161279181000533,-0.160222546085111,-0.159175680825314,-0.158138357120747,-0.157110372082887,-0.156091545149196,-0.155081715536059,-0.154080739976641,-0.153088490701013,-0.1521048536247,-0.151129726718563,-0.150163018538277,-0.149204646895647,-0.148254537657164,-0.147312623657568,-0.146378843718014,-0.145453141759842,-0.144535466006036,-0.143625768263314,-0.142724003278458,-0.141830128163019,-0.140944101881038,-0.140065884794722,-0.139195438263441,-0.138332724291618,-0.137477705221445,-0.136630343466531,-0.135790601282896,-0.134958440573903,-0.134133822725972,-0.133316708472114,-0.132507057780525,-0.131704829765692,-0.130909982619626,-0.130122473561035,-0.129342258800411,-0.128569293519166,-0.127803531861126,-0.1270449269348,-0.126293430825012,-0.125548994612607,-0.124811568401039,-0.124081101348791,-0.123357541706666,-0.122640836859085,-0.121930933368618,-0.121227777023069,-0.120531312884484,-0.119841485339553,-0.11915823815092,-0.118481514508974,-0.117811257083759,-0.117147408076676,-0.116489909271701,-0.115838702085878,-0.115193727618891,-0.114554926701528,-0.113922239942915,-0.113295607776382,-0.112674970503881,-0.112060268338875,-0.111451441447645,-0.110848429988966,-0.110251174152139,-0.109659614193356,-0.109073690470388,-0.108493343475623,-0.10791851386744,-0.107349142499964,-0.106785170451204,-0.106226539049638,-0.105673189899239,-0.105125064903016,-0.104582106285092,-0.104044256611372,-0.103511458808831,-0.102983656183492,-0.102460792437119,-0.101942811682685,-0.101429658458652,-0.100921277742128,-0.100417614960929,-0.0999186160046009,-0.0994242272344501,-0.0989343954926242,-0.0984490681102857,-0.0979681929149243,-0.0974917182368499,-0.0970195929149045,-0.0965517663014364,-0.0960881882665706,-0.0956288092018177,-0.0951735800230509,-0.0947224521728926,-0.0942753776225371,-0.0938323088730465,-0.0933931989561477,-0.0929580014345605,-0.0925266704018858,-0.09209916048208,-0.0916754268285417,-0.0912554251228354,-0.0908391115730769,-0.0904264429119994,-0.0900173763947276,-0.0896118697962732,-0.0892098814087778,-0.088811370038517,-0.0884162950026856,-0.0880246161259799,-0.0876362937369937,-0.0872512886644406,-0.0868695622332215,-0.0864910762603448,-0.086115793050718,-0.0857436753928182,-0.0853746865542555,-0.0850087902772396,-0.0846459507739592,-0.0842861327218836,-0.0839293012589983,-0.0835754219789787,-0.0832244609263135,-0.0828763845913845,-0.0825311599055083,-0.0821887542359501,-0.0818491353809113,-0.0815122715645011,-0.0811781314316949,-0.080846684043286,-0.0805178988708346,-0.0801917457916191,-0.0798681950835945,-0.07954721742036,-0.0792287838661422,-0.0789128658707946,-0.0785994352648182,-0.0782884642544059,-0.0779799254165131,-0.0776737916939572,-0.0773700363905481,-0.0770686331662528,-0.0767695560323944,-0.0764727793468886,-0.0761782778095193,-0.0758860264572544,-0.0755960006596028,-0.0753081761140147,-0.0750225288413259,-0.0747390351812471,-0.0744576717878992,-0.0741784156253953,-0.0739012439634696,-0.0736261343731554,-0.0733530647225103,-0.0730820131723916,-0.0728129581722804,-0.0725458784561552,-0.0722807530384159,-0.0720175612098574,-0.0717562825336937,-0.0714968968416316,-0.0712393842299957,-0.0709837250559023,-0.0707298999334846,-0.0704778897301669,-0.0702276755629894,-0.069979238794982,0,-0.205053458439176,-0.202765892684281,-0.200597052864196,-0.198540122671541,-0.196589665867397,-0.194737632554565,-0.192974421659961,-0.191290107043037,-0.189675220780517,-0.188121145600572,-0.186620258668215,-0.185165937411374,-0.183752495953094,-0.182375090990276,-0.181029618218864,-0.179712610445836,-0.178421143018856,-0.177152749128894,-0.175905345797401,-0.174677170367412,-0.173466726769597,-0.172272740559107,-0.171094121615813,-0.169929933404266,-0.168779367757376,-0.167641724249782,-0.166516393343436,-0.165402842606119,-0.164300605415619,-0.163209271663723,-0.162128480063127,-0.161057911736462,-0.159997284830512,-0.158946349951381,-0.157904886259359,-0.1568726980968,-0.155849612049918,-0.154835474367184,-0.153830148674073,-0.152833513937195,-0.151845462641069,-0.150865899148676,-0.149894738222925,-0.148931903690696,-0.147977327234573,-0.147030947299953,-0.14609270810718,-0.145162558759789,-0.144240452441079,-0.143326345692068,-0.142420197764525,-0.141521970043324,-0.140631625532763,-0.139749128401851,-0.138874443583885,-0.138007536425895,-0.137148372383827,-0.136296916759521,-0.135453134475821,-0.134616989886345,-0.133788446616672,-0.132967467433898,-0.13215401414173,-0.131348047498486,-0.130549527155531,-0.129758411613905,-0.128974658197036,-0.128198223037618,-0.127429061076899,-0.126667126074756,-0.125912370629086,-0.125164746203186,-0.12442420315991,-0.123690690801497,-0.122964157414102,-0.122244550316135,-0.12153181590963,-0.120825899733921,-0.120126746521022,-0.119434300252145,-0.118748504214872,-0.118069301060561,-0.117396632861607,-0.116730441168242,-0.116070667064603,-0.115417251223819,-0.114770133961932,-0.114129255290478,-0.113494554967594,-0.112865972547539,-0.112243447428546,-0.111626918898935,-0.111016326181431,-0.110411608475673,-0.109812704998881,-0.109219555024672,-0.10863209792005,-0.108050273180556,-0.107474020463623,-0.10690327962015,-0.106337990724336,-0.105778094101805,-0.105223530356079,-0.104674240393424,-0.104130165446135,-0.103591247094299,-0.103057427286095,-0.102528648356674,-0.102004853045679,-0.101485984513455,-0.100971986356006,-0.100462802618737,-0.0999583778090566,-0.099458656907868,-0.0989635853800123,-0.0984731091837084,-0.0979871747790382,-0.0975057291355237,-0.0970287197388411,-0.0965560945967158,-0.0960878022440419,-0.0956237917472656,-0.0951640127080736,-0.0947084152664248,-0.0942569501029604,-0.0938095684408302,-0.0933662220469674,-0.092926863232845,-0.0924914448547453,-0.0920599203135714,-0.0916322435542311,-0.091208369064618,-0.0907882518742183,-0.0903718475523661,-0.0899591122061727,-0.0895500024781504,-0.0891444755435542,-0.0887424891074606,-0.0883440014016029,-0.0879489711809823,-0.0875573577202709,-0.087169120810024,-0.0867842207527176,-0.0864026183586252,-0.0860242749415484,-0.0856491523144141,-0.0852772127847522,-0.0849084191500633,-0.0845427346930906,-0.084180123177003,-0.0838205488405036,-0.0834639763928685,-0.0831103710089282,-0.0827596983239985,-0.0824119244287681,-0.0820670158641519,-0.0817249396161151,-0.081385663110476,-0.0810491542076926,-0.0807153811976388,-0.0803843127943765,-0.0800559181309266,-0.0797301667540457,-0.0794070286190113,-0.0790864740844194,-0.078768473907,-0.0784529992364522,-0.078140021610302,-0.0778295129487875,-0.0775214455497729,-0.0772157920836937,-0.0769125255885365,-0.0766116194648542,-0.0763130474708205,-0.0760167837173228,-0.0757228026630979,-0.0754310791099099,-0.0751415881977733,-0.0748543054002209,-0.0745692065196189,-0.0742862676825295,-0.0740054653351222,-0.0737267762386345,-0.0734501774648822,-0.0731756463918204,-0.072903160699156,-0.0726326983640109,-0.0723642376566374,-0.0720977571361859,-0.0718332356465241,-0.0715706523121091,-0.071309986533912,-0.0710512179853946,-0.0707943266085386,-0.0705392926099275,-0.0702860964568804,-0.0700347188736378,-0.0697851408375994,-0.0695373435756141,-0.06929130856032,0,-0.203031365627377,-0.200769606567045,-0.198634477678011,-0.196619355393739,-0.194715511139161,-0.192911860966276,-0.191196590833747,-0.189558341312211,-0.187986809820439,-0.186472963237039,-0.185009040648197,-0.183588458042395,-0.182205675045739,-0.18085605372654,-0.17953572370814,-0.178241459852705,-0.176970574770108,-0.175720826368064,-0.174490339617759,-0.173277541196819,-0.17208110545872,-0.170899910142882,-0.169733000310986,-0.16857955912659,-0.167438884255734,-0.166310368835369,-0.165193486120536,-0.164087777072471,-0.162992840284017,-0.1619083237546,-0.160833918124796,-0.159769351061587,-0.158714382551594,-0.157668800912892,-0.15663241937853,-0.155605073138387,-0.154586616752205,-0.153576921866902,-0.152575875186903,-0.151583376658094,-0.150599337835003,-0.149623680407603,-0.148656334869131,-0.147697239310122,-0.146746338326552,-0.145803582032074,-0.144868925165766,-0.143942326287948,-0.143023747057398,-0.142113151583932,-0.141210505850767,-0.140315777201472,-0.139428933886593,-0.138549944665355,-0.137678778458017,-0.136815404044765,-0.135959789807154,-0.13511190350841,-0.134271712109038,-0.133439181614438,-0.132614276951407,-0.131796961870622,-0.130987198872378,-0.130184949153063,-0.129390172570035,-0.128602827622736,-0.127822871448053,-0.127050259828124,-0.126284947208898,-0.125526886727955,-0.124776030250193,-0.124032328410149,-0.123295730659816,-0.122566185320957,-0.121843639641004,-0.121128039851744,-0.120419331230058,-0.119717458160096,-0.119022364196316,-0.118333992126902,-0.117652284037131,-0.116977181372321,-0.116308625000034,-0.115646555271272,-0.114990912080427,-0.114341634923787,-0.113698662956459,-0.113061935047555,-0.112431389833556,-0.111806965769764,-0.111188601179793,-0.110576234303055,-0.109969803340213,-0.109369246496604,-0.108774502023621,-0.108185508258079,-0.10760220365958,-0.107024526845909,-0.106452416626503,-0.105885812034027,-0.105324652354108,-0.104768877153278,-0.104218426305177,-0.103673240015071,-0.103133258842744,-0.102598423723818,-0.102068675989566,-0.10154395738527,-0.101024210087184,-0.100509376718164,-0.0999994003620198,-0.0994942245766438,-0.0989937934059749,-0.0984980513908533,-0.0980069435788142,-0.0975204155328787,-0.0970384133393863,-0.096560883614923,-0.0960877735123884,-0.0956190307262491,-0.0951546034970234,-0.0946944406150374,-0.0942384914234954,-0.0937867058209028,-0.0933390342628799,-0.0928954277634011,-0.0924558378954967,-0.0920202167914474,-0.0915885171425056,-0.0911606921981717,-0.0907366957650561,-0.090316482205352,-0.0899000064349478,-0.0894872239212014,-0.089078090680402,-0.0886725632749405,-0.0882705988102111,-0.0878721549312634,-0.087477189819224,-0.0870856621875071,-0.0866975312778302,-0.0863127568560514,-0.085931299207844,-0.0855531191342233,-0.0851781779469384,-0.0848064374637426,-0.0844378600035557,-0.0840724083815273,-0.0837100459040144,-0.0833507363634826,-0.0829944440333407,-0.0826411336627169,-0.0822907704711871,-0.0819433201434619,-0.0815987488240393,-0.0812570231118322,-0.0809181100547752,-0.0805819771444186,-0.0802485923105132,-0.0799179239155946,-0.0795899407495684,-0.0792646120243039,-0.0789419073682381,-0.0786217968209974,-0.0783042508280376,-0.0779892402353064,-0.0776767362839338,-0.0773667106049506,-0.0770591352140393,-0.0767539825063194,-0.0764512252511705,-0.0761508365870929,-0.0758527900166114,-0.0755570594012195,-0.0752636189563704,-0.0749724432465125,-0.0746835071801727,-0.0743967860050879,-0.0741122553033869,-0.0738298909868213,-0.0735496692920493,-0.0732715667759705,-0.072995560311114,-0.0727216270810795,-0.0724497445760317,-0.0721798905882496,-0.0719120432077293,-0.0716461808178421,-0.0713822820910463,-0.071120325984655,-0.070860291736658,-0.0706021588615982,-0.0703459071465037,-0.0700915166468739,-0.0698389676827197,-0.0695882408346591,-0.0693393169400654,-0.0690921770892698,-0.0688468026218184,-0.0686031751227799,0,-0.200970294233616,-0.198748386558596,-0.196658593532675,-0.194694595279473,-0.192844425469492,-0.191094212103803,-0.189430274244317,-0.187840173901613,-0.186313089115629,-0.184839831323017,-0.183412708047377,-0.182025333597003,-0.180672434521974,-0.179349669145628,-0.178053467990886,-0.176780896454499,-0.175529538744606,-0.174297401129625,-0.173082832194978,-0.171884457749432,-0.170701128124092,-0.169531875793506,-0.168375881478075,-0.167232447132079,-0.166100974463252,-0.164980947855559,-0.163871920769635,-0.162773504872111,-0.161685361295334,-0.160607193554236,-0.159538741749743,-0.158479777770948,-0.157430101274352,-0.156389536270535,-0.15535792818924,-0.154335141325239,-0.153321056591369,-0.152315569523379,-0.151318588494931,-0.150330033111331,-0.149349832758116,-0.148377925286182,-0.147414255819136,-0.146458775671445,-0.145511441368035,-0.144572213757438,-0.14364105721162,-0.142717938906362,-0.141802828176574,-0.140895695941318,-0.139996514193603,-0.139105255550258,-0.138221892857381,-0.137346398847073,-0.136478745841339,-0.135618905499197,-0.134766848603285,-0.133922544882354,-0.133085962866323,-0.132257069770677,-0.131435831407265,-0.130622212118669,-0.129816174733587,-0.129017680540791,-0.128226689279448,-0.127443159143757,-0.126667046800015,-0.125898307414396,-0.125136894689889,-0.124382760910962,-0.123635856994679,-0.122896132547111,-0.122163535924009,-0.121438014294806,-0.12071951370913,-0.120007979165093,-0.119303354678709,-0.118605583353886,-0.117914607452482,-0.117230368464011,-0.116552807174611,-0.115881863734981,-0.115217477726997,-0.11455958822879,-0.11390813387811,-0.113263052933801,-0.112624283335291,-0.111991762759985,-0.111365428678501,-0.110745218407703,-0.110131069161485,-0.109522918099319,-0.108920702372541,-0.10832435916841,-0.107733825751944,-0.107149039505585,-0.106569937966715,-0.105996458863082,-0.105428540146178,-0.10486612002263,-0.104309136983663,-0.103757529832688,-0.103211237711091,-0.102670200122278,-0.102134356954037,-0.101603648499301,-0.101078015475352,-0.10055739904155,-0.100041740815644,-0.099530982888731,-0.0990250678389133,-0.098523938743736,-0.0980275391914437,-0.0975358132911261,-0.0970487056818035,-0.0965661615405079,-0.0960881265894122,-0.0956145471020587,-0.0951453699087342,-0.0946805424010407,-0.0942200125357063,-0.0937637288376791,-0.0933116404025476,-0.0928636968983252,-0.0924198485666397,-0.0919800462233621,-0.0915442412587119,-0.0911123856368693,-0.0906844318951298,-0.0902603331426283,-0.0898400430586636,-0.0894235158906494,-0.0890107064517193,-0.0886015701180092,-0.0881960628256418,-0.0877941410674341,-0.0873957618893515,-0.0870008828867252,-0.0866094622002549,-0.0862214585118135,-0.0858368310400701,-0.0854555395359484,-0.085077544277936,-0.0847028060672571,-0.084331286222924,-0.0839629465766788,-0.0835977494678383,-0.0832356577380523,-0.082876634725987,-0.0825206442619425,-0.0821676506624143,-0.0818176187246075,-0.081470513720912,-0.081126301393346,-0.0807849479479757,-0.0804464200493173,-0.0801106848147285,-0.0797777098087937,-0.0794474630377109,-0.0791199129436831,-0.0787950283993206,-0.0784727787020573,-0.0781531335685864,-0.0778360631293184,-0.0775215379228659,-0.0772095288905563,-0.076900007370979,-0.0765929450945664,-0.0762883141782132,-0.0759860871199355,-0.075686236793573,-0.0753887364435341,-0.0750935596795888,-0.0748006804717068,-0.0745100731449476,-0.0742217123743979,-0.0739355731801633,-0.0736516309224103,-0.0733698612964635,-0.073090240327956,-0.0728127443680351,-0.0725373500886236,-0.0722640344777372,-0.0719927748348583,-0.0717235487663663,-0.0714563341810252,-0.0711911092855286,-0.0709278525801014,-0.0706665428541595,-0.0704071591820262,-0.0701496809187063,-0.0698940876957173,-0.0696403594169775,-0.0693884762547505,-0.069138418645647,-0.0688901672866822,-0.0686437031313891,-0.0683990073859877,-0.0681560615056095,-0.0679148471905759,0,-0.198880549731899,-0.196710281697983,-0.194676746250012,-0.192772448891144,-0.190982145354253,-0.189289508329939,-0.187679415806493,-0.18613875231233,-0.184656511133468,-0.183223611417561,-0.181832629565743,-0.180477527850752,-0.179153409707075,-0.177856309224293,-0.176583014231957,-0.175330919704714,-0.174097907579461,-0.172882249134426,-0.171682526364734,-0.170497569146956,-0.169326405365505,-0.168168221554684,-0.167022331977005,-0.165888154399879,-0.164765191140948,-0.163653014222826,-0.162551253709671,-0.161459588492362,-0.160377738948924,-0.159305461036488,-0.158242541474499,-0.15718879376054,-0.156144054823723,-0.155108182169707,-0.154081051408842,-0.153062554087275,-0.152052595762059,-0.151051094277017,-0.150057978207619,-0.149073185451523,-0.148096661947363,-0.147128360508654,-0.146168239762578,-0.145216263185477,-0.144272398228222,-0.143336615525534,-0.142408888183925,-0.141489191143307,-0.140577500607589,-0.139673793539731,-0.138778047216878,-0.137890238841311,-0.137010345203076,-0.136138342390246,-0.135274205542956,-0.134417908647443,-0.133569424366529,-0.132728723903127,-0.131895776893545,-0.131070551327533,-0.130253013492233,-0.129443127937348,-0.128640857459063,-0.127846163100423,-0.127059004166046,-0.126279338249256,-0.125507121269835,-0.124742307520803,-0.123984849722765,-0.123234699084491,-0.122491805368557,-0.121756116960976,-0.121027580943877,-0.120306143170385,-0.119591748340964,-0.118884340080562,-0.118183861015993,-0.117490252853056,-0.116803456452959,-0.11612341190768,-0.115450058613959,-0.114783335345654,-0.114123180324233,-0.113469531287243,-0.112822325554598,-0.112181500092579,-0.111546991575465,-0.110918736444735,-0.110296670965803,-0.109680731282261,-0.109070853467647,-0.108466973574725,-0.107869027682322,-0.107276951939739,-0.106690682608797,-0.106110156103551,-0.105535309027738,-0.104966078210017,-0.104402400737068,-0.103844213984614,-0.103291455646438,-0.102744063761465,-0.102201976738987,-0.101665133382094,-0.101133472909387,-0.100606934975057,-0.100085459687374,-0.0995689876256929,-0.0990574598560068,-0.0985508179451486,-0.098049003973684,-0.0975519605475719,-0.0970596308086494,-0.0965719584440047,-0.0960888876942939,-0.0956103633610604,-0.0951363308131099,-0.0946667359919927,-0.0942015254166462,-0.093740646187243,-0.0932840459882934,-0.0928316730910445,-0.0923834763552201,-0.091939405230141,-0.091499409755265,-0.0910634405601825,-0.0906314488641048,-0.0902033864748766,-0.0897792057875457,-0.0893588597825208,-0.0889423020233445,-0.0885294866541101,-0.0881203683965492,-0.0877149025468113,-0.087313044971963,-0.0869147521062252,-0.0865199809469722,-0.0861286890505099,-0.0857408345276536,-0.0853563760391224,-0.0849752727907664,-0.0845974845286437,-0.0842229715339603,-0.0838516946178885,-0.0834836151162757,-0.0831186948842563,-0.0827568962907795,-0.0823981822130614,-0.0820425160309742,-0.0816898616213812,-0.0813401833524253,-0.0809934460777816,-0.0806496151308812,-0.0803086563191127,-0.0799705359180093,-0.0796352206654279,-0.079302677755726,-0.0789728748339417,-0.0786457799899824,-0.0783213617528274,-0.0779995890847477,-0.0776804313755489,-0.0773638584368389,-0.0770498404963263,-0.0767383481921508,-0.0764293525672501,-0.076122825063765,-0.0758187375174857,-0.0755170621523425,-0.0752177715749404,-0.0749208387691431,-0.0746262370907056,-0.0743339402619575,-0.074043922366539,-0.0737561578441903,-0.0734706214855962,-0.0731872884272858,-0.0729061341465893,-0.0726271344566522,-0.0723502655015067,-0.0720755037512031,-0.0718028259969987,-0.0715322093466076,-0.0712636312195084,-0.070997069342313,-0.0707325017441954,-0.0704699067523797,-0.0702092629876884,-0.0699505493601512,-0.069693745064673,-0.0694388295767617,-0.0691857826483156,-0.0689345843034698,-0.0686852148345016,-0.0684376547977941,-0.068191885009859,-0.0679478865434155,-0.0677056407235281,-0.0674651291238007,-0.0672263335626263,0,-0.196772391156838,-0.194663881903899,-0.192696664776596,-0.190859663255722,-0.189134347891223,-0.187502376158682,-0.18594768307312,-0.184456908881572,-0.183019202815814,-0.181625847370234,-0.180269874865674,-0.178945730058432,-0.177648988431502,-0.176376125818843,-0.175124331851672,-0.173891359902169,-0.172675407154168,-0.171475019398049,-0.170289015978849,-0.169116431034063,-0.167956467772683,-0.166808463089784,-0.165671860290057,-0.164546188111789,-0.163431044601667,-0.162326084693198,-0.161231010591827,-0.160145564273462,-0.159069521566322,-0.158002687414932,-0.156944892025689,-0.155895987670945,-0.15485584598765,-0.153824355651169,-0.152801420338083,-0.151786956916337,-0.150780893818906,-0.149783169570025,-0.14879373144213,-0.147812534228004,-0.146839539116954,-0.145874712666757,-0.144918025864964,-0.143969453274334,-0.143028972257855,-0.142096562279163,-0.141172204274381,-0.140255880091435,-0.139347571992948,-0.138447262218774,-0.13755493260426,-0.136670564250328,-0.135794137241505,-0.134925630408127,-0.134065021128997,-0.133212285170946,-0.132367396561849,-0.131530327493834,-0.130701048253575,-0.129879527176755,-0.129065730623965,-0.128259622975485,-0.127461166642586,-0.126670322093193,-0.125887047889885,-0.125111300738428,-0.124343035545162,-0.123582205481756,-0.122828762055957,-0.122082655187126,-0.121343833285463,-0.120612243333959,-0.119887830972215,-0.119170540581367,-0.118460315369458,-0.117757097456684,-0.117060827960003,-0.116371447076694,-0.115688894166483,-0.115013107831942,-0.114344025996902,-0.113681585982664,-0.113025724581846,-0.112376378129724,-0.111733482572987,-0.111096973535801,-0.110466786383172,-0.109842856281551,-0.109225118256698,-0.108613507248802,-0.108007958164883,-0.107408405928517,-0.106814785526922,-0.106227032055472,-0.105645080759683,-0.105068867074757,-0.104498326662736,-0.103933395447359,-0.103374009646689,-0.102820105803589,-0.102271620814133,-0.101728491954029,-0.101190656903136,-0.100658053768151,-0.100130621103554,-0.0996082979308844,-0.0990910237564225,-0.0985787385873563,-0.0980713829465069,-0.097568897885681,-0.0970712249977222,-0.0965783064273278,-0.0960900848806954,-0.0956065036340639,-0.095127506541207,-0.0946530380399395,-0.0941830431576916,-0.0937174675162043,-0.0932562573353984,-0.0927993594364657,-0.0923467212442295,-0.09189829078882,-0.0914540167067065,-0.0910138482411288,-0.090577735241965,-0.0901456281650744,-0.0897174780711503,-0.0892932366241157,-0.0888728560890948,-0.0884562893299892,-0.0880434898066891,-0.0876344115719456,-0.0872290092679295,-0.0868272381225024,-0.0864290539452218,-0.0860344131231026,-0.0856432726161548,-0.0852555899527192,-0.0848713232246154,-0.0844904310821233,-0.0841128727288121,-0.0837386079162327,-0.0833675969384885,-0.0829998006266967,-0.0826351803433547,-0.0822736979766225,-0.0819153159345322,-0.0815599971391351,-0.0812077050205979,-0.0808584035112547,-0.0805120570396252,-0.0801686305244069,-0.0798280893684481,-0.0794903994527099,-0.0791555271302233,-0.078823439220046,-0.0784941030012281,-0.0781674862067882,-0.0778435570177073,-0.0775222840569439,-0.077203636383475,-0.0768875834863668,-0.0765740952788781,-0.076263142092601,-0.0759546946716406,-0.0756487241668369,-0.0753452021300324,-0.0750441005083855,-0.0747453916387346,-0.0744490482420124,-0.0741550434177135,-0.0738633506384166,-0.0735739437443621,-0.0732867969380874,-0.0730018847791197,-0.0727191821787283,-0.0724386643947369,-0.072160307026396,-0.0718840860093176,-0.0716099776104703,-0.0713379584232375,-0.0710680053625378,-0.0708000956600079,-0.070534206859248,-0.0702703168111312,-0.0700084036691743,-0.0697484458849723,-0.0694904222036953,-0.0692343116596483,-0.0689800935718926,-0.0687277475399298,-0.0684772534394467,-0.068228591418123,-0.0679817418914984,-0.0677366855389011,-0.067493403299436,-0.067251876368033,-0.0670120861915537,-0.0667740144649571,-0.0665376431275236,0,-0.194655600663885,-0.192618132283331,-0.190726290740943,-0.188962965508064,-0.187306510734497,-0.185737132179282,-0.184238379152016,-0.182797095643088,-0.181402919329968,-0.180047733984271,-0.178725194670857,-0.177430343617732,-0.176159305962151,-0.174909050063878,-0.173677199004665,-0.172461882697613,-0.171261622340194,-0.170075240649567,-0.168901792583469,-0.167740512232104,-0.166590772365636,-0.165452053790472,-0.164323922231707,-0.163206010932686,-0.162098007555587,-0.160999644288032,-0.159910690319173,-0.158830946053671,-0.157760238592191,-0.156698418130694,-0.155645355024993,-0.154600937338016,-0.15356506873994,-0.152537666670158,-0.151518660698163,-0.150507991040519,-0.149505607205236,-0.148511466744639,-0.14752553410435,-0.146547779560329,-0.145578178238578,-0.144616709213697,-0.143663354683314,-0.142718099215759,-0.141780929068404,-0.140851831573985,-0.139930794592022,-0.139017806022248,-0.138112853376749,-0.137215923407379,-0.136327001784874,-0.135446072826035,-0.134573119265355,-0.133708122067459,-0.132851060276838,-0.132001910901423,-0.131160648826721,-0.130327246757343,-0.12950167518295,-0.128683902365828,-0.127873894347458,-0.127071614971658,-0.126277025922058,-0.125490086771844,-0.124710755043886,-0.123938986279537,-0.123174734114565,-0.122417950360796,-0.121668585092252,-0.12092658673463,-0.120191902157162,-0.119464476765961,-0.11874425459809,-0.118031178415689,-0.117325189799569,-0.116626229241776,-0.115934236236705,-0.115249149370387,-0.114570906407663,-0.113899444376992,-0.113234699652684,-0.112576608034413,-0.111925104823881,-0.111280124898542,-0.11064160278234,-0.110009472713411,-0.109383668708746,-0.108764124625827,-0.108150774221245,-0.107543551206352,-0.106942389299987,-0.106347222278337,-0.105757984022008,-0.10517460856036,-0.104597030113211,-0.104025183129968,-0.103459002326288,-0.102898422718351,-0.102343379654831,-0.101793808846662,-0.101249646394681,-0.100710828815248,-0.100177293063917,-0.099648976557264,-0.0991258171929347,-0.0986077533680203,-0.0980947239958247,-0.0975866685211117,-0.0970835269339069,-0.096585239781931,-0.0960917481817339,-0.0956029938286034,-0.0951189190053126,-0.094639466589773,-0.0941645800616538,-0.0936942035080283,-0.0932282816281052,-0.0927667597370971,-0.0923095837692807,-0.091856700280298,-0.0914080564487467,-0.0909636000771028,-0.0905232795920224,-0.090087044044061,-0.0896548431068498,-0.0892266270757681,-0.0888023468661438,-0.0883819540110184,-0.0879654006585066,-0.0875526395687814,-0.0871436241107114,-0.0867383082581798,-0.0863366465861087,-0.0859385942662125,-0.0855441070625047,-0.0851531413265775,-0.0847656539926764,-0.0843816025725865,-0.0840009451503511,-0.0836236403768366,-0.0832496474641619,-0.0828789261800058,-0.0825114368418069,-0.0821471403108694,-0.0817859979863861,-0.0814279717993913,-0.0810730242066541,-0.0807211181845216,-0.0803722172227223,-0.0800262853181381,-0.0796832869685532,-0.0793431871663875,-0.0790059513924224,-0.0786715456095247,-0.0783399362563749,-0.0780110902412067,-0.0776849749355625,-0.0773615581680683,-0.077040808218236,-0.0767226938102936,-0.0764071841070502,-0.0760942487037977,-0.0757838576222521,-0.0754759813045404,-0.0751705906072312,-0.0748676567954162,-0.0745671515368411,-0.0742690468960912,-0.0739733153288306,-0.0736799296760988,-0.0733888631586658,-0.0731000893714461,-0.0728135822779735,-0.0725293162049382,-0.0722472658367862,-0.0719674062103822,-0.071689712709736,-0.071414161060795,-0.0711407273263002,-0.0708693879007088,-0.0706001195051811,-0.0703328991826347,-0.070067704292864,-0.0698045125077247,-0.0695433018063859,-0.0692840504706463,-0.0690267370803169,-0.0687713405086686,-0.0685178399179453,-0.0682662147549405,-0.0680164447466401,-0.0677685098959274,-0.067522390477352,-0.0672780670329631,-0.0670355203682026,-0.0667947315478626,-0.0665556818921031,-0.0663183529725306,-0.0660827266083372,-0.0658487848624988,0,-0.192538981820478,-0.190582186662299,-0.188773598487629,-0.187088892284693,-0.185503768620996,-0.183997671341529,-0.182554360400958,-0.181161326474499,-0.179809005404926,-0.178490092888111,-0.177199007364686,-0.175931480394999,-0.174684244744732,-0.173454795779334,-0.172241208342954,-0.171041996251275,-0.169856004860436,-0.168682329406503,-0.167520253379179,-0.166369202370329,-0.16522870976814,-0.164098391424694,-0.162977927045976,-0.161867046560858,-0.160765520135693,-0.159673150827816,-0.158589769127801,-0.157515228838834,-0.156449403893145,-0.155392185819508,-0.154343481660713,-0.153303212202041,-0.152271310416769,-0.151247720066717,-0.150232394418233,-0.149225295049318,-0.148226390733804,-0.14723565639504,-0.146253072125582,-0.14527862227157,-0.14431229458161,-0.14335407942025,-0.142403969046029,-0.141461956953652,-0.140528037279357,-0.139602204267959,-0.138684451799597,-0.137774772973698,-0.136873159747358,-0.135979602625028,-0.135094090396195,-0.134216609917641,-0.133347145936783,-0.132485680952649,-0.131632195111042,-0.130786666130604,-0.129949069256562,-0.129119377239146,-0.128297560333792,-0.127483586320447,-0.126677420539483,-0.125879025941898,-0.125088363151685,-0.124305390538417,-0.123530064298293,-0.122762338542035,-0.122002165388215,-0.121249495060703,-0.120504275989116,-0.119766454911232,-0.119035976976493,-0.118312785849806,-0.117596823814969,-0.116888031877133,-0.116186349863798,-0.115491716523929,-0.114804069624815,-0.114123346046403,-0.113449481872845,-0.112782412481088,-0.112122072626339,-0.11146839652432,-0.110821317930223,-0.110180770214325,-0.109546686434242,-0.108918999403834,-0.108297641758767,-0.107682546018785,-0.107073644646734,-0.106470870104411,-0.105874154905299,-0.105283431664279,-0.104698633144403,-0.104119692300814,-0.103546542321916,-0.102979116667885,-0.102417349106632,-0.101861173747297,-0.101310525071398,-0.100765337961716,-0.100225547729028,-0.0996910901367782,-0.0991619014237809,-0.098637918325059,-0.0981190780908985,-0.0976053185042141,-0.0970965778963107,-0.0965927951611239,-0.0960939097680205,-0.0955998617732386,-0.0951105918300383,-0.0946260411976407,-0.0941461517490193,-0.0936708659776139,-0.0932001270030288,-0.0927338785757765,-0.0922720650811253,-0.0918146315421062,-0.0913615236217323,-0.0909126876244795,-0.0904680704970795,-0.0900276198286676,-0.08959128385033,-0.0891590114340928,-0.0887307520913892,-0.0883064559710443,-0.087886073856811,-0.0874695571644913,-0.0870568579386731,-0.0866479288491131,-0.0862427231867949,-0.085841194859685,-0.0854432983882169,-0.0850489889005222,-0.0846582221274338,-0.0842709543972814,-0.0838871426304978,-0.0835067443340566,-0.0831297175957571,-0.082756021078373,-0.0823856140136815,-0.0820184561963853,-0.0816545079779425,-0.081293730260316,-0.0809360844896562,-0.0805815326499247,-0.080230037256473,-0.0798815613495832,-0.0795360684879818,-0.0791935227423327,-0.0788538886887199,-0.0785171314021248,-0.0781832164499068,-0.0778521098852919,-0.0775237782408762,-0.0771981885221497,-0.0768753082010449,-0.0765551052095146,-0.076237547933144,-0.0759226052048008,-0.0756102462983265,-0.0753004409222718,-0.0749931592136808,-0.0746883717319247,-0.0743860494525891,-0.074086163761416,-0.0737886864483036,-0.0734935897013644,-0.0732008461010449,-0.0729104286143071,-0.0726223105888729,-0.0723364657475342,-0.0720528681825277,-0.0717714923499768,-0.0714923130643997,-0.0712153054932864,-0.0709404451517426,-0.0706677078972038,-0.0703970699242165,-0.0701285077592894,-0.0698619982558139,-0.0695975185890529,-0.0693350462511998,-0.0690745590465052,-0.0688160350864733,-0.0685594527851266,-0.0683047908543389,-0.0680520282992354,-0.067801144413662,-0.0675521187757196,-0.0673049312433666,-0.0670595619500867,-0.0668159913006226,-0.066574199966774,-0.0663341688832611,-0.0660958792436507,-0.0658593124963465,-0.0656244503406404,-0.0653912747228279,-0.0651597678323819,0,-0.190431315804236,-0.188565287653723,-0.186846403827356,-0.185243612215693,-0.183730770873314,-0.182287361534508,-0.180897962916556,-0.179551128656114,-0.178238365658549,-0.176953356486684,-0.175691392579714,-0.174448960942789,-0.173223439011679,-0.172012866827467,-0.17081577593649,-0.169631060877409,-0.168457883078821,-0.16729559952479,-0.166143710289411,-0.165001820333948,-0.163869611969406,-0.162746825195724,-0.16163324377946,-0.160528685452005,-0.159432995021163,-0.158346039508654,-0.157267704671169,-0.156197892447754,-0.155136519014002,-0.154083513224567,-0.153038815298374,-0.152002375652682,-0.150974153828182,-0.149954117471882,-0.148942241360734,-0.147938506459317,-0.146942899011082,-0.145955409666028,-0.144976032649204,-0.144004764974706,-0.143041605709397,-0.142086555289769,-0.141139614894297,-0.14020078587261,-0.139270069231786,-0.138347465179156,-0.137432972720252,-0.136526589309884,-0.135628310553823,-0.134738129958225,-0.133856038723634,-0.132982025580274,-0.132116076661254,-0.131258175410309,-0.130408302520759,-0.129566435902448,-0.128732550673588,-0.127906619174557,-0.127088611000905,-0.126278493052976,-0.125476229599774,-0.124681782354865,-0.12389511056232,-0.123116171090861,-0.122344918534573,-0.12158130531869,-0.120825281809148,-0.12007679642471,-0.119335795750641,-0.118602224653013,-0.117876026392856,-0.117157142739459,-0.116445514082239,-0.115741079540672,-0.115043777071874,-0.114353543575471,-0.113670314995483,-0.112994026418985,-0.112324612171379,-0.111662005908133,-0.111006140702897,-0.110356949131946,-0.109714363354902,-0.109078315191758,-0.108448736196194,-0.107825557725249,-0.107208711005386,-0.106598127195031,-0.10599373744365,-0.105395472947469,-0.104803265001919,-0.10421704505091,-0.103636744733052,-0.103062295924905,-0.102493630781402,-0.101930681773522,-0.101373381723354,-0.100821663836645,-0.100275461732947,-0.0997347094734758,-0.0991993415867845,-0.0986692930923543,-0.0981444995222108,-0.0976248969406593,-0.0971104219622389,-0.0966010117679867,-0.0960966041201035,-0.095597137375108,-0.0951025504955613,-0.0946127830604458,-0.094127775274271,-0.0936474679749848,-0.0931718026407579,-0.0927007213957107,-0.0922341670146471,-0.0917720829268555,-0.0913144132190388,-0.0908611026374257,-0.0904120965891199,-0.089967341142735,-0.0895267830283658,-0.0890903696369387,-0.0886580490189878,-0.0882297698828939,-0.0878054815926289,-0.0873851341650392,-0.0869686782667051,-0.0865560652104075,-0.0861472469512334,-0.08574217608235,-0.0853408058304736,-0.0849430900510604,-0.0845489832232437,-0.0841584404445397,-0.0837714174253441,-0.0833878704832404,-0.0830077565371376,-0.082631033101257,-0.0822576582789833,-0.0818875907565981,-0.0815207897969073,-0.0811572152327797,-0.0807968274606078,-0.0804395874337034,-0.0800854566556393,-0.0797343971735484,-0.0793863715713885,-0.0790413429631841,-0.0786992749862518,-0.0783601317944192,-0.0780238780512424,-0.0776904789232311,-0.0773599000730874,-0.0770321076529618,-0.076707068297736,-0.0763847491183333,-0.0760651176950646,-0.0757481420710121,-0.0754337907454552,-0.0751220326673433,-0.0748128372288167,-0.0745061742587808,-0.0742020140165346,-0.0739003271854563,-0.0736010848667495,-0.0733042585732503,-0.0730098202232981,-0.072717742134671,-0.072427997018588,-0.0721405579737791,-0.0718553984806231,-0.0715724923953558,-0.0712918139443486,-0.0710133377184577,-0.0707370386674451,-0.0704628920944714,-0.0701908736506613,-0.0699209593297407,-0.0696531254627477,-0.0693873487128144,-0.069123606070023,-0.0688618748463331,-0.0686021326705823,-0.0683443574835574,-0.0680885275331384,-0.0678346213695132,-0.0675826178404638,-0.0673324960867217,-0.0670842355373949,-0.0668378159054625,-0.0665932171833395,-0.0663504196385089,-0.0661094038092222,-0.0658701505002657,-0.0656326407787942,-0.0653968559702292,-0.0651627776542229,-0.0649303876606855,-0.0646996680658761,-0.0644706011885565,0,-0.188341896423202,-0.186576632343265,-0.184952159394089,-0.183432745719196,-0.181991544853104,-0.180608948551647,-0.179270940739076,-0.177967505759064,-0.176691445085139,-0.17543756063885,-0.174202092072338,-0.17298232067353,-0.171776284175719,-0.170582568254894,-0.169400153141762,-0.168228300949106,-0.167066473493697,-0.165914273008755,-0.164771399939868,-0.163637623352453,-0.162512760518868,-0.161396663078211,-0.160289207815557,-0.159190290620068,-0.158099822577517,-0.157017727453883,-0.155943940051835,-0.1548784050874,-0.153821076353812,-0.152771916024376,-0.151730894005274,-0.150697987289311,-0.149673179288033,-0.148656459136348,-0.147647820973752,-0.146647263211575,-0.145654787797968,-0.144670399492647,-0.143694105162582,-0.142725913108279,-0.141765832428524,-0.140813872429571,-0.139870042082992,-0.13893434953477,-0.138006801666799,-0.137087403710793,-0.136176158913583,-0.135273068252062,-0.134378130195393,-0.133491340511736,-0.132612692116385,-0.131742174958108,-0.130879775940351,-0.130025478873999,-0.129179264458433,-0.128341110287735,-0.127510990879044,-0.126688877720202,-0.125874739334057,-0.125068541356933,-0.124270246629016,-0.123479815294562,-0.122697204910046,-0.121922370558547,-0.121155264968846,-0.120395838637862,-0.119644039955233,-0.118899815328963,-0.118163109311229,-0.117433864723512,-0.116712022780384,-0.115997523211348,-0.115290304380234,-0.114590303401724,-0.113897456254693,-0.113211697892051,-0.112532962346911,-0.111861182834885,-0.111196291852418,-0.110538221271061,-0.109886902427656,-0.10924226621042,-0.10860424314093,-0.107972763452067,-0.107347757161953,-0.106729154143973,-0.106116884192953,-0.105510877087593,-0.10491106264927,-0.104317370797307,-0.103729731600832,-0.10314807532735,-0.102572332488151,-0.10200243388066,-0.101438310627891,-0.100879894215083,-0.100327116523679,-0.0997799098627542,-0.0992382069980026,-0.0987019411784216,-0.0981710461607887,-0.0976454562320523,-0.0971251062297397,-0.0966099315604878,-0.0960998682167971,-0.0955948527921063,-0.09509482249428,-0.0945997151576007,-0.0941094692533494,-0.09362402389906,-0.0931433188665231,-0.092667294588617,-0.0921958921650377,-0.0917290533669954,-0.0912667206409444,-0.0908088371114066,-0.0903553465829501,-0.089906193541378,-0.0894613231541795,-0.0890206812702969,-0.0885842144192529,-0.088151869809687,-0.0877235953273407,-0.0872993395325354,-0.0868790516571782,-0.0864626816013347,-0.0860501799294004,-0.0856414978659058,-0.0852365872909829,-0.0848354007355234,-0.0844378913760557,-0.0840440130293643,-0.0836537201468784,-0.0832669678088489,-0.0828837117183378,-0.082503908195037,-0.0821275141689381,-0.0817544871738679,-0.0813847853409071,-0.0810183673917071,-0.0806551926317206,-0.0802952209433561,-0.0799384127790726,-0.0795847291544228,-0.0792341316410582,-0.0788865823597042,-0.0785420439731157,-0.0782004796790221,-0.0778618532030686,-0.0775261287917626,-0.0771932712054317,-0.0768632457111991,-0.0765360180759834,-0.0762115545595278,-0.0758898219074637,-0.0755707873444135,-0.0752544185671365,-0.0749406837377222,-0.0746295514768352,-0.0743209908570128,-0.0740149713960212,-0.0737114630502703,-0.0734104362082912,-0.0731118616842779,-0.0728157107116954,-0.0725219549369556,-0.0722305664131631,-0.0719415175939309,-0.0716547813272695,-0.0713703308495481,-0.0710881397795295,-0.0708081821124804,-0.0705304322143561,-0.0702548648160612,-0.0699814550077859,-0.0697101782334184,-0.0694410102850341,-0.0691739272974604,-0.0689089057429184,-0.0686459224257399,-0.068384954477161,-0.0681259793501912,-0.0678689748145574,-0.0676139189517235,-0.0673607901499838,-0.0671095670996307,-0.066860228788196,-0.0666127544957646,-0.0663671237903611,-0.0661233165234075,-0.0658813128252523,-0.0656410931007692,-0.0654026380250262,-0.0651659285390231,-0.0649309458454963,-0.0646976714047924,-0.0644660869308071,-0.0642361743869899,-0.0640079159824141,-0.0637812941679103,0,-0.186281285697309,-0.184625192802977,-0.183097736409577,-0.181661187549286,-0.180289370831878,-0.178964475525635,-0.177674418453672,-0.176410913470086,-0.1751682205708,-0.173942346443517,-0.172730517958501,-0.171530821878714,-0.170341950792437,-0.169163020950025,-0.167993441130477,-0.166832818778987,-0.165680893667519,-0.164537491837791,-0.163402494333,-0.162275816540134,-0.16115739499282,-0.160047179294619,-0.15894512745537,-0.157851203419789,-0.156765375935078,-0.155687618176556,-0.154617907748151,-0.153556226815481,-0.15250256222733,-0.151456905547992,-0.150419252966809,-0.149389605078985,-0.148367966548179,-0.147354345670263,-0.146348753861324,-0.145351205093547,-0.144361715301172,-0.143380301776204,-0.14240698257059,-0.141441775918413,-0.140484699688719,-0.139535770876825,-0.138595005139551,-0.137662416377768,-0.136738016367913,-0.135821814442739,-0.134913817220449,-0.134014028380507,-0.133122448483788,-0.132239074834294,-0.131363901379342,-0.130496918645003,-0.129638113703473,-0.128787470169094,-0.127944968219824,-0.12711058464105,-0.126284292888846,-0.125466063169892,-0.12465586253553,-0.123853654987576,-0.123059401593745,-0.122273060610726,-0.121494587613146,-0.120723935626839,-0.119961055265011,-0.119205894866065,-0.11845840063199,-0.117718516766369,-0.116986185611184,-0.116261347781716,-0.115543942298944,-0.114833906718955,-0.11413117725894,-0.113435688919455,-0.112747375602678,-0.112066170226464,-0.111392004834043,-0.110724810699274,-0.11006451842738,-0.109411058051152,-0.108764359122629,-0.108124350800285,-0.107490961931778,-0.106864121132343,-0.106243756858918,-0.105629797480101,-0.105022171342065,-0.104420806830539,-0.103825632428994,-0.103236576773166,-0.102653568702047,-0.102076537305487,-0.101505411968545,-0.100940122412725,-0.100380598734234,-0.099826771439407,-0.0992785714774157,-0.0987359302704071,-0.0981987797411899,-0.0976670523385972,-0.0971406810606435,-0.0966195994755943,-0.0961037417410597,-0.0955930426212206,-0.0950874375022921,-0.0945868624063247,-0.0940912540034382,-0.0936005496225822,-0.0931146872609093,-0.0926336055918469,-0.0921572439719466,-0.0916855424465877,-0.0912184417546087,-0.0907558833319349,-0.0902978093142687,-0.0898441625389039,-0.089394886545725,-0.0889499255774458,-0.0885092245791425,-0.0880727291971294,-0.0876403857772266,-0.0872121413624644,-0.0867879436902656,-0.0863677411891482,-0.0859514829749834,-0.0855391188468476,-0.0851305992824996,-0.0847258754335159,-0.0843248991201137,-0.0839276228256899,-0.0835339996911005,-0.0831439835087086,-0.0827575287162207,-0.0823745903903356,-0.0819951242402246,-0.0816190866008628,-0.0812464344262305,-0.0808771252823985,-0.0805111173405164,-0.080148369369716,-0.0797888407299448,-0.0794324913647411,-0.0790792817939646,-0.078729173106491,-0.0783821269528826,-0.0780381055380444,-0.0776970716138731,-0.0773589884719093,-0.0770238199359986,-0.0766915303549702,-0.0763620845953378,-0.0760354480340305,-0.0757115865511584,-0.0753904665228176,-0.0750720548139398,-0.074756318771191,-0.0744432262159222,-0.0741327454371767,-0.0738248451847565,-0.0735194946623511,-0.073216663520731,-0.0729163218510087,-0.0726184401779685,-0.0723229894534686,-0.0720299410499144,-0.0717392667538082,-0.0714509387593722,-0.0711649296622505,-0.0708812124532864,-0.0705997605123801,-0.0703205476024238,-0.070043547863317,-0.0697687358060615,-0.0694960863069369,-0.0692255746017548,-0.0689571762801956,-0.0686908672802226,-0.0684266238825794,-0.0681644227053643,-0.0679042406986856,-0.0676460551393963,-0.0673898436259069,-0.067135584073077,-0.066883254707184,-0.0666328340609706,-0.0663843009687666,-0.066137634561689,-0.0658928142629157,-0.0656498197830347,-0.0654086311154668,-0.0651692285319612,-0.0649315925781639,-0.0646957040692571,-0.0644615440856692,-0.0642290939688547,-0.0639983353171438,-0.0637692499816579,-0.0635418200622953,-0.0633160279037806,-0.0630918560917806,0,-0.184260808728559,-0.182719467651108,-0.181289196314922,-0.179932938989003,-0.178626674053678,-0.177355220693044,-0.176108860469081,-0.174881249550459,-0.173668203945133,-0.172466971223589,-0.171275768155093,-0.170093471305285,-0.168919402741101,-0.167753179447167,-0.166594607718704,-0.165443610141112,-0.16430017629129,-0.163164330544463,-0.162036111988515,-0.160915562694091,-0.159802721569427,-0.158697621796262,-0.157600290433514,-0.156510749219675,-0.155429015931709,-0.154355105893077,-0.153289033388095,-0.152230812852165,-0.151180459781579,-0.150137991353608,-0.149103426775624,-0.148076787397137,-0.147058096625228,-0.146047379685001,-0.145044663264543,-0.144049975079919,-0.14306334339092,-0.142084796493267,-0.141114362208097,-0.140152067385114,-0.139197937431807,-0.138251995877721,-0.137314263979881,-0.13638476037308,-0.135463500766804,-0.134550497689073,-0.133645760276244,-0.132749294107001,-0.131861101078054,-0.130981179318695,-0.13010952314104,-0.129246123022685,-0.128390965618436,-0.127544033797853,-0.126705306705409,-0.125874759840261,-0.125052365152748,-0.124238091154986,-0.123431903043089,-0.122633762828775,-0.121843629478321,-0.121061459057038,-0.120287204877615,-0.119520817650885,-0.118762245637725,-0.118011434800986,-0.11726832895645,-0.116532869922016,-0.115804997664378,-0.115084650442609,-0.114371764948154,-0.113666276440836,-0.112968118880531,-0.112277225054292,-0.111593526698709,-0.110916954617392,-0.110247438793483,-0.109584908497173,-0.108929292388205,-0.10828051861341,-0.10763851489931,-0.107003208639891,-0.106374526979625,-0.105752396891857,-0.105136745252687,-0.104527498910476,-0.103924584751124,-0.103327929759257,-0.102737461075484,-0.102153106049878,-0.101574792291824,-0.1010024477164,-0.100436000587446,-0.0998753795574554,-0.099320513704462,-0.0987713325660464,-0.0982277661706209,-0.0976897450661216,-0.0971572003462475,-0.0966300636743744,-0.0961082673052705,-0.0955917441047349,-0.0950804275672757,-0.0945742518319396,-0.0940731516964004,-0.0935770626294094,-0.0930859207817064,-0.0925996629954833,-0.092118226812493,-0.0916415504808862,-0.0911695729608574,-0.090702233929179,-0.090239473782695,-0.0897812336408453,-0.0893274553472837,-0.0888780814706563,-0.0884330553045955,-0.087992320866987,-0.087555822898564,-0.0871235068608754,-0.0866953189336781,-0.0862712060117959,-0.0858511157014882,-0.0854349963163668,-0.0850227968728988,-0.0846144670855299,-0.084209957361462,-0.083809218795115,-0.0834122031623018,-0.0830188629141449,-0.0826291511707591,-0.0822430217147242,-0.0818604289843707,-0.0814813280668997,-0.0811056746913561,-0.0807334252214729,-0.080364536648406,-0.0799989665833728,-0.0796366732502114,-0.0792776154778741,-0.0789217526928672,-0.0785690449116502,-0.0782194527330056,-0.0778729373303891,-0.07752946044427,-0.0771889843744719,-0.0768514719725197,-0.0765168866340036,-0.076185192290964,-0.0758563534043069,-0.0755303349562526,-0.0752071024428266,-0.074886621866395,-0.0745688597282504,-0.0742537830212523,-0.073941359222526,-0.0736315562862226,-0.0733243426363445,-0.0730196871596386,-0.0727175591985598,-0.0724179285443071,-0.0721207654299344,-0.0718260405235377,-0.0715337249215203,-0.0712437901419378,-0.070956208117923,-0.0706709511911929,-0.070387992105638,-0.0701073040009948,-0.0698288604066009,-0.0695526352352362,-0.0692786027770457,-0.0690067376935494,-0.0687370150117343,-0.0684694101182328,-0.0682038987535838,-0.0679404570065787,-0.0676790613086911,-0.0674196884285897,-0.0671623154667341,-0.0669069198500531,-0.0666534793267048,-0.066401971960918,-0.0661523761279146,-0.0659046705089111,-0.0656588340861999,-0.065414846138309,-0.065172686235239,-0.0649323342337776,-0.0646937702728888,-0.0644569747691788,-0.0642219284124348,-0.063988612161238,-0.0637570072386482,-0.0635270951279608,-0.0632988575685337,-0.0630722765516836,-0.0628473343166518,-0.062624013346637,-0.0624022963648949,0,-0.182291854363375,-0.180867171266978,-0.179531560371446,-0.178250957922809,-0.17700493976678,-0.175781656875764,-0.174574058698787,-0.173377858630176,-0.172190456676097,-0.171010328486346,-0.169836648637559,-0.168669042827623,-0.167507419147221,-0.166351852419136,-0.165202506075141,-0.164059581058388,-0.162923284056392,-0.161793809264056,-0.160671329314046,-0.159555992153472,-0.158447921550596,-0.157347219617258,-0.156253970262365,-0.155168242879966,-0.15409009585171,-0.153019579634068,-0.151956739327716,-0.150901616707665,-0.149854251741549,-0.14881468365036,-0.147782951578014,-0.146759094939031,-0.145743153510672,-0.144735167329925,-0.143735176448166,-0.142743220588369,-0.141759338741978,-0.14078356873541,-0.139815946789753,-0.138856507091667,-0.137905281388827,-0.136962298619275,-0.13602758458087,-0.135101161644453,-0.134183048512257,-0.133273260021596,-0.132371806992601,-0.131478696117976,-0.130593929892093,-0.129717506576383,-0.128849420197745,-0.127989660576587,-0.127138213381156,-0.126295060204847,-0.125460178663356,-0.124633542508687,-0.123815121757251,-0.123004882829471,-0.12220278869856,-0.121408799046342,-0.120622870424191,-0.119844956417397,-0.119075007811441,-0.118312972758845,-0.117558796945462,-0.116812423755183,-0.116073794432242,-0.115342848240364,-0.11461952261819,-0.113903753330462,-0.113195474614588,-0.112494619322262,-0.111801119055916,-0.111114904299829,-0.110435904545785,-0.109764048413209,-0.109099263763784,-0.108441477810555,-0.107790617221569,-0.107146608218148,-0.10650937666788,-0.105878848172456,-0.105254948150487,-0.104637601915442,-0.10402673474888,-0.103422271969117,-0.102824138995507,-0.102232261408514,-0.101646565005737,-0.101066975854053,-0.100493420338079,-0.0999258252050844,-0.0993641176065513,-0.0988082251365282,-0.0982580758669443,-0.097713598380038,-0.09717472179805,-0.0966413758103274,-0.0961134906979794,-0.0955909973562216,-0.0950738273145363,-0.0945619127547789,-0.0940551865273465,-0.0935535821655251,-0.0930570338981258,-0.0925654766605142,-0.0920788461041328,-0.0915970786046123,-0.0911201112685608,-0.0906478819391193,-0.0901803292003619,-0.0897173923806218,-0.0892590115548126,-0.0888051275458173,-0.0883556819250093,-0.087910617011968,-0.0874698758734468,-0.0870334023216504,-0.0866011409118721,-0.0861730369395411,-0.0857490364367264,-0.0853290861681405,-0.0849131336266843,-0.0845011270285715,-0.0840930153080698,-0.0836887481118916,-0.0832882757932671,-0.0828915494057305,-0.0824985206966457,-0.0821091421004994,-0.0817233667319858,-0.0813411483789063,-0.0809624414949053,-0.0805872011920621,-0.0802153832333596,-0.0798469440250447,-0.0794818406088992,-0.0791200306544346,-0.0787614724510271,-0.0784061249000035,-0.0780539475066928,-0.0777049003724533,-0.0773589441866858,-0.0770160402188445,-0.076676150310452,-0.0763392368671286,-0.0760052628506437,-0.075674191770995,-0.0753459876785234,-0.0750206151560694,-0.0746980393111755,-0.0743782257683412,-0.0740611406613339,-0.0737467506255606,-0.0734350227905038,-0.0731259247722257,-0.0728194246659421,-0.0725154910386722,-0.0722140929219617,-0.0719151998046867,-0.071618781625937,-0.0713248087679808,-0.0710332520493143,-0.0707440827177948,-0.0704572724438604,-0.0701727933138361,-0.069890617823328,-0.0696107188707044,-0.0693330697506665,-0.0690576441479076,-0.0687844161308607,-0.068513360145536,-0.0682444510094462,-0.0679776639056223,-0.0677129743767157,-0.0674503583191909,-0.067189791977604,-0.0669312519389699,-0.0666747151272159,-0.0664201587977213,-0.0661675605319426,-0.0659168982321242,-0.0656681501160926,-0.0654212947121339,-0.0651763108539544,-0.0649331776757224,-0.064691874607191,-0.0644523813689012,-0.0642146779674626,-0.0639787446909144,-0.0637445621041611,-0.0635121110444863,-0.0632813726171402,-0.0630523281910017,-0.0628249593943142,-0.0625992481104923,-0.0623751764740009,-0.0621527268663031,-0.0619318819118782,-0.0617126244743071,0,-0.180385129827612,-0.179074885206783,-0.177828589840658,-0.176617035929848,-0.175424656590421,-0.174243435328751,-0.173069139671725,-0.171899551975659,-0.170733615888571,-0.169570976325089,-0.168411701897472,-0.167256104592278,-0.16610461945795,-0.164957725324156,-0.163815894837693,-0.162679565449593,-0.161549124990104,-0.160424906968711,-0.159307191969593,-0.158196212527312,-0.157092159675227,-0.155995189977049,-0.154905432306087,-0.153822993957893,-0.152747965900158,-0.151680427105285,-0.150620447997846,-0.149568093097832,-0.148523422963854,-0.147486495547337,-0.146457367065619,-0.145436092493077,-0.144422725757863,-0.143417319719368,-0.142419925989295,-0.141430594647843,-0.140449373896315,-0.139476309678592,-0.138511445296367,-0.137554821036682,-0.136606473825115,-0.13566643691373,-0.134734739609541,-0.133811407046557,-0.132896460002478,-0.131989914759521,-0.131091783007762,-0.130202071788562,-0.129320783475104,-0.128447915786778,-0.127583461833948,-0.126727410189631,-0.125879744984661,-0.125040446023035,-0.124209488914323,-0.123386845220213,-0.122572482612491,-0.121766365039994,-0.120968452902296,-0.120178703228117,-0.119397069856687,-0.118623503620469,-0.117857952527879,-0.117100361944799,-0.11635067477387,-0.115608831630684,-0.114874771016148,-0.11414842948442,-0.113429741805929,-0.112718641125082,-0.112015059112374,-0.111318926110665,-0.110630171275489,-0.109948722709296,-0.1092745075896,-0.108607452291019,-0.107947482501287,-0.107294523331278,-0.106648499419178,-0.106009335028917,-0.105376954143005,-0.10475128054994,-0.104132237926357,-0.103519749914094,-0.102913740192359,-0.102314132545201,-0.101720850924456,-0.101133819508379,-0.100552962756144,-0.0999782054583943,-0.0994094727840532,-0.0988466903235507,-0.0982897841286621,-0.0977386807491281,-0.097193307266224,-0.0966535913234427,-0.0961194611544502,-0.0955908456084632,-0.0950676741731984,-0.094549876995531,-0.0940373848999985,-0.0935301294052778,-0.0930280427387589,-0.0925310578493321,-0.0920391084185,-0.0915521288699221,-0.0910700543774905,-0.0905928208720356,-0.0901203650467501,-0.0896526243614193,-0.0891895370455391,-0.0887310421003977,-0.0882770793001965,-0.0878275891922772,-0.0873825130965208,-0.0869417931039802,-0.0865053720748053,-0.0860731936355131,-0.0856452021756561,-0.0852213428439366,-0.0848015615438128,-0.0843858049286392,-0.0839740203963812,-0.0835661560839426,-0.0831621608611401,-0.0827619843243595,-0.0823655767899229,-0.0819728892871973,-0.0815838735514719,-0.0811984820166285,-0.0808166678076299,-0.0804383847328476,-0.0800635872762502,-0.0796922305894721,-0.0793242704837794,-0.0789596634219507,-0.0785983665100883,-0.0782403374893742,-0.0778855347277835,-0.0775339172117702,-0.077185444537934,-0.0768400769046798,-0.0764977751038821,-0.0761585005125592,-0.0758222150845699,-0.0754888813423366,-0.0751584623686057,-0.0748309217982491,-0.0745062238101133,-0.0741843331189232,-0.073865214967243,-0.0735488351175014,-0.0732351598440834,-0.0729241559254927,-0.072615790636589,-0.0723100317409025,-0.0720068474830277,-0.0717062065811004,-0.071408078219359,-0.0711124320407915,-0.0708192381398715,-0.0705284670553822,-0.0702400897633324,-0.0699540776699625,-0.0696704026048438,-0.06938903681407,-0.0691099529535421,-0.0688331240823475,-0.0685585236562324,-0.0682861255211675,-0.0680159039070092,-0.0677478334212526,-0.067481889042879,-0.0672180461162962,-0.0669562803453713,-0.0666965677875554,-0.0664388848481007,-0.066183208274367,-0.0659295151502198,-0.0656777828905174,-0.0654279892356861,-0.0651801122463837,-0.0649341302982503,-0.0646900220767442,-0.0644477665720636,-0.0642073430741523,-0.0639687311677881,-0.0637319107277541,-0.0634968619140903,-0.0632635651674255,-0.0630320012043888,-0.062802151013098,-0.0625739958487256,-0.0623475172291402,-0.0621226969306228,-0.0618995169836567,-0.0616779596687897,-0.0614580075125677,-0.0612396432835394,-0.0610228499883286,0,-0.178549492056728,-0.177347699779433,-0.176182592738432,-0.175031711691511,-0.173885292682684,-0.172739395611986,-0.171592591289805,-0.170444641768432,-0.169295930957638,-0.168147173425386,-0.166999240775055,-0.165853049870698,-0.164709490987543,-0.163569384613313,-0.162433459132456,-0.161302343212137,-0.160176567904603,-0.159056574600497,-0.157942725995301,-0.156835318106975,-0.155734592078357,-0.154640745017422,-0.153553939495789,-0.152474311571927,-0.151401977360478,-0.15033703825907,-0.1492795849894,-0.148229700625723,-0.147187462782141,-0.14615294511808,-0.145126218303999,-0.144107350570128,-0.143096407941829,-0.142093454247219,-0.141098550966503,-0.140111756978408,-0.139133128246998,-0.138162717482079,-0.137200573798035,-0.136246742389114,-0.135301264233729,-0.134364175835996,-0.13343550900933,-0.132515290704339,-0.13160354288126,-0.130700282425788,-0.129805521106064,-0.12891926556797,-0.128041517365367,-0.127172273021752,-0.126311524119674,-0.125459257414326,-0.124615454967817,-0.123780094300809,-0.122953148558447,-0.12213458668769,-0.121324373623452,-0.12052247048119,-0.119728834753817,-0.118943420511062,-0.118166178599649,-0.117397056842822,-0.116636000238016,-0.115882951151582,-0.115137849509703,-0.114400632984729,-0.113671237176359,-0.112949595787146,-0.112235640791978,-0.111529302601232,-0.110830510217407,-0.1101391913851,-0.109455272734273,-0.108778679916782,-0.108109337736217,-0.107447170271115,-0.10679210099166,-0.106144052869998,-0.105502948484329,-0.104868710116934,-0.104241259846348,-0.10362051963385,-0.103006411404496,-0.102398857122896,-0.101797778863943,-0.101203098878722,-0.1006147396558,-0.100032623978115,-0.099456674975673,-0.0988868161742524,-0.0983229715403246,-0.097765065522379,-0.097213023088845,-0.0966667697627938,-0.0961262316535969,-0.0955913354857121,-0.0950620086247605,-0.094538179101053,-0.0940197756307155,-0.0935067276345574,-0.0929989652548227,-0.092496419369951,-0.0919990216074779,-0.0915067043551905,-0.0910194007706515,-0.0905370447892001,-0.0900595711305305,-0.0895869153039436,-0.0891190136123652,-0.0886558031552136,-0.0881972218302015,-0.0877432083341463,-0.0872937021628626,-0.0868486436102055,-0.0864079737663281,-0.0859716345152147,-0.085539568531547,-0.0851117192769555,-0.0846880309957091,-0.0842684487098865,-0.083852918214079,-0.0834413860696608,-0.0830337995986707,-0.0826301068773387,-0.0822302567292933,-0.0818341987184812,-0.0814418831418295,-0.0810532610216784,-0.0806682840980107,-0.0802869048205023,-0.0799090763404166,-0.0795347525023652,-0.0791638878359519,-0.0787964375473219,-0.0784323575106306,-0.0780716042594488,-0.0777141349781201,-0.0773599074930827,-0.0770088802641683,-0.0766610123758915,-0.0763162635287385,-0.0759745940304663,-0.0756359647874216,-0.075300337295887,-0.074967673633463,-0.0746379364504936,-0.0743110889615401,-0.0739870949369109,-0.0736659186942519,-0.073347525090203,-0.0730318795121239,-0.0727189478698951,-0.0724086965877964,-0.0721010925964661,-0.0717961033249454,-0.0714936966928086,-0.0711938411023823,-0.070896505431056,-0.0706016590236851,-0.0703092716850883,-0.07001931367264,-0.0697317556889598,-0.0694465688746988,-0.0691637248014244,-0.0688831954646029,-0.0686049532766822,-0.0683289710602718,-0.0680552220414234,-0.0677836798430099,-0.0675143184782031,-0.0672471123440503,-0.0669820362151491,-0.0667190652374196,-0.0664581749219743,-0.066199341139084,-0.0659425401122399,-0.0656877484123107,-0.0654349429517945,-0.065184100979163,-0.0649352000732997,-0.0646882181380289,-0.0644431333967349,-0.0641999243870725,-0.0639585699557643,-0.0637190492534866,-0.0634813417298411,-0.0632454271284132,-0.0630112854819126,-0.0627788971073991,-0.0625482426015887,-0.0623193028362417,-0.0620920589536298,-0.0618664923620821,-0.061642584731608,-0.0614203179895969,-0.0611996743165928,-0.0609806361421418,-0.0607631861407144,-0.0605473072276968,-0.060332982555455,0,-0.176791925004684,-0.175688889929742,-0.174594274972969,-0.173494229164483,-0.172385307768816,-0.171267601940852,-0.170142308572428,-0.169010988826842,-0.167875309518199,-0.166736921565403,-0.165597386661107,-0.164458130739072,-0.163320418178736,-0.162185342864434,-0.161053831969982,-0.159926658311465,-0.158804457613192,-0.157687747827096,-0.156576948484421,-0.155472398792699,-0.154374373764214,-0.153283098072907,-0.152198757609106,-0.151121508867427,-0.150051486392521,-0.148988808545015,-0.147933581854681,-0.146885904213115,-0.145845867133176,-0.144813557273096,-0.143789057393333,-0.142772446885905,-0.141763801990416,-0.140763195788524,-0.139770698049474,-0.13878637498318,-0.137810288944048,-0.136842498117817,-0.135883056214965,-0.134932012187219,-0.133989409978205,-0.13305528831504,-0.132129680544362,-0.131212614513888,-0.130304112498768,-0.129404191170739,-0.128512861607205,-0.127630129336836,-0.126755994417943,-0.125890451545806,-0.125033490185087,-0.124185094723648,-0.123345244644195,-0.122513914710469,-0.121691075164908,-0.120876691935008,-0.120070726845861,-0.119273137836632,-0.118483879178988,-0.11770290169574,-0.116930152978199,-0.116165577600944,-0.115409117332909,-0.114660711343871,-0.113920296405584,-0.113187807086943,-0.112463175942695,-0.111746333695329,-0.111037209409882,-0.110335730661458,-0.109641823695382,-0.108955413579934,-0.108276424351669,-0.107604779153414,-0.106940400365019,-0.106283209727013,-0.105633128457323,-0.104990077361242,-0.104353976934858,-0.103724747462146,-0.103102309105954,-0.102486581993126,-0.10187748629398,-0.101274942296399,-0.100678870474757,-0.100089191553926,-0.099505826568596,-0.0989286969181396,-0.0983577244172376,-0.0977928313424953,-0.097233940475255,-0.0966809751408127,-0.0961338592442386,-0.09559251730299,-0.0950568744765048,-0.0945268565929473,-0.09400239017328,-0.0934834024528195,-0.0929698214004324,-0.0924615757355177,-0.0919585949429159,-0.0914608092858772,-0.0909681498172158,-0.0904805483887702,-0.0899979376592817,-0.0895202511008006,-0.0890474230037202,-0.0885793884805354,-0.0881160834684165,-0.0876574447306843,-0.0872034098572659,-0.0867539172642093,-0.0863089061923269,-0.0858683167050353,-0.0854320896854562,-0.0850001668328365,-0.0845724906583443,-0.0841490044802931,-0.0837296524188435,-0.0833143793902289,-0.0829031311005475,-0.0824958540391625,-0.0820924954717473,-0.0816930034330116,-0.0812973267191415,-0.0809054148799846,-0.0805172182110088,-0.0801326877450616,-0.0797517752439558,-0.0793744331899035,-0.0790006147768224,-0.0786302739015318,-0.0782633651548596,-0.0778998438126763,-0.0775396658268729,-0.077182787816297,-0.0768291670576617,-0.0764787614764401,-0.0761315296377557,-0.0757874307372829,-0.0754464245921635,-0.0751084716319522,-0.074773532889597,-0.074441569992464,-0.0741125451534127,-0.073786421161928,-0.0734631613753166,-0.0731427297099708,-0.0728250906327069,-0.0725102091521803,-0.0721980508103835,-0.0718885816742288,-0.0715817683272196,-0.0712775778612134,-0.0709759778682779,-0.0706769364326442,-0.0703804221227567,-0.0700864039834231,-0.0697948515280648,-0.0695057347310697,-0.069219024020248,-0.0689346902693901,-0.0686527047909308,-0.0683730393287163,-0.0680956660508762,-0.0678205575428009,-0.0675476868002229,-0.0672770272224027,-0.0670085526054195,-0.0667422371355644,-0.0664780553828379,-0.0662159822945495,-0.0659559931890197,-0.0656980637493829,-0.0654421700174904,-0.0651882883879138,-0.0649363956020464,-0.0646864687423023,-0.0644384852264123,-0.0641924228018156,-0.0639482595401455,-0.063705973831809,-0.0634655443806584,-0.0632269501987543,-0.0629901706012179,-0.0627551852011728,-0.0625219739047741,-0.0622905169063233,-0.0620607946834691,-0.0618327879924912,-0.0616064778636676,-0.0613818455967223,-0.0611588727563541,-0.0609375411678435,-0.0607178329127377,-0.0604997303246118,-0.0602832159849051,-0.0600682727188319,-0.0598548835913643,-0.059643031903287,0,-0.175117525922823,-0.174099652236136,-0.173062653221004,-0.172002547017029,-0.170922202226534,-0.169825405126468,-0.168715656839769,-0.167596062130345,-0.166469371366615,-0.165338013268144,-0.164204110919256,-0.163069493619618,-0.161935712780335,-0.160804064188738,-0.159675615491065,-0.158551236456022,-0.157431629581498,-0.156317359160856,-0.155208877601377,-0.15410654838151,-0.15301066547794,-0.151921469388631,-0.150839160050971,-0.149763907037881,-0.148695857438545,-0.147635141817176,-0.146581878609353,-0.145536177272054,-0.144498140457566,-0.143467865437151,-0.142445444959891,-0.141430967696525,-0.140424518387593,-0.139426177789481,-0.138436022490798,-0.137454124654103,-0.136480551724072,-0.135515366131993,-0.134558625017676,-0.133610379983008,-0.132670676886047,-0.131739555680564,-0.130817050302912,-0.129903188605915,-0.128997992337911,-0.128101477164029,-0.127213652726107,-0.12633452273726,-0.125464085106973,-0.124602332092564,-0.123749250473005,-0.122904821741269,-0.122069022311625,-0.121241823738589,-0.120423192944537,-0.119613092453278,-0.118811480627194,-0.118018311905831,-0.1172335370441,-0.116457103348503,-0.115688954910011,-0.114929032832479,-0.114177275455621,-0.113433618571787,-0.112697995635921,-0.111970337968206,-0.111250574949059,-0.110538634206201,-0.109834441793648,-0.109137922362558,-0.108448999323895,-0.10776759500298,-0.107093630786009,-0.106427027258687,-0.105767704337135,-0.105115581391277,-0.104470577360923,-0.103832610864785,-0.103201600302665,-0.102577463951091,-0.10196012005264,-0.101349486899231,-0.100745482909652,-0.10014802670157,-0.0995570371583082,-0.0989724334906345,-0.0983941352938097,-0.0978220626001539,-0.0972561359273589,-0.0966962763227833,-0.0961424054039504,-0.0955944453954669,-0.0950523191625663,-0.0945159502414775,-0.0939852628668064,-0.0934601819961138,-0.0929406333318609,-0.0924265433408887,-0.0919178392715868,-0.0914144491689017,-0.0909163018873256,-0.0904233271020003,-0.0899354553180622,-0.0894526178783495,-0.0889747469695853,-0.0885017756271432,-0.0880336377384971,-0.0875702680454511,-0.0871116021452387,-0.0866575764905772,-0.0862081283887549,-0.0857631959998295,-0.0853227183340044,-0.0848866352482525,-0.0844548874422465,-0.084027416453657,-0.0836041646528703,-0.0831850752371792,-0.082770092224493,-0.082359160446613,-0.0819522255421148,-0.081549233948875,-0.0811501328962832,-0.0807548703971678,-0.0803633952394714,-0.0799756569777053,-0.0795916059242079,-0.0792111931402363,-0.0788343704269116,-0.0784610903160441,-0.0780913060608547,-0.0777249716266144,-0.07736204168122,-0.07700247158572,-0.076646217384808,-0.076293235797297,-0.075943484206587,-0.0755969206511394,-0.0752535038149668,-0.0749131930181509,-0.0745759482073955,-0.0742417299466246,-0.073910499407633,-0.0735822183607957,-0.0732568491658441,-0.0729343547627128,-0.0726146986624646,-0.0722978449382961,-0.0719837582166303,-0.0716724036682989,-0.0713637469998172,-0.0710577544447569,-0.0707543927552162,-0.0704536291933928,-0.0701554315232591,-0.0698597680023435,-0.0695666073736178,-0.0692759188574923,-0.0689876721439202,-0.0687018373846112,-0.0684183851853549,-0.0681372865984556,-0.0678585131152772,-0.0675820366588986,-0.0673078295768808,-0.0670358646341433,-0.0667661150059515,-0.0664985542710136,-0.0662331564046862,-0.065969895772289,-0.0657087471225267,-0.0654496855810186,-0.0651926866439337,-0.0649377261717307,-0.0646847803830033,-0.0644338258484273,-0.0641848394848105,-0.0639377985492438,-0.0636926806333509,-0.0634494636576374,-0.0632081258659374,-0.0629686458199553,-0.0627310023939036,-0.0624951747692327,-0.0622611424294545,-0.0620288851550558,-0.0617983830185019,-0.0615696163793282,-0.0613425658793189,-0.0611172124377713,-0.0608935372468441,-0.0606715217669896,-0.0604511477224663,-0.0602323970969325,-0.0600152521291196,-0.0597996953085814,-0.0595857093715215,-0.0593732772966949,-0.0591623823013842,-0.0589530078374472,0,-0.173528694996884,-0.172578917354354,-0.171585044116507,-0.170553402806243,-0.16949260223223,-0.168409527835834,-0.167309549950202,-0.166197008003277,-0.165075508429149,-0.163948083086247,-0.162817278280114,-0.161685215667929,-0.160553644123433,-0.159423989258795,-0.158297401548538,-0.157174801957477,-0.156056923705191,-0.154944349206289,-0.153837541768208,-0.152736872085348,-0.151642639880048,-0.150555091216646,-0.149474432087021,-0.148400838868419,-0.14733446621503,-0.146275452883931,-0.145223925927092,-0.144180003612545,-0.14314379737406,-0.142115413032123,-0.141094951480266,-0.140082508989785,-0.139078177251922,-0.138082043248923,-0.137094189023005,-0.13611469139451,-0.135143621666402,-0.134181045341323,-0.133227021868867,-0.132281604434277,-0.131344839794836,-0.130416768166609,-0.129497423161558,-0.128586831773173,-0.127685014407529,-0.126791984955868,-0.125907750904351,-0.125032313476444,-0.124165667803386,-0.123307803118333,-0.12245870296998,-0.121618345451752,-0.120786703442988,-0.119963744858839,-0.119149432905992,-0.118343726341611,-0.117546579733238,-0.116757943717694,-0.115977765257273,-0.115205987891814,-0.11444255198545,-0.11368739496704,-0.112940451563497,-0.112201654025378,-0.111470932344256,-0.110748214461527,-0.110033426468416,-0.109326492797044,-0.1086273364025,-0.107935878935947,-0.107252040908826,-0.106575741848307,-0.105906900444145,-0.105245434687154,-0.10459126199953,-0.103944299357283,-0.103304463405042,-0.102671670563526,-0.102045837129952,-0.101426879371706,-0.100814713613535,-0.100209256318591,-0.0996104241635974,-0.099018134108433,-0.0984323034604173,-0.0978528499335724,-0.0972796917031282,-0.0967127474555317,-0.0961519364342116,-0.0955971784813394,-0.0950483940758192,-0.0945055043677301,-0.0939684312094334,-0.0934370971835486,-0.0929114256279937,-0.0923913406582723,-0.0918767671871868,-0.0913676309421426,-0.0908638584802026,-0.0903653772010422,-0.0898721153579477,-0.0893840020669921,-0.0889009673145144,-0.0884229419630256,-0.0879498577556497,-0.0874816473192119,-0.0870182441660694,-0.0865595826947827,-0.0861055981897149,-0.0856562268196429,-0.0852114056354579,-0.084771072567031,-0.0843351664193105,-0.0839036268677173,-0.0834763944528982,-0.0830534105748939,-0.0826346174867755,-0.0822199582877974,-0.0818093769161159,-0.0814028181411133,-0.0810002275553709,-0.0806015515663263,-0.0802067373876524,-0.0798157330303888,-0.079428487293857,-0.0790449497563877,-0.0786650707658864,-0.078288801430262,-0.0779160936077401,-0.0775468998970839,-0.0771811736277399,-0.0768188688499283,-0.0764599403246938,-0.0761043435139322,-0.0757520345704073,-0.0754029703277713,-0.0750571082905995,-0.0747144066244524,-0.0743748241459732,-0.0740383203130317,-0.0737048552149212,-0.0733743895626184,-0.073046884679111,-0.072722302489801,-0.0724006055129889,-0.0720817568504433,-0.071765720178062,-0.0714524597366276,-0.0711419403226616,-0.0708341272793803,-0.0705289864877558,-0.0702264843576839,-0.0699265878192618,-0.0696292643141764,-0.0693344817872064,-0.0690422086778381,-0.068752413911996,-0.0684650668938904,-0.0681801374979806,-0.0678975960610564,-0.0676174133744353,-0.0673395606762782,-0.0670640096440221,-0.0667907323869291,-0.0665197014387532,-0.0662508897505217,-0.0659842706834337,-0.0657198180018717,-0.0654575058665291,-0.065197308827649,-0.0649392018183763,-0.0646831601482209,-0.0644291594966306,-0.0641771759066732,-0.0639271857788263,-0.0636791658648737,-0.0634330932619074,-0.0631889454064335,-0.0629467000685802,-0.0627063353464084,-0.0624678296603206,-0.062231161747571,-0.0619963106568699,-0.0617632557430862,-0.0615319766620432,-0.0613024533654078,-0.0610746660956713,-0.0608485953812201,-0.0606242220314957,-0.0604015271322413,-0.060180492040835,-0.0599610983817074,-0.0597433280418417,-0.0595271631663563,-0.0593125861541673,-0.0590995796537304,-0.0588881265588597,-0.0586782100046231,-0.0584698133633134,-0.0582629202404914,0,-0.172024380001786,-0.171123265786126,-0.170157139552319,-0.169142431508832,-0.168092377640686,-0.167016169597198,-0.165920540486286,-0.164810726416073,-0.1636909487537,-0.162564660886643,-0.161434690908299,-0.160303340978619,-0.159172468689281,-0.158043559330059,-0.156917791141986,-0.15579609340877,-0.154679196938275,-0.153567676831714,-0.152461987870491,-0.151362493172824,-0.150269486949024,-0.149183212239982,-0.148103874496391,-0.147031651781057,-0.145966702278849,-0.144909169695334,-0.143859187025985,-0.142816879088258,-0.141782364131022,-0.140755754769999,-0.139737158443378,-0.138726677537305,-0.137724409295151,-0.136730445595983,-0.135744872665154,-0.134767770762411,-0.133799213879294,-0.132839269467221,-0.131887998209758,-0.130945453846685,-0.130011683053146,-0.12908672537405,-0.12817061321172,-0.127263371863323,-0.12636501960371,-0.125475567808777,-0.12459502111426,-0.123723377604874,-0.122860629028898,-0.122006761033528,-0.121161753416696,-0.120325580391388,-0.119498210858897,-0.118679608687826,-0.117869732996019,-0.117068538432987,-0.116275975460696,-0.115491990630913,-0.1147165268576,-0.113949523683084,-0.113190917536965,-0.112440641986962,-0.11169862798103,-0.110964804080286,-0.110239096682397,-0.10952143023522,-0.108811727440567,-0.108109909448099,-0.107415896039369,-0.10672960580216,-0.106050956295267,-0.105379864203945,-0.104716245486269,-0.104060015510671,-0.103411089184963,-0.102769381077142,-0.102134805528307,-0.101507276758004,-0.100886708962346,-0.100273016405221,-0.0996661135029174,-0.0990659149025064,-0.0984723355542751,-0.0978852907785377,-0.0973046963271182,-0.0967304684397983,-0.0961625238960141,-0.0956007800620714,-0.0950451549341433,-0.0944955671772994,-0.0939519361608075,-0.0934141819899364,-0.0928822255344781,-0.0923559884541992,-0.0918353932214163,-0.091320363140887,-0.0908108223671907,-0.0903066959197707,-0.0898079096957957,-0.0893143904809924,-0.08882606595859,-0.0883428647165132,-0.0878647162529483,-0.0873915509804024,-0.0869233002283682,-0.0864598962446994,-0.0860012721957958,-0.0855473621656917,-0.0850981011541345,-0.0846534250737358,-0.0842132707462714,-0.0837775758982023,-0.0833462791554838,-0.0829193200377266,-0.0824966389517675,-0.0820781771847051,-0.0816638768964527,-0.0812536811118553,-0.0808475337124155,-0.0804453794276706,-0.0800471638262594,-0.0796528333067141,-0.0792623350880124,-0.0788756171999193,-0.0784926284731486,-0.0781133185293713,-0.0777376377710947,-0.0773655373714356,-0.0769969692638105,-0.0766318861315603,-0.0762702413975289,-0.0759119892136127,-0.0755570844502966,-0.0752054826861892,-0.0748571401975729,-0.0745120139479786,-0.0741700615777978,-0.0738312413939408,-0.0734955123595505,-0.0731628340837821,-0.0728331668116528,-0.0725064714139709,-0.072182709377351,-0.0718618427943188,-0.0715438343535116,-0.0712286473299797,-0.0709162455755914,-0.0706065935095466,-0.0702996561090004,-0.0699953988998011,-0.0696937879473436,-0.069394789847541,-0.0690983717179164,-0.0688045011888146,-0.068513146394737,-0.0682242759657995,-0.067937859019313,-0.0676538651514895,-0.0673722644292714,-0.0670930273822858,-0.0668161249949224,-0.0665415286985366,-0.0662692103637742,-0.0659991422930212,-0.0657312972129744,-0.0654656482673344,-0.0652021690096192,-0.0649408333960971,-0.0646816157788388,-0.0644244908988872,-0.0641694338795433,-0.0639164202197677,-0.0636654257876957,-0.0634164268142655,-0.0631693998869574,-0.0629243219436434,-0.0626811702665442,-0.0624399224762946,-0.0622005565261138,-0.0619630506960799,-0.0617273835875068,-0.0614935341174227,-0.0612614815131481,-0.0610312053069712,-0.0608026853309206,-0.0605759017116332,-0.0603508348653144,-0.0601274654927918,-0.0599057745746583,-0.0596857433665045,-0.0594673533942389,-0.0592505864494933,-0.0590354245851137,-0.0588218501107331,-0.0586098455884272,-0.058399393828449,-0.0581904778850428,-0.0579830810523353,-0.0577771868603032,-0.0575727790708142,0,-0.170600350686801,-0.169726982370465,-0.168773171189291,-0.167764333688995,-0.166716787037115,-0.165641126868463,-0.164544918235326,-0.163433951593233,-0.162312822358107,-0.161185225458108,-0.160054131843432,-0.158921915606602,-0.157790458200186,-0.156661238672479,-0.155535412267665,-0.154413877856168,-0.153297334536238,-0.152186328096617,-0.151081288365149,-0.149982558654888,-0.14889041856014,-0.147805101292595,-0.146726806626342,-0.145655710374001,-0.144591971166744,-0.143535735171205,-0.142487139252572,-0.141446312987566,-0.140413379843011,-0.139388457764013,-0.138371659357973,-0.137363091814801,-0.136362856667598,-0.13537104946997,-0.134387759444373,-0.133413069139286,-0.132447054120401,-0.131489782711554,-0.130541315794145,-0.129601706668716,-0.128671000978731,-0.12774923669412,-0.126836444150495,-0.125932646138939,-0.125037858040731,-0.124152088001182,-0.123275337136783,-0.122407599770106,-0.121548863687225,-0.120699110412804,-0.119858315498452,-0.119026448820391,-0.118203474882919,-0.117389353124584,-0.116584038224396,-0.115787480405781,-0.114999625736334,-0.114220416421738,-0.113449791092502,-0.112687685082461,-0.111934030698144,-0.111188757478383,-0.110451792443675,-0.109723060334963,-0.109002483841639,-0.1082899838187,-0.107585479493046,-0.106888888659024,-0.106200127863369,-0.105519112579756,-0.104845757373219,-0.104179976054721,-0.103521681826198,-0.10287078741642,-0.102227205208002,-0.101590847355949,-0.100961625898085,-0.100339452857739,-0.099724240339059,-0.0991159006153053,-0.0985143462104874,-0.0979194899746899,-0.0973312451534262,-0.0967495254513491,-0.0961742450906352,-0.0956053188643516,-0.095042662185097,-0.094486191129202,-0.0939358224767566,-0.093391473747725,-0.0928530632343929,-0.0923205100303812,-0.0917937340564492,-0.091272656083298,-0.0907571977515751,-0.0902472815892682,-0.0897428310266686,-0.0892437704090732,-0.0887500250073835,-0.0882615210267542,-0.0877781856134312,-0.0872999468599139,-0.0868267338085658,-0.0863584764537932,-0.0858951057429008,-0.0854365535757291,-0.0849827528031712,-0.0845336372246596,-0.0840891415847091,-0.0836492015685953,-0.0832137537972442,-0.0827827358214021,-0.0823560861151518,-0.0819337440688355,-0.0815156499814424,-0.0811017450525127,-0.0806919713736083,-0.0802862719193964,-0.0798845905383882,-0.0794868719433733,-0.079093061701586,-0.0787031062246392,-0.0783169527582564,-0.0779345493718318,-0.0775558449478473,-0.0771807891711694,-0.0768093325182516,-0.0764414262462626,-0.0760770223821609,-0.0757160737117346,-0.0753585337686224,-0.0750043568233322,-0.0746534978722718,-0.0743059126268038,-0.073961557502338,-0.0736203896074714,-0.0732823667331862,-0.0729474473421153,-0.0726155905578821,-0.0722867561545248,-0.0719609045460089,-0.0716379967758363,-0.0713179945067552,-0.0710008600105764,-0.0706865561581,-0.0703750464091562,-0.0700662948027639,-0.06976026594741,-0.0694569250114515,-0.069156237713643,-0.0688581703137911,-0.0685626896035378,-0.068269762897273,-0.067979358023178,-0.0676914433144004,-0.0674059876003602,-0.0671229601981887,-0.0668423309042986,-0.0665640699860866,-0.0662881481737667,-0.0660145366523356,-0.0657432070536677,-0.0654741314487402,-0.0652072823399873,-0.0649426326537815,-0.0646801557330431,-0.0644198253299741,-0.0641616155989179,-0.0639055010893415,-0.06365145673894,-0.063399457866862,-0.0631494801670534,-0.0629014997017198,-0.062655492894905,-0.0624114365261835,-0.062169307724467,-0.0619290839619219,-0.0616907430479972,-0.0614542631235602,-0.0612196226551398,-0.0609868004292736,-0.0607557755469602,-0.0605265274182117,-0.0602990357567074,-0.0600732805745455,-0.0598492421770925,-0.0596269011579269,-0.0594062383938776,-0.0591872350401538,-0.0589698725255652,-0.0587541325478319,-0.0585399970689814,-0.0583274483108308,-0.058116468750554,-0.0579070411163315,-0.0576991483830812,-0.0574927737682689,-0.057287900727798,-0.0570845129519747,-0.0568825943615499,0,-0.169249802042898,-0.168382265976343,-0.167426158830978,-0.166413084297745,-0.165360642513867,-0.164279922682515,-0.163178812978163,-0.162063333995969,-0.160938226745768,-0.159807256790759,-0.158673406566298,-0.157539020462311,-0.156405925529006,-0.155275534891448,-0.154148935804438,-0.153026963194277,-0.151910259724655,-0.150799323806215,-0.149694547206318,-0.148596243962883,-0.147504672211835,-0.146420050362399,-0.145342568846548,-0.144272398459707,-0.143209696117016,-0.14215460868113,-0.141107275375684,-0.140067829182189,-0.1390363975243,-0.138013102468992,-0.136998060615761,-0.13599138279958,-0.134993173698437,-0.134003531409605,-0.133022547038618,-0.13205030432983,-0.131086879356241,-0.13013234027807,-0.129186747173713,-0.128250151942598,-0.127322598276651,-0.126404121695289,-0.125494749637795,-0.124594501606387,-0.123703389353163,-0.122821417104199,-0.121948581814419,-0.121084873447241,-0.120230275273515,-0.119384764184804,-0.118548311016543,-0.117720880877205,-0.11690243348002,-0.116092923474346,-0.115292300774143,-0.114500510881465,-0.113717495203204,-0.11294319135965,-0.112177533483729,-0.111420452510013,-0.11067187645284,-0.109931730673044,-0.109199938132998,-0.108476419639781,-0.107761094076411,-0.107053878621209,-0.106354688955408,-0.105663439459206,-0.104980043396542,-0.104304413088876,-0.103636460078313,-0.102976095280456,-0.102323229127347,-0.101677771700911,-0.101039632857297,-0.100408722342541,-0.0997849498999393,-0.0991682253695548,-0.0985584587802442,-0.0979555604346037,-0.0973594409872121,-0.0967700115165408,-0.0961871835908904,-0.0956108693286986,-0.0950409814535511,-0.0944774333442156,-0.0939201390800011,-0.0933690134817361,-0.0928239721486415,-0.0922849314913625,-0.091751808761411,-0.0912245220772536,-0.0907029904472744,-0.0901871337898226,-0.0896768729505465,-0.0891721297172062,-0.0886728268321414,-0.0881788880025656,-0.0876902379088432,-0.087206802210902,-0.0867285075529184,-0.0862552815664097,-0.0857870528718561,-0.0853237510789688,-0.0848653067857124,-0.0844116515761845,-0.0839627180174472,-0.0835184396553992,-0.0830787510097724,-0.0826435875683312,-0.0822128857803459,-0.0817865830494089,-0.0813646177256564,-0.0809469290974555,-0.0805334573826093,-0.0801241437191332,-0.0797189301556493,-0.0793177596414414,-0.0789205760162139,-0.0785273239995905,-0.07813794918039,-0.0777523980057085,-0.077370617769843,-0.076992556603079,-0.0766181634603724,-0.0762473881099467,-0.0758801811218284,-0.0755164938563413,-0.0751562784525769,-0.0747994878168603,-0.0744460756112243,-0.0740959962419089,-0.0737492048478973,-0.0734056572895018,-0.0730653101370096,-0.0727281206593988,-0.0723940468131334,-0.0720630472310464,-0.0717350812113169,-0.0714101087065485,-0.0710880903129557,-0.0707689872596616,-0.0704527613981143,-0.0701393751916235,-0.0698287917050226,-0.0695209745944587,-0.0692158880973138,-0.0689134970222586,-0.0686137667394418,-0.0683166631708163,-0.0680221527806023,-0.0677302025658901,-0.0674407800473829,-0.0671538532602783,-0.066869390745291,-0.0665873615398157,-0.0663077351692298,-0.0660304816383357,-0.0657555714229428,-0.0654829754615871,-0.0652126651473899,-0.0649446123200516,-0.0646787892579825,-0.0644151686705675,-0.064153723690565,-0.0638944278666365,-0.0636372551560084,-0.0633821799172619,-0.0631291769032516,-0.0628782212541492,-0.0626292884906133,-0.0623823545070804,-0.0621373955651795,-0.0618943882872638,-0.0616533096500627,-0.0614141369784484,-0.061176847939318,-0.0609414205355878,-0.0607078331002987,-0.0604760642908314,-0.0602460930832281,-0.0600178987666205,-0.0597914609377625,-0.0595667594956632,-0.0593437746363225,-0.0591224868475643,-0.0589028769039666,-0.0586849258618879,-0.0584686150545862,-0.0582539260874306,-0.0580408408332033,-0.0578293414274896,-0.0576194102641558,-0.0574110299909115,-0.0572041835049572,-0.0569988539487125,-0.0567950247056268,-0.0565926793960674,-0.0563918018732871,-0.0561923762194666,0,-0.16796257921084,-0.167079585483533,-0.166108228154977,-0.165082169415009,-0.164018485410868,-0.162927939962257,-0.161818297508099,-0.160695520778498,-0.159564289976341,-0.158428285469651,-0.157290381537727,-0.156152801232587,-0.155017247809817,-0.153885016695928,-0.152757089125817,-0.151634208572789,-0.150516941654663,-0.149405725607212,-0.148300904540581,-0.147202756596148,-0.146111513894272,-0.145027376883247,-0.143950524415777,-0.142881120618212,-0.141819319391563,-0.140765267194797,-0.139719104607838,-0.138680967050051,-0.137650984934515,-0.136629283464548,-0.135615982222265,-0.134611194655895,-0.133615027540142,-0.132627580459624,-0.131648945347546,-0.130679206098606,-0.12971843826578,-0.128766708843895,-0.127824076138364,-0.126890589714401,-0.125966290420121,-0.1250512104759,-0.124145373621873,-0.123248795315419,-0.122361482970736,-0.121483436233031,-0.120614647280415,-0.119755101147205,-0.118904776062988,-0.118063643802421,-0.117231670041384,-0.116408814715669,-0.115595032378945,-0.114790272557239,-0.113994480097602,-0.113207595509084,-0.112429555294446,-0.111660292271411,-0.110899735882496,-0.110147812492731,-0.109404445674787,-0.108669556481195,-0.107943063703507,-0.107224884118386,-0.1065149327207,-0.1058131229438,-0.105119366867236,-0.104433575412212,-0.103755658525146,-0.10308552534971,-0.102423084387786,-0.101768243649754,-0.101120910794583,-0.100480993260156,-0.099848398384299,-0.0992230335169649,-0.0986048061240173,-0.0979936238830548,-0.0973893947717057,-0.0967920271488092,-0.096201429828888,-0.0956175121503002,-0.0950401840374482,-0.0944693560574005,-0.093904939471274,-0.0933468462807026,-0.0927949892697068,-0.092249282042261,-0.0917096390558421,-0.0911759756512269,-0.0906482080787916,-0.0901262535215549,-0.0896100301151899,-0.0890994569652192,-0.0885944541615945,-0.0880949427908513,-0.0876008449460155,-0.0871120837344311,-0.0866285832836663,-0.0861502687456445,-0.0856770662991411,-0.0852089031507728,-0.0847457075346048,-0.084287408710486,-0.0838339369612204,-0.0833852235886749,-0.0829412009089139,-0.082501802246449,-0.0820669619276849,-0.0816366152736355,-0.081210698591981,-0.0807891491685316,-0.080371905258158,-0.0799589060752458,-0.0795500917837252,-0.0791454034867261,-0.0787447832159032,-0.0783481739204723,-0.0779555194559979,-0.0775667645729675,-0.0771818549051853,-0.076800736958017,-0.0764233580965132,-0.0760496665334387,-0.07567961131723,-0.0753131423199049,-0.0749502102249444,-0.0745907665151638,-0.0742347634605929,-0.0738821541063786,-0.0735328922607265,-0.0731869324828913,-0.0728442300712328,-0.0725047410513426,-0.0721684221642567,-0.0718352308547585,-0.0715051252597834,-0.0711780641969298,-0.0708540071530849,-0.0705329142731694,-0.0702147463490074,-0.0698994648083242,-0.0695870317038793,-0.0692774097027329,-0.0689705620756548,-0.0686664526866723,-0.0683650459827635,-0.0680663069836959,-0.0677702012720112,-0.067476694983159,-0.0671857547957775,-0.066897347922125,-0.0666114420986592,-0.0663280055767665,-0.0660470071136402,-0.0657684159633063,-0.0654922018677991,-0.065218335048482,-0.0649467861975159,-0.0646775264694724,-0.0644105274730915,-0.0641457612631817,-0.0638832003326619,-0.0636228176047435,-0.0633645864252512,-0.0631084805550805,-0.0628544741627913,-0.0626025418173344,-0.0623526584809106,-0.0621047995019606,-0.0618589406082816,-0.0616150579002729,-0.0613731278443045,-0.0611331272662096,-0.0608950333448979,-0.060658823606088,-0.0604244759161573,-0.0601919684761078,-0.059961279815644,-0.0597323887873641,-0.0595052745610597,-0.0592799166181244,-0.0590562947460678,-0.0588343890331332,-0.0586141798630191,-0.0583956479096996,-0.0581787741323444,-0.0579635397703352,-0.0577499263383779,-0.0575379156217074,-0.0573274896713842,-0.0571186307996809,-0.0569113215755575,-0.0567055448202221,-0.0565012836027777,-0.0562985212359512,-0.0560972412719046,-0.0558974274981262,-0.0556990639334008,-0.0555021348238557,0,-0.166725544719979,-0.16580818059727,-0.164810975021221,-0.163764835711597,-0.162684763684451,-0.16158055259941,-0.160459486953006,-0.159327231993474,-0.158188229347723,-0.157045937777662,-0.155903018694678,-0.154761494600091,-0.153622886238067,-0.152488328762705,-0.151358667205567,-0.15023453266854,-0.149116401560275,-0.148004640582457,-0.146899540158223,-0.145801338744664,-0.144710240117108,-0.143626425339417,-0.142550060787511,-0.14148130329296,-0.140420303224748,-0.139367206127448,-0.138322153376877,-0.137285282192689,-0.136256725254378,-0.135236610096853,-0.134225058409059,-0.13322218531993,-0.13222809872718,-0.131242898703404,-0.130266676998895,-0.12929951664988,-0.128341491693465,-0.12739266698564,-0.126453098115456,-0.125522831406643,-0.124601903996925,-0.123690343985013,-0.122788170635371,-0.121895394631313,-0.12101201836759,-0.120138036274399,-0.119273435165504,-0.118418194603974,-0.117572287279812,-0.116735679394505,-0.115908331048192,-0.115090196625826,-0.114281225179239,-0.113481360802573,-0.112690542999,-0.111908707037049,-0.111135784295235,-0.110371702594,-0.109616386514219,-0.108869757701811,-0.108131735158127,-0.107402235516016,-0.106681173301568,-0.105968461181663,-0.105264010197571,-0.104567729984884,-0.103879528980154,-0.103199314614661,-0.102526993495737,-0.101862471576141,-0.101205654311972,-0.100556446809608,-0.0999147539622075,-0.0992804805762491,-0.0986535314886331,-0.0980338116748263,-0.0974212263485395,-0.0968156810534047,-0.0962170817471083,-0.0956253348784216,-0.0950403474575498,-0.0944620271202077,-0.0938902821858103,-0.0933250217101489,-0.0927661555329075,-0.092213594320356,-0.0916672496035374,-0.0911270338122546,-0.0905928603051412,-0.0900646433960872,-0.0895422983772761,-0.0890257415390727,-0.0885148901869902,-0.0880096626559488,-0.0875099783220264,-0.0870157576118911,-0.0865269220100912,-0.0860433940643681,-0.085565097389149,-0.0850919566673633,-0.0846238976507197,-0.0841608471585705,-0.0837027330754825,-0.083249484347625,-0.082801030978079,-0.0823573040211628,-0.0819182355758664,-0.0814837587784758,-0.0810538077944666,-0.0806283178097398,-0.0802072250212659,-0.0797904666272011,-0.0793779808165335,-0.0789697067583125,-0.0785655845905125,-0.0781655554085763,-0.0777695612536816,-0.0773775451007707,-0.0769894508463781,-0.0766052232962927,-0.0762248081530835,-0.0758481520035182,-0.0754752023059024,-0.0751059073773611,-0.0747402163810882,-0.074378079313581,-0.074019446991882,-0.0736642710408418,-0.0733125038804213,-0.0729640987130465,-0.0726190095110285,-0.0722771910040616,-0.0719385986668085,-0.0716031887065847,-0.0712709180511474,-0.070941744336601,-0.070615625895421,-0.0702925217446075,-0.0699723915739703,-0.0696551957345516,-0.0693408952271911,-0.0690294516912357,-0.0687208273933985,-0.0684149852167685,-0.0681118886499735,-0.0678115017764986,-0.0675137892641609,-0.0672187163547418,-0.0669262488537779,-0.0666363531205107,-0.0663489960579941,-0.0660641451033629,-0.0657817682182584,-0.0655018338794121,-0.0652243110693879,-0.06494916926748,-0.0646763784407666,-0.0644059090353185,-0.0641377319675606,-0.063871818615785,-0.0636081408118153,-0.0633466708328186,-0.063087381393266,-0.0628302456370376,-0.0625752371296714,-0.0623223298507542,-0.0620714981864529,-0.0618227169221832,-0.061575961235415,-0.0613312066886113,-0.0610884292223007,-0.060847605148278,-0.060608711142935,-0.0603717242407162,-0.0601366218276987,-0.0599033816352951,-0.0596719817340744,-0.0594424005277034,-0.0592146167470019,-0.058988609444113,-0.0587643579867849,-0.0585418420527629,-0.0583210416242886,-0.0581019369827064,-0.0578845087031724,-0.0576687376494669,-0.0574546049689064,-0.0572420920873534,-0.0570311807043239,-0.0568218527881888,-0.0566140905714679,-0.0564078765462156,-0.0562031934594953,-0.0560000243089416,-0.0557983523384085,-0.0555981610337015,-0.055399434118392,-0.055202155549713,-0.0550063095145343,-0.0548118804254141,0,-0.165523269331784,-0.164556675525813,-0.163525847313366,-0.16245433643579,-0.161354001809566,-0.160233248808187,-0.159098630847398,-0.157955330125755,-0.156807403991465,-0.155657975305627,-0.154509405057632,-0.153363450176809,-0.152221402168462,-0.151084203445654,-0.149952541066782,-0.14882691974375,-0.147707717086853,-0.146595224345716,-0.145489675721596,-0.144391268919254,-0.143300179134618,-0.142216568222429,-0.141140590393571,-0.14007239546592,-0.139012130432751,-0.137959939910665,-0.136915965874524,-0.135880346970524,-0.134853217611724,-0.13383470699633,-0.132824938142182,-0.131824026996999,-0.130832081659649,-0.12984920173062,-0.128875477797972,-0.127910991057064,-0.126955813057145,-0.12601000556472,-0.125073620531831,-0.124146700156718,-0.123229277024242,-0.122321374313897,-0.121423006063987,-0.120534177481408,-0.119654885287501,-0.118785118091412,-0.117924856783451,-0.117074074941846,-0.116232739247217,-0.115400809899909,-0.114578241036081,-0.11376498113913,-0.11296097344361,-0.112166156329375,-0.111380463704108,-0.110603825372842,-0.109836167393388,-0.109077412416939,-0.108327480013325,-0.107586286980659,-0.106853747639267,-0.106129774109949,-0.105414276576771,-0.104707163534654,-0.104008342022127,-0.103317717839673,-0.102635195754152,-0.101960679689796,-0.101294072906337,-0.100635278164798,-0.0999841978815311,-0.099340734271055,-0.0987047894782579,-0.0980762657005192,-0.0974550653002946,-0.0968410909086936,-0.0962342455205653,-0.0956344325815876,-0.0950415560678413,-0.0944555205583262,-0.093876231300861,-0.0933035942717862,-0.0927375162298709,-0.0921779047648037,-0.0916246683406287,-0.0910777163344691,-0.0905369590708621,-0.0900023078520105,-0.0894736749842391,-0.0889509738009292,-0.0884341186821848,-0.0879230250714728,-0.0874176094894625,-0.0869177895452752,-0.0864234839453451,-0.0859346125000757,-0.0854510961284669,-0.0849728568608756,-0.0844998178400625,-0.0840319033206671,-0.0835690386672443,-0.0831111503509864,-0.0826581659452458,-0.0822100141199671,-0.0817666246351273,-0.081327928333279,-0.0808938571312821,-0.0804643440113067,-0.080039323011178,-0.0796187292141387,-0.0792024987380874,-0.0787905687243564,-0.0783828773260839,-0.07797936369623,-0.0775799679752862,-0.0771846312787203,-0.0767932956841985,-0.0764059042186203,-0.0760224008450034,-0.0756427304492469,-0.075266838826804,-0.0748946726692907,-0.0745261795510541,-0.0741613079157239,-0.073800007062767,-0.073442227134064,-0.0730879191005245,-0.0727370347487583,-0.0723895266678138,-0.0720453482359996,-0.0717044536077986,-0.0713667977008862,-0.0710323361832616,-0.0707010254605008,-0.0703728226631386,-0.0700476856341866,-0.0697255729167931,-0.069406443742049,-0.0690902580169463,-0.068776976312491,-0.0684665598519752,-0.0681589704994103,-0.0678541707481241,-0.0675521237095231,-0.0672527931020231,-0.0669561432401465,-0.0666621390237897,-0.0663707459276595,-0.0660819299908789,-0.0657956578067629,-0.0655118965127625,-0.0652306137805782,-0.0649517778064411,-0.0646753573015599,-0.0644013214827349,-0.0641296400631354,-0.0638602832432412,-0.0635932217019445,-0.0633284265878124,-0.0630658695105079,-0.0628055225323666,-0.0625473581601283,-0.0622913493368215,-0.0620374694337978,-0.0617856922429162,-0.0615359919688721,-0.0612883432216722,-0.0610427210092515,-0.0607991007302294,-0.0605574581668046,-0.0603177694777861,-0.0600800111917561,-0.0598441602003664,-0.059610193751762,-0.0593780894441329,-0.05914782521939,-0.058919379356964,-0.0586927304677239,-0.0584678574880148,-0.0582447396738107,-0.0580233565949821,-0.0578036881296748,-0.0575857144587989,-0.0573694160606255,-0.0571547737054883,-0.0569417684505898,-0.0567303816349091,-0.056520594874208,-0.0563123900561368,-0.0561057493354347,-0.0559006551292243,-0.0556970901123982,-0.055495037213097,-0.0552944796082732,-0.0550954007193448,-0.0548977842079316,-0.0547016139716763,-0.0545068741401459,-0.0543135490708139,-0.054121623345121,0,-0.164338722951622,-0.163313740275459,-0.162244512308923,-0.161144158517961,-0.160020955145148,-0.158881742045053,-0.157732194957004,-0.15657688093715,-0.155419359988909,-0.154262328107522,-0.153107776796878,-0.151957147725178,-0.150811469247813,-0.14967146918382,-0.148537663508976,-0.147410423478946,-0.146290024813582,-0.145176682679683,-0.144070575824239,-0.142971862646931,-0.141880691425421,-0.140797206394507,-0.139721550955663,-0.138653868956821,-0.137594304723024,-0.136543002323017,-0.13550010441166,-0.13446575088149,-0.13344007747949,-0.13242321448961,-0.131415285542214,-0.130416406583973,-0.12942668502274,-0.128446219049094,-0.127475097127925,-0.126513397648211,-0.125561188716283,-0.12461852807643,-0.12368546314249,-0.122762031124402,-0.121848259234642,-0.120944164960541,-0.120049756389797,-0.119165032577787,-0.118289983946642,-0.117424592707254,-0.116568833296601,-0.115722672823871,-0.11488607151983,-0.114058983184798,-0.11324135563138,-0.112433131118804,-0.111634246776341,-0.110844635013804,-0.110064223917596,-0.109292937631179,-0.108530696719162,-0.107777418514511,-0.107033017448601,-0.106297405364059,-0.105570491810488,-0.104852184323317,-0.104142388686114,-0.103441009176796,-0.102747948798241,-0.102063109493827,-0.101386392348515,-0.100717697776054,-0.100056925692944,-0.0994039756797886,-0.0987587471306603,-0.0981211393910968,-0.0974910518853503,-0.0968683842334797,-0.0962530363588706,-0.0956449085867434,-0.0950439017341936,-0.0944499171922826,-0.0938628570006804,-0.0932826239153332,-0.0927091214696122,-0.0921422540293732,-0.091581926842336,-0.0910280460821733,-0.0904805188876713,-0.0899392533973125,-0.0894041587796032,-0.0888751452594548,-0.0883521241409073,-0.0878350078264651,-0.0873237098333026,-0.0868181448065754,-0.0863182285300628,-0.0858238779343507,-0.0853350111027507,-0.0848515472751379,-0.0843734068498805,-0.0839005113840178,-0.0834327835918389,-0.0829701473419978,-0.0825125276532964,-0.0820598506892543,-0.0816120437515786,-0.0811690352726363,-0.0807307548070279,-0.0802971330223491,-0.0798681016892278,-0.0794435936707099,-0.0790235429110675,-0.0786078844240957,-0.0781965542809591,-0.0777894895976432,-0.0773866285220666,-0.0769879102208984,-0.0765932748661288,-0.0762026636214307,-0.0758160186283539,-0.0754332829923835,-0.0750544007688958,-0.0746793169490414,-0.0743079774455823,-0.0739403290787062,-0.0735763195618428,-0.0732158974875013,-0.0728590123131469,-0.072505614347136,-0.072155654734723,-0.0718090854441539,-0.0714658592528591,-0.0711259297337566,-0.0707892512416761,-0.0704557788999128,-0.0701254685869199,-0.0697982769231446,-0.0694741612580181,-0.0691530796571004,-0.0688349908893886,-0.0685198544147913,-0.0682076303717715,-0.0678982795651633,-0.067591763454164,-0.0672880441405019,-0.0669870843567845,-0.0666888474550252,-0.0663932973953515,-0.0661003987348932,-0.0658101166168529,-0.0655224167597568,-0.0652372654468855,-0.0649546295158858,-0.0646744763485606,-0.0643967738608371,-0.0641214904929112,-0.0638485951995679,-0.0635780574406747,-0.0633098471718472,-0.0630439348352854,-0.0627802913507779,-0.0625188881068724,-0.062259696952211,-0.0620026901870276,-0.061747840554805,-0.0614951212340907,-0.0612445058304668,-0.0609959683686753,-0.0607494832848921,-0.0605050254191516,-0.0602625700079156,-0.0600220926767884,-0.059783569433371,-0.059546976660256,-0.0593122911081588,-0.059079489889183,-0.0588485504702178,-0.0586194506664652,-0.0583921686350946,-0.0581666828690215,-0.0579429721908106,-0.057721015746697,-0.0575007930007273,-0.0572822837290159,-0.0570654680141147,-0.0568503262394951,-0.0566368390841378,-0.0564249875172314,-0.0562147527929752,-0.0560061164454845,-0.0557990602837985,-0.055593566386985,-0.0553896170993438,-0.0551871950257042,-0.0549862830268151,-0.0547868642148283,-0.0545889219488683,-0.0543924398306922,-0.0541974017004335,-0.0540037916324306,-0.0538115939311382,-0.0536207931271175,-0.0534313739731071,0,-0.16315438244261,-0.162068726204511,-0.160959179106742,-0.159828217869854,-0.158680742367518,-0.157522065837605,-0.156356930540884,-0.155189204074593,-0.154021866958873,-0.152857120701928,-0.151696537313136,-0.150541209406438,-0.149391881453102,-0.148249055568041,-0.14711307213144,-0.145984168634609,-0.144862521043574,-0.143748271799358,-0.142641547964068,-0.141542472311298,-0.140451169500718,-0.139367768925305,-0.138292405383714,-0.137225218397818,-0.136166350748037,-0.135115946618305,-0.134074149612308,-0.133041100809999,-0.132016936968288,-0.131001788924676,-0.129995780231773,-0.12899902603007,-0.128011632152979,-0.127033694449903,-0.12606529830835,-0.125106518353842,-0.1241574183057,-0.123218050967184,-0.122288458329615,-0.121368671771565,-0.120458712335926,-0.119558591069467,-0.118668309411228,-0.117787859617838,-0.116917225215386,-0.116056381469011,-0.115205295862628,-0.114363928582477,-0.113532232999196,-0.112710156144074,-0.111897639175974,-0.111094617836101,-0.110301022888427,-0.109516780544108,-0.108741812868683,-0.107976038171198,-0.107219371374775,-0.10647172436835,-0.105733006339558,-0.105003124088936,-0.104281982325717,-0.103569483945657,-0.102865530291375,-0.10217002139581,-0.101482856209389,-0.100803932811606,-0.100133148607661,-0.0994704005108836,-0.0988155851116284,-0.0981685988333458,-0.097529338076514,-0.0968976993511074,-0.0962735793982591,-0.0956568753017529,-0.09504748458996,-0.0944453053288097,-0.0938502362063615,-0.0932621766095169,-0.0926810266933874,-0.0921066874438068,-0.0915390607334527,-0.0909780493720167,-0.0904235571508382,-0.0898754888823936,-0.0893337504350113,-0.0887982487631586,-0.0882688919336285,-0.0877455891479323,-0.0872282507611861,-0.0867167882977603,-0.0862111144639457,-0.0857111431578701,-0.0852167894768883,-0.0847279697226498,-0.0842446014040374,-0.083766603238155,-0.0832938951495336,-0.0828263982677078,-0.0823640349233111,-0.0819067286428218,-0.0814544041420864,-0.0810069873187355,-0.080564405243601,-0.0801265861512341,-0.0796934594296169,-0.079264955609153,-0.0788410063510189,-0.0784215444349456,-0.0780065037465033,-0.0775958192639477,-0.0771894270446893,-0.0767872642114363,-0.0763892689380634,-0.0759953804352484,-0.0756055389359218,-0.0752196856805651,-0.0748377629023945,-0.0744597138124618,-0.0740854825847019,-0.0737150143409535,-0.0733482551359798,-0.072985151942508,-0.072625652636312,-0.0722697059813536,-0.0719172616150017,-0.0715682700333422,-0.0712226825765949,-0.0708804514146476,-0.0705415295327197,-0.0702058707171646,-0.0698734295414204,-0.0695441613521156,-0.0692180222553379,-0.0688949691030708,-0.0685749594798042,-0.0682579516893233,-0.0679439047416786,-0.0676327783403421,-0.0673245328695502,-0.0670191293818369,-0.0667165295857579,-0.0664166958338075,-0.0661195911105289,-0.0658251790208177,-0.0655334237784193,-0.0652442901946199,-0.0649577436671306,-0.0646737501691625,-0.0643922762386948,-0.064113288967931,-0.0638367559929452,-0.0635626454835137,-0.0632909261331337,-0.0630215671492235,-0.0627545382435062,-0.0624898096225703,-0.0622273519786099,-0.0619671364803382,-0.0617091347640744,-0.0614533189250002,-0.0611996615085854,-0.0609481355021772,-0.0606987143267535,-0.0604513718288362,-0.0602060822725621,-0.0599628203319094,-0.0597215610830763,-0.0594822799970102,-0.0592449529320839,-0.0590095561269169,-0.058776066193339,-0.0585444601094938,-0.0583147152130791,-0.058086809194722,-0.0578607200914868,-0.0576364262805115,-0.0574139064727725,-0.0571931397069741,-0.056974105343559,-0.0567567830588407,-0.0565411528392524,-0.0563271949757112,-0.056114890058096,-0.0559042189698357,-0.0556951628826057,-0.0554877032511318,-0.055281821808097,-0.0550775005591512,-0.0548747217780211,-0.0546734680017172,-0.0544737220258372,-0.0542754668999641,-0.0540786859231546,-0.0538833626395193,-0.0536894808338902,-0.053497024527575,-0.0533059779741953,-0.0531163256556085,-0.0529280522779106,-0.0527411427675178,0,-0.161954990654383,-0.160812206474665,-0.159662851723274,-0.158501013789504,-0.157328951683067,-0.156150650071569,-0.154969929481879,-0.153789912394585,-0.152612945428285,-0.151440690494186,-0.15027426910089,-0.149114406963544,-0.14796155703704,-0.146815995129201,-0.145677889751258,-0.144547350657066,-0.143424460981948,-0.142309297357996,-0.141201941539986,-0.140102486237035,-0.139011037128761,-0.137927712478328,-0.136852641326811,-0.135785960939626,-0.134727813950682,-0.133678345491161,-0.132637700479531,-0.131606021173831,-0.130583445036458,-0.129570102928109,-0.128566117626068,-0.127571602648865,-0.126586661361843,-0.125611386334517,-0.12464585891948,-0.123690149023107,-0.122744315039863,-0.121808403924067,-0.120882451375419,-0.119966482117047,-0.119060510247315,-0.118164539648981,-0.117278564441505,-0.116402569464296,-0.115536530780545,-0.114680416192886,-0.113834185763599,-0.112997792333328,-0.112171182033396,-0.111354294787753,-0.110547064801444,-0.109749421033167,-0.108961287650101,-0.108182584463713,-0.107413227345652,-0.106653128623213,-0.105902197454158,-0.105160340180896,-0.104427460664245,-0.103703460597152,-0.102988239798857,-0.102281696490103,-0.101583727550046,-0.100894228755594,-0.100213095003907,-0.099540220518848,-0.0988754990421531,-0.0982188240101077,-0.0975700887165026,-0.09692918646263,-0.0962960106950628,-0.0956704551319379,-0.0950524138784411,-0.0944417815321632,-0.0938384532789708,-0.093242324980005,-0.0926532932503946,-0.0920712555302387,-0.0914961101483865,-0.0909277563795149,-0.0903660944949742,-0.0898110258078469,-0.08926245271264,-0.0887202787200032,-0.0881844084868446,-0.08765474784219,-0.0871312038091126,-0.086613684623036,-0.0861020997466983,-0.0855963598820404,-0.0850963769792702,-0.0846020642433323,-0.0841133361380017,-0.0836301083878016,-0.0831522979779331,-0.0826798231523923,-0.0822126034104359,-0.0817505595015472,-0.0812936134190408,-0.080841688392439,-0.0803947088787359,-0.0799526005526651,-0.0795152902960725,-0.0790827061864883,-0.0786547774849904,-0.0782314346234376,-0.0778126091911493,-0.0773982339211023,-0.076988242675707,-0.0765825704322246,-0.0761811532678768,-0.0757839283447017,-0.075390833894198,-0.0750018092018039,-0.0746167945912453,-0.0742357314087924,-0.073858562007455,-0.0734852297311461,-0.0731156788988426,-0.0727498547887658,-0.0723877036226049,-0.0720291725498037,-0.0716742096319297,-0.0713227638271396,-0.0709747849747598,-0.0706302237799924,-0.0702890317987596,-0.0699511614226983,-0.0696165658643121,-0.0692851991422916,-0.0689570160670085,-0.068631972226191,-0.0683100239707857,-0.0679911284010102,-0.0676752433526019,-0.0673623273832646,-0.0670523397593169,-0.0667452404425446,-0.0664409900772571,-0.0661395499775512,-0.065840882114782,-0.0655449491052405,-0.0652517141980394,-0.0649611412632055,-0.0646731947799795,-0.0643878398253194,-0.0641050420626106,-0.0638247677305775,-0.0635469836323969,-0.0632716571250114,-0.0629987561086399,-0.0627282490164846,-0.0624601048046312,-0.0621942929421398,-0.0619307834013258,-0.061669546648226,-0.0614105536332496,-0.0611537757820097,-0.0608991849863335,-0.0606467535954491,-0.0603964544073444,-0.0601482606602971,-0.0599021460245724,-0.0596580845942849,-0.0594160508794234,-0.059176019798034,-0.0589379666685606,-0.0587018672023383,-0.0584676974962382,-0.0582354340254595,-0.0580050536364683,-0.0577765335400773,-0.0575498513046672,-0.0573249848495436,-0.05710191243843,-0.0568806126730918,-0.0566610644870897,-0.0564432471396604,-0.0562271402097213,-0.0560127235899965,-0.0557999774812631,-0.0555888823867134,-0.0553794191064325,-0.055171568731987,-0.0549653126411246,-0.0547606324925807,-0.0545575102209905,-0.0543559280319038,-0.0541558683969018,-0.0539573140488121,-0.0537602479770201,-0.0535646534228762,-0.0533705138751946,-0.0531778130658443,-0.0529865349654273,-0.0527966637790454,-0.0526081839421509,-0.0524210801164813,-0.0522353371860753,-0.0520509402533686,0,-0.160728708012317,-0.159536341112142,-0.158349498046513,-0.157157737997299,-0.155961718800128,-0.154764377518129,-0.153568664461746,-0.152376939453744,-0.151190884654936,-0.150011598464195,-0.148839739372161,-0.147675663909017,-0.146519538509907,-0.145371422008448,-0.144231322388324,-0.143099233399738,-0.141975156463413,-0.140859112342958,-0.139751146002949,-0.138651327132863,-0.137559748074002,-0.136476520330801,-0.13540177044729,-0.134335635748169,-0.133278260250414,-0.132229790920622,-0.131190374366718,-0.130160153996491,-0.129139267640157,-0.128127845612919,-0.127126009181615,-0.126133869393924,-0.125151526226879,-0.124179068012263,-0.123216571098761,-0.122264099713905,-0.121321705992336,-0.120389430140583,-0.119467300712061,-0.118555334969398,-0.117653539314281,-0.116761909767858,-0.115880432487283,-0.115009084306255,-0.11414783328938,-0.113296639291974,-0.112455454518394,-0.111624224073334,-0.110802886501635,-0.109991374313111,-0.109189614489736,-0.108397528973193,-0.107615035131398,-0.106842046203066,-0.10607847171981,-0.105324217905564,-0.104579188053425,-0.103843282880178,-0.103116400858973,-0.102398438530752,-0.101689290795089,-0.100988851181232,-0.100297012100154,-0.0996136650784501,-0.0989387009749725,-0.0982720101810506,-0.0976134828051863,-0.0969630088430722,-0.096320478333778,-0.0956857815029198,-0.0950588088936066,-0.0944394514859248,-0.0938276008056914,-0.0932231490231771,-0.0926259890424641,-0.0920360145820732,-0.0914531202474602,-0.0908772015959499,-0.0903081551946458,-0.0897458786718203,-0.0891902707622624,-0.0886412313470303,-0.0880986614880289,-0.087562463457808,-0.087032540764947,-0.0865087981753738,-0.0859911417299402,-0.0854794787585531,-0.0849737178911447,-0.084473769065742,-0.0839795435338805,-0.0834909538635886,-0.0830079139401534,-0.0825303389648659,-0.0820581454519245,-0.0815912512236704,-0.0811295754043074,-0.0806730384122548,-0.080221561951266,-0.0797750690004388,-0.0793334838032321,-0.0788967318555956,-0.0784647398933116,-0.0780374358786394,-0.0776147489863463,-0.0771966095892019,-0.0767829492430093,-0.0763737006712351,-0.0759687977493018,-0.0755681754885964,-0.0751717700202458,-0.0747795185787068,-0.0743913594852124,-0.0740072321311139,-0.0736270769611538,-0.0732508354567036,-0.0728784501189937,-0.0725098644523655,-0.0721450229475667,-0.0717838710651149,-0.0714263552187474,-0.0710724227589775,-0.0707220219567707,-0.070375101987358,-0.0700316129141978,-0.0696915056730985,-0.069354732056512,-0.0690212446980072,-0.0686909970569313,-0.0683639434032653,-0.0680400388026819,-0.0677192391018067,-0.067401500913692,-0.0670867816035022,-0.0667750392744171,-0.0664662327537527,-0.0661603215793038,-0.0658572659859069,-0.0655570268922261,-0.0652595658877619,-0.0649648452200814,-0.0646728277822717,-0.0643834771006137,-0.0640967573224763,-0.0638126332044298,-0.0635310701005761,-0.0632520339510943,-0.0629754912710003,-0.0627014091391175,-0.0624297551872564,-0.0621604975896012,-0.0618936050523005,-0.0616290468032594,-0.0613667925821299,-0.0611068126304989,-0.0608490776822672,-0.0605935589542206,-0.0603402281367868,-0.0600890573849779,-0.0598400193095131,-0.0595930869681206,-0.0593482338570138,-0.0591054339025408,-0.0588646614530017,-0.0586258912706329,-0.0583890985237546,-0.0581542587790776,-0.0579213479941676,-0.0576903425100638,-0.057461219044048,-0.0572339546825625,-0.0570085268742727,-0.0567849134232731,-0.0565630924824318,-0.0563430425468725,-0.0561247424475902,-0.0559081713451983,-0.0556933087238054,-0.0554801343850155,-0.0552686284420549,-0.0550587713140172,-0.0548505437202283,-0.0546439266747263,-0.0544389014808558,-0.0542354497259718,-0.0540335532762541,-0.0538331942716259,-0.0536343551207789,-0.0534370184962982,-0.0532411673298884,-0.0530467848076958,-0.052853854365728,-0.0526623596853651,-0.0524722846889631,-0.0522836135355472,-0.0520963306165914,-0.051910420551885,-0.0517258681854816,-0.0515426585817316,-0.0513607770213932,0,-0.159467563294798,-0.158235026607521,-0.157014131552175,-0.155794338529993,-0.154575776794742,-0.153360620525262,-0.152151014046245,-0.150948555079417,-0.149754250909556,-0.148568632221694,-0.147391899616814,-0.146224052941146,-0.145064988903447,-0.143914567758028,-0.142772655055405,-0.141639145178912,-0.140513972425494,-0.139397114033262,-0.138288588309488,-0.137188450018789,-0.136096784456727,-0.135013701115227,-0.133939327491095,-0.132873803351958,-0.131817275619537,-0.130769893932041,-0.129731806887159,-0.128703158931752,-0.127684087845201,-0.126674722754561,-0.125675182617381,-0.124685575109593,-0.123705995859737,-0.12273652797576,-0.12177724181607,-0.120828194962062,-0.119889432354621,-0.118960986562067,-0.118042878151546,-0.117135116139955,-0.11623769850413,-0.115350612733224,-0.114473836409045,-0.113607337802513,-0.112751076476578,-0.111905003887685,-0.111069063979477,-0.110243193763728,-0.109427323884607,-0.108621379163332,-0.107825279121065,-0.107038938478519,-0.106262267631351,-0.105495173100795,-0.104737557959411,-0.103989322232071,-0.103250363272565,-0.102520576116385,-0.101799853810375,-0.101088087720059,-0.100385167815511,-0.0996909829367139,-0.0990054210393414,-0.0983283694219644,-0.09765971493564,-0.0969993441768596,-0.0963471436648061,-0.0957030000038481,-0.0950668000321719,-0.0944384309574176,-0.0938177804801561,-0.0932047369060018,-0.0925991892471219,-0.0920010273138678,-0.0914101417972097,-0.0908264243426272,-0.0902497676160653,-0.0896800653625339,-0.0891172124578926,-0.0885611049543316,-0.0880116401200259,-0.0874687164734108,-0.0869322338124981,-0.0864020932396244,-0.0858781971819965,-0.0853604494083771,-0.0848487550422255,-0.0843430205715925,-0.0838431538560432,-0.0833490641308637,-0.0828606620087912,-0.0823778594794857,-0.0819005699069519,-0.0814287080250976,-0.0809621899316073,-0.0805009330802931,-0.0800448562720733,-0.079593879644719,-0.0791479246614975,-0.0787069140988311,-0.0782707720330808,-0.077839423826558,-0.0774127961128554,-0.0769908167815846,-0.0765734149625986,-0.0761605210097719,-0.0757520664844063,-0.0753479841383218,-0.0749482078966897,-0.0745526728406603,-0.0741613151898297,-0.0737740722845919,-0.0733908825684122,-0.073011685570061,-0.0726364218858369,-0.0722650331618122,-0.0718974620761243,-0.07153365232134,-0.0711735485869133,-0.0708170965417545,-0.0704642428169333,-0.070114934988526,-0.069769121560625,-0.0694267519485207,-0.0690877764620687,-0.0687521462892507,-0.068419813479938,-0.0680907309298656,-0.0677648523648222,-0.0674421323250624,-0.0671225261499456,-0.0668059899628036,-0.0664924806560435,-0.0661819558764843,-0.0658743740109312,-0.0655696941719884,-0.0652678761841106,-0.0649688805698939,-0.0646726685366057,-0.0643792019629522,-0.0640884433860847,-0.0638003559888402,-0.0635149035872185,-0.0632320506180901,-0.062951762127137,-0.0626740037570203,-0.0623987417357748,-0.0621259428654272,-0.061855574510835,-0.0615876045887439,-0.0613220015570602,-0.061058734404335,-0.0607977726394587,-0.0605390862815604,-0.0602826458501107,-0.060028422355224,-0.0597763872881568,-0.059526512612,-0.0592787707525594,-0.0590331345894242,-0.0587895774472177,-0.0585480730870279,-0.0583085956980145,-0.0580711198891898,-0.0578356206813686,-0.0576020734992852,-0.057370454163874,-0.0571407388847102,-0.0569129042526072,-0.0566869272323688,-0.0564627851556916,-0.0562404557142152,-0.056019916952718,-0.0558011472624535,-0.0555841253746269,-0.0553688303540065,-0.0551552415926694,-0.0549433388038762,-0.0547331020160747,-0.0545245115670279,-0.0543175480980637,-0.0541121925484453,-0.0539084261498582,-0.0537062304210112,-0.0535055871623508,-0.0533064784508839,-0.0531088866351085,-0.0529127943300494,-0.0527181844123965,-0.0525250400157432,-0.0523333445259236,-0.0521430815764453,-0.0519542350440165,-0.0517667890441652,-0.0515807279269475,-0.0513960362727451,-0.0512126988881477,-0.0510307008019199,-0.0508500272610508,-0.0506706637268834,0,-0.158167621255326,-0.156903841199477,-0.155652814379984,-0.15440754281969,-0.153168479806067,-0.151937258750342,-0.150715273134445,-0.149503369343627,-0.148301886529942,-0.147110801765809,-0.14592987945675,-0.144758788950414,-0.143597184666722,-0.142444754598231,-0.141301245646885,-0.140166473422629,-0.139040322350818,-0.13792274020891,-0.136813729837459,-0.135713339770637,-0.13462165484302,-0.133538787372771,-0.132464869227967,-0.131400044899976,-0.130344465598012,-0.129298284316406,-0.12826165179336,-0.127234713265697,-0.12621760592096,-0.125210456951448,-0.124213382121482,-0.12322648476752,-0.122249855159587,-0.12128357016119,-0.120327693133124,-0.119382274034125,-0.118447349678116,-0.117522944113863,-0.116609069098176,-0.115705724638418,-0.114812899584161,-0.113930572251257,-0.113058711064611,-0.112197275208481,-0.111346215275289,-0.110505473905781,-0.109674986414893,-0.108854681399017,-0.108044481321405,-0.107244303073375,-0.106454058509715,-0.105673654957299,-0.104902995696419,-0.104141980414736,-0.10339050563408,-0.102648465110581,-0.101915750208795,-0.101192250250662,-0.100477852840208,-0.0997724441650141,-0.0990759092755009,-0.098388132343116,-0.0977089968985185,-0.097038386050855,-0.0963761826892018,-0.0957222696672316,-0.0950765299721266,-0.0944388468787296,-0.0938091040898862,-0.0931871858638875,-0.0925729771298855,-0.0919663635921052,-0.0913672318236405,-0.0907754693505722,-0.0901909647271104,-0.0896136076024185,-0.0890432887797398,-0.0884799002684072,-0.087923335329281,-0.0873734885141266,-0.0868302556994064,-0.086293534114934,-0.0857632223678039,-0.0852392204619855,-0.0847214298139406,-0.0842097532646005,-0.0837040950880145,-0.0832043609969582,-0.0827104581457714,-0.0822222951306744,-0.0817397819877933,-0.0812628301891083,-0.0807913526365232,-0.080325263654239,-0.0798644789795998,-0.0794089157525702,-0.0789584925039838,-0.0785131291427008,-0.078072746941794,-0.077637268523877,-0.0772066178456798,-0.0767807201819654,-0.076359502108877,-0.0759428914867962,-0.0755308174427848,-0.0751232103526801,-0.0747200018229048,-0.0743211246720481,-0.0739265129122705,-0.0735361017305793,-0.0731498274700183,-0.0727676276108104,-0.0723894407514897,-0.0720152065900546,-0.0716448659051713,-0.071278360537455,-0.0709156333708518,-0.0705566283141425,-0.0702012902825889,-0.0698495651797382,-0.0695013998794018,-0.0691567422078219,-0.0688155409260374,-0.0684777457124597,-0.0681433071456685,-0.0678121766874339,-0.0674843066659735,-0.0671596502594474,-0.0668381614796998,-0.0665197951562473,-0.0662045069205193,-0.0658922531903525,-0.0655829911547404,-0.0652766787588398,-0.0649732746892349,-0.0646727383594581,-0.0643750298957682,-0.064080110123185,-0.0637879405517783,-0.0634984833632112,-0.0632117013975345,-0.0629275581402318,-0.0626460177095108,-0.0623670448438408,-0.0620906048897319,-0.0618166637897532,-0.0615451880707888,-0.0612761448325258,-0.0610095017361731,-0.0607452269934071,-0.0604832893555401,-0.0602236581029101,-0.0599663030344851,-0.0597111944576823,-0.0594583031783951,-0.0592076004912268,-0.058959058169926,-0.0587126484580205,-0.0584683440596463,-0.0582261181305677,-0.0579859442693854,-0.0577477965089279,-0.0575116493078248,-0.0572774775422554,-0.0570452564978724,-0.0568149618618951,-0.0565865697153685,-0.0563600565255872,-0.0561353991386774,-0.055912574772337,-0.0556915610087286,-0.0554723357875219,-0.0552548773990844,-0.0550391644778145,-0.0548251759956171,-0.0546128912555154,-0.0544022898853986,-0.0541933518319009,-0.0539860573544101,-0.0537803870192024,-0.0535763216936998,-0.0533738425408502,-0.0531729310136237,-0.052973568849626,-0.0527757380658237,-0.0525794209533809,-0.0523846000726042,-0.0521912582479917,-0.0519993785633879,-0.0518089443572376,-0.0516199392179394,-0.0514323469792962,-0.0512461517160596,-0.0510613377395669,-0.0508778895934684,-0.0506957920495434,-0.0505150301036014,-0.0503355889714694,-0.0501574540850599,-0.0499806110885217,0,-0.156827990601752,-0.155539824234631,-0.154262599549198,-0.152994847228428,-0.151737803775712,-0.150492679515079,-0.149260149689093,-0.148040325604742,-0.146832900324519,-0.145637328492608,-0.144452975310957,-0.143279218098464,-0.142115505632447,-0.140961386519511,-0.139816517264149,-0.13868065820115,-0.137553662921185,-0.136435464813922,-0.135326062930398,-0.134225508417898,-0.133133892175586,-0.13205133400779,-0.130977973333339,-0.129913961387713,-0.128859454792885,-0.127814610343829,-0.126779580855395,-0.125754511919545,-0.124739539434864,-0.123734787784703,-0.122740368555131,-0.121756379698229,-0.120782905059412,-0.119820014199396,-0.118867762451938,-0.117926191167673,-0.116995328102381,-0.116075187914891,-0.115165772745747,-0.114267072852775,-0.113379067284008,-0.112501724572048,-0.111635003437002,-0.110778853487712,-0.109933215913188,-0.109098024157925,-0.108273204576309,-0.107458677062558,-0.106654355653675,-0.105860149103712,-0.105075961428345,-0.104301692419313,-0.103537238128693,-0.102782491323358,-0.102037341910224,-0.101301677333085,-0.10057538294204,-0.0998583423365488,-0.0991504376833114,-0.0984515500101532,-0.0977615594771491,-0.0970803456262188,-0.0964077876104137,-0.0957437644040951,-0.0950881549951745,-0.0944408385605454,-0.0938016946257988,-0.0931706032102659,-0.0925474449583842,-0.0919321012583352,-0.0913244543488543,-0.0907243874150592,-0.0901317846741023,-0.0895465314513996,-0.0889685142481458,-0.0883976208007815,-0.0878337401330342,-0.0872767626011168,-0.0867265799326266,-0.0861830852596538,-0.0856461731465714,-0.085115739612947,-0.0845916821519867,-0.0840738997448914,-0.0835622928714781,-0.0830567635173954,-0.082557215178236,-0.0820635528608283,-0.0815756830819674,-0.0810935138648265,-0.0806169547332722,-0.0801459167042888,-0.0796803122787019,-0.0792200554303769,-0.0787650615940536,-0.0783152476519667,-0.0778705319193876,-0.0774308341292164,-0.0769960754157367,-0.0765661782976428,-0.0761410666604356,-0.0757206657382761,-0.0753049020953808,-0.0748937036070329,-0.0744869994402771,-0.0740847200343635,-0.0736867970809955,-0.0732931635044348,-0.0729037534415113,-0.0725185022215812,-0.0721373463464712,-0.0717602234704461,-0.0713870723802307,-0.0710178329751153,-0.0706524462471703,-0.0702908542615948,-0.069933000137218,-0.0695788280271736,-0.0692282830997632,-0.0688813115195235,-0.0685378604285095,-0.0681978779278069,-0.0678613130592807,-0.0675281157875707,-0.0671982369823407,-0.0668716284007861,-0.0665482426704071,-0.0662280332720494,-0.0659109545232177,-0.0655969615616623,-0.0652860103292425,-0.0649780575560663,-0.0646730607449081,-0.0643709781559037,-0.0640717687915212,-0.063775392381809,-0.0634818093699175,-0.0631909808978935,-0.0629028687927454,-0.0626174355527767,-0.0623346443341855,-0.0620544589379257,-0.0617768437968298,-0.0615017639629871,-0.0612291850953756,-0.0609590734477442,-0.0606913958567406,-0.0604261197302824,-0.0601632130361666,-0.0599026442909151,-0.05964438254885,-0.0593883973913977,-0.0591346589166158,-0.0588831377289388,-0.0586338049291411,-0.0583866321045094,-0.0581415913192243,-0.0578986551049453,-0.0576577964515944,-0.0574189887983376,-0.0571822060247564,-0.0569474224422087,-0.0567146127853736,-0.0564837522039767,-0.0562548162546929,-0.0560277808932218,-0.0558026224665327,-0.0555793177052763,-0.0553578437163579,-0.055138177975671,-0.054920298320985,-0.0547041829449867,-0.0544898103884692,-0.0542771595336685,-0.0540662095977407,-0.05385694012638,-0.0536493309875725,-0.0534433623654834,-0.0532390147544748,-0.0530362689532509,-0.0528351060591278,-0.0526355074624253,-0.0524374548409778,-0.0522409301547619,-0.0520459156406376,-0.0518523938072007,-0.0516603474297448,-0.0514697595453287,-0.0512806134479485,-0.0510928926838107,-0.0509065810467051,-0.050721662573475,-0.0505381215395813,-0.0503559424547604,-0.0501751100587724,-0.0499956093172376,-0.0498174254175598,-0.0496405437649342,-0.0494649499784385,-0.049290629887204,0,-0.155449282274858,-0.154141159931322,-0.152841435254685,-0.151554481779552,-0.150282328124843,-0.149025762794632,-0.147784748992613,-0.146558683549602,-0.145346650122938,-0.144147628169988,-0.142960634523357,-0.141784803551803,-0.140619422563572,-0.139463938667669,-0.138317949347559,-0.137181184947255,-0.13605348813734,-0.13493479328024,-0.133825107238243,-0.132724492329872,-0.131633051653446,-0.130550916729591,-0.129478237280286,-0.128415172905448,-0.127361886405059,-0.126318538504875,-0.125285283764781,-0.124262267474107,-0.123249623363853,-0.122247471990001,-0.121255919663986,-0.120275057825735,-0.119304962771461,-0.118345695662812,-0.117397302756301,-0.116459815802382,-0.115533252572357,-0.114617617478788,-0.113712902261323,-0.112819086715121,-0.111936139443463,-0.111064018619816,-0.110202672747666,-0.109352041409002,-0.108512055994413,-0.107682640409513,-0.106863711753831,-0.106055180969448,-0.105256953457646,-0.104468929662548,-0.103691005621386,-0.102923073481476,-0.102165021984388,-0.101416736918069,-0.100678101537902,-0.0999489969578533,-0.0992293025129579,-0.0985188960944773,-0.0978176544590979,-0.0971254535135626,-0.0964421685761186,-0.0957676746161502,-0.0951018464733312,-0.0944445590575963,-0.0937956875311789,-0.0931551074739171,-0.0925226950329731,-0.0918983270580554,-0.0912818812231772,-0.0906732361359289,-0.0900722714351854,-0.0894788678781141,-0.0888929074173,-0.0883142732687483,-0.0877428499714795,-0.0871785234393838,-0.0866211810059575,-0.0860707114625006,-0.0855270050903161,-0.0849899536874133,-0.0844594505901804,-0.0839353906904611,-0.0834176704484354,-0.0829061879016765,-0.0824008426707299,-0.081901535961531,-0.0814081705649585,-0.0809206508537939,-0.0804388827773391,-0.0799627738539243,-0.0794922331615202,-0.0790271713266509,-0.0785675005117889,-0.0781131344014006,-0.0776639881867937,-0.0772199785499091,-0.0767810236461868,-0.0763470430866233,-0.0759179579191308,-0.0754936906092977,-0.0750741650206409,-0.0746593063944344,-0.0742490413291895,-0.073843297759857,-0.0734420049368139,-0.073045093404693,-0.072652494981107,-0.0722641427353156,-0.0718799709668773,-0.0714999151843269,-0.0711239120839107,-0.070751899528415,-0.0703838165261129,-0.0700196032098563,-0.069659200816336,-0.0693025516655301,-0.0689495991403574,-0.0686002876665541,-0.0682545626927846,-0.0679123706710013,-0.0675736590370623,-0.0672383761916164,-0.0669064714812633,-0.0665778951799947,-0.0662525984709229,-0.0659305334282996,-0.0656116529998292,-0.0652959109892789,-0.0649832620393869,-0.0646736616150701,-0.0643670659869313,-0.0640634322150657,-0.0637627181331663,-0.0634648823329267,-0.0631698841487387,-0.0628776836426849,-0.0625882415898216,-0.0623015194637504,-0.062017479422476,-0.0617360842945456,-0.0614572975654683,-0.0611810833644093,-0.0609074064511559,-0.0606362322033521,-0.0603675266039961,-0.060101256229199,-0.0598373882361977,-0.0595758903516206,-0.0593167308600003,-0.0590598785925287,-0.0588053029160512,-0.0585529737222957,-0.0583028614173305,-0.0580549369112493,-0.0578091716080757,-0.057565537395887,-0.057324006637149,-0.0570845521592595,-0.056847147245298,-0.0566117656249724,-0.0563783814657651,-0.0561469693642681,-0.0559175043377082,-0.0556899618156548,-0.0554643176319086,-0.0552405480165656,-0.0550186295882545,-0.0547985393465417,-0.0545802546645021,-0.0543637532814501,-0.0541490132958297,-0.0539360131582581,-0.0537247316647197,-0.053515147949909,-0.0533072414807156,-0.0531009920498525,-0.0528963797696199,-0.0526933850658052,-0.052491988671714,-0.0522921716223295,-0.0520939152485982,-0.0518972011718378,-0.0517020112982656,-0.0515083278136438,-0.0513161331780398,-0.0511254101206982,-0.050936141635022,-0.0507483109736616,-0.0505619016437073,-0.0503768974019846,-0.0501932822504482,-0.0500110404316751,-0.0498301564244512,-0.049650614939452,-0.0494724009150138,-0.049295499512994,-0.0491198961147174,-0.0489455763170083,-0.0487725259283051,-0.0486007309648551,0,-0.154032738770674,-0.152706852097051,-0.151388054633634,-0.150085358792781,-0.148801202362137,-0.147535853025059,-0.146288546874376,-0.145057993367675,-0.143842718447049,-0.142641288741986,-0.141452435713797,-0.140275108530174,-0.139108482842511,-0.13795194548342,-0.136805068004383,-0.135667576684188,-0.134539323161343,-0.133420257718519,-0.132310406018511,-0.131209849420107,-0.13011870866304,-0.129037130561972,-0.127965277304603,-0.126903317958028,-0.125851421821758,-0.124809753309559,-0.123778468087023,-0.122757710233801,-0.1217476102367,-0.120748283652298,-0.119759830305244,-0.118782333911719,-0.11781586203699,-0.116860466312248,-0.115916182849488,-0.114983032804396,-0.114061023046594,-0.113150146904312,-0.112250384956987,-0.111361705854589,-0.110484067146876,-0.109617416109384,-0.108761690555923,-0.107916819629817,-0.107082724568095,-0.106259319434464,-0.105446511818224,-0.104644203497325,-0.103852291064626,-0.103070666517073,-0.102299217808051,-0.101537829363551,-0.100786382563138,-0.100044756186878,-0.09931282682961,-0.0985904692839971,-0.0978775568939112,-0.0971739618797045,-0.0964795556369456,-0.0957942090101809,-0.0951177925432521,-0.0944501767076597,-0.0937912321104102,-0.0931408296827315,-0.0924988408509758,-0.0918651376909672,-0.091239593066986,-0.0906220807565181,-0.0900124755618272,-0.0894106534093544,-0.0888164914378769,-0.0882298680763062,-0.0876506631119459,-0.0870787577499738,-0.0865140346648636,-0.0859563780444095,-0.0854056736269719,-0.0848618087325188,-0.0843246722879946,-0.0837941548475106,-0.0832701486078139,-0.0827525474194587,-0.0822412467940704,-0.0817361439080653,-0.0812371376031588,-0.0807441283839704,-0.0802570184130103,-0.079775711503309,-0.07930011310893,-0.0788301303135894,-0.078365671817585,-0.0779066479232227,-0.0774529705189119,-0.0770045530620898,-0.0765613105611159,-0.0761231595562733,-0.0756900180999956,-0.075261805736432,-0.0748384434804503,-0.0744198537961734,-0.074005960575131,-0.073596689114105,-0.0731919660927384,-0.0727917195509714,-0.0723958788663619,-0.0720043747313435,-0.0716171391304684,-0.0712341053176765,-0.0708552077936311,-0.0704803822831547,-0.070109565712796,-0.0697426961885562,-0.0693797129737988,-0.0690205564673656,-0.0686651681819174,-0.0683134907225172,-0.0679654677654707,-0.0676210440374368,-0.0672801652948198,-0.0669427783034523,-0.0666088308185777,-0.0662782715651378,-0.0659510502183731,-0.0656271173847375,-0.0653064245831331,-0.064988924226466,-0.0646745696035257,-0.0643633148611882,-0.0640551149869435,-0.0637499257917463,-0.0634477038931901,-0.0631484066990013,-0.0628519923908533,-0.0625584199084964,-0.062267648934203,-0.0619796398775215,-0.0616943538603396,-0.0614117527022507,-0.0611317989062198,-0.0608544556445467,-0.0605796867451198,-0.0603074566779585,-0.0600377305420376,-0.0597704740523918,-0.0595056535274928,-0.0592432358768969,-0.0589831885891566,-0.0587254797199923,-0.0584700778807198,-0.0582169522269272,-0.0579660724473985,-0.0577174087532776,-0.0574709318674687,-0.0572266130142681,-0.0569844239092231,-0.0567443367492128,-0.0565063242027467,-0.0562703594004767,-0.0560364159259169,-0.0558044678063684,-0.0555744895040433,-0.0553464559073844,-0.0551203423225767,-0.0548961244652441,-0.0546737784523317,-0.0544532807941646,-0.0542346083866827,-0.0540177385038466,-0.0538026487902099,-0.0535893172536555,-0.0533777222582913,-0.0531678425175021,-0.0529596570871535,-0.0527531453589455,-0.0525482870539113,-0.0523450622160582,-0.0521434512061477,-0.0519434346956116,-0.0517449936606001,-0.0515481093761599,-0.0513527634105387,-0.0511589376196138,-0.0509666141414407,-0.0507757753909199,-0.0505864040545798,-0.0503984830854702,-0.0502119956981681,-0.0500269253638887,-0.0498432558057031,-0.0496609709938567,-0.0494800551411892,-0.0493004926986512,-0.0491222683509169,-0.0489453670120895,-0.0487697738214981,-0.0485954741395834,-0.0484224535438702,-0.0482506978250248,-0.0480801929829952,-0.0479109252232327,0,-0.152579749944149,-0.151236458978814,-0.149901870374792,-0.148587012827026,-0.147294101235325,-0.146022719873057,-0.144771353450996,-0.143538062327457,-0.142320882409985,-0.141118043934855,-0.139928066193819,-0.138749777384236,-0.137582294898815,-0.136424988085252,-0.135277435928634,-0.134139386078544,-0.133010718133565,-0.131891412174558,-0.130781522553768,-0.129681156490695,-0.128590456855148,-0.127509588493574,-0.126438727499342,-0.12537805289946,-0.124327740307923,-0.12328795716942,-0.12225885928225,-0.121240588345038,-0.120233270318483,-0.119237014432028,-0.11825191269706,-0.117278039814273,-0.116315453384104,-0.115364194346498,-0.114424287590507,-0.113495742685842,-0.112578554697982,-0.111672705056253,-0.110778162450642,-0.109894883738293,-0.109022814844904,-0.108161891649681,-0.107312040845308,-0.1064731807667,-0.105645222184096,-0.104828069057559,-0.104021619251105,-0.103225765205625,-0.102440394570486,-0.101665390794254,-0.100900633675455,-0.100145999874536,-0.0994013633885086,-0.0986665959898492,-0.0979415676313799,-0.0972261468188881,-0.09652020095328,-0.0958235966440518,-0.0951361999958403,-0.094457876869768,-0.0937884931212457,-0.0931279148158299,-0.0924760084246651,-0.0918326410009643,-0.0911976803389091,-0.0905709951162724,-0.0899524550219927,-0.0893419308698544,-0.0887392946993567,-0.0881444198647831,-0.0875571811134189,-0.0869774546537971,-0.0864051182147952,-0.0858400510963458,-0.0852821342124707,-0.0847312501272956,-0.0841872830846564,-0.0836501190318601,-0.0831196456381237,-0.0825957523081729,-0.0820783301914466,-0.0815672721873188,-0.0810624729467156,-0.0805638288704799,-0.0800712381048009,-0.0795846005340106,-0.0791038177710124,-0.078628793145599,-0.0781594316908843,-0.0776956401280629,-0.0772373268496889,-0.0767844019016528,-0.0763367769640174,-0.0758943653308617,-0.0754570818892683,-0.0750248430975783,-0.0745975669630271,-0.0741751730188634,-0.073757582301046,-0.0733447173246031,-0.0729365020597328,-0.0725328619077133,-0.0721337236766887,-0.0717390155573863,-0.0713486670988185,-0.0709626091840151,-0.0705807740058307,-0.070203095042861,-0.0698295070355056,-0.0694599459622063,-0.0690943490158864,-0.0687326545806169,-0.068374802208529,-0.0680207325969931,-0.0676703875660777,-0.0673237100363053,-0.0669806440067142,-0.0666411345332393,-0.0663051277074184,-0.0659725706354311,-0.0656434114174779,-0.065317599127502,-0.0649950837932578,-0.0646758163767292,-0.0643597487548981,-0.0640468337008644,-0.0637370248653174,-0.0634302767583571,-0.0631265447316653,-0.0628257849610231,-0.062527954429174,-0.0622330109090279,-0.0619409129472055,-0.0616516198479156,-0.0613650916571662,-0.0610812891473011,-0.0608001738018605,-0.0605217078007596,-0.0602458540057813,-0.0599725759463777,-0.0597018378057761,-0.0594336044073831,-0.059167841201484,-0.05890451425223,-0.0586435902249095,-0.0583850363734975,-0.0581288205284786,-0.0578749110849376,-0.057623276990913,-0.0573738877360076,-0.0571267133402522,-0.0568817243432157,-0.0566388917933577,-0.0563981872376177,-0.0561595827112371,-0.0559230507278069,-0.0556885642695392,-0.0554560967777544,-0.0552256221435823,-0.0549971146988701,-0.0547705492072944,-0.0545459008556712,-0.0543231452454607,-0.0541022583844619,-0.0538832166786925,-0.0536659969244505,-0.0534505763005522,-0.0532369323607449,-0.0530250430262864,-0.0528148865786923,-0.0526064416526422,-0.0523996872290457,-0.0521946026282608,-0.0519911675034633,-0.0517893618341631,-0.0515891659198637,-0.0513905603738617,-0.051193526117183,-0.0509980443726535,-0.0508040966590982,-0.0506116647856694,-0.0504207308462985,-0.0502312772142692,-0.0500432865369091,-0.0498567417303972,-0.0496716259746848,-0.0494879227085252,-0.0493056156246132,-0.0491246886648283,-0.0489451260155806,-0.0487669121032579,-0.0485900315897698,-0.048414469368188,-0.0482402105584793,-0.0480672405033304,-0.0478955447640611,-0.0477251091166251,-0.0475559195476946,-0.0473879622508292,-0.0472212236227245,0,-0.15109069699934,-0.14972992240461,-0.148382886407395,-0.147059537197014,-0.145761171335518,-0.144486509925852,-0.143233268942781,-0.141998915116723,-0.140781079048885,-0.139577743716169,-0.138387297342842,-0.137208515448774,-0.136040511985257,-0.134882681386503,-0.133734642303073,-0.1325961876252,-0.131467242204043,-0.130347828137242,-0.129238036828662,-0.128138006826324,-0.127047906451574,-0.125967920332934,-0.124898239087202,-0.123839051518856,-0.122790538824004,-0.121752870383282,-0.120726200809315,-0.119710667980436,-0.118706391845706,-0.117713473829082,-0.116731996694937,-0.115762024764678,-0.114803604396322,-0.113856764656715,-0.112921518130389,-0.111997861820664,-0.111085778107932,-0.110185235737626,-0.109296190816518,-0.108418587800898,-0.107552360464189,-0.106697432834769,-0.105853720097326,-0.105021129453156,-0.104199560936439,-0.103388908184811,-0.102589059163592,-0.101799896843786,-0.101021299834597,-0.10025314297163,-0.0994952978622961,-0.0987476333901699,-0.0980100161801991,-0.0972823110267614,-0.0965643812866154,-0.0958560892387944,-0.0951572964134738,-0.0944678638917991,-0.0937876525786023,-0.0931165234498626,-0.092454337776687,-0.0918009573275043,-0.0911562445500753,-0.0905200627348345,-0.0898922761609908,-0.0892727502267271,-0.0886613515647531,-0.0880579481443856,-0.0874624093612505,-0.0868746061156256,-0.0862944108803727,-0.0857216977593398,-0.0851563425370485,-0.0845982227204243,-0.0840472175732704,-0.0835032081441307,-0.0829660772881404,-0.0824357096834173,-0.0819119918425006,-0.0813948121193077,-0.0808840607120395,-0.0803796296624329,-0.0798814128517241,-0.0793893059936595,-0.0789032066248625,-0.0784230140928369,-0.0779486295418701,-0.0774799558970689,-0.0770168978467499,-0.0765593618233802,-0.0761072559832526,-0.0756604901850601,-0.0752189759675225,-0.0747826265262024,-0.0743513566896382,-0.0739250828949071,-0.0735037231627235,-0.0730871970721681,-0.0726754257351314,-0.0722683317705524,-0.0718658392785203,-0.0714678738143047,-0.0710743623623698,-0.0706852333104259,-0.0703004164235636,-0.069919842818511,-0.069543444938054,-0.0691711565256487,-0.0688029126002584,-0.0684386494314387,-0.0680783045146958,-0.0677218165471345,-0.0673691254034168,-0.0670201721120435,-0.0666748988319727,-0.0663332488295856,-0.0659951664560085,-0.065660597124799,-0.0653294872900018,-0.0650017844245782,-0.0646774369992146,-0.064356394461509,-0.0640386072155408,-0.0637240266018203,-0.0634126048776212,-0.0631042951976915,-0.0627990515953439,-0.0624968289639216,-0.0621975830386374,-0.0619012703787827,-0.0616078483503025,-0.0613172751087319,-0.0610295095824915,-0.0607445114565344,-0.0604622411563425,-0.060182659832265,-0.0599057293441953,-0.0596314122465802,-0.0593596717737556,-0.0590904718256045,-0.0588237769535297,-0.0585595523467369,-0.0582977638188225,-0.0580383777946589,-0.0577813612975733,-0.0575266819368131,-0.0572743078952923,-0.0570242079176137,-0.0567763512983607,-0.0565307078706531,-0.0562872479949616,-0.0560459425481749,-0.0558067629129151,-0.0555696809670942,-0.0553346690737081,-0.0551017000708619,-0.0548707472620211,-0.0546417844064852,-0.0544147857100757,-0.0541897258160373,-0.0539665797961442,-0.0537453231420089,-0.053525931756587,-0.0533083819458761,-0.0530926504108007,-0.0528787142392824,-0.0526665508984882,-0.0524561382272542,-0.0522474544286803,-0.0520404780628918,-0.0518351880399634,-0.0516315636130029,-0.0514295843713898,-0.0512292302341653,-0.0510304814435704,-0.0508333185587289,-0.0506377224494699,-0.0504436742902898,-0.0502511555544468,-0.0500601480081879,-0.0498706337051023,-0.0496825949806013,-0.0494960144465193,-0.0493108749858328,-0.0491271597474972,-0.048944852141396,-0.0487639358334002,-0.0485843947405367,-0.0484062130262611,-0.048229375095834,-0.048053865591797,-0.0478796693895474,-0.0477067715930083,-0.0475351575303917,-0.0473648127500532,-0.0471957230164355,-0.0470278743060987,-0.0468612528038356,-0.0466958448988695,-0.0465316371811332,0,-0.149564973461105,-0.148187508809698,-0.146831630777083,-0.145503519880095,-0.144202971216985,-0.142927691003251,-0.141674633109662,-0.140440749366292,-0.139223367363129,-0.138020322707474,-0.136829958867808,-0.135651068426267,-0.134482815907591,-0.133324661424577,-0.13217629305617,-0.131037570252291,-0.129908477998908,-0.128789090466024,-0.127679542593705,-0.126580008133816,-0.125490682853252,-0.124411771821587,-0.123343479910319,-0.122286004806853,-0.121239531991487,-0.1202042312422,-0.119180254324568,-0.118167733596884,-0.117166781317781,-0.116177489488581,-0.115199930097925,-0.11423415566418,-0.113280199993197,-0.112338079086528,-0.1114077921492,-0.110489322657284,-0.10958263945441,-0.108687697853502,-0.107804440725719,-0.106932799563132,-0.106072695505296,-0.105224040322778,-0.104386737352982,-0.103560682385397,-0.102745764494834,-0.101941866822276,-0.101148867303815,-0.100366639348786,-0.099595052468649,-0.0988339728585255,-0.0980832639334996,-0.0973427868219557,-0.0966124008182888,-0.0958919637973554,-0.0951813325930187,-0.0944803633431013,-0.0937889118029901,-0.0931068336300629,-0.092433984641009,-0.0917702210440227,-0.0911153996477425,-0.0904693780487048,-0.0898320147989783,-0.0892031695555398,-0.0885827032128542,-0.0879704780200224,-0.08736635768377,-0.0867702074584589,-0.0861818942242207,-0.0856012865542305,-0.0850282547720643,-0.0844626710000135,-0.0839044091991624,-0.083353345201973,-0.0828093567380645,-0.0822723234538203,-0.0817421269264039,-0.0812186506727208,-0.0807017801538191,-0.0801914027751808,-0.0796874078833209,-0.079189686759073,-0.0786981326079141,-0.0782126405476464,-0.0777331075937305,-0.0772594326425377,-0.0767915164527671,-0.076329261625251,-0.075872572581354,-0.0754213555401503,-0.0749755184945524,-0.0745349711865426,-0.0740996250816506,-0.0736693933428036,-0.0732441908036656,-0.0728239339415712,-0.0724085408501494,-0.0719979312117225,-0.0715920262695597,-0.0711907488000541,-0.0707940230848857,-0.0704017748832299,-0.0700139314040584,-0.0696304212785809,-0.0692511745328661,-0.0688761225606789,-0.0685051980965651,-0.0681383351892118,-0.0677754691751077,-0.0674165366525251,-0.0670614754558417,-0.0667102246302184,-0.066362724406647,-0.0660189161773784,-0.065678742471741,-0.0653421469323576,-0.0650090742917663,-0.06467947034945,-0.0643532819492778,-0.0640304569573608,-0.0637109442403226,-0.063394693643986,-0.0630816559724727,-0.0627717829677173,-0.0624650272893911,-0.0621613424952338,-0.0618606830217901,-0.0615630041655461,-0.0612682620644624,-0.0609764136798984,-0.0606874167789237,-0.0604012299170095,-0.0601178124210976,-0.0598371243730374,-0.0595591265933887,-0.0592837806255812,-0.0590110487204269,-0.0587408938209778,-0.058473279547723,-0.0582081701841191,-0.0579455306624469,-0.0576853265499884,-0.0574275240355186,-0.057172089916103,-0.0569189915841986,-0.0566681970150482,-0.0564196747543634,-0.0561733939062912,-0.0559293241216558,-0.0556874355864709,-0.0554476990107172,-0.0552100856173764,-0.0549745671317202,-0.0547411157708436,-0.0545097042334412,-0.0542803056898186,-0.0540528937721333,-0.0538274425648617,-0.0536039265954843,-0.0533823208253862,-0.0531626006409667,-0.0529447418449532,-0.0527287206479146,-0.0525145136599696,-0.052302097882685,-0.0520914507011596,-0.051882549876289,-0.0516753735372074,-0.051469900173902,-0.0512661086299951,-0.0510639780956905,-0.0508634881008811,-0.0506646185084116,-0.0504673495074946,-0.0502716616072749,-0.0500775356305397,-0.0498849527075698,-0.0496938942701299,-0.0495043420455926,-0.0493162780511953,-0.0491296845884244,-0.0489445442375256,-0.0487608398521356,-0.0485785545540339,-0.0483976717280103,-0.048218175016846,-0.0480400483164061,-0.0478632757708393,-0.0476878417678835,-0.0475137309342743,-0.0473409281312538,-0.0471694184501774,-0.0469991872082166,-0.0468302199441543,-0.0466625024142719,-0.0464960205883251,-0.0463307606456058,-0.0461667089710903,-0.0460038521516677,-0.0458421769724514,0,-0.148001424085291,-0.146609844709071,-0.145249106470166,-0.143919979362135,-0.142620406277883,-0.141346990541507,-0.140095969820437,-0.138863887814341,-0.137647888369373,-0.136445767672242,-0.135255912870742,-0.134077202042218,-0.132908901290558,-0.131750573353047,-0.13060200181862,-0.129463130607107,-0.128334016717741,-0.127214793883901,-0.126105644923788,-0.125006780906532,-0.123918425607706,-0.122840804047164,-0.121774134167521,-0.120718620923855,-0.119674452221107,-0.118641796263922,-0.117620799982282,-0.116611588272053,-0.115614263847798,-0.114628907550241,-0.113655578985612,-0.112694317401262,-0.111745142723207,-0.110808056697897,-0.109883044093712,-0.108970073927998,-0.108069100693746,-0.107180065566444,-0.106302897576833,-0.105437514739325,-0.104583825129031,-0.103741727902892,-0.102911114262309,-0.102091868356203,-0.101283868124593,-0.100486986083624,-0.0997010900536502,-0.0989260438324153,-0.0981617078157065,-0.0974079395680604,-0.0966645943462187,-0.095931525578084,-0.0952085852999242,-0.0944956245545296,-0.0937924937529645,-0.0930990430024533,-0.0924151224028443,-0.0917405823139706,-0.0910752735961125,-0.0904190478256355,-0.0897717574877596,-0.0891332561482874,-0.0885033986060031,-0.0878820410273381,-0.0872690410647855,-0.086664257960443,-0.0860675526359631,-0.0854787877700925,-0.0848978278648968,-0.0843245393016795,-0.0837587903875292,-0.0832004513933531,-0.0826493945841889,-0.0821054942425225,-0.0815686266852808,-0.081038670275114,-0.0805155054265321,-0.0799990146074112,-0.0794890823363461,-0.0789855951762815,-0.0784884417248201,-0.0779975126015713,-0.077512700432872,-0.0770338998341841,-0.0765610073904439,-0.0760939216346181,-0.0756325430246957,-0.0751767739193241,-0.0747265185522833,-0.0742816830059675,-0.0738421751840353,-0.0734079047833687,-0.0729787832654715,-0.0725547238274239,-0.0721356413724986,-0.0717214524805354,-0.0713120753781583,-0.0709074299089145,-0.0705074375034031,-0.0701120211494574,-0.0697211053624349,-0.0693346161556654,-0.0689524810111023,-0.0685746288502138,-0.0682009900051507,-0.0678314961902195,-0.0674660804736885,-0.0671046772499498,-0.0667472222120554,-0.0663936523246464,-0.0660439057972896,-0.065697922058231,-0.0653556417285794,-0.0650170065969259,-0.064681959594406,-0.0643504447702091,-0.0640224072675382,-0.063697793300022,-0.0633765501285799,-0.0630586260387392,-0.0627439703184049,-0.0624325332360773,-0.0621242660195168,-0.0618191208348521,-0.0615170507661264,-0.0612180097952788,-0.0609219527825549,-0.0606288354473408,-0.0603386143494168,-0.0600512468706217,-0.0597666911969242,-0.0594849063008936,-0.0592058519245636,-0.0589294885626815,-0.0586557774463378,-0.0583846805269669,-0.0581161604607144,-0.0578501805931615,-0.057586704944401,-0.0573256981944578,-0.0570671256690455,-0.0568109533256535,-0.0565571477399576,-0.0563056760925458,-0.0560565061559536,-0.0558096062820014,-0.0555649453894286,-0.0553224929518153,-0.0550822189857871,-0.0548440940394961,-0.054608089181371,-0.0543741759891306,-0.0541423265390554,-0.0539125133955088,-0.0536847096007047,-0.0534588886647142,-0.0532350245557058,-0.0530130916904134,-0.0527930649248279,-0.0525749195451047,-0.052358631258684,-0.0521441761856176,-0.0519315308500976,-0.0517206721721813,-0.0515115774597094,-0.05130422440041,-0.051098591054186,-0.0508946558455814,-0.0506923975564197,-0.0504917953186132,-0.0502928286071376,-0.0500954772331669,-0.0498997213373665,-0.0497055413833393,-0.0495129181512214,-0.0493218327314238,-0.049132266518516,-0.0489442012052492,-0.0487576187767139,-0.0485725015046302,-0.048388831941766,-0.0482065929164819,-0.0480257675273977,-0.0478463391381784,-0.0476682913724371,-0.0474916081087512,-0.0473162734757893,-0.0471422718475466,-0.0469695878386858,-0.0467982062999801,-0.0466281123138576,-0.0464592911900427,-0.0462917284612937,-0.046125409879233,-0.0459603214102685,-0.045796449231604,-0.0456337797273355,-0.0454722994846322,-0.0453119952900003,-0.0451528541256269,0,-0.146398797812341,-0.144998002743519,-0.143636751870918,-0.142310299256344,-0.141014658999578,-0.139745329311196,-0.138497928255311,-0.13726872859408,-0.136054824500311,-0.134854085195139,-0.133665028625145,-0.132486682678999,-0.131318460923262,-0.13016006050754,-0.129011381886376,-0.127872467249824,-0.126743454028035,-0.125624540156454,-0.12451595835811,-0.123417957275239,-0.122330787779133,-0.121254693186405,-0.120189902419366,-0.119136625383521,-0.118095050012307,-0.117065340562019,-0.116047636839561,-0.11504205412065,-0.114048683572854,-0.11306759304096,-0.112098828085241,-0.11114241318857,-0.110198353068013,-0.109266634041866,-0.108347225414959,-0.107440080854468,-0.106545139735708,-0.10566232844315,-0.104791561616322,-0.103932743333795,-0.103085768231087,-0.102250522550444,-0.101426885122006,-0.100614728277088,-0.0998139186951575,-0.0990243181867421,-0.0982457844149513,-0.0974781715585675,-0.0967213309198534,-0.0959751114802953,-0.0952393604075219,-0.0945139235165919,-0.0937986456887727,-0.0930933712508199,-0.0923979443176471,-0.0917122091011337,-0.0910360101876739,-0.0903691927869207,-0.0897116029540297,-0.0890630877875587,-0.088423495605037,-0.087792676098077,-0.0871704804687698,-0.0865567615489798,-0.0859513739040306,-0.0853541739221649,-0.0847650198910521,-0.0841837720625198,-0.0836102927065901,-0.083044446155817,-0.0824860988408406,-0.0819351193179967,-0.0813913782897543,-0.0808547486186864,-0.0803251053356237,-0.0798023256425815,-0.0792862889110047,-0.0787768766758249,-0.0782739726257839,-0.0777774625904361,-0.0772872345242087,-0.0768031784878624,-0.0763251866276667,-0.0758531531525756,-0.0753869743096628,-0.0749265483580523,-0.0744717755415591,-0.0740225580602348,-0.0735788000409939,-0.0731404075074795,-0.0727072883493152,-0.072279352290871,-0.0718565108596628,-0.0714386773544897,-0.0710257668134061,-0.0706176959816133,-0.0702143832793463,-0.0698157487698271,-0.0694217141273415,-0.0690322026054982,-0.0686471390057145,-0.0682664496459739,-0.0678900623298915,-0.0675179063161203,-0.0671499122881274,-0.0667860123243646,-0.0664261398688538,-0.0660702297022072,-0.0657182179130949,-0.0653700418701748,-0.0650256401944942,-0.0646849527323696,-0.0643479205287549,-0.0640144858010975,-0.0636845919136892,-0.0633581833525114,-0.0630352057005757,-0.0627156056137583,-0.0623993307971273,-0.0620863299817594,-0.061776552902043,-0.0614699502734635,-0.0611664737708653,-0.0608660760071862,-0.0605687105126575,-0.0602743317144641,-0.059982894916858,-0.0596943562817181,-0.0594086728095494,-0.0591258023209139,-0.0588457034382866,-0.0585683355683285,-0.0582936588845676,-0.0580216343104832,-0.0577522235029821,-0.0574853888362619,-0.0572210933860509,-0.0569593009142193,-0.0566999758537516,-0.056443083294074,-0.0561885889667282,-0.0559364592313843,-0.0556866610621856,-0.0554391620344164,-0.0551939303114875,-0.0549509346322301,-0.0547101442984923,-0.0544715291630307,-0.0542350596176896,-0.0540007065818614,-0.0537684414912225,-0.0535382362867356,-0.0533100634039148,-0.0530838957623443,-0.052859706755448,-0.0526374702404999,-0.0524171605288723,-0.0521987523765146,-0.0519822209746582,-0.0517675419407397,-0.0515546913095397,-0.0513436455245294,-0.0511343814294217,-0.0509268762599205,-0.0507211076356638,-0.0505170535523555,-0.0503146923740812,-0.0501140028258036,-0.0499149639860329,-0.0497175552796675,-0.049521756471001,-0.0493275476568915,-0.0491349092600888,-0.0489438220227154,-0.0487542669998982,-0.0485662255535459,-0.0483796793462698,-0.0481946103354433,-0.0480110007673971,-0.0478288331717467,-0.0476480903558491,-0.0474687553993846,-0.0472908116490618,-0.0471142427134417,-0.0469390324578783,-0.0467651649995731,-0.0465926247027404,-0.04642139617388,-0.0462514642571561,-0.0460828140298786,-0.0459154307980842,-0.0457493000922159,-0.0455844076628973,-0.0454207394768002,-0.0452582817126027,-0.0450970207570355,-0.0449369432010151,-0.0447780358358607,-0.0446202856495933,-0.044463679823315,0,-0.144756677782685,-0.143353591290534,-0.141996400567972,-0.140676159561055,-0.139387114756441,-0.13812375165077,-0.136881222258888,-0.135655695146372,-0.134444359666792,-0.133245270636685,-0.132057158914504,-0.130879259640637,-0.129711172672332,-0.12855275490506,-0.127404039451457,-0.126265175942457,-0.125136386889456,-0.124017936049645,-0.122910105685201,-0.121813180388382,-0.120727435749219,-0.11965313059582,-0.118590501871466,-0.1175397614571,-0.116501094426246,-0.115474658349876,-0.114460583364606,-0.113458972788523,-0.112469904121723,-0.111493430308321,-0.110529581166666,-0.109578364917366,-0.108639769756209,-0.107713765432574,-0.106800304804314,-0.10589932534816,-0.105010750610925,-0.104134491591606,-0.103270448048183,-0.102418509725755,-0.101578557504805,-0.100750464470008,-0.0999340969011795,-0.0991293151888296,-0.0983359746773878,-0.0975539264395622,-0.0967830179855371,-0.0960230939108354,-0.0952739964867012,-0.094535566196818,-0.0938076422240897,-0.0930900628910811,-0.0923826660575683,-0.0916852894784762,-0.0909977711253069,-0.0903199494739773,-0.0896516637618062,-0.0889927542162066,-0.0883430622574683,-0.0877024306778445,-0.0870707037989977,-0.0864477276097024,-0.0858333498855639,-0.0852274202923689,-0.0846297904745632,-0.0840403141302272,-0.0834588470738101,-0.0828852472877831,-0.0823193749642721,-0.0817610925376438,-0.0812102647089379,-0.0806667584629596,-0.0801304430787795,-0.0796011901343218,-0.079078873505664,-0.0785633693616153,-0.0780545561540912,-0.0775523146047582,-0.0770565276883755,-0.0765670806132279,-0.0760838607990024,-0.0756067578524349,-0.0751356635410175,-0.0746704717650352,-0.074211078528171,-0.0737573819069006,-0.0733092820188711,-0.0728666809904458,-0.0724294829235739,-0.0719975938621318,-0.0715709217578661,-0.0711493764360572,-0.0707328695610074,-0.070321314601449,-0.0699146267959578,-0.0695127231184453,-0.0691155222437988,-0.0687229445137276,-0.0683349119028678,-0.0679513479851936,-0.0675721779007734,-0.0671973283229079,-0.0668267274256809,-0.0664603048519477,-0.0660979916817858,-0.0657397204014258,-0.0653854248726782,-0.0650350403028711,-0.0646885032153066,-0.0643457514202466,-0.0640067239864331,-0.0636713612131463,-0.0633396046028055,-0.0630113968341115,-0.0626866817357318,-0.0623654042605259,-0.0620475104603092,-0.0617329474611519,-0.0614216634392074,-0.061113607597067,-0.0608087301406333,-0.0605069822565081,-0.0602083160898855,-0.0599126847229457,-0.0596200421537401,-0.0593303432755604,-0.0590435438567841,-0.0587596005211875,-0.0584784707287183,-0.0582001127567179,-0.0579244856815877,-0.0576515493608866,-0.0573812644158549,-0.0571135922143526,-0.0568484948542061,-0.056585935146952,-0.0563258766019714,-0.0560682834110049,-0.0558131204330405,-0.0555603531795653,-0.0553099478001723,-0.0550618710685161,-0.0548160903686062,-0.0545725736814335,-0.054331289571918,-0.0540922071761745,-0.0538552961890842,-0.0536205268521686,-0.0533878699417552,-0.0531572967574302,-0.0529287791107694,-0.0527022893143418,-0.0524778001709781,-0.0522552849632972,-0.0520347174434864,-0.0518160718233256,-0.0515993227644529,-0.0513844453688616,-0.0511714151696274,-0.0509602081218549,-0.0507508005938428,-0.0505431693584575,-0.0503372915847139,-0.0501331448295555,-0.0499307070298292,-0.0497299564944511,-0.049530871896757,-0.0493334322670331,-0.0491376169852227,-0.0489434057738049,-0.048750778690839,-0.0485597161231732,-0.0483701987798104,-0.0481822076854294,-0.0479957241740566,-0.0478107298828835,-0.0476272067462292,-0.0474451369896395,-0.0472645031241246,-0.0470852879405271,-0.0469074745040203,-0.0467310461487309,-0.046555986472486,-0.0463822793316779,-0.0462099088362463,-0.0460388593447737,-0.0458691154596914,-0.0457006620225936,-0.0455334841096563,-0.0453675670271588,-0.0452028963071055,-0.0450394577029446,-0.0448772371853824,-0.0447162209382899,-0.0445563953546998,-0.0443977470328916,-0.0442402627725627,-0.0440839295710836,-0.0439287346198345,-0.0437746653006212,0,-0.143076359353233,-0.141678802765073,-0.140330231165193,-0.139019462216902,-0.137739283326313,-0.13648335344366,-0.135246569413368,-0.13402518726973,-0.132816641271956,-0.131619279389154,-0.13043211871563,-0.129254649628519,-0.128086688383235,-0.126928269475886,-0.125779568309737,-0.124640846176766,-0.123512411404649,-0.122394592129799,-0.121287717413155,-0.120192104345701,-0.11910804946173,-0.118035823255729,-0.116975666937115,-0.115927790796666,-0.114892373728732,-0.113869563575029,-0.112859478043533,-0.11186220601986,-0.110877809135347,-0.109906323490879,-0.10894776146148,-0.10800211352634,-0.107069350083807,-0.106149423222225,-0.105242268426164,-0.104347806204197,-0.103465943629421,-0.10259657578779,-0.101739587132168,-0.100894852742202,-0.100062239491695,-0.0992416071262993,-0.0984328092551204,-0.0976356942603991,-0.0968501061297049,-0.09607588521527,-0.0953128689251238,-0.0945608923506448,-0.093819788835033,-0.0930893904870533,-0.092369528644208,-0.0916600342892889,-0.0909607384240388,-0.0902714724034278,-0.0895920682338206,-0.0889223588380955,-0.0882621782905542,-0.0876113620242585,-0.0869697470132322,-0.0863371719317782,-0.0857134772929861,-0.08509850556834,-0.0844921012901807,-0.0838941111386342,-0.0833043840144834,-0.0827227710993371,-0.0821491259043336,-0.0815833043085131,-0.081025164587893,-0.0804745674361921,-0.079931375978065,-0.0793954557756337,-0.0788666748290328,-0.0783449035716201,-0.077830014860448,-0.0773218839625336,-0.0768203885374193,-0.0763254086164699,-0.0758368265793101,-0.0753545271277691,-0.0748783972576655,-0.074408326228732,-0.0739442055329547,-0.0734859288615693,-0.0730333920709407,-0.0725864931475224,-0.0721451321720788,-0.0717092112833321,-0.0712786346411782,-0.0708533083896052,-0.0704331406194291,-0.0700180413309523,-0.0696079223966385,-0.0692026975238871,-0.0688022822179793,-0.068406593745264,-0.0680155510966368,-0.0676290749513672,-0.0672470876413137,-0.0668695131155682,-0.0664962769055614,-0.0661273060906578,-0.0657625292642644,-0.0654018765004729,-0.0650452793212536,-0.0646926706642127,-0.0643439848509248,-0.0639991575558497,-0.0636581257758369,-0.0633208278002252,-0.0629872031815362,-0.0626571927067645,-0.0623307383692626,-0.0620077833412187,-0.061688271946723,-0.0613721496354196,-0.0610593629567375,-0.0607498595346956,-0.0604435880432732,-0.0601404981823414,-0.0598405406541449,-0.0595436671403272,-0.0592498302794911,-0.0589589836452838,-0.0586710817249992,-0.0583860798986869,-0.0581039344187594,-0.057824602390086,-0.0575480417505659,-0.0572742112521692,-0.0570030704424368,-0.0567345796464284,-0.0564686999491102,-0.0562053931781719,-0.0559446218872628,-0.0556863493396385,-0.0554305394922083,-0.0551771569799735,-0.0549261671008481,-0.0546775358008525,-0.0544312296596714,-0.0541872158765658,-0.0539454622566334,-0.0537059371974054,-0.0534686096757737,-0.0532334492352396,-0.0530004259734754,-0.0527695105301924,-0.0525406740753056,-0.0523138882973901,-0.0520891253924192,-0.0518663580527786,-0.0516455594565495,-0.0514267032570534,-0.0512097635726514,-0.0509947149767926,-0.0507815324883045,-0.0505701915619186,-0.0503606680790264,-0.0501529383386584,-0.0499469790486824,-0.0497427673172118,-0.0495402806442232,-0.0493394969133737,-0.0491403943840147,-0.0489429516833973,-0.0487471477990632,-0.0485529620714171,-0.048360374186476,-0.0481693641687894,-0.0479799123745283,-0.0477919994847365,-0.0476056064987413,-0.0474207147277185,-0.0472373057884089,-0.0470553615969809,-0.0468748643630368,-0.0466957965837586,-0.0465181410381891,-0.0463418807816457,-0.046166999140263,-0.045993479705661,-0.0458213063297364,-0.0456504631195715,-0.0454809344324614,-0.0453127048710529,-0.0451457592785946,-0.0449800827342941,-0.0448156605487806,-0.0446524782596689,-0.0444905216272244,-0.044329776630123,-0.0441702294613081,-0.0440118665239384,-0.0438546744274256,-0.043698639983561,-0.0435437502027259,-0.0433899922901872,-0.0432373536424735,-0.0430858218438298,0,-0.141360841896312,-0.139976387106874,-0.138640700710959,-0.137342249058037,-0.136072716450013,-0.134825209235899,-0.133594631482264,-0.132377534817346,-0.131171745408483,-0.129976001375068,-0.128789666917382,-0.127612523919537,-0.126444625110924,-0.125286192259252,-0.124137546198327,-0.122999059038575,-0.121871121755971,-0.120754122439337,-0.119648431941479,-0.118554394690514,-0.117472323109198,-0.11640249456188,-0.115345150071196,-0.114300494268304,-0.113268696193958,-0.1122498906751,-0.111244180077595,-0.110251636290127,-0.109272302833633,-0.108306197019547,-0.107353312101443,-0.106413619380608,-0.105487070238011,-0.104573598074128,-0.103673120144835,-0.102785539286702,-0.101910745528771,-0.101048617590762,-0.100199024269664,-0.0993618257181555,-0.0985368746192947,-0.0977240172625888,-0.0969230945269503,-0.0961339427762379,-0.0953563946731303,-0.0945902799170081,-0.0938354259113733,-0.0930916583661312,-0.0923588018398121,-0.0916366802265464,-0.090925117192324,-0.0902239365647831,-0.0895329626804923,-0.0888520206934076,-0.0881809368479231,-0.0875195387196721,-0.0868676554269927,-0.0862251178157435,-0.0855917586199361,-0.0849674126004478,-0.0843519166638936,-0.0837451099635572,-0.0831468339841202,-0.0825569326117797,-0.0819752521912042,-0.0814016415706536,-0.080835952136467,-0.0802780378380211,-0.0797277552041571,-0.0791849633519886,-0.0786495239889166,-0.0781213014086051,-0.0776001624815989,-0.077085976641204,-0.0765786158651931,-0.0760779546538433,-0.0755838700047704,-0.075096241384974,-0.0746149507004725,-0.0741398822638693,-0.0736709227601566,-0.0732079612110346,-0.0727508889379981,-0.0722995995244125,-0.0718539887767836,-0.071413954685402,-0.070979397384525,-0.0705502191122412,-0.0701263241701482,-0.0697076188829593,-0.0692940115581418,-0.0688854124456794,-0.0684817336980383,-0.0680828893304095,-0.067688795181289,-0.067299368873452,-0.0669145297753671,-0.0665341989630934,-0.0661582991826958,-0.0657867548132072,-0.0654194918301655,-0.0650564377697449,-0.0646975216935002,-0.0643426741537365,-0.0639918271595178,-0.0636449141433196,-0.0633018699283338,-0.0629626306964278,-0.0626271339567593,-0.0622953185150483,-0.0619671244435016,-0.0616424930513884,-0.0613213668562633,-0.0610036895558283,-0.0606894060004307,-0.0603784621661869,-0.060070805128726,-0.0597663830375433,-0.0594651450909549,-0.059167041511645,-0.0588720235227944,-0.0585800433247799,-0.0582910540724363,-0.0580050098528676,-0.0577218656637984,-0.057441577392454,-0.0571641017949584,-0.0568893964762387,-0.056617419870426,-0.0563481312217405,-0.0560814905658513,-0.0558174587116985,-0.0555559972237691,-0.0552970684048132,-0.0550406352789928,-0.0547866615754512,-0.0545351117122926,-0.0542859507809639,-0.0540391445310259,-0.0537946593553066,-0.0535524622754261,-0.0533125209276832,-0.0530748035492955,-0.0528392789649839,-0.0526059165738921,-0.0523746863368325,-0.0521455587638509,-0.0519185049021014,-0.0516934963240225,-0.0514705051158077,-0.0512495038661631,-0.0510304656553431,-0.0508133640444581,-0.0505981730650466,-0.0503848672089054,-0.0501734214181691,-0.0499638110756358,-0.0497560119953285,-0.0495500004132892,-0.0493457529785978,-0.0491432467446103,-0.0489424591604108,-0.0487433680624712,-0.0485459516665132,-0.0483501885595675,-0.0481560576922248,-0.0479635383710739,-0.0477726102513206,-0.0475832533295846,-0.0473954479368689,-0.0472091747316958,-0.0470244146934078,-0.0468411491156267,-0.0466593595998676,-0.0464790280493042,-0.046300136662681,-0.0461226679283684,-0.0459466046185567,-0.0457719297835869,-0.0455986267464125,-0.0454266790971909,-0.0452560706879997,-0.0450867856276755,-0.0449188082767712,-0.0447521232426297,-0.0445867153745705,-0.0444225697591856,-0.0442596717157439,-0.0440980067916989,-0.0439375607582985,-0.0437783196062945,-0.0436202695417479,-0.0434633969819295,-0.043307688551311,-0.0431531310776467,-0.0429997115881421,-0.0428474173057072,-0.0426962356452932,-0.04254615421031,-0.0423971607891219,0,-0.139614250384481,-0.138249546021044,-0.136930459178204,-0.135646611134877,-0.134388922265828,-0.133150300158334,-0.131925957965905,-0.130712955524615,-0.129509646382295,-0.128315239618616,-0.127129491653268,-0.125952498636052,-0.124784558933112,-0.123626082720988,-0.122477532855867,-0.121339386458569,-0.120212110250102,-0.119096145052475,-0.11799189642806,-0.116899729448138,-0.115819966246242,-0.114752885448201,-0.113698722859147,-0.112657672979922,-0.111629891055019,-0.110615495442754,-0.109614570159765,-0.108627167495146,-0.107653310620333,-0.106692996143099,-0.105746196570309,-0.104812862655993,-0.103892925620189,-0.102986299230487,-0.102092881743068,-0.101212557703505,-0.100345199610164,-0.099490669444814,-0.0986488200762446,-0.0978194965435091,-0.0970025372258144,-0.0961977749063007,-0.0954050377369588,-0.0946241501118072,-0.0938549334552398,-0.0930972069321596,-0.0923507880861967,-0.0916154934119418,-0.0908911388667702,-0.0901775403274559,-0.0894745139964109,-0.0887818767620348,-0.0880994465173139,-0.0874270424404898,-0.0867644852413081,-0.0861115973760703,-0.0854682032344458,-0.084834129300747,-0.0842092042921393,-0.0835932592760453,-0.0829861277688001,-0.0823876458174352,-0.0817976520662988,-0.0812159878100691,-0.080642497034571,-0.0800770264466836,-0.0795194254945024,-0.0789695463788165,-0.0784272440568591,-0.0778923762392013,-0.0773648033805795,-0.0768443886653667,-0.0763309979883355,-0.0758244999312951,-0.0753247657361303,-0.0748316692747185,-0.0743450870161536,-0.0738648979916648,-0.073390983757578,-0.0729232283566345,-0.0724615182779484,-0.0720057424158559,-0.0715557920278839,-0.07111156069204,-0.0706729442636078,-0.0702398408316073,-0.0698121506750662,-0.0693897762192306,-0.0689726219918289,-0.0685605945794888,-0.0681536025843987,-0.0677515565812875,-0.0673543690747965,-0.0669619544572984,-0.0665742289672171,-0.0661911106478938,-0.0658125193070344,-0.0654383764767742,-0.0650686053743838,-0.0647031308636404,-0.0643418794168814,-0.063984779077756,-0.063631759424684,-0.063282751535031,-0.0629376879500049,-0.062596502640276,-0.0622591309723219,-0.0619255096754952,-0.0615955768098125,-0.0612692717344581,-0.0609465350769987,-0.0606273087033015,-0.0603115356881467,-0.0599991602865281,-0.05969012790563,-0.0593843850774716,-0.0590818794322081,-0.0587825596720772,-0.0584863755459801,-0.0581932778246839,-0.0579032182766356,-0.0576161496443738,-0.0573320256215269,-0.0570508008303848,-0.0567724308000319,-0.0564968719450299,-0.0562240815446362,-0.0559540177225487,-0.0556866394271608,-0.0554219064123182,-0.0551597792185636,-0.0549002191548575,-0.0546431882807652,-0.0543886493890955,-0.0541365659889833,-0.0538869022894018,-0.0536396231830955,-0.0533946942309232,-0.0531520816465989,-0.0529117522818212,-0.0526736736117833,-0.0524378137210489,-0.052204141289789,-0.0519726255803676,-0.0517432364242685,-0.051515944209352,-0.0512907198674361,-0.0510675348621899,-0.0508463611773341,-0.0506271713051379,-0.0504099382352061,-0.0501946354435474,-0.0499812368819175,-0.0497697169674283,-0.0495600505724175,-0.0493522130145701,-0.0491461800472866,-0.0489419278502896,-0.0487394330204636,-0.0485386725629216,-0.0483396238822916,-0.048142264774218,-0.0479465734170716,-0.0477525283638625,-0.0475601085343509,-0.0473692932073504,-0.0471800620132181,-0.0469923949265273,-0.0468062722589169,-0.0466216746521141,-0.0464385830711242,-0.046256978797585,-0.0460768434232791,-0.0458981588438017,-0.0457209072523796,-0.0455450711338355,-0.045370633258697,-0.0451975766774436,-0.0450258847148891,-0.0448555409646966,-0.044686529284021,-0.0445188337882775,-0.0443524388460309,-0.044187329074004,-0.0440234893322019,-0.0438609047191476,-0.0436995605672283,-0.0435394424381479,-0.0433805361184836,-0.0432228276153435,-0.0430663031521235,-0.0429109491643595,-0.0427567522956741,-0.0426036993938138,-0.0424517775067763,-0.0423009738790227,-0.0421512759477765,-0.0420026713394022,-0.0418551478658673,-0.0417086935212797,0,-0.137841854950752,-0.13650177391378,-0.135202245837411,-0.133934589527749,-0.132689278115957,-0.131459444639493,-0.130240934585762,-0.129031518388774,-0.127830191584196,-0.126636693583396,-0.125451199696892,-0.124274128384284,-0.123106021505683,-0.121947470275628,-0.120799069839096,-0.119661391852733,-0.118534968456101,-0.117420283487058,-0.11631776832323,-0.115227800681463,-0.114150705301463,-0.113086755814605,-0.112036177337393,-0.110999149482781,-0.109975809582964,-0.108966255983944,-0.10797055131721,-0.106988725684889,-0.106020779716368,-0.105066687469729,-0.104126399162373,-0.103199843723086,-0.102286931163542,-0.10138755477128,-0.10050159312911,-0.0996289119678399,-0.0987693658605299,-0.0979227997672631,-0.0970890504398103,-0.0962679476956918,-0.0954593155710394,-0.0946629733614155,-0.0938787365593964,-0.093106417697306,-0.0923458271030202,-0.0915967735762778,-0.0908590649924367,-0.0901325088401268,-0.0894169126987681,-0.0887120846614685,-0.08801783370837,-0.087333970035103,-0.0866603053406148,-0.0859966530782772,-0.0853428286738391,-0.0846986497134765,-0.0840639361049032,-0.0834385102142404,-0.0828221969810961,-0.0822148240140845,-0.0816162216688069,-0.0810262231101306,-0.0804446643604276,-0.079871384335284,-0.0793062248680416,-0.0787490307244102,-0.0781996496082667,-0.0776579321596511,-0.0771237319458735,-0.0765969054465549,-0.0760773120333465,-0.0755648139449986,-0.0750592762583823,-0.0745605668560104,-0.074068556390546,-0.0735831182467406,-0.0731041285011975,-0.072631465880314,-0.0721650117167244,-0.0717046499045259,-0.0712502668535448,-0.0708017514428694,-0.070358994973854,-0.0699218911227742,-0.0694903358932947,-0.0690642275688917,-0.0686434666653562,-0.0682279558834894,-0.0678176000620873,-0.0674123061313008,-0.0670119830664455,-0.0666165418423258,-0.0662258953881292,-0.0658399585429395,-0.0654586480119084,-0.0650818823231199,-0.0647095817851771,-0.0643416684455331,-0.0639780660495856,-0.0636187000005495,-0.0632634973201173,-0.0629123866099165,-0.0625652980137666,-0.0622221631807385,-0.0618829152290162,-0.0615474887105567,-0.0612158195765463,-0.0608878451436447,-0.0605635040610114,-0.0602427362781058,-0.0599254830132502,-0.0596116867229472,-0.0593012910719387,-0.0589942409039956,-0.0586904822134251,-0.0583899621172842,-0.0580926288282846,-0.0577984316283766,-0.0575073208429979,-0.0572192478159741,-0.0569341648850561,-0.0566520253580815,-0.0563727834897452,-0.0560963944589657,-0.0558228143468333,-0.0555520001151264,-0.0552839095853822,-0.0550185014185084,-0.0547557350949224,-0.0544955708952053,-0.0542379698812574,-0.0539828938779426,-0.053730305455209,-0.0534801679106739,-0.0532324452526603,-0.0529871021836741,-0.0527441040843095,-0.0525034169975722,-0.0522650076136083,-0.0520288432548286,-0.0517948918614179,-0.0515631219772187,-0.0513335027359787,-0.0511060038479537,-0.0508805955868546,-0.0506572487771298,-0.0504359347815747,-0.0502166254892577,-0.049999293303756,-0.0497839111316906,-0.0495704523715543,-0.0493588909028233,-0.0491492010753454,-0.0489413576989968,-0.0487353360336002,-0.0485311117790976,-0.0483286610659691,-0.0481279604458941,-0.0479289868826442,-0.0477317177432051,-0.0475361307891193,-0.0473422041680437,-0.0471499164055168,-0.0469592463969293,-0.0467701733996926,-0.0465826770256009,-0.0463967372333787,-0.046212334321413,-0.0460294489206608,-0.0458480619877305,-0.0456681547981304,-0.0454897089396806,-0.0453127063060847,-0.0451371290906549,-0.044962959780188,-0.044790181148989,-0.0446187762530346,-0.0444487284242792,-0.0442800212650918,-0.0441126386428275,-0.0439465646845254,-0.0437817837717318,-0.0436182805354435,-0.0434560398511706,-0.0432950468341135,-0.0431352868344518,-0.0429767454327418,-0.0428194084354217,-0.0426632618704184,-0.0425082919828556,-0.0423544852308605,-0.0422018282814655,-0.0420503080066029,-0.0418999114791905,-0.0417506259693056,-0.0416024389404449,-0.041455338045868,-0.0413093111250234,-0.0411643462000535,-0.0410204314723775,0,-0.136049689682114,-0.134736675354965,-0.133458770382035,-0.132208069032891,-0.130974944003482,-0.129753234216386,-0.128539738545255,-0.127333113912547,-0.126133082572134,-0.124939947808526,-0.123754310225266,-0.122576903417469,-0.121408499423111,-0.120249855019513,-0.119101682070283,-0.117964632110614,-0.11683928938824,-0.115726168922761,-0.114625717523354,-0.113538316519946,-0.112464285448794,-0.111403886225484,-0.11035732751548,-0.109324769121225,-0.108306326272655,-0.107302073751068,-0.106312049804237,-0.105336259829119,-0.104374679810927,-0.103427259515846,-0.102493925440486,-0.101574583525149,-0.100669121640677,-0.0997774118603457,-0.0988993125293112,-0.0980346701446086,-0.0971833210588247,-0.0963450930204054,-0.0955198065631987,-0.0947072762573263,-0.0939073118328798,-0.0931197191872853,-0.092344301286491,-0.0915808589694411,-0.090829191664611,-0.0900890980267133,-0.0893603765010362,-0.0886428258222719,-0.0879362454541105,-0.0872404359753393,-0.0865551994176832,-0.0858803395601541,-0.0852156621842519,-0.0845609752939556,-0.0839160893040865,-0.083280817200288,-0.0826549746735623,-0.0820383802320269,-0.0814308552923019,-0.0808322242527038,-0.0802423145502179,-0.079660956703026,-0.0790879843401962,-0.0785232342199832,-0.0779665462380459,-0.0774177634267609,-0.0768767319466931,-0.0763433010711783,-0.0758173231648791,-0.0752986536570875,-0.074787151010469,-0.0742826766858736,-0.0737850951037745,-0.0732942736028361,-0.0728100823960641,-0.0723323945249391,-0.0718610858118953,-0.0713960348114666,-0.0709371227603868,-0.0704842335269012,-0.0700372535595155,-0.0695960718353855,-0.0691605798085259,-0.0687306713579962,-0.0683062427362038,-0.0678871925174462,-0.0674734215467999,-0.0670648328894495,-0.0666613317805383,-0.0662628255756113,-0.0658692237017091,-0.0654804376091664,-0.0650963807241567,-0.0647169684020202,-0.0643421178814043,-0.0639717482392408,-0.0636057803465793,-0.0632441368252898,-0.0628867420056463,-0.0625335218847967,-0.0621844040861236,-0.0618393178194959,-0.0614981938424093,-0.0611609644220123,-0.0608275632980109,-0.0604979256464449,-0.0601719880443264,-0.05984968843513,-0.0595309660951237,-0.0592157616005276,-0.0589040167954871,-0.0585956747608477,-0.0582906797837156,-0.0579889773277911,-0.057690514004457,-0.0573952375446102,-0.0571030967712173,-0.0568140415725809,-0.0565280228763003,-0.0562449926239094,-0.0559649037461787,-0.0556877101390632,-0.0554133666402824,-0.0551418290065151,-0.0548730538911967,-0.0546069988229004,-0.0543436221842905,-0.0540828831916309,-0.0538247418748355,-0.0535691590580471,-0.0533160963407287,-0.0530655160792561,-0.0528173813689961,-0.0525716560268595,-0.0523283045743143,-0.0520872922208476,-0.0518485848478635,-0.0516121489930059,-0.0513779518348931,-0.0511459611782543,-0.0509161454394563,-0.0506884736324093,-0.050462915354842,-0.0502394407749349,-0.0500180206183034,-0.0497986261553179,-0.0495812291887559,-0.0493658020417725,-0.049152317546183,-0.0489407490310487,-0.0487310703115559,-0.0485232556781816,-0.0483172798861375,-0.0481131181450833,-0.0479107461091035,-0.0477101398669393,-0.0475112759324689,-0.0473141312354285,-0.047118683112369,-0.0469249092978397,-0.0467327879157943,-0.0465422974712122,-0.0463534168419297,-0.0461661252706747,-0.0459804023572995,-0.0457962280512066,-0.0456135826439613,-0.0454324467620869,-0.0452528013600376,-0.045074627713342,-0.0448979074119162,-0.0447226223535385,-0.0445487547374837,-0.0443762870583105,-0.0442052020998001,-0.0440354829290399,-0.0438671128906498,-0.0437000756011465,-0.043534354943442,-0.0433699350614738,-0.043206800354961,-0.043044935474286,-0.0428843253154955,-0.0427249550154197,-0.0425668099469056,-0.0424098757141612,-0.0422541381482085,-0.042099583302442,-0.0419461974482892,-0.0417939670709723,-0.0416428788653655,-0.0414929197319493,-0.0413440767728554,-0.0411963372880026,-0.0410496887713197,-0.0409041189070542,-0.040759615566164,-0.0406161668027901,-0.0404737608508087,-0.0403323861204594,0,-0.13424319685765,-0.132957784080013,-0.13170258216556,-0.130468667414594,-0.129246779776013,-0.128031977007715,-0.126822302369914,-0.125617432355346,-0.124417863030085,-0.123224466192239,-0.122038253100666,-0.120860250356342,-0.119691436350328,-0.118532710607821,-0.117384881034534,-0.116248660847911,-0.115124670653933,-0.114013443152899,-0.112915429079285,-0.111831003605724,-0.11076047278988,-0.109704079837678,-0.108662011065077,-0.107634401501352,-0.10662134011101,-0.105622874630755,-0.104639016028907,-0.103669742601007,-0.102715003718928,-0.101774723252788,-0.100848802685955,-0.0999371239437237,-0.099039551956106,-0.0981559369747231,-0.0972861166630859,-0.0964299179787083,-0.0955871588645359,-0.0947576497661507,-0.0939411949901535,-0.093137593918061,-0.0923466420890023,-0.0915681321634768,-0.0908018547794509,-0.0900475993111362,-0.0893051545399074,-0.0885743092459928,-0.0878548527287987,-0.0871465752630141,-0.086449268496986,-0.0857627257992462,-0.0850867425585175,-0.0844211164420192,-0.0837656476164271,-0.083120138935424,-0.08248439609739,-0.0818582277764384,-0.0812414457296824,-0.0806338648833368,-0.0800353033999976,-0.079445582729208,-0.0788645276432121,-0.0782919662595998,-0.0777277300523826,-0.0771716538528751,-0.076623575841626,-0.0760833375325073,-0.0755507837499622,-0.0750257626003069,-0.0745081254378877,-0.0739977268268132,-0.0734944244989047,-0.0729980793084404,-0.0725085551842067,-0.0720257190793168,-0.0715494409192045,-0.0710795935481598,-0.0706160526747274,-0.0701586968162595,-0.0697074072428749,-0.0692620679210533,-0.0688225654570615,-0.0683887890403893,-0.0679606303873481,-0.0675379836849684,-0.0671207455353123,-0.0667088149003063,-0.0663020930471792,-0.0659004834945851,-0.0655038919594732,-0.0651122263047611,-0.0647253964878572,-0.0643433145100702,-0.0639658943669367,-0.0635930519994915,-0.0632247052464995,-0.0628607737976629,-0.0625011791478142,-0.0621458445520989,-0.0617946949821519,-0.0614476570832648,-0.0611046591325419,-0.0607656309980379,-0.0604305040988698,-0.0600992113662931,-0.0597716872057306,-0.0594478674597411,-0.0591276893719147,-0.0588110915516797,-0.0584980139400048,-0.058188397775982,-0.0578821855642711,-0.0575793210433917,-0.057279749154842,-0.0569834160130291,-0.0566902688759922,-0.0564002561169002,-0.0561133271963066,-0.0558294326351434,-0.0555485239884363,-0.0552705538197231,-0.0549954756761587,-0.0547232440642886,-0.0544538144264735,-0.0541871431179495,-0.0539231873845056,-0.0536619053407632,-0.0534032559490419,-0.0531471989987942,-0.0528936950865958,-0.052642705596675,-0.0523941926819662,-0.0521481192456748,-0.0519044489233375,-0.0516631460653647,-0.0514241757200526,-0.0511875036170502,-0.0509530961512698,-0.050720920367228,-0.0504909439438045,-0.0502631351794082,-0.0500374629775375,-0.0498138968327247,-0.0495924068168535,-0.0493729635658387,-0.0491555382666573,-0.0489401026447222,-0.0487266289515877,-0.0485150899529782,-0.0483054589171295,-0.048097709603436,-0.0478918162513925,-0.0476877535698242,-0.0474854967263961,-0.0472850213373933,-0.0470863034577652,-0.0468893195714262,-0.0466940465818042,-0.0465004618026326,-0.0463085429489755,-0.0461182681284829,-0.0459296158328663,-0.0457425649295916,-0.0455570946537799,-0.0453731846003134,-0.0451908147161383,-0.0450099652927608,-0.04483061695893,-0.0446527506735027,-0.0444763477184841,-0.0443013896922425,-0.044127858502889,-0.0439557363618204,-0.0437850057774209,-0.0436156495489164,-0.0434476507603787,-0.043280992774875,-0.0431156592287591,-0.0429516340260993,-0.042788901333241,-0.0426274455734991,-0.0424672514219766,-0.0423083038005069,-0.0421505878727161,-0.0419940890392014,-0.0418387929328236,-0.0416846854141094,-0.0415317525667624,-0.0413799806932774,-0.0412293563106576,-0.0410798661462308,-0.0409314971335621,-0.0407842364084604,-0.0406380713050773,-0.040492989352094,-0.0403489782689966,-0.0402060259624345,-0.0400641205226619,-0.0399232502200601,-0.0397834035017369,-0.0396445689882033,0,-0.132426592849312,-0.131168409265274,-0.129935930570098,-0.128717624256684,-0.127505269822267,-0.126295651543769,-0.125088287983165,-0.123883950902372,-0.122683914037025,-0.121489592072451,-0.120302371661777,-0.119123536376249,-0.11795423779967,-0.116795489139427,-0.115648169495234,-0.114513032802827,-0.11339071846005,-0.112281762177433,-0.111186606380883,-0.110105609890274,-0.109039056791713,-0.107987164511432,-0.106950091137297,-0.105927942046754,-0.104920775901355,-0.103928610064669,-0.102951425495608,-0.10198917116428,-0.10104176803309,-0.100109112641886,-0.0991910803325809,-0.0982875281457089,-0.0973982974186979,-0.0965232161132649,-0.0956621008971026,-0.0948147590029865,-0.0939809898865138,-0.0931605867018979,-0.0923533376135714,-0.0915590269597909,-0.0907774362829893,-0.0900083452402749,-0.0892515324062374,-0.0885067759790754,-0.0877738544000115,-0.0870525468949983,-0.0863426339468432,-0.0856438977050816,-0.0849561223401976,-0.0842790943481393,-0.0836126028104731,-0.0829564396149866,-0.0823103996410601,-0.0816742809136871,-0.0810478847296295,-0.0804310157588343,-0.0798234821239175,-0.079225095460233,-0.0786356709587823,-0.0780550273939867,-0.077482987138136,-0.0769193761641341,-0.0763640240379968,-0.0758167639024009,-0.0752774324524474,-0.0747458699046799,-0.074221919960286,-0.0737054297633128,-0.0731962498546351,-0.0726942341223388,-0.0721992397491052,-0.0717111271571214,-0.0712297599509814,-0.0707550048589908,-0.0702867316732425,-0.0698248131887862,-0.0693691251421805,-0.0689195461496771,-0.0684759576452637,-0.0680382438187566,-0.0676062915541179,-0.0671799903681421,-0.0667592323496459,-0.0663439120992694,-0.0659339266699868,-0.0655291755084094,-0.0651295603969482,-0.0647349853968979,-0.0643453567924884,-0.0639605830359443,-0.0635805746935848,-0.063205244392989,-0.0628345067712434,-0.0624682784242877,-0.0621064778573649,-0.0617490254365804,-0.0613958433415709,-0.0610468555192797,-0.0607019876388318,-0.060361167047502,-0.0600243227277635,-0.0596913852554062,-0.0593622867587092,-0.0590369608786531,-0.0587153427301549,-0.0583973688643082,-0.0580829772316101,-0.0577721071461562,-0.0574646992507834,-0.0571606954831419,-0.0568600390426746,-0.0565626743584852,-0.0562685470580735,-0.0559776039369176,-0.0556897929288826,-0.0554050630774361,-0.0551233645076496,-0.0548446483989654,-0.0545688669587106,-0.0542959733963378,-0.0540259218983728,-0.0537586676040519,-0.0534941665816287,-0.0532323758053327,-0.0529732531329625,-0.0527167572840945,-0.0524628478188918,-0.0522114851174951,-0.0519626303599798,-0.0517162455068635,-0.0514722932801473,-0.0512307371448776,-0.050991541291211,-0.0507546706169702,-0.0505200907106749,-0.050287767835036,-0.0500576689108972,-0.0498297615016136,-0.0496040137978529,-0.0493803946028079,-0.0491588733178077,-0.0489394199283162,-0.0487220049903074,-0.048506599617005,-0.0482931754659777,-0.0480817047265775,-0.0478721601077136,-0.0476645148259497,-0.0474587425939171,-0.047254817609034,-0.0470527145425211,-0.0468524085287063,-0.0466538751546097,-0.0464570904497999,-0.0462620308765158,-0.0460686733200432,-0.0458769950793424,-0.0456869738579164,-0.0454985877549152,-0.0453118152564678,-0.0451266352272365,-0.044943026902186,-0.0447609698785626,-0.0445804441080763,-0.0444014298892807,-0.0442239078601446,-0.0440478589908107,-0.0438732645765351,-0.0437001062308038,-0.0435283658786188,-0.0433580257499527,-0.0431890683733641,-0.0430214765697699,-0.0428552334463712,-0.0426903223907279,-0.0425267270649773,-0.0423644314001939,-0.0422034195908851,-0.0420436760896212,-0.0418851856017929,-0.0417279330804963,-0.0415719037215388,-0.0414170829585653,-0.0412634564582993,-0.0411110101158966,-0.0409597300504097,-0.0408096026003575,-0.0406606143194,-0.040512751972113,-0.040366002529862,-0.0402203531667716,-0.0400757912557877,-0.039932304364831,-0.0397898802530385,-0.0396485068670913,-0.039508172337626,-0.0393688649757274,-0.0392305732695013,-0.0390932858807245,-0.0389569916415697,0,-0.130602976994105,-0.129371514634761,-0.128160619231859,-0.12695569478622,-0.125750459580786,-0.12454387359272,-0.123337072407619,-0.122131930363224,-0.120930456816482,-0.119734554043588,-0.118545929855007,-0.117366076651868,-0.116196278340418,-0.115037627851616,-0.113891047551602,-0.112757309224128,-0.111637052348666,-0.110530800329118,-0.109438974727763,-0.108361907707384,-0.107299852918424,-0.106252995054206,-0.105221458267269,-0.104205313607794,-0.103204585616539,-0.102219258181081,-0.101249279745524,-0.100294567949225,-0.0993550137587456,-0.0984304851483413,-0.0975208303771896,-0.096625880905796,-0.0957454539892181,-0.0948793549806864,-0.094027379375684,-0.0931893146234744,-0.0923649417303309,-0.091554036676285,-0.0907563716650181,-0.0899717162245401,-0.0891998381745209,-0.0884405044745211,-0.0876934819659171,-0.0869585380189989,-0.086235441095532,-0.0855239612360105,-0.0848238704798605,-0.0841349432259959,-0.0834569565403427,-0.0827896904162602,-0.0821329279931527,-0.0814864557380106,-0.0808500635941151,-0.080223545100689,-0.0796066974868762,-0.078999321743069,-0.07840122267228,-0.077812208923968,-0.077232093012466,-0.0766606913219312,-0.0760978240995267,-0.0755433154383622,-0.0749969932515535,-0.0744586892386141,-0.073928238845256,-0.0734054812175639,-0.0728902591513944,-0.0723824190377613,-0.0718818108048816,-0.0713882878574795,-0.0709017070138797,-0.0704219284413582,-0.0699488155901661,-0.0694822351265923,-0.0690220568653861,-0.0685681537018249,-0.0681204015436733,-0.0676786792432516,-0.0672428685298029,-0.066812853942323,-0.0663885227629943,-0.0659697649513475,-0.0655564730792538,-0.0651485422668376,-0.0647458701193831,-0.064348356665299,-0.0639559042951902,-0.0635684177020784,-0.0631858038228051,-0.0628079717806401,-0.0624348328291155,-0.0620663002970945,-0.061702289535084,-0.0613427178627915,-0.060987504517925,-0.0606365706062294,-0.0602898390527521,-0.0599472345543242,-0.0596086835332459,-0.0592741140921586,-0.0589434559700878,-0.0586166404996366,-0.0582936005653109,-0.0579742705629558,-0.0576585863602792,-0.0573464852584439,-0.057037905954702,-0.0567327885060509,-0.0564310742938866,-0.0561327059896307,-0.0558376275213083,-0.0555457840410534,-0.0552571218935171,-0.0549715885851584,-0.0546891327543906,-0.0544097041425656,-0.0541332535657686,-0.0538597328874057,-0.05358909499156,-0.0533212937570959,-0.0530562840324912,-0.0527940216113748,-0.0525344632087535,-0.052277566437904,-0.0520232897879142,-0.0517715926018546,-0.0515224350555598,-0.0512757781370052,-0.0510315836262592,-0.0507898140759947,-0.0505504327925447,-0.0503134038174848,-0.0500786919097265,-0.0498462625281085,-0.049616081814469,-0.0493881165771853,-0.0491623342751687,-0.0489387030022978,-0.048717191472281,-0.0484977690039315,-0.048280405506847,-0.0480650714674775,-0.0478517379355733,-0.0476403765110001,-0.0474309593309105,-0.047223459057262,-0.0470178488646703,-0.0468141024285891,-0.0466121939138055,-0.0464120979632429,-0.0462137896870613,-0.0460172446520469,-0.0458224388712824,-0.0456293487940891,-0.0454379512962343,-0.0452482236703949,-0.0450601436168691,-0.044873689234532,-0.0446888390120247,-0.0445055718191713,-0.0443238668986178,-0.0441437038576866,-0.0439650626604379,-0.0437879236199362,-0.0436122673907119,-0.0434380749614155,-0.0432653276476567,-0.0430940070850247,-0.0429240952222837,-0.0427555743147386,-0.0425884269177667,-0.0424226358805102,-0.0422581843397247,-0.0420950557137807,-0.0419332336968114,-0.0417727022530054,-0.0416134456110386,-0.0414554482586415,-0.0412986949372989,-0.0411431706370775,-0.0409888605915792,-0.0408357502730144,-0.0406838253873947,-0.0405330718698393,-0.0403834758799936,-0.040235023797557,-0.0400877022179154,-0.0399414979478767,-0.0397963980015075,-0.0396523895960657,-0.0395094601480286,-0.0393675972692138,-0.0392267887629892,-0.0390870226205699,-0.038948287017402,-0.0388105703096272,-0.03867386103063,-0.0385381478876616,-0.0384034197585422,-0.0382696656884365,0,-0.128774531456309,-0.127569608577879,-0.126377857579426,-0.125183055296598,-0.123981908365867,-0.122775878341573,-0.121567746089022,-0.120360421653915,-0.11915656285278,-0.117958477236552,-0.116768123383258,-0.115587144741643,-0.114416910952213,-0.113258557373668,-0.112113019825884,-0.110981064073885,-0.109863310516259,-0.108760254813232,-0.107672285188791,-0.106599697043183,-0.105542705392881,-0.104501455545183,-0.103476032323753,-0.102466468090253,-0.101472749753215,-0.100494824914927,-0.0995326072770266,-0.0985859814031221,-0.0976548069198175,-0.0967389222246362,-0.0958381477592445,-0.0949522888983718,-0.0940811384983008,-0.0932244791433972,-0.0923820851245784,-0.0915537241797069,-0.0907391590224988,-0.0899381486835664,-0.0891504496845968,-0.088375817064354,-0.0876140052731383,-0.0868647689505078,-0.0861278635994448,-0.0854030461686989,-0.0846900755537508,-0.083988713025691,-0.0832987225962837,-0.0826198713265765,-0.081951929585602,-0.0812946712649983,-0.0806478739547283,-0.0800113190845094,-0.0793847920350514,-0.0787680822227499,-0.0781609831610776,-0.0775632925015561,-0.0769748120568727,-0.0763953478084194,-0.075824709900279,-0.0752627126214581,-0.0747091743779642,-0.074163917656145,-0.0736267689785493,-0.0730975588534248,-0.0725761217188435,-0.0720622958823307,-0.0715559234567715,-0.0710568502932831,-0.0705649259116559,-0.0700800034288989,-0.0696019394863579,-0.0691305941758217,-0.0686658309649773,-0.0682075166225324,-0.0677555211432822,-0.0673097176733617,-0.0668699824358931,-0.0664361946572085,-0.0660082364938052,-0.0655859929601647,-0.0651693518575498,-0.0647582037038748,-0.0643524416647282,-0.063951961485614,-0.0635566614254639,-0.0631664421914638,-0.0627812068752261,-0.0624008608903332,-0.0620253119112671,-0.0616544698137365,-0.0612882466164054,-0.0609265564240214,-0.0605693153719397,-0.0602164415720336,-0.0598678550599783,-0.059523477743894,-0.0591832333543302,-0.0588470473955718,-0.0585148470982456,-0.0581865613732045,-0.0578621207666661,-0.0575414574165797,-0.0572245050101969,-0.0569111987428203,-0.0566014752777022,-0.0562952727070675,-0.0559925305142344,-0.0556931895368044,-0.0553971919308958,-0.0551044811363938,-0.0548150018431904,-0.0545286999583876,-0.0542455225744382,-0.053965417938199,-0.0536883354208696,-0.0534142254887949,-0.0531430396751025,-0.0528747305521565,-0.0526092517047997,-0.0523465577043643,-0.0520866040834271,-0.0518293473112887,-0.0515747447701535,-0.0513227547319925,-0.0510733363360659,-0.0508264495670877,-0.0505820552340125,-0.050340114949425,-0.0501005911095161,-0.049863446874626,-0.0496286461503378,-0.049396153569106,-0.0491659344724018,-0.0489379548933612,-0.0487121815399199,-0.0484885817784204,-0.0482671236176772,-0.0480477756934852,-0.0478305072535602,-0.047615288142895,-0.0474020887895219,-0.0471908801906669,-0.0469816338992847,-0.0467743220109639,-0.0465689171511884,-0.0463653924629476,-0.0461637215946831,-0.0459638786885614,-0.0457658383690642,-0.0455695757318856,-0.0453750663331275,-0.0451822861787849,-0.0449912117145101,-0.0448018198156517,-0.0446140877775549,-0.0444279933061204,-0.0442435145086112,-0.0440606298847,-0.0438793183177526,-0.0436995590663369,-0.0435213317559538,-0.0433446163709819,-0.0431693932468302,-0.0429956430622929,-0.0428233468321003,-0.0426524858996595,-0.0424830419299811,-0.0423149969027843,-0.0421483331057774,-0.0419830331281069,-0.0418190798539717,-0.0416564564563967,-0.0414951463911625,-0.0413351333908851,-0.0411764014592428,-0.0410189348653455,-0.0408627181382425,-0.040707736061565,-0.0405539736682995,-0.0404014162356882,-0.0402500492802531,-0.0400998585529407,-0.0399508300343837,-0.0398029499302758,-0.0396562046668575,-0.0395105808865095,-0.0393660654434512,-0.0392226453995396,-0.0390803080201689,-0.0389390407702654,-0.0387988313103766,-0.0386596674928515,-0.0385215373581091,-0.0383844291309948,-0.0382483312172191,-0.0381132321998801,-0.0379791208360635,-0.0378459860535227,-0.0377138169474326,-0.0375826027772182,0,-0.12694326662331,-0.125764613264174,-0.124588115599637,-0.123399227787301,-0.122198662815319,-0.120990519760552,-0.119779124329071,-0.118568281913429,-0.117361170966819,-0.116160399583192,-0.114968094408531,-0.113785985498741,-0.112615478169884,-0.111457711246159,-0.110313603539953,-0.109183890849887,-0.108069155558951,-0.106969850534216,-0.105886318648549,-0.10481880892152,-0.103767490022565,-0.102732461687881,-0.10171376446159,-0.100711388069496,-0.0997252786601206,-0.0987553450945977,-0.0978014644285886,-0.0968634867011849,-0.0959412391248571,-0.0950345297546466,-0.0941431507025523,-0.0932668809533826,-0.0924054888305357,-0.0915587341537504,-0.0907263701255,-0.0899081449781436,-0.0891038034100479,-0.0883130878355098,-0.0875357394703715,-0.0867714992726474,-0.0860201087552243,-0.0852813106857117,-0.0845548496867693,-0.0838404727486958,-0.0831379296647029,-0.0824469733980926,-0.0817673603894964,-0.0810988508113933,-0.0804412087762943,-0.0797942025042477,-0.0791576044546672,-0.078531191426914,-0.0779147446335535,-0.0773080497497564,-0.0767108969419183,-0.0761230808782166,-0.0755444007235106,-0.0749746601207164,-0.0744136671605393,-0.0738612343412292,-0.0733171785198335,-0.0727813208562476,-0.0722534867512111,-0.0717335057792664,-0.0712212116175701,-0.0707164419713471,-0.0702190384966783,-0.0697288467212315,-0.0692457159634685,-0.0687694992507959,-0.0683000532370684,-0.0678372381198008,-0.0673809175573965,-0.066930958586664,-0.0664872315408496,-0.0660496099683874,-0.0656179705525371,-0.0651921930320521,-0.0647721601230029,-0.0643577574418552,-0.0639488734298895,-0.0635453992790278,-0.0631472288591263,-0.0627542586467724,-0.0623663876556219,-0.0619835173682966,-0.0616055516698577,-0.0612323967828622,-0.0608639612040031,-0.0605001556423292,-0.0601408929590347,-0.0597860881088069,-0.059435658082713,-0.0590895218526086,-0.0587476003170443,-0.0584098162486467,-0.0580760942429479,-0.0577463606686351,-0.0574205436191938,-0.0570985728659123,-0.0567803798122196,-0.0564658974493255,-0.0561550603131307,-0.055847804442378,-0.0555440673380109,-0.0552437879237107,-0.0549469065075798,-0.0546533647449408,-0.0543631056022211,-0.0540760733218935,-0.0537922133884418,-0.0535114724953244,-0.0532337985129053,-0.0529591404573259,-0.0526874484602897,-0.0524186737397325,-0.0521527685713529,-0.051889686260977,-0.0516293811177317,-0.0513718084280028,-0.0511169244301551,-0.050864686289989,-0.0506150520769131,-0.0503679807408107,-0.0501234320895775,-0.0498813667673119,-0.0496417462331359,-0.0494045327406286,-0.0491696893178526,-0.0489371797479545,-0.048706968550324,-0.0484790209622901,-0.0482533029213433,-0.0480297810478617,-0.0478084226283302,-0.0475891955990344,-0.0473720685302161,-0.0471570106106757,-0.0469439916328068,-0.0467329819780516,-0.0465239526027622,-0.0463168750244559,-0.0461117213084533,-0.0459084640548858,-0.0457070763860624,-0.0455075319341843,-0.0453098048293968,-0.0451138696881678,-0.0449197016019835,-0.0447272761263518,-0.0445365692701025,-0.0443475574849777,-0.0441602176555019,-0.0439745270891234,-0.04379046350662,-0.0436080050327596,-0.0434271301872098,-0.0432478178756867,-0.0430700473813383,-0.0428937983563536,-0.0427190508137918,-0.0425457851196244,-0.042373981984985,-0.0422036224586185,-0.0420346879195268,-0.0418671600698028,-0.0417010209276482,-0.0415362528205705,-0.0413728383787515,-0.041210760528586,-0.0410500024863821,-0.0408905477522214,-0.0407323801039725,-0.0405754835914543,-0.0404198425307451,-0.0402654414986326,-0.0401122653272011,-0.0399602990985524,-0.0398095281396566,-0.0396599380173275,-0.0395115145333225,-0.0393642437195598,-0.0392181118334524,-0.0390731053533543,-0.0389292109741159,-0.0387864156027461,-0.0386447063541779,-0.0385040705471344,-0.0383644957000931,-0.0382259695273447,-0.0380884799351457,-0.0379520150179599,-0.0378165630547889,-0.0376821125055865,-0.0375486520077577,-0.0374161703727376,-0.0372846565826492,-0.0371540997870381,-0.0370244892996815,-0.03689581459547,0,-0.125111332910744,-0.123957681598216,-0.122790991815391,-0.121603031893239,-0.120399254586128,-0.119186288208828,-0.117969771706993,-0.116754199678977,-0.115543110657109,-0.114339292398135,-0.113144949222949,-0.111961830017674,-0.110791324618345,-0.109634536382564,-0.108492337222908,-0.10736540982216,-0.106254280480582,-0.105159345079751,-0.104080889938066,-0.103019108823139,-0.10197411702488,-0.10094596313932,-0.0999346390359509,-0.098940088357498,-0.0979622138143678,-0.0970008834747627,-0.0960559362077594,-0.0951271864049472,-0.094214428082803,-0.0933174384503044,-0.0924359810126413,-0.0915698082711294,-0.0907186640707564,-0.089882285639688,-0.0890604053591304,-0.0882527522969483,-0.0874590535341735,-0.0866790353098731,-0.0859124240066833,-0.0851589469965619,-0.0844183333639221,-0.0836903145212161,-0.0829746247302136,-0.0822710015406151,-0.0815791861562417,-0.0808989237378089,-0.0802299636502136,-0.0795720596613149,-0.0789249700983534,-0.078288457967425,-0.077662291040776,-0.0770462419161208,-0.0764400880516857,-0.0758436117802393,-0.0752566003049828,-0.0746788456798347,-0.074110144776337,-0.0735502992391503,-0.0729991154318639,-0.0724564043746452,-0.0719219816750648,-0.0713956674532734,-0.0708772862625643,-0.0703666670062255,-0.0698636428514779,-0.0693680511411903,-0.0688797333039819,-0.0683985347632383,-0.0679243048455031,-0.0674568966886432,-0.0669961671501348,-0.0665419767157663,-0.0660941894090163,-0.065652672701323,-0.0652172974234325,-0.0647879376779821,-0.0643644707534494,-0.0639467770395773,-0.0635347399443611,-0.0631282458126716,-0.0627271838465678,-0.062331446027343,-0.0619409270393344,-0.061555524195516,-0.0611751373648867,-0.0607996689016568,-0.0604290235762293,-0.0600631085079672,-0.0597018330997322,-0.0593451089741769,-0.0589928499117673,-0.0586449717905118,-0.0583013925273669,-0.057962032021292,-0.0576268120979195,-0.0572956564558079,-0.0569684906142444,-0.0566452418625607,-0.0563258392109274,-0.0560102133425905,-0.0556982965675136,-0.0553900227773904,-0.055085327401991,-0.0547841473668054,-0.0544864210519494,-0.0541920882522972,-0.053901090138807,-0.0536133692210029,-0.0533288693105825,-0.0530475354861154,-0.0527693140587998,-0.052494152539247,-0.0522219996052621,-0.0519528050705904,-0.0516865198546,-0.0514230959528728,-0.0511624864086744,-0.0509046452852766,-0.050649527639106,-0.0503970894936918,-0.0501472878143897,-0.049900080483855,-0.0496554262782444,-0.04941328484412,-0.049173616676036,-0.0489363830947862,-0.0487015462262893,-0.048469068981095,-0.048238915034488,-0.0480110488071735,-0.0477854354465244,-0.0475620408083724,-0.0473408314393267,-0.0471217745596027,-0.0469048380463449,-0.0466899904174277,-0.0464772008157213,-0.0462664389938043,-0.0460576752991127,-0.0458508806595084,-0.0456460265692572,-0.0454430850754001,-0.0452420287645079,-0.0450428307498069,-0.0448454646586629,-0.0446499046204135,-0.0444561252545376,-0.0442641016591512,-0.0440738093998202,-0.0438852244986795,-0.0436983234238497,-0.043513083079142,-0.0433294807940426,-0.0431474943139675,-0.0429671017907802,-0.0427882817735642,-0.0426110131996414,-0.0424352753858316,-0.0422610480199423,-0.0420883111524853,-0.0419170451886105,-0.0417472308802525,-0.0415788493184824,-0.041411881926059,-0.041246310450174,-0.0410821169553846,-0.0409192838167287,-0.0407577937130167,-0.0405976296202958,-0.0404387748054802,-0.0402812128201435,-0.0401249274944694,-0.0399699029313527,-0.0398161235006509,-0.0396635738335785,-0.0395122388172419,-0.0393621035893091,-0.0392131535328128,-0.0390653742710811,-0.038918751662792,-0.038773271797151,-0.0386289209891843,-0.0384856857751482,-0.0383435529080484,-0.0382025093532681,-0.0380625422843013,-0.0379236390785879,-0.0377857873134484,-0.0376489747621158,-0.0375131893898605,-0.0373784193502075,-0.0372446529812425,-0.0371118788020042,-0.0369800855089609,-0.0368492619725696,-0.0367193972339142,-0.0365904805014217,-0.0364625011476537,-0.0363354487061721,-0.0362093128684758,0,-0.123281527984526,-0.12214895467471,-0.120985109151212,-0.11979257178584,-0.118581724742584,-0.117361346364672,-0.116138038705683,-0.114916728119259,-0.113701130747468,-0.112494084449294,-0.11129777820566,-0.110113912068651,-0.108943810503819,-0.107788504132309,-0.106648789782742,-0.105525275474781,-0.104418414800234,-0.103328533734239,-0.10225585194927,-0.101200500059595,-0.100162533789624,-0.0991419457665749,-0.0981386754395577,-0.0971526174920023,-0.096183629021455,-0.0952315356960375,-0.0942961370510536,-0.0933772110561551,-0.0924745180590689,-0.0915878041934395,-0.090716804324069,-0.089861244591541,-0.0890208446091008,-0.0881953193571664,-0.0873843808146067,-0.0865877393606592,-0.0858051049768816,-0.085036188274704,-0.0842807013708442,-0.0835383586300068,-0.0828088772918096,-0.0820919779967472,-0.0813873852241309,-0.0806948276533259,-0.0800140384581906,-0.0793447555433899,-0.0786867217301785,-0.0780396848983072,-0.0774033980898834,-0.0767776195802997,-0.0761621129207103,-0.0755566469559877,-0.0749609958216043,-0.0743749389224635,-0.0737982608963299,-0.0732307515641824,-0.0726722058695262,-0.0721224238084508,-0.0715812103519921,-0.071048375362171,-0.0705237335028992,-0.0700071041468004,-0.0694983112788549,-0.0689971833976632,-0.0685035534150183,-0.0680172585543846,-0.0675381402488036,-0.0670660440386742,-0.0666008194697918,-0.0661423199919783,-0.0656904028585847,-0.0652449290271049,-0.064805763061105,-0.0643727730336341,-0.06394583043226,-0.0635248100658418,-0.0631095899731328,-0.0627000513332875,-0.0622960783783256,-0.0618975583075978,-0.0615043812042768,-0.0611164399538934,-0.0607336301649232,-0.0603558500914209,-0.0599830005576958,-0.0596149848850102,-0.0592517088202825,-0.0588930804667685,-0.0585390102166918,-0.0581894106857924,-0.0578441966497575,-0.0575032849824979,-0.0571665945962318,-0.0568340463833359,-0.0565055631599229,-0.0561810696111033,-0.0558604922378905,-0.0555437593057065,-0.0552308007944446,-0.0549215483500501,-0.0546159352375726,-0.0543138962956528,-0.0540153678924,-0.0537202878826202,-0.053428595566356,-0.0531402316486982,-0.0528551382008313,-0.0525732586222749,-0.0522945376042841,-0.052018921094375,-0.0517463562619361,-0.0514767914648968,-0.0512101762174146,-0.0509464611585534,-0.050685598021917,-0.0504275396062109,-0.0501722397467003,-0.0499196532875371,-0.0496697360549264,-0.0494224448311068,-0.0491777373291174,-0.0489355721683262,-0.0486959088506956,-0.0484587077377602,-0.0482239300282951,-0.0479915377366509,-0.0477614936717349,-0.047533761416617,-0.0473083053087396,-0.0470850904207135,-0.0468640825416787,-0.0466452481592133,-0.0464285544417726,-0.0462139692216403,-0.0460014609783772,-0.0457909988227485,-0.0455825524811177,-0.0453760922802893,-0.0451715891327875,-0.0449690145225566,-0.0447683404910686,-0.0445695396238275,-0.0443725850372546,-0.0441774503659456,-0.043984109750285,-0.0437925378244092,-0.043602709704505,-0.0434146009774348,-0.0432281876896768,-0.0430434463365712,-0.0428603538518631,-0.0426788875975314,-0.042499025353897,-0.0423207453099997,-0.0421440260542369,-0.0419688465652547,-0.0417951862030854,-0.0416230247005227,-0.0414523421547264,-0.0412831190190527,-0.0411153360950998,-0.0409489745249651,-0.0407840157837046,-0.0406204416719926,-0.0404582343089713,-0.0402973761252879,-0.0401378498563117,-0.0399796385355266,-0.0398227254880945,-0.0396670943245829,-0.0395127289348534,-0.0393596134821056,-0.039207732397072,-0.0390570703723602,-0.0389076123569364,-0.0387593435507484,-0.0386122493994824,-0.0384663155894502,-0.0383215280426033,-0.0381778729116705,-0.0380353365754146,-0.0378939056340056,-0.0377535669045073,-0.0376143074164727,-0.0374761144076477,-0.0373389753197768,-0.0372028777945112,-0.037067809669414,-0.0369337589740614,-0.0368007139262362,-0.0366686629282116,-0.0365375945631232,-0.0364074975914258,-0.0362783609474332,-0.0361501737359394,-0.0360229252289178,-0.0358966048622971,-0.0357712022328115,-0.0356467070949243,-0.03552310935782,0,-0.121456854412085,-0.120337280950542,-0.119168056975511,-0.117965264224983,-0.116743675637296,-0.115513582452798,-0.114282109084929,-0.113054324931829,-0.111833932157984,-0.110623688562895,-0.109425677315646,-0.108241485437752,-0.107072325612636,-0.105919121600037,-0.104782569676364,-0.103663183948138,-0.10256133060083,-0.10147725439891,-0.100411099637723,-0.099362927027456,-0.0983327275204188,-0.0973204337851393,-0.0963259298271046,-0.0953490591197595,-0.0943896315169484,-0.0934474291541865,-0.0925222115011792,-0.0916137196955477,-0.0907216802636814,-0.0898458083163769,-0.0889858102926916,-0.0881413863141144,-0.0873122322019444,-0.0864980412031814,-0.0856985054638816,-0.0849133172835773,-0.084142170179806,-0.0833847597879011,-0.0826407846178537,-0.0819099466871804,-0.0811919520462424,-0.0804865112103222,-0.0797933395108973,-0.0791121573769452,-0.0784426905557131,-0.0777846702811737,-0.0771378333973331,-0.0765019224426404,-0.0758766857009491,-0.0752618772237883,-0.0746572568280913,-0.0740625900730056,-0.0734776482189442,-0.0729022081716353,-0.0723360524135776,-0.0717789689249982,-0.0712307510961426,-0.0706911976324893,-0.0701601124542752,-0.0696373045915377,-0.0691225880757195,-0.0686157818287441,-0.068116709550347,-0.0676251996043409,-0.0671410849043995,-0.0666642027998612,-0.0661943949619826,-0.0657315072710072,-0.0652753897043602,-0.0648258962262299,-0.0643828846787557,-0.0639462166750021,-0.0635157574938694,-0.0630913759770583,-0.0626729444281858,-0.0622603385141232,-0.0618534371686121,-0.0614521224981939,-0.0610562796904785,-0.0606657969247616,-0.0602805652849906,-0.0599004786750719,-0.0595254337365017,-0.0591553297682974,-0.0587900686492014,-0.0584295547621228,-0.0580736949207802,-0.0577223982985054,-0.0573755763591629,-0.0570331427901432,-0.0566950134373794,-0.0563611062423416,-0.0560313411809593,-0.0557056402044219,-0.0553839271818091,-0.0550661278444996,-0.05475216973231,-0.0544419821413148,-0.0541354960732971,-0.053832644186784,-0.0535333607496181,-0.0532375815930195,-0.0529452440670907,-0.0526562869977224,-0.0523706506448541,-0.0520882766620476,-0.051809108057332,-0.051533089155279,-0.051260165560269,-0.0509902841209091,-0.0507233928955672,-0.0504594411189828,-0.050198379169922,-0.0499401585398416,-0.0496847318025272,-0.0494320525846766,-0.0491820755373938,-0.0489347563085654,-0.0486900515160905,-0.0484479187219329,-0.0482083164069727,-0.0479712039466262,-0.0477365415872121,-0.0475042904230368,-0.0472744123741768,-0.0470468701649328,-0.0468216273029362,-0.0465986480588832,-0.0463778974468778,-0.0461593412053634,-0.0459429457786219,-0.0457286782988241,-0.0455165065686114,-0.0453063990441909,-0.0450983248189301,-0.0448922536074306,-0.0446881557300682,-0.0444860020979837,-0.0442857641985084,-0.0440874140810112,-0.0438909243431543,-0.0436962681175421,-0.0435034190587534,-0.043312351330742,-0.0431230395945962,-0.0429354589966431,-0.0427495851568897,-0.0425653941577872,-0.0423828625333106,-0.0422019672583425,-0.0420226857383504,-0.041844995799351,-0.0416688756781506,-0.0414943040128526,-0.0413212598336252,-0.0411497225537204,-0.0409796719607368,-0.0408110882081181,-0.0406439518068806,-0.0404782436175631,-0.0403139448423909,-0.040151037017649,-0.0399895020062575,-0.0398293219905422,-0.0396704794651965,-0.0395129572304267,-0.0393567383852769,-0.0392018063211268,-0.0390481447153585,-0.0388957375251864,-0.0387445689816448,-0.0385946235837313,-0.0384458860926975,-0.0382983415264859,-0.0381519751543072,-0.0380067724913541,-0.037862719293648,-0.0377198015530144,-0.0375780054921839,-0.0374373175600136,-0.0372977244268283,-0.0371592129798747,-0.0370217703188888,-0.0368853837517694,-0.0367500407903593,-0.0366157291463275,-0.0364824367271502,-0.0363501516321906,-0.0362188621488701,-0.0360885567489331,-0.0359592240847992,-0.0358308529860029,-0.0357034324557162,-0.0355769516673543,-0.0354513999612594,-0.0353267668414632,-0.0352030419725239,-0.0350802151764365,-0.034958276429615,-0.0348372158599431,0,-0.119639263736766,-0.118519951627804,-0.117336398290566,-0.116117911209358,-0.114882349094473,-0.113640678590616,-0.112400055917555,-0.111165397178777,-0.109940203445826,-0.108727029726821,-0.107527770335745,-0.106343841581169,-0.105176303371539,-0.104025942884099,-0.102893333922616,-0.101778880287294,-0.100682848370302,-0.0996053923045436,-0.0985465738257387,-0.0975063782748198,-0.0964847277023455,-0.0954814917380689,-0.0944964966949286,-0.0935295332489122,-0.0925803629504113,-0.0916487237637289,-0.0907343347898443,-0.0898369002974065,-0.0889561131644278,-0.088091657815878,-0.0872432127287737,-0.0864104525654062,-0.0855930499863811,-0.0847906771876838,-0.0840030071997239,-0.0832297149810137,-0.0824704783346202,-0.0817249786716779,-0.0809929016429386,-0.080273937656496,-0.0795677822973773,-0.0788741366625851,-0.0781927076233586,-0.0775232080248502,-0.07686535683206,-0.0762188792296979,-0.0755835066826269,-0.0749589769626638,-0.0743450341467513,-0.0737414285908537,-0.0731479168833583,-0.0725642617812611,-0.0719902321319877,-0.0714256027833203,-0.070870154483575,-0.0703236737738874,-0.0697859528742159,-0.0692567895644562,-0.0687359870618669,-0.0682233538958478,-0.0677187037809606,-0.067221855488961,-0.0667326327204995,-0.0662508639770504,-0.0657763824335479,-0.0653090258121313,-0.0648486362573398,-0.0643950602130403,-0.0639481483013232,-0.0635077552035592,-0.0630737395437714,-0.0626459637744476,-0.0622242940648868,-0.0618086001921517,-0.0613987554346785,-0.0609946364685731,-0.0605961232666141,-0.0602030989999621,-0.0598154499425698,-0.0594330653782728,-0.0590558375105359,-0.0586836613748214,-0.0583164347535394,-0.0579540580935377,-0.057596434426082,-0.0572434692892761,-0.0568950706528686,-0.0565511488453901,-0.0562116164835641,-0.055876388403935,-0.0555453815966525,-0.0552185151413557,-0.0548957101450967,-0.0545768896822466,-0.0542619787363248,-0.053950904143694,-0.0536435945390664,-0.0533399803027621,-0.0530399935096679,-0.0527435678798417,-0.052450638730709,-0.0521611429308026,-0.0518750188549933,-0.0515922063411639,-0.0513126466482784,-0.0510362824158012,-0.0507630576244201,-0.0504929175580307,-0.0502258087669389,-0.0499616790322412,-0.0497004773313435,-0.0494421538045771,-0.0491866597228796,-0.0489339474564996,-0.0486839704446933,-0.0484366831663784,-0.0481920411117128,-0.0479500007545662,-0.047710519525855,-0.0474735557877098,-0.0472390688084488,-0.0470070187383281,-0.0467773665860433,-0.0465500741959566,-0.0463251042260254,-0.0461024201264067,-0.0458819861187175,-0.0456637671759257,-0.0454477290028525,-0.0452338380172651,-0.0450220613315392,-0.0448123667348727,-0.0446047226760325,-0.0443990982466156,-0.0441954631648083,-0.0439937877596262,-0.0437940429556196,-0.0435962002580282,-0.043400231738371,-0.043206110020457,-0.0430138082668019,-0.0428233001654384,-0.0426345599171078,-0.0424475622228184,-0.0422622822717613,-0.0420786957295698,-0.0418967787269134,-0.0417165078484132,-0.0415378601218709,-0.0413608130077996,-0.0411853443892477,-0.0410114325619052,-0.0408390562244867,-0.0406681944693771,-0.0404988267735378,-0.04033093298966,-0.0401644933375605,-0.0399994883958114,-0.0398358990935967,-0.0396737067027881,-0.0395128928302344,-0.0393534394102565,-0.0391953286973434,-0.0390385432590414,-0.0388830659690315,-0.0387288800003896,-0.0385759688190229,-0.0384243161772783,-0.0382739061077169,-0.03812472291705,-0.0379767511802317,-0.037829975734703,-0.0376843816747844,-0.0375399543462102,-0.0373966793408029,-0.0372545424912818,-0.0371135298662022,-0.0369736277650228,-0.0368348227132952,-0.036697101457974,-0.0365604509628433,-0.0364248584040558,-0.0362903111657824,-0.0361567968359679,-0.0360243032021906,-0.0358928182476231,-0.03576233014709,-0.035632827263222,-0.0355042981427015,-0.035376731512599,-0.0352501162767962,-0.0351244415124947,-0.0349996964668072,-0.0348758705534286,-0.0347529533493867,-0.0346309345918675,-0.0345098041751152,-0.0343895521474047,-0.0342701687080831,-0.0341516442046803,0,-0.117828272122974,-0.11669253384368,-0.115485757427872,-0.114246816833509,-0.112994727555972,-0.111740190994563,-0.110489903680445,-0.10924834909157,-0.108018657659535,-0.106803073622726,-0.105603231083041,-0.104420327016244,-0.103255234543034,-0.102108579917566,-0.100980796721621,-0.0998721653185616,-0.0987828425007606,-0.0977128844144891,-0.0966622647276909,-0.0956308893201224,-0.0946186083495735,-0.0936252262802281,-0.0926505102883435,-0.0916941973491985,-0.0907560002350861,-0.0898356126032212,-0.0889327133163467,-0.0880469701123673,-0.0871780427192905,-0.0863255854961045,-0.085489249667697,-0.0846686852116816,-0.0838635424465136,-0.0830734733631534,-0.082298132736519,-0.0815371790478474,-0.0807902752447199,-0.080057089361769,-0.0793372950218809,-0.0786305718349635,-0.0779366057089868,-0.0772550890859771,-0.0765857211139022,-0.0759282077638833,-0.0752822619008794,-0.0746476033148742,-0.0740239587186386,-0.0734110617173131,-0.0728086527543379,-0.0722164790376433,-0.0716342944494791,-0.0710618594427968,-0.0704989409267024,-0.0699453121431472,-0.0694007525367265,-0.0688650476191935,-0.0683379888300701,-0.0678193733945395,-0.0673090041796358,-0.0668066895495949,-0.0663122432211061,-0.0658254841190873,-0.0653462362335121,-0.0648743284777327,-0.0644095945486657,-0.0639518727891489,-0.0635010060527169,-0.0630568415709989,-0.0626192308238985,-0.0621880294126798,-0.061763096936053,-0.0613442968693266,-0.0609314964466681,-0.0605245665464982,-0.0601233815800242,-0.0597278193829051,-0.0593377611100286,-0.0589530911333688,-0.0585736969428862,-0.0581994690504243,-0.0578303008965489,-0.057466088760275,-0.0571067316716199,-0.0567521313269166,-0.0564021920068255,-0.0560568204969724,-0.0557159260111459,-0.0553794201169845,-0.0550472166640829,-0.0547192317144478,-0.0543953834752338,-0.054075592233691,-0.0537597802942549,-0.0534478719177137,-0.0531397932623841,-0.0528354723272348,-0.0525348388968907,-0.0522378244884583,-0.0519443623001111,-0.051654387161376,-0.0513678354850643,-0.0510846452207901,-0.0508047558100242,-0.0505281081426282,-0.0502546445148205,-0.049984308588523,-0.049717045352042,-0.0494528010820358,-0.0491915233067254,-0.0489331607703039,-0.0486776633985039,-0.048424982265282,-0.04817506956058,-0.0479278785591284,-0.0476833635902517,-0.0474414800086442,-0.0472021841660799,-0.0469654333840241,-0.0467311859271172,-0.0464994009774973,-0.0462700386099348,-0.0460430597677497,-0.0458184262394842,-0.0455961006363047,-0.0453760463701084,-0.0451582276323091,-0.0449426093732792,-0.0447291572824266,-0.0445178377688814,-0.0443086179427754,-0.0441014655970915,-0.043896349190064,-0.043693237828112,-0.0434921012492866,-0.0432929098072157,-0.0430956344555276,-0.0429002467327402,-0.0427067187475979,-0.0425150231648408,-0.0423251331913951,-0.0421370225629657,-0.041950665531023,-0.041766036850166,-0.0415831117658525,-0.0414018660024838,-0.0412222757518305,-0.0410443176617906,-0.0408679688254678,-0.0406932067705593,-0.0405200094490445,-0.0403483552271634,-0.0401782228756762,-0.0400095915603952,-0.0398424408329793,-0.0396767506219845,-0.0395125012241604,-0.0393496732959864,-0.0391882478454393,-0.0390282062239846,-0.0388695301187864,-0.0387122015451271,-0.0385562028390304,-0.0384015166500839,-0.0382481259344511,-0.0380960139480712,-0.0379451642400375,-0.0377955606461513,-0.0376471872826443,-0.0375000285400662,-0.0373540690773303,-0.0372092938159149,-0.0370656879342133,-0.0369232368620302,-0.0367819262752182,-0.036641742090452,-0.0365026704601353,-0.0363646977674359,-0.0362278106214473,-0.0360919958524707,-0.0359572405074155,-0.0358235318453144,-0.0356908573329496,-0.0355592046405878,-0.0354285616378188,-0.0352989163894975,-0.0351702571517847,-0.0350425723682835,-0.03491585066627,-0.0347900808530152,-0.0346652519121944,-0.0345413530003834,-0.0344183734436379,-0.0342963027341546,-0.0341751305270105,-0.0340548466369796,-0.033935441035425,-0.033816903847262,-0.033699225347994,-0.0335823959608155,-0.033466406253783,0,-0.116019583843762,-0.114848881803252,-0.113610995266284,-0.112347943405829,-0.111077652787903,-0.109809637892774,-0.108549693422053,-0.107301630742022,-0.106068069022533,-0.10485085453463,-0.103651304834778,-0.102470359909447,-0.101308680164508,-0.100166712625768,-0.0990447374696906,-0.097942901997685,-0.0968612463284795,-0.0957997234296629,-0.0947582151306002,-0.0937365451723036,-0.0927344899940795,-0.0917517877378604,-0.0907881458138177,-0.0898432472824925,-0.0889167562499618,-0.0880083224320211,-0.0871175850142094,-0.0862441759126629,-0.085387722523816,-0.0845478500373851,-0.0837241833759359,-0.0829163488150652,-0.0821239753304127,-0.0813466957110833,-0.0805841474734115,-0.0798359736041587,-0.0791018231581014,-0.0783813517314186,-0.0776742218292501,-0.0769801031431919,-0.0762986727522625,-0.0756296152589578,-0.074972622870374,-0.074327395432965,-0.0736936404282962,-0.0730710729361176,-0.0724594155701865,-0.0718583983915071,-0.0712677588029929,-0.070687241428991,-0.0701165979826209,-0.0695555871234572,-0.0690039743077243,-0.0684615316328572,-0.0679280376780117,-0.0674032773418753,-0.0668870416789269,-0.0663791277351179,-0.0658793383838,-0.0653874821625907,-0.064903373111756,-0.0644268306145944,-0.063957679240218,-0.0634957485890566,-0.0630408731413491,-0.062592892108826,-0.0621516492897493,-0.0617169929274277,-0.0612887755722957,-0.0608668539476135,-0.0604510888188201,-0.0600413448665499,-0.0596374905633062,-0.0592393980537676,-0.058846943038693,-0.058460004662377,-0.0580784654036018,-0.0577022109700217,-0.057331130195913,-0.0569651149432134,-0.0566040600057775,-0.0562478630167656,-0.0558964243590851,-0.0555496470788032,-0.0552074368014441,-0.05486970165109,-0.0545363521721997,-0.0542073012540637,-0.0538824640578115,-0.0535617579458919,-0.0532451024139454,-0.0529324190249893,-0.052623631345841,-0.0523186648857027,-0.0520174470368344,-0.051719907017244,-0.0514259758153255,-0.0511355861363765,-0.0508486723509306,-0.0505651704448399,-0.0502850179710471,-0.0500081540029861,-0.0497345190895545,-0.049464055211601,-0.0491967057398742,-0.0489324153943808,-0.0486711302051012,-0.0484127974740161,-0.0481573657383953,-0.0479047847353038,-0.0476550053672816,-0.0474079796691554,-0.0471636607759408,-0.0469220028917962,-0.0466829612599908,-0.04644649213385,-0.0462125527486442,-0.0459811012943852,-0.0457520968895005,-0.0455254995553518,-0.0453012701915693,-0.0450793705521719,-0.0448597632224457,-0.0446424115965543,-0.0444272798558544,-0.0442143329478929,-0.0440035365660599,-0.043794857129877,-0.0435882617658957,-0.0433837182891882,-0.0431811951854061,-0.0429806615933906,-0.0427820872883136,-0.0425854426653316,-0.0423906987237342,-0.042197827051572,-0.0420067998107458,-0.0418175897225415,-0.0416301700535975,-0.0414445146022873,-0.041260597685505,-0.0410783941258398,-0.0408978792391267,-0.0407190288223601,-0.0405418191419586,-0.0403662269223703,-0.0401922293350057,-0.0400198039874886,-0.039848928913214,-0.0396795825612037,-0.0395117437862492,-0.0393453918393318,-0.0391805063583141,-0.0390170673588896,-0.0388550552257861,-0.038694450704213,-0.038535234891544,-0.0383773892292298,-0.038220895494932,-0.038065735794871,-0.0379118925563831,-0.037759348520678,-0.0376080867357914,-0.0374580905497274,-0.0373093436037839,-0.0371618298260546,-0.0370155334251051,-0.036870438883814,-0.0367265309533769,-0.0365837946474668,-0.0364422152365471,-0.036301778242332,-0.0361624694323896,-0.0360242748148849,-0.0358871806334563,-0.0357511733622241,-0.035616239700925,-0.0354823665701701,-0.0353495411068227,-0.0352177506594917,-0.0350869827841379,-0.0349572252397897,-0.0348284659843655,-0.0347006931705986,-0.0345738951420625,-0.0344480604292943,-0.0343231777460121,-0.0341992359854239,-0.0340762242166275,-0.0339541316810951,-0.0338329477892442,-0.0337126621170892,-0.0335932644029739,-0.0334747445443803,-0.0333570925948145,-0.0332402987607641,-0.0331243533987281,-0.0330092470123163,-0.0328949702494159,-0.032781513899423,0,-0.114204305919436,-0.112981380829147,-0.111706466894531,-0.110417097245428,-0.109127955034876,-0.107846590384128,-0.10657754784946,-0.105323785465001,-0.104087308011535,-0.102869501648809,-0.101671328284927,-0.10049344537967,-0.0993362833885111,-0.0982000981539428,-0.0970850079906972,-0.0959910210981886,-0.0949180566173639,-0.0938659613229484,-0.0928345231755183,-0.0918234825112585,-0.0908325413843867,-0.0898613714199473,-0.0889096204381711,-0.0879769180502054,-0.0870628803840765,-0.0861671140709369,-0.085289219600226,-0.0844287941356614,-0.0835854338704319,-0.0827587359886852,-0.0819483002908618,-0.0811537305322573,-0.0803746355171883,-0.0796106299850946,-0.0788613353197155,-0.0781263801080032,-0.0774054005715964,-0.0766980408903766,-0.0760039534348025,-0.0753227989212978,-0.0746542465028937,-0.0739979738055556,-0.0733536669191059,-0.0727210203503606,-0.0720997369449862,-0.0714895277836351,-0.0708901120571077,-0.0703012169245917,-0.0697225773584343,-0.0691539359783939,-0.0685950428778771,-0.0680456554442942,-0.0675055381753408,-0.0669744624927388,-0.0664522065547282,-0.0659385550684011,-0.0654332991027877,-0.0649362359034582,-0.0644471687092696,-0.0639659065717776,-0.0634922641777364,-0.0630260616750264,-0.06256712450228,-0.0621152832224131,-0.0616703733602216,-0.0612322352441519,-0.060800713852323,-0.0603756586628417,-0.0599569235084255,-0.0595443664353262,-0.0591378495665269,-0.0587372389691693,-0.0583424045261544,-0.0579532198118483,-0.057569561971819,-0.0571913116065168,-0.0568183526588122,-0.0564505723052949,-0.0560878608512392,-0.0557301116291348,-0.0553772209006829,-0.0550290877621575,-0.0546856140530276,-0.0543467042677431,-0.0540122654705804,-0.0536822072134515,-0.053356441456577,-0.0530348824919294,-0.0527174468693498,-0.0524040533252495,-0.0520946227138039,-0.0517890779405528,-0.051487343898323,-0.0511893474053874,-0.0508950171457847,-0.0506042836117176,-0.0503170790479577,-0.0500333373981826,-0.049752994253174,-0.0494759868008103,-0.0492022537777871,-0.0489317354230017,-0.0486643734325406,-0.0484001109162119,-0.0481388923555634,-0.0478806635633334,-0.047625371644281,-0.0473729649573441,-0.0471233930790761,-0.0468766067683163,-0.0466325579320448,-0.0463911995923811,-0.0461524858546838,-0.0459163718767099,-0.0456828138387957,-0.0454517689150217,-0.0452231952453252,-0.0449970519085266,-0.0447732988962354,-0.0445518970876046,-0.044332808224902,-0.04411599488987,-0.0439014204808435,-0.0436890491906012,-0.0434788459849214,-0.0432707765818191,-0.0430648074314389,-0.0428609056965808,-0.042659039233836,-0.0424591765753122,-0.0422612869109265,-0.0420653400712457,-0.0418713065108571,-0.0416791572922477,-0.0414888640701776,-0.0413003990765278,-0.041113735105608,-0.0409288454999066,-0.0407457041362702,-0.0405642854124948,-0.0403845642343178,-0.0402065160027947,-0.0400301166020492,-0.0398553423873828,-0.0396821701737332,-0.039510577224468,-0.039340541240505,-0.0391720403497453,-0.0390050530968115,-0.0388395584330793,-0.0386755357069935,-0.038512964654659,-0.0383518253906977,-0.038192098399363,-0.0380337645259028,-0.0378768049681645,-0.037721201268432,-0.0375669353054894,-0.0374139892869038,-0.0372623457415179,-0.0371119875121495,-0.0369628977484889,-0.0368150599001883,-0.0366684577101377,-0.0365230752079217,-0.0363788967034503,-0.0362359067807605,-0.0360940902919809,-0.0359534323514564,-0.0358139183300274,-0.0356755338494572,-0.0355382647770074,-0.035402097220151,-0.0352670175214246,-0.0351330122534111,-0.0350000682138526,-0.0348681724208867,-0.0347373121084048,-0.0346074747215272,-0.0344786479121926,-0.0343508195348581,-0.0342239776423066,-0.0340981104815591,-0.0339732064898872,-0.0338492542909256,-0.0337262426908784,-0.0336041606748197,-0.0334829974030839,-0.0333627422077434,-0.0332433845891719,-0.0331249142126902,-0.0330073209052928,-0.0328905946524523,-0.0327747255950004,-0.0326597040260823,-0.0325455203881833,-0.0324321652702252,-0.0323196294047309,-0.0322079036650552,-0.0320969790626793,0,-0.112369114586457,-0.11108143270976,-0.109766343012331,-0.108450130622537,-0.107142584394976,-0.105848761242335,-0.10457173321271,-0.103313494032561,-0.10207537352059,-0.100858262872393,-0.0996627474404597,-0.0984891891105799,-0.0973377799409453,-0.0962085789648192,-0.0951015388406509,-0.094016526136201,-0.0929533374101194,-0.0919117123471321,-0.0908913446982914,-0.0898918914977269,-0.0889129808713115,-0.0879542186641903,-0.0870151940620247,-0.0860954843481047,-0.085194658916133,-0.0843122826417508,-0.0834479187023531,-0.0826011309232385,-0.081771485718075,-0.0809585536827549,-0.0801619108938119,-0.0793811399555861,-0.0786158308341785,-0.0778655815108537,-0.0771299984828718,-0.0764086971356744,-0.0757013020068502,-0.0750074469593003,-0.0743267752784436,-0.073658939706097,-0.0730036024217789,-0.0723604349805774,-0.0717291182153524,-0.071109342109871,-0.070500805648481,-0.0699032166470757,-0.069316291569381,-0.0687397553319774,-0.0681733411009441,-0.0676167900825608,-0.0670698513101218,-0.066532281428586,-0.0660038444785099,-0.0654843116804682,-0.0649734612209643,-0.0644710780406563,-0.0639769536255768,-0.063490885801895,-0.0630126785346616,-0.0625421417308847,-0.0620790910472043,-0.0616233477023661,-0.0611747382946386,-0.0607330946242675,-0.0602982535210225,-0.0598700566768541,-0.059448350483652,-0.0590329858760709,-0.0586238181793673,-0.0582207069621806,-0.05782351589417,-0.0574321126084152,-0.0570463685684742,-0.0566661589399904,-0.0562913624667308,-0.055921861350938,-0.0555575411378721,-0.0551982906044209,-0.0548440016516531,-0.0544945692011921,-0.0541498910952861,-0.0538098680004529,-0.0534744033145805,-0.0531434030773632,-0.05281677588396,-0.0524944328017594,-0.0521762872901423,-0.0518622551231336,-0.0515522543148388,-0.0512462050475633,-0.0509440296025155,-0.050645652292998,-0.0503509993999958,-0.0500599991100689,-0.0497725814554657,-0.0494886782563717,-0.0492082230652138,-0.0489311511129424,-0.0486573992572156,-0.0483869059324144,-0.0481196111014178,-0.0478554562090729,-0.0475943841372935,-0.0473363391617274,-0.04708126690993,-0.0468291143209901,-0.0465798296065503,-0.0463333622131707,-0.0460896627859833,-0.045848683133591,-0.0456103761941609,-0.0453746960026691,-0.0451415976592538,-0.0449110372986328,-0.0446829720605489,-0.0444573600612008,-0.0442341603656272,-0.0440133329610041,-0.0437948387308254,-0.0435786394299308,-0.0433646976603528,-0.0431529768479496,-0.0429434412197977,-0.042736055782315,-0.0425307863000874,-0.0423275992753752,-0.0421264619282727,-0.0419273421774978,-0.0417302086217907,-0.0415350305218967,-0.0413417777831157,-0.041150420938395,-0.040960931131949,-0.0407732801033845,-0.0405874401723162,-0.0404033842234533,-0.040221085692142,-0.040040518550347,-0.039861657293058,-0.039684476925105,-0.0395089529483695,-0.0393350613493776,-0.039162778587262,-0.0389920815820796,-0.0388229477034749,-0.0386553547596736,-0.0384892809868003,-0.038324705038504,-0.0381616059758864,-0.0379999632577184,-0.0378397567309385,-0.0376809666214219,-0.0375235735250124,-0.0373675583988079,-0.0372129025526916,-0.0370595876411003,-0.036907595655024,-0.0367569089142262,-0.0366075100596805,-0.036459382046216,-0.0363125081353636,-0.0361668718883984,-0.0360224571595714,-0.0358792480895241,-0.0357372290988806,-0.0355963848820127,-0.0354567004009704,-0.0353181608795746,-0.0351807517976665,-0.0350444588855083,-0.0349092681183312,-0.034775165711026,-0.0346421381129723,-0.0345101720030011,-0.034379254284488,-0.0342493720805729,-0.034120512729501,-0.0339926637800842,-0.0338658129872759,-0.0337399483078592,-0.0336150578962429,-0.033491130100363,-0.0333681534576871,-0.0332461166913167,-0.0331250087061879,-0.0330048185853642,-0.0328855355864213,-0.0327671491379199,-0.0326496488359645,-0.0325330244408454,-0.0324172658737625,-0.032302363213627,-0.0321883066939404,-0.032075086699748,-0.031962693764664,-0.031851118567968,-0.0317403519317695,-0.0316303848182391,-0.0315212083269039,-0.0314128136920068,0,-0.110497814708372,-0.109140136523826,-0.107784964203891,-0.10644314377753,-0.105118735850098,-0.103814086824456,-0.102530715112817,-0.101269613811219,-0.100031420993238,-0.0988165254491457,-0.097625132982645,-0.0964573089542738,-0.0953130069808794,-0.094192089656602,-0.0930943445805862,-0.0920194974572207,-0.0909672231935819,-0.0899371554776161,-0.0889288951014828,-0.0879420171920383,-0.086976077465724,-0.0860306176067544,-0.0851051698597105,-0.0841992609230535,-0.083312415225643,-0.0824441576631118,-0.0815940158648962,-0.0807615220561227,-0.0799462145717816,-0.0791476390739703,-0.0783653495166859,-0.0775989088968261,-0.0768478898247904,-0.0761118749433804,-0.0753904572195633,-0.0746832401300646,-0.07398983775863,-0.073309874820117,-0.0726429866242673,-0.0719888189900511,-0.0713470281197917,-0.0707172804408536,-0.0700992524214673,-0.0694926303662296,-0.0688971101959473,-0.0683123972157491,-0.0677382058747609,-0.0671742595201057,-0.0666202901475345,-0.0660760381506117,-0.0655412520700489,-0.0650156883445048,-0.0644991110639326,-0.0639912917263561,-0.0634920089987848,-0.0630010484828363,-0.0625182024855083,-0.062043269795443,-0.061576055464936,-0.0611163705978692,-0.060664032143685,-0.0602188626974657,-0.0597806903061396,-0.0593493482807978,-0.0589246750150751,-0.0585065138095259,-0.0580947127019011,-0.0576891243032202,-0.057289605639518,-0.0568960179991319,-0.0565082267853944,-0.0561261013745831,-0.0557495149789805,-0.055378344514892,-0.0550124704754681,-0.0546517768081793,-0.0542961507967901,-0.0539454829476804,-0.0535996668803662,-0.0532585992220715,-0.0529221795062072,-0.0525903100746178,-0.0522628959834555,-0.0519398449125499,-0.0516210670781417,-0.0513064751488544,-0.0509959841647814,-0.0506895114595689,-0.050386976585381,-0.050088301240635,-0.0497934092004001,-0.049502226249356,-0.0492146801172125,-0.0489307004164931,-0.0486502185825907,-0.0483731678160064,-0.0480994830266867,-0.0478291007803754,-0.0475619592469023,-0.0472979981503329,-0.0470371587209047,-0.046779383648683,-0.0465246170388652,-0.0462728043686725,-0.0460238924457655,-0.0457778293681236,-0.0455345644853335,-0.0452940483612293,-0.0450562327378346,-0.0448210705005536,-0.044588515644565,-0.0443585232423719,-0.0441310494124617,-0.0439060512890369,-0.0436834869927721,-0.0434633156025605,-0.043245497128212,-0.0430299924840662,-0.0428167634634865,-0.0426057727142008,-0.0423969837144595,-0.0421903607499778,-0.0419858688916344,-0.0417834739738981,-0.0415831425739556,-0.0413848419915144,-0.0411885402292564,-0.0409942059739176,-0.0408018085779726,-0.0406113180418993,-0.0404227049970063,-0.0402359406887994,-0.0400509969608701,-0.0398678462392861,-0.0396864615174671,-0.039506816341527,-0.0393288847960679,-0.0391526414904088,-0.0389780615452335,-0.0388051205796449,-0.0386337946986088,-0.0384640604807757,-0.0382958949666678,-0.0381292756472164,-0.0379641804526402,-0.0378005877416517,-0.0376384762909802,-0.0374778252852015,-0.0373186143068641,-0.0371608233269002,-0.0370044326953148,-0.0368494231321414,-0.036695775718656,-0.0365434718888413,-0.0363924934210931,-0.0362428224301595,-0.0360944413593079,-0.0359473329727089,-0.0358014803480339,-0.0356568668692564,-0.0355134762196525,-0.0353712923749929,-0.0352302995969214,-0.0350904824265134,-0.0349518256780082,-0.0348143144327113,-0.0346779340330596,-0.0345426700768453,-0.0344085084115939,-0.0342754351290904,-0.0341434365600504,-0.0340124992689308,-0.0338826100488767,-0.0337537559167986,-0.0336259241085787,-0.0334991020743999,-0.0333732774741948,-0.0332484381732117,-0.0331245722376932,-0.0330016679306642,-0.0328797137078267,-0.0327586982135574,-0.032638610277006,-0.0325194389082902,-0.032401173294786,-0.0322838027975086,-0.0321673169475836,-0.0320517054428038,-0.0319369581442707,-0.0318230650731172,-0.0317100164073099,-0.0315978024785286,-0.0314864137691207,-0.0313758409091281,-0.0312660746733851,-0.0311571059786859,-0.0310489258810177,-0.0309415255728597,-0.0308348963805456,-0.030729029761687,0,-0.108573623907254,-0.107149067103091,-0.105757189471263,-0.104392670392356,-0.103053959900694,-0.101740797797474,-0.100453205802882,-0.0991912114669382,-0.0979547856507846,-0.0967438328309158,-0.0955581927505545,-0.0943976443051715,-0.0932619102168814,-0.0921506624044464,-0.0910635279520076,-0.090000095439609,-0.088959921346808,-0.0879425362679712,-0.086947450742135,-0.0859741605710832,-0.085022151561066,-0.0840909036709583,-0.0831798945826084,-0.082288602729931,-0.0814165098347977,-0.0805631030026631,-0.0797278764313206,-0.0789103327838689,-0.0781099842730939,-0.0773263534998405,-0.0765589740831003,-0.0758073911148197,-0.0750711614680085,-0.0743498539827204,-0.0736430495509008,-0.0729503411179627,-0.0722713336162292,-0.0716056438430375,-0.0709529002942871,-0.0703127429625095,-0.0696848231070747,-0.0690688030029235,-0.0684643556731647,-0.0678711646099985,-0.0672889234876797,-0.0667173358706049,-0.0661561149190784,-0.0656049830948623,-0.0650636718682375,-0.0645319214279853,-0.0640094803954281,-0.0634961055434433,-0.062991561521171,-0.0624956205849771,-0.0620080623360982,-0.061528673465279,-0.0610572475046214,-0.0605935845867807,-0.0601374912115812,-0.0596887800200677,-0.0592472695759615,-0.0588127841544567,-0.058385153538257,-0.0579642128207318,-0.0575498022160502,-0.057141766876135,-0.056739956714267,-0.0563442262351628,-0.0559544343713403,-0.0555704443255834,-0.0551921234193162,-0.0548193429466918,-0.0544519780342077,-0.0540899075056541,-0.0537330137522096,-0.0533811826074981,-0.0530343032274261,-0.0526922679746219,-0.0523549723073047,-0.052022314672414,-0.0516941964028364,-0.0513705216185699,-0.0510511971316729,-0.0507361323548475,-0.0504252392135158,-0.0501184320612468,-0.0498156275984039,-0.0495167447938816,-0.0492217048098075,-0.0489304309290912,-0.0486428484857048,-0.0483588847975841,-0.0480784691020458,-0.0478015324936175,-0.0475280078641837,-0.0472578298453548,-0.0469909347529669,-0.0467272605336293,-0.0464667467132348,-0.0462093343473543,-0.0459549659734402,-0.0457035855647656,-0.0454551384860296,-0.0452095714505618,-0.0449668324790625,-0.0447268708598173,-0.0444896371103271,-0.0442550829402972,-0.0440231612159328,-0.0437938259254882,-0.0435670321460204,-0.0433427360113009,-0.0431208946808392,-0.0429014663099753,-0.0426844100209996,-0.0424696858752601,-0.0422572548462193,-0.0420470787934235,-0.0418391204373505,-0.0416333433351013,-0.0414297118569042,-0.0412281911634,-0.0410287471836798,-0.0408313465940449,-0.0406359567974654,-0.040442545903707,-0.0402510827101049,-0.0400615366829586,-0.0398738779395252,-0.03968807723059,-0.039504105923592,-0.0393219359862849,-0.0391415399709142,-0.0389628909988911,-0.0387859627459457,-0.0386107294277426,-0.0384371657859418,-0.0382652470746894,-0.0380949490475229,-0.037926247944676,-0.0377591204807701,-0.037593543832877,-0.0374294956289417,-0.0372669539365521,-0.0371058972520437,-0.0369463044899269,-0.0367881549726276,-0.0366314284205291,-0.0364761049423054,-0.0363221650255363,-0.0361695895275943,-0.0360183596667946,-0.0358684570137996,-0.0357198634832687,-0.0355725613257462,-0.0354265331197787,-0.0352817617642547,-0.0351382304709595,-0.0349959227573379,-0.0348548224394581,-0.0347149136251708,-0.0345761807074566,-0.034438608357955,-0.0343021815206722,-0.0341668854058575,-0.0340327054840474,-0.033899627480269,-0.0337676373683994,-0.0336367213656754,-0.033506865927349,-0.0333780577414853,-0.0332502837238958,-0.0331235310132063,-0.0329977869660525,-0.0328730391524005,-0.0327492753509894,-0.0326264835448898,-0.0325046519171782,-0.03238376884672,-0.0322638229040608,-0.0321448028474218,-0.0320266976187957,-0.0319094963401413,-0.031793188309672,-0.0316777629982385,-0.0315632100457995,-0.0314495192579803,-0.0313366806027164,-0.031224684206978,-0.0311135203535757,-0.0310031794780428,-0.0308936521655935,-0.0307849291481537,-0.0306770013014638,-0.03056985964225,-0.0304634953254633,-0.0303578996415829,-0.0302530640139852,-0.030148979996372,-0.0300456392702611,0,-0.106581716638951,-0.105101023267825,-0.103678699217468,-0.102295831505216,-0.100946252077396,-0.0996274752902171,-0.0983382011507036,-0.0970775881904977,-0.0958450002272466,-0.0946398974612134,-0.0934617811439424,-0.0923101631229911,-0.091184549206659,-0.090084430980741,-0.0890092829274426,-0.0879585627979543,-0.0869317138617194,-0.0859281681123956,-0.0849473498322343,-0.0839886791422405,-0.0830515753206101,-0.0821354597757428,-0.0812397586273015,-0.0803639048904795,-0.0795073402830166,-0.0786695166874571,-0.0778498973067616,-0.0770479575524907,-0.076263185703237,-0.075495083368027,-0.0747431657858216,-0.0740069619884928,-0.0732860148510198,-0.0725798810492882,-0.0718881309428493,-0.0712103483973325,-0.0705461305588854,-0.0698950875910213,-0.0692568423825534,-0.0686310302338424,-0.0680172985273675,-0.0674153063875906,-0.0668247243342209,-0.0662452339322535,-0.0656765274415424,-0.0651183074681582,-0.064570286619345,-0.064032187163536,-0.063503740696581,-0.0629846878150903,-0.0624747777975879,-0.0619737682939902,-0.0614814250237816,-0.0609975214831374,-0.0605218386611415,-0.0600541647651653,-0.0595942949554049,-0.0591420310885184,-0.0586971814702589,-0.0582595606169618,-0.0578289890257185,-0.0574052929530415,-0.0569883042018116,-0.0565778599162848,-0.056173802384923,-0.0557759788508121,-0.0553842413294221,-0.0549984464334662,-0.054618455204613,-0.0542441329518094,-0.0538753490959739,-0.0535119770208252,-0.0531538939296118,-0.0528009807075196,-0.0524531217895334,-0.0521102050335407,-0.0517721215984667,-0.0514387658272405,-0.0511100351343967,-0.0507858298981231,-0.0504660533565737,-0.0501506115082705,-0.0498394130164258,-0.0495323691170227,-0.049229393530497,-0.0489304023768712,-0.048635314094196,-0.0483440493601617,-0.0480565310167467,-0.0477726839977755,-0.0474924352592662,-0.0472157137124484,-0.0469424501593426,-0.0466725772307914,-0.046406029326843,-0.046142742559386,-0.0458826546969451,-0.0456257051115447,-0.0453718347275577,-0.0451209859724551,-0.044873102729379,-0.0446281302914644,-0.0443860153178363,-0.0441467057912158,-0.0439101509770675,-0.0436763013842262,-0.0434451087269438,-0.0432165258882969,-0.0429905068849018,-0.0427670068328845,-0.0425459819150537,-0.0423273893492308,-0.0421111873576895,-0.0418973351376616,-0.041685792832867,-0.0414765215060269,-0.0412694831123227,-0.0410646404737626,-0.0408619572544215,-0.0406613979365199,-0.0404629277973097,-0.0402665128867349,-0.0400721200058396,-0.0398797166858926,-0.0396892711682026,-0.039500752384598,-0.0393141299385457,-0.0391293740868848,-0.0389464557221533,-0.0387653463554849,-0.0385860181000545,-0.0384084436550533,-0.0382325962901732,-0.0380584498305821,-0.0378859786423722,-0.0377151576184642,-0.0375459621649515,-0.0373783681878671,-0.0372123520803604,-0.0370478907102668,-0.036884961408058,-0.0367235419551586,-0.0365636105726175,-0.0364051459101185,-0.0362481270353232,-0.0360925334235299,-0.0359383449476399,-0.035785541868422,-0.0356341048250609,-0.0354840148259845,-0.035335253239957,-0.0351878017874309,-0.035041642532149,-0.0348967578729861,-0.0347531305360262,-0.0346107435668628,-0.034469580323119,-0.0343296244671772,-0.034190859959114,-0.034053271049831,-0.0339168422743778,-0.033781558445459,-0.0336474046471196,-0.033514366228605,-0.0333824287983869,-0.0332515782183523,-0.0331218005981494,-0.0329930822896857,-0.0328654098817734,-0.0327387701949178,-0.032613150276244,-0.0324885373945572,-0.032364919035534,-0.0322422828970385,-0.0321206168845612,-0.0319999091067764,-0.0318801478712139,-0.0317613216800425,-0.0316434192259612,-0.0315264293881957,-0.0314103412285958,-0.0312951439878322,-0.0311808270816887,-0.0310673800974472,-0.030954792790363,-0.0308430550802281,-0.0307321570480189,-0.0306220889326269,-0.0305128411276694,-0.0304044041783783,-0.030296768778564,-0.030189925767654,-0.0300838661278017,-0.0299785809810651,-0.0298740615866535,-0.0297702993382389,-0.0296672857613317,-0.0295650125107182,-0.0294634713679587,-0.0293626542389436,0,-0.104510992654312,-0.102990616652237,-0.101546218874279,-0.100150446463085,-0.0987941165735971,-0.0974730902185097,-0.0961850061337919,-0.0949282968687348,-0.0937018069221831,-0.0925046093312071,-0.091335905383135,-0.0901949665817067,-0.0890811008361388,-0.0879936333591473,-0.0869318966446026,-0.0858952259958125,-0.0848829583456553,-0.0838944329238172,-0.082928992859865,-0.0819859871615056,-0.0810647727360225,-0.0801647162698622,-0.0792851958739376,-0.0784256024589677,-0.0775853408386103,-0.0767638305766715,-0.0759605066038571,-0.0751748196330175,-0.0744062364019952,-0.0736542397714941,-0.0729183287028082,-0.0721980181373228,-0.0714928387967713,-0.0708023369204736,-0.0701260739532841,-0.0694636261957736,-0.0688145844262494,-0.0681785535025828,-0.0675551519504104,-0.0669440115431024,-0.0663447768778982,-0.0657571049517804,-0.0651806647399689,-0.0646151367793367,-0.0640602127585729,-0.063515595116519,-0.0629809966497744,-0.0624561401303961,-0.0619407579342904,-0.0614345916807085,-0.0609373918831081,-0.060448917611513,-0.0599689361664067,-0.0594972227641064,-0.0590335602335033,-0.0585777387239967,-0.0581295554244107,-0.057688814292646,-0.0572553257957976,-0.056828906660447,-0.0564093796328276,-0.05599657324855,-0.0555903216115698,-0.0551904641820806,-0.054796845573011,-0.05440931535481,-0.0540277278682085,-0.053651942044649,-0.0532818212340835,-0.0529172330398452,-0.0525580491603087,-0.0522041452370616,-0.0518554007093172,-0.0515116986743107,-0.0511729257534253,-0.0508389719638077,-0.0505097305952397,-0.0501850980920407,-0.0498649739397862,-0.049549260556636,-0.0492378631890714,-0.0489306898118535,-0.0486276510320184,-0.0483286599967345,-0.0480336323048561,-0.0477424859220112,-0.0474551410990718,-0.0471715202938596,-0.0468915480959476,-0.046615151154422,-0.0463422581084801,-0.0460727995207379,-0.0458067078131338,-0.0455439172053154,-0.045284363655403,-0.0450279848030293,-0.0447747199145565,-0.04452450983038,-0.0442772969142284,-0.0440330250043763,-0.0437916393666897,-0.0435530866494253,-0.043317314839712,-0.0430842732216432,-0.0428539123359129,-0.0426261839409322,-0.0424010409753641,-0.0421784375220193,-0.0419583287730559,-0.0417406709964306,-0.0415254215035499,-0.0413125386180734,-0.0411019816458214,-0.0408937108457435,-0.0406876874019049,-0.0404838733964511,-0.0402822317835096,-0.0400827263639943,-0.0398853217612751,-0.0396899833976797,-0.039496677471795,-0.039305370936536,-0.0391160314779543,-0.0389286274947554,-0.0387431280785003,-0.0385595029944622,-0.0383777226631158,-0.0381977581422343,-0.038019581109571,-0.0378431638461035,-0.0376684792198201,-0.0374955006700278,-0.0373242021921626,-0.0371545583230831,-0.0369865441268308,-0.036820135180839,-0.0366553075625743,-0.0364920378365954,-0.0363303030420134,-0.03617008068034,-0.0360113487037091,-0.0358540855034589,-0.0356982698990617,-0.0355438811273886,-0.0353908988322987,-0.0352393030545395,-0.0350890742219499,-0.034940193139953,-0.0347926409823309,-0.0346463992822705,-0.034501449923671,-0.0343577751327052,-0.0342153574696252,-0.0340741798208044,-0.0339342253910076,-0.033795477695883,-0.0336579205546666,-0.0335215380830937,-0.0333863146865096,-0.0332522350531736,-0.0331192841477502,-0.0329874472049805,-0.0328567097235282,-0.0327270574599962,-0.032598476423105,-0.0324709528680321,-0.0323444732909028,-0.0322190244234311,-0.0320945932277039,-0.0319711668911052,-0.0318487328213754,-0.0317272786418008,-0.0316067921865316,-0.0314872614960207,-0.0313686748125843,-0.0312510205760758,-0.0311342874196731,-0.0310184641657743,-0.0309035398219984,-0.030789503577289,-0.0306763447981165,-0.0305640530247767,-0.0304526179677834,-0.0303420295043506,-0.0302322776749631,-0.0301233526800333,-0.0300152448766397,-0.0299079447753462,-0.0298014430371003,-0.0296957304702064,-0.0295907980273732,-0.0294866368028326,-0.0293832380295289,-0.0292805930763743,-0.0291786934455713,-0.0290775307699986,-0.0289770968106593,-0.0288773834541887,-0.0287783827104222,-0.0286800867100189,0,-0.102355103196251,-0.100814605296271,-0.0993576415500353,-0.097955094530612,-0.0965966016102152,-0.0952770248008892,-0.0939932484834274,-0.0927431510910967,-0.091525163582051,-0.0903380403665382,-0.0891807286971276,-0.0880522914129757,-0.0869518610378739,-0.0858786129523981,-0.0848317502649669,-0.0838104958008364,-0.082814088332524,-0.0818417812493333,-0.0808928425488373,-0.0799665554705471,-0.0790622193695558,-0.0781791506022197,-0.0773166833036895,-0.0764741700023097,-0.0756509820541532,-0.074846509902349,-0.0740601631768786,-0.0732913706553045,-0.072539580106056,-0.071804258035065,-0.071084889354703,-0.0703809769917232,-0.0696920414485856,-0.0690176203303411,-0.0683572678472437,-0.0677105543014989,-0.067077065565035,-0.0664564025538859,-0.0658481807036861,-0.0652520294498651,-0.0646675917153717,-0.0640945234081312,-0.0635324929299226,-0.0629811806979383,-0.0624402786799432,-0.0619094899436631,-0.0613885282208063,-0.0608771174859309,-0.0603749915502228,-0.0598818936701262,-0.0593975761706737,-0.0589218000832843,-0.0584543347977421,-0.0579949577280195,-0.0575434539915752,-0.0570996161017338,-0.0566632436727357,-0.0562341431370334,-0.0558121274744075,-0.0553970159524722,-0.0549886338781416,-0.0545868123596336,-0.0541913880785939,-0.0538022030719319,-0.0534191045229692,-0.0530419445615112,-0.0526705800724669,-0.0523048725126495,-0.0519446877354059,-0.0515898958227356,-0.0512403709245692,-0.050895991104892,-0.0505566381944108,-0.0502221976494704,-0.0498925584169441,-0.0495676128048285,-0.0492472563582878,-0.0489313877409038,-0.0486199086208956,-0.0483127235620874,-0.0480097399194093,-0.0477108677387284,-0.047416019660814,-0.0471251108292523,-0.0468380588021331,-0.0465547834673384,-0.046275206961273,-0.0459992535908824,-0.0457268497588118,-0.0454579238915655,-0.0451924063705355,-0.04493022946577,-0.0446713272723615,-0.0444156356493405,-0.0441630921609625,-0.0439136360202851,-0.0436672080349348,-0.0434237505549684,-0.0431832074227378,-0.0429455239246724,-0.0427106467448953,-0.0424785239205968,-0.042249104799088,-0.0420223399964639,-0.0417981813578082,-0.0415765819188736,-0.0413574958691775,-0.0411408785164513,-0.0409266862523888,-0.040714876519639,-0.0405054077799924,-0.0402982394837104,-0.0400933320399527,-0.0398906467882562,-0.0396901459710244,-0.0394917927069844,-0.0392955509655745,-0.0391013855422242,-0.0389092620344901,-0.038719146819016,-0.0385310070292822,-0.0383448105341142,-0.0381605259169211,-0.0379781224556349,-0.037797570103323,-0.0376188394694493,-0.0374419018017572,-0.0372667289687525,-0.0370932934427615,-0.0369215682835443,-0.0367515271224406,-0.0365831441470295,-0.0364163940862832,-0.0362512521961966,-0.0360876942458743,-0.0359256965040602,-0.035765235726091,-0.0356062891412595,-0.0354488344405727,-0.0352928497648905,-0.0351383136934307,-0.0349852052326272,-0.03483350380533,-0.0346831892403334,-0.0345342417622216,-0.0343866419815204,-0.0342403708851438,-0.0340954098271265,-0.0339517405196305,-0.0338093450242185,-0.0336682057433829,-0.0335283054123228,-0.0333896270909607,-0.0332521541561905,-0.0331158702943477,-0.0329807594938974,-0.0328468060383296,-0.0327139944992568,-0.0325823097297067,-0.0324517368576035,-0.0323222612794317,-0.0321938686540766,-0.032066544896835,-0.0319402761735922,-0.0318150488951576,-0.0316908497117566,-0.0315676655076709,-0.0314454833960252,-0.0313242907137138,-0.0312040750164628,-0.0310848240740254,-0.0309665258655035,-0.0308491685747947,-0.0307327405861573,-0.030617230479893,-0.0305026270281419,-0.0303889191907864,-0.0302760961114612,-0.0301641471136661,-0.0300530616969785,-0.0299428295333621,-0.0298334404635698,-0.0297248844936376,-0.0296171517914656,-0.0295102326834869,-0.0294041176514175,-0.0292987973290877,-0.0291942624993526,-0.0290905040910772,-0.0289875131761969,-0.0288852809668485,-0.0287837988125721,-0.0286830581975798,-0.0285830507380906,-0.0284837681797294,-0.0283852023949879,-0.0282873453807458,-0.0281901892558513,-0.0280937262587579,-0.0279979487452179,0,-0.100113178297072,-0.0985719325235018,-0.0971120438968508,-0.0957091263905436,-0.0943533066058372,-0.0930390765535986,-0.0917628808222059,-0.0905222263236875,-0.089315244400377,-0.0881404448847028,-0.0869965706311818,-0.0858825100935228,-0.0847972448642857,-0.0837398185727213,-0.0827093188252277,-0.0817048670352779,-0.0807256129439133,-0.079770731855612,-0.0788394233828263,-0.0779309109737239,-0.0770444417970606,-0.0761792867425483,-0.0753347404071549,-0.0745101210045913,-0.0737047701739879,-0.0729180526853152,-0.0721493560502616,-0.0713980900523104,-0.0706636862112801,-0.0699455971971973,-0.0692432962070363,-0.0685562763161226,-0.0678840498141978,-0.0672261475344239,-0.0665821181820661,-0.0659515276682482,-0.0653339584530314,-0.0647290089011095,-0.0641362926526174,-0.063555438010903,-0.062986087348576,-0.0624278965327254,-0.0618805343698452,-0.061343682070737,-0.0608170327354374,-0.0603002908580445,-0.0597931718511849,-0.0592954015897569,-0.0588067159735075,-0.058326860507941,-0.0578555899030151,-0.0573926676890511,-0.0569378658492662,-0.056490964468324,-0.0560517513962997,-0.055620021927455,-0.0551955784932259,-0.054778230368837,-0.0543677933929669,-0.0539640896999043,-0.0535669474636516,-0.0531762006534474,-0.0527916888001997,-0.0524132567733365,-0.0520407545676029,-0.0516740370993481,-0.0513129640118678,-0.0509573994893817,-0.050607212079247,-0.0502622745220241,-0.0499224635890282,-0.0495876599270166,-0.0492577479096784,-0.0489326154956066,-0.0486121540924497,-0.0482962584269528,-0.0479848264206116,-0.0476777590706766,-0.0473749603362579,-0.0470763370292899,-0.0467817987101319,-0.0464912575875861,-0.0462046284231285,-0.0459218284391575,-0.0456427772310731,-0.045367396683011,-0.0450956108870618,-0.0448273460658166,-0.044562530498085,-0.0443010944476429,-0.0440429700948695,-0.0437880914711448,-0.0435363943958813,-0.0432878164160719,-0.043042296748241,-0.0427997762226912,-0.0425601972299436,-0.0423235036692741,-0.0420896408992534,-0.0418585556902022,-0.041630196178478,-0.0414045118225134,-0.0411814533605295,-0.0409609727698533,-0.0407430232277675,-0.0405275590738293,-0.0403145357735948,-0.0401039098836884,-0.0398956390181618,-0.0396896818160867,-0.0394859979103306,-0.0392845478974664,-0.0390852933087674,-0.0388881965822445,-0.0386932210356815,-0.0385003308406285,-0.0383094909973134,-0.0381206673104351,-0.0379338263658026,-0.0377489355077856,-0.0375659628175446,-0.0373848770920096,-0.037205647823577,-0.0370282451804976,-0.0368526399879271,-0.0366788037096146,-0.036506708430204,-0.0363363268381235,-0.0361676322090426,-0.0360005983898728,-0.0358351997832928,-0.0356714113327779,-0.0355092085081139,-0.0353485672913785,-0.0351894641633717,-0.0350318760904793,-0.0348757805119526,-0.0347211553275902,-0.0345679788858062,-0.0344162299720705,-0.0342658877977093,-0.0341169319890506,-0.0339693425769039,-0.0338230999863622,-0.0336781850269133,-0.0335345788828512,-0.0333922631039759,-0.0332512195965723,-0.0331114306146573,-0.0329728787514876,-0.0328355469313172,-0.0326994184013973,-0.0325644767242103,-0.0324307057699281,-0.0322980897090912,-0.0321666130054956,-0.0320362604092856,-0.031907016950242,-0.0317788679312618,-0.0316517989220211,-0.0315257957528166,-0.0314008445085779,-0.0312769315230486,-0.0311540433731262,-0.031032166873359,-0.0309112890705939,-0.03079139723877,-0.0306724788738533,-0.0305545216889088,-0.0304375136093049,-0.0303214427680459,-0.0302062975012295,-0.030092066343624,-0.029978738024363,-0.0298663014627528,-0.0297547457641891,-0.0296440602161811,-0.0295342342844771,-0.0294252576092918,-0.0293171200016289,-0.0292098114396983,-0.0291033220654251,-0.0289976421810459,-0.0288927622457919,-0.0287886728726544,-0.028685364825232,-0.0285828290146558,-0.0284810564965906,-0.0283800384683107,-0.0282797662658467,-0.0281802313612026,-0.0280814253596407,-0.0279833399970321,-0.0278859671372709,-0.0277892987697511,-0.0276933270069034,-0.027598044081791,-0.0275034423457621,-0.0274095142661585,-0.0273162524240772,0,-0.0977893575563969,-0.0962634893610048,-0.0948096054722512,-0.0934126300683658,-0.0920643634845532,-0.0907594462080893,-0.0894941722936195,-0.0882658539754693,-0.0870724356709488,-0.0859122565181727,-0.0847839047663751,-0.0836861290931432,-0.0826177850767554,-0.0815778032352133,-0.0805651701722331,-0.0795789175908148,-0.0786181159532261,-0.0776818708256068,-0.0767693207266585,-0.0758796357811487,-0.075012016772912,-0.0741656943696772,-0.0733399283979172,-0.0725340071078258,-0.0717472464037454,-0.0709789890345847,-0.0702286037485396,-0.0694954844207595,-0.0687790491639011,-0.0680787394312096,-0.0673940191207108,-0.066724373687751,-0.0660693092717471,-0.0654283518417343,-0.0648010463641832,-0.0641869559956056,-0.0635856613016901,-0.0629967595040687,-0.062419863755309,-0.0618546024423271,-0.0613006185181029,-0.0607575688613408,-0.0602251236635383,-0.0597029658427915,-0.0591907904835673,-0.0586883043016105,-0.0581952251331025,-0.0577112814471711,-0.057236211880833,-0.056769764795454,-0.0563116978538194,-0.0558617776169214,-0.0554197791595901,-0.054985485704118,-0.0545586882710547,-0.0541391853463724,-0.0537267825642372,-0.0533212924046448,-0.0529225339052126,-0.0525303323864479,-0.0521445191898408,-0.0517649314281613,-0.0513914117473643,-0.0510238080995375,-0.0506619735263512,-0.0503057659524941,-0.0499550479886067,-0.0496096867432448,-0.0492695536434289,-0.0489345242633591,-0.048604478160893,-0.0482792987214066,-0.0479588730086764,-0.0476430916224373,-0.0473318485622929,-0.0470250410976656,-0.0467225696434934,-0.0464243376413951,-0.0461302514460371,-0.0458402202164525,-0.0455541558120714,-0.0452719726932387,-0.0449935878260016,-0.0447189205909657,-0.0444478926960234,-0.0441804280927729,-0.0439164528964529,-0.0436558953092266,-0.0433986855466592,-0.0431447557672385,-0.0428940400047981,-0.0426464741037079,-0.0424019956567042,-0.0421605439452384,-0.0419220598822291,-0.0416864859571077,-0.0414537661830533,-0.0412238460463192,-0.040996672457555,-0.0407721937050374,-0.0405503594097218,-0.0403311204820371,-0.0401144290803436,-0.039900238570984,-0.0396885034898552,-0.0394791795054366,-0.0392722233832106,-0.039067592951416,-0.0388652470680774,-0.0386651455892547,-0.038467249338463,-0.0382715200772115,-0.0380779204766157,-0.0378864140900372,-0.0376969653267086,-0.0375095394263032,-0.037324102434409,-0.0371406211788722,-0.0369590632469725,-0.0367793969633983,-0.0366015913689878,-0.0364256162002066,-0.0362514418693316,-0.0360790394453133,-0.0359083806352894,-0.035739437766725,-0.0355721837701532,-0.0354065921624946,-0.0352426370309312,-0.0350802930173152,-0.0349195353030912,-0.0347603395947121,-0.0346026821095301,-0.0344465395621454,-0.0342918891511943,-0.0341387085465609,-0.0339869758769968,-0.0338366697181334,-0.0336877690808721,-0.0335402534001388,-0.0333941025239895,-0.033249296703054,-0.0331058165803057,-0.0329636431811454,-0.0328227579037885,-0.0326831425099442,-0.0325447791157761,-0.0324076501831362,-0.0322717385110588,-0.0321370272275105,-0.0320034997813822,-0.0318711399347187,-0.031739931755175,-0.0316098596086935,-0.0314809081523933,-0.0313530623276646,-0.0312263073534624,-0.031100628719791,-0.0309760121813742,-0.0308524437515047,-0.0307299096960669,-0.0306083965277267,-0.030487891000284,-0.0303683801031811,-0.0302498510561639,-0.0301322913040886,-0.0300156885118715,-0.0299000305595753,-0.0297853055376296,-0.0296715017421789,-0.0295586076705569,-0.0294466120168802,-0.0293355036677607,-0.0292252716981294,-0.0291159053671723,-0.0290073941143714,-0.0288997275556491,-0.0287928954796134,-0.0286868878438994,-0.0285816947716055,-0.0284773065478199,-0.0283737136162373,-0.0282709065758597,-0.0281688761777813,-0.0280676133220548,-0.027967109054635,-0.0278673545643994,-0.0277683411802424,-0.0276700603682414,-0.0275725037288924,-0.0274756629944137,-0.0273795300261146,-0.0272840968118286,-0.0271893554634085,-0.0270952982142817,-0.0270019174170635,-0.0269092055412288,-0.026817155170837,-0.0267257590023131,-0.0266350098422789,0,-0.0953913949561149,-0.0938916725416784,-0.0924514548632589,-0.0910663599876197,-0.0897303962641924,-0.0884387119359561,-0.0871876912180731,-0.0859746094004769,-0.0847973273237579,-0.083654082120833,-0.082543354221743,-0.0814637854509979,-0.0804141294456215,-0.0793932219477604,-0.0783999630883634,-0.0774333067883568,-0.0764922543144894,-0.0755758502143577,-0.0746831795822689,-0.0738133660476432,-0.0729655701408675,-0.0721389878469119,-0.0713328492472827,-0.0705464172021689,-0.0697789860528734,-0.0690298803394199,-0.0682984535353517,-0.0675840868046162,-0.0668861877860478,-0.066204189410478,-0.0655375487545563,-0.0648857459342967,-0.0642482830403573,-0.0636246831161775,-0.0630144891793711,-0.0624172632861968,-0.0618325856384831,-0.0612600537320574,-0.0606992815454878,-0.060149898767789,-0.059611550063633,-0.0590838943745506,-0.0585666042545813,-0.0580593652388291,-0.0575618752434015,-0.0570738439952377,-0.0565949924903786,-0.0561250524792736,-0.0556637659777744,-0.0552108848025197,-0.0547661701294694,-0.0543293920744035,-0.0539003292942552,-0.0534787686082015,-0.0530645046374884,-0.0526573394630161,-0.0522570822997632,-0.0518635491871692,-0.0514765626946475,-0.0510959516414389,-0.0507215508300575,-0.0503532007926239,-0.0499907475494127,-0.0496340423789817,-0.0492829415992805,-0.0489373063591701,-0.0485970024398157,-0.0482619000654423,-0.0479318737229723,-0.0476068019900872,-0.0472865673712834,-0.046971056141513,-0.0466601581970227,-0.0463537669130267,-0.0460517790078655,-0.0457540944133255,-0.0454606161508077,-0.0451712502130541,-0.0448859054511521,-0.044604493466557,-0.0443269285078816,-0.0440531273722195,-0.0437830093107771,-0.0435164959386055,-0.0432535111482311,-0.042993981026996,-0.0427378337779291,-0.0424849996439769,-0.0422354108354351,-0.0419890014604261,-0.0417457074582795,-0.0415054665356774,-0.0412682181054343,-0.0410339032277903,-0.0408024645540971,-0.040573846272789,-0.0403479940575317,-0.0401248550174495,-0.0399043776493361,-0.0396865117917582,-0.0394712085809667,-0.0392584204085345,-0.0390481008806429,-0.0388402047789437,-0.0386346880229263,-0.0384315076337247,-0.0382306216993003,-0.0380319893409412,-0.0378355706810188,-0.0376413268119513,-0.0374492197663176,-0.0372592124880766,-0.0370712688048411,-0.0368853534011656,-0.0367014317928013,-0.0365194703018816,-0.036339436032996,-0.0361612968501184,-0.0359850213543527,-0.0358105788624626,-0.0356379393861547,-0.0354670736120828,-0.0352979528825449,-0.0351305491768461,-0.0349648350932985,-0.034800783831836,-0.0346383691772155,-0.0344775654827867,-0.0343183476548027,-0.034160691137255,-0.0340045718972098,-0.0338499664106272,-0.033696851648645,-0.0335452050643094,-0.0333950045797348,-0.033246228573678,-0.0330988558695093,-0.0329528657235684,-0.0328082378138875,-0.0326649522292713,-0.0325229894587179,-0.0323823303811708,-0.0322429562555876,-0.0321048487113155,-0.0319679897387621,-0.0318323616803502,-0.0316979472217485,-0.0315647293833653,-0.0314326915120994,-0.0313018172733361,-0.031172090643182,-0.0310434959009286,-0.0309160176217388,-0.0307896406695456,-0.0306643501901596,-0.030540131604574,-0.0304169706024648,-0.0302948531358754,-0.0301737654130823,-0.0300536938926347,-0.0299346252775627,-0.0298165465097478,-0.0296994447644508,-0.0295833074449925,-0.0294681221775812,-0.0293538768062823,-0.0292405593881271,-0.0291281581883535,-0.029016661675777,-0.0289060585182861,-0.0287963375784591,-0.0286874879092983,-0.0285794987500776,-0.0284723595222999,-0.0283660598257619,-0.0282605894347211,-0.028155938294164,-0.0280520965161711,-0.0279490543763753,-0.0278468023105121,-0.0277453309110587,-0.0276446309239581,-0.0275446932454267,-0.027445508918843,-0.027347069131714,-0.0272493652127185,-0.0271523886288231,-0.0270561309824709,-0.026960584008839,-0.0268657395731639,-0.0267715896681321,-0.0266781264113348,-0.026585342042784,-0.0264932289224894,-0.0264017795280923,-0.026310986452558,-0.0262208424019216,-0.0261313401930889,-0.0260424727516879,-0.025954233109972,0,-0.0929283818556379,-0.0914598455610941,-0.0900394732902809,-0.0886716403769645,-0.0873524642713861,-0.0860777929321549,-0.0848442806971439,-0.083649295110114,-0.0824907011121589,-0.081366693260107,-0.0802756853624014,-0.0792162419814227,-0.0781870369780573,-0.0771868286458716,-0.0762144447245607,-0.07526877317087,-0.0743487562229546,-0.0734533863157946,-0.0725817030200442,-0.0717327905399302,-0.0709057755168441,-0.0700998250056086,-0.0693141445574368,-0.0685479763797857,-0.0678005975619136,-0.0670713183637963,-0.0663594805696406,-0.0656644559081364,-0.0649856445412226,-0.0643224736222971,-0.0636743959238518,-0.0630408885336641,-0.0624214516179734,-0.0618156072495567,-0.0612228982982469,-0.0606428873812127,-0.0600751558701911,-0.0595193029528242,-0.058974944745265,-0.0584417134532825,-0.0579192565791795,-0.0574072361719464,-0.0569053281181929,-0.0564132214715208,-0.0559306178181279,-0.0554572306765526,-0.0549927849295931,-0.0545370162865461,-0.0540896707740204,-0.053650504253687,-0.0532192819654234,-0.052795778094404,-0.052379775360774,-0.0519710646306284,-0.0515694445470923,-0.0511747211803727,-0.0507867076957169,-0.0504052240382803,-0.0500300966339596,-0.0496611581053094,-0.049298247001708,-0.0489412075429891,-0.0485898893758008,-0.0482441473419988,-0.0479038412584172,-0.0475688357074034,-0.0472389998375332,-0.0469142071739625,-0.0465943354378969,-0.046279266374695,-0.045968885590147,-0.0456630823944951,-0.0453617496537904,-0.0450647836481998,-0.0447720839369015,-0.0444835532292261,-0.044199097261721,-0.0439186246808319,-0.0436420469309158,-0.0433692781473101,-0.0431002350542044,-0.0428348368670708,-0.0425730051994222,-0.0423146639736849,-0.0420597393359778,-0.041808159574606,-0.0415598550420851,-0.0413147580805232,-0.0410728029501961,-0.0408339257611615,-0.0405980644077644,-0.0403651585058943,-0.0401351493328647,-0.0399079797697873,-0.0396835942463245,-0.0394619386877077,-0.0392429604639156,-0.0390266083409109,-0.0388128324338412,-0.0386015841621125,-0.0383928162062496,-0.0381864824664631,-0.0379825380228431,-0.037780939097109,-0.037581643015843,-0.0373846081751431,-0.0371897940066313,-0.0369971609447573,-0.0368066703953416,-0.0366182847053028,-0.0364319671335185,-0.0362476818227696,-0.0360653937727238,-0.0358850688139105,-0.0357066735826483,-0.0355301754968827,-0.0353555427328958,-0.0351827442028536,-0.0350117495331527,-0.0348425290435363,-0.0346750537269467,-0.0345092952300838,-0.0343452258346409,-0.0341828184391919,-0.0340220465417011,-0.0338628842226334,-0.0337053061286379,-0.0335492874567862,-0.0333948039393393,-0.0332418318290255,-0.0330903478848075,-0.0329403293581214,-0.0327917539795674,-0.0326445999460371,-0.0324988459082582,-0.0323544709587439,-0.0322114546201283,-0.0320697768338761,-0.0319294179493509,-0.0317903587132298,-0.0316525802592509,-0.0315160640982812,-0.0313807921086946,-0.0312467465270468,-0.031113909939038,-0.0309822652707512,-0.0308517957801592,-0.0307224850488869,-0.030594316974223,-0.0304672757613712,-0.0303413459159313,-0.0302165122366047,-0.0300927598081137,-0.0299700739943303,-0.0298484404316034,-0.0297278450222817,-0.0296082739284233,-0.0294897135656849,-0.0293721505973873,-0.0292555719287493,-0.0291399647012839,-0.0290253162873541,-0.0289116142848792,-0.0287988465121903,-0.0286870010030279,-0.0285760660016774,-0.0284660299582388,-0.0283568815240249,-0.0282486095470853,-0.0281412030678517,-0.0280346513148993,-0.0279289437008234,-0.027824069818225,-0.0277200194358028,-0.0276167824945494,-0.0275143491040467,-0.027412709538858,-0.0273118542350156,-0.0272117737865974,-0.0271124589423931,-0.027013900602656,-0.0269160898159371,-0.0268190177760006,-0.0267226758188168,-0.026627055419631,-0.0265321481901068,-0.0264379458755387,-0.0263444403521367,-0.0262516236243757,-0.0261594878224117,-0.0260680251995611,-0.0259772281298408,-0.0258870891055693,-0.025797600735025,-0.025708755740161,-0.0256205469543755,-0.0255329673203342,-0.0254460098878458,-0.0253596678117868,-0.0252739343500758,0,-0.0904085428861086,-0.0889718193617567,-0.0875760872576334,-0.0862302549302412,-0.0849319948734613,-0.0836779057715538,-0.0824650293126329,-0.0812909206030488,-0.0801535163975543,-0.0790510159423435,-0.0779818001634815,-0.0769443814262611,-0.0759373733005824,-0.0749594724371512,-0.074009447462623,-0.0730861318204776,-0.0721884187770692,-0.0713152575944153,-0.070465650327857,-0.0696386489656985,-0.0688333527706518,-0.068048905758878,-0.0672844942909424,-0.0665393447671025,-0.0658127214266891,-0.0651039242533367,-0.0644122869873815,-0.0637371752454113,-0.0630779847454722,-0.0624341396351469,-0.0618050909187303,-0.0611903149790521,-0.0605893121890871,-0.0600016056083116,-0.059426739758735,-0.0588642794756365,-0.0583138088282075,-0.0577749301055251,-0.0572472628635382,-0.0567304430290076,-0.0562241220566116,-0.0557279661356867,-0.055241655443323,-0.0547648834407674,-0.0542973562103122,-0.0538387918300463,-0.0533889197840421,-0.0529474804057212,-0.0525142243523075,-0.0520889121084225,-0.0516713135170166,-0.0512612073359522,-0.0508583808186764,-0.0504626293175214,-0.0500737559082735,-0.0496915710347407,-0.0493158921721332,-0.048946543508149,-0.0485833556407282,-0.0482261652915068,-0.0478748150340626,-0.0475291530361029,-0.0471890328147982,-0.0468543130045137,-0.0465248571362404,-0.0462005334280656,-0.0458812145860688,-0.0455667776150619,-0.0452571036386296,-0.0449520777279587,-0.0446515887389763,-0.0443555291573435,-0.0440637949508801,-0.0437762854290202,-0.0434929031089219,-0.0432135535878764,-0.0429381454216832,-0.042666590008676,-0.0423988014791041,-0.0421346965895884,-0.0418741946223902,-0.0416172172892434,-0.0413636886395165,-0.0411135349724825,-0.0408666847534893,-0.0406230685338319,-0.0403826188741426,-0.0401452702711216,-0.0399109590874426,-0.039679623484677,-0.0394512033590881,-0.0392256402801544,-0.0390028774316905,-0.0387828595554395,-0.038565532897017,-0.0383508451540976,-0.0381387454267329,-0.0379291841697041,-0.037722113146811,-0.0375174853870094,-0.0373152551423075,-0.0371153778473444,-0.0369178100805692,-0.0367225095269508,-0.0365294349421471,-0.0363385461180681,-0.0361498038497711,-0.0359631699036264,-0.0357786069867004,-0.0355960787172986,-0.0354155495966209,-0.035236984981478,-0.035060351058025,-0.0348856148164667,-0.0347127440266938,-0.0345417072148099,-0.0343724736405112,-0.0342050132752844,-0.0340392967813862,-0.0338752954915734,-0.0337129813895524,-0.0335523270911174,-0.0333933058259504,-0.0332358914200546,-0.0330800582787966,-0.0329257813705324,-0.0327730362107937,-0.0326217988470124,-0.0324720458437617,-0.0323237542684935,-0.0321769016777527,-0.03203146610385,-0.0318874260419743,-0.0317447604377296,-0.0316034486750784,-0.0314634705646768,-0.0313248063325869,-0.0311874366093508,-0.0310513424194145,-0.0309165051708869,-0.0307829066456226,-0.0306505289896163,-0.0305193547036964,-0.0303893666345085,-0.0302605479657769,-0.030132882209835,-0.0300063531994133,-0.0298809450796787,-0.0297566423005124,-0.0296334296090217,-0.029511292042274,-0.0293902149202487,-0.0292701838389956,-0.029151184663996,-0.0290332035237176,-0.0289162268033571,-0.0288002411387639,-0.028685233410539,-0.0285711907383028,-0.0284581004751269,-0.028345950202123,-0.0282347277231852,-0.0281244210598798,-0.0280150184464773,-0.0279065083251234,-0.0277988793411429,-0.0276921203384725,-0.0275862203552199,-0.0274811686193427,-0.0273769545444447,-0.0272735677256858,-0.0271709979358018,-0.0270692351212299,-0.0269682693983384,-0.0268680910497542,-0.0267686905207894,-0.026670058415959,-0.0265721854955918,-0.0264750626725272,-0.026378681008899,-0.0262830317130003,-0.0261881061362298,-0.026093895770116,-0.0260003922434151,-0.0259075873192844,-0.0258154728925251,-0.0257240409868947,-0.0256332837524859,-0.0255431934631712,-0.0254537625141093,-0.0253649834193135,-0.0252768488092799,-0.0251893514286723,-0.0251024841340637,-0.0250162398917324,-0.0249306117755109,-0.0248455929646858,-0.0247611767419483,-0.024677356491393,-0.0245941256965635,0,-0.0878379055670353,-0.0864314497453838,-0.0850640766321969,-0.0837443336558638,-0.0824707115472736,-0.0812405170254554,-0.0800512391299729,-0.078900680256817,-0.0777868944950854,-0.0767081192251765,-0.0756627276805109,-0.0746491998694519,-0.0736661054212055,-0.0727120933186147,-0.0717858853272911,-0.0708862712904461,-0.0700121053111158,-0.0691623023356718,-0.0683358349202031,-0.0675317300983715,-0.0667490663339424,-0.0659869705675618,-0.0652446153746878,-0.064521216250317,-0.0638160290316576,-0.0631283474648347,-0.0624575009172053,-0.0618028522333123,-0.0611637957299428,-0.0605397553240528,-0.0599301827863064,-0.0593345561124837,-0.0587523780048891,-0.0581831744560294,-0.0576264934271289,-0.0570819036144502,-0.0565489932968398,-0.0560273692583898,-0.0555166557805742,-0.0550164936986687,-0.0545265395176909,-0.054046464583492,-0.0535759543050012,-0.0531147074239543,-0.0526624353287475,-0.0522188614093336,-0.0517837204503282,-0.0513567580597254,-0.0509377301308251,-0.0505264023351652,-0.0501225496444203,-0.0497259558793841,-0.0493364132842936,-0.0489537221248812,-0.0485776903086586,-0.0482081330260432,-0.0478448724110359,-0.0474877372202508,-0.0471365625291772,-0.0467911894446347,-0.0464514648324473,-0.0461172410594335,-0.0457883757488637,-0.0454647315485951,-0.0451461759111453,-0.0448325808850115,-0.0445238229165905,-0.0442197826620898,-0.0439203448088659,-0.0436253979056535,-0.0433348342011899,-0.0430485494907636,-0.0427664429702486,-0.0424884170972126,-0.0422143774587094,-0.0419442326453933,-0.041677894131612,-0.0414152761611561,-0.0411562956383633,-0.0409008720242913,-0.0406489272376923,-0.040400385560535,-0.040155173547839,-0.0399132199415942,-0.0396744555885568,-0.0394388133617214,-0.0392062280852816,-0.0389766364629026,-0.0387499770091376,-0.0385261899838318,-0.0383052173293627,-0.0380870026105788,-0.0378714909573013,-0.0376586290092644,-0.0374483648633759,-0.0372406480231836,-0.037035429350444,-0.0368326610186909,-0.036632296468709,-0.0364342903658233,-0.0362385985589174,-0.0360451780411018,-0.0358539869119533,-0.0356649843412555,-0.035478130534169,-0.0352933866977672,-0.0351107150088769,-0.0349300785831617,-0.034751441445396,-0.0345747685008742,-0.0344000255079053,-0.0342271790513458,-0.0340561965171243,-0.0338870460677155,-0.0337196966185223,-0.0335541178151264,-0.0333902800113708,-0.033228154248239,-0.0330677122334959,-0.0329089263220604,-0.0327517694970773,-0.0325962153516601,-0.0324422380712775,-0.0322898124167564,-0.0321389137078761,-0.0319895178075306,-0.0318416011064352,-0.0316951405083558,-0.0315501134158403,-0.0314064977164316,-0.0312642717693436,-0.031123414392582,-0.0309839048504925,-0.0308457228417193,-0.0307088484875592,-0.0305732623206946,-0.0304389452742926,-0.0303058786714546,-0.0301740442150047,-0.0300434239776031,-0.0299140003921725,-0.0297857562426266,-0.0296586746548891,-0.0295327390881916,-0.0294079333266421,-0.0292842414710524,-0.0291616479310164,-0.0290401374172298,-0.0289196949340416,-0.0288003057722315,-0.0286819555020022,-0.0285646299661818,-0.0284483152736272,-0.0283329977928216,-0.0282186641456612,-0.028105301201421,-0.0279928960708983,-0.0278814361007223,-0.0277709088678303,-0.0276613021740988,-0.0275526040411291,-0.0274448027051796,-0.0273378866122405,-0.0272318444132466,-0.0271266649594231,-0.0270223372977609,-0.0269188506666154,-0.0268161944914274,-0.0267143583805597,-0.0266133321212471,-0.0265131056756556,-0.0264136691770479,-0.0263150129260509,-0.026217127387023,-0.0261200031845173,-0.0260236310998381,-0.0259280020676878,-0.0258331071729011,-0.0257389376472643,-0.0256454848664163,-0.0255527403468304,-0.0254606957428718,-0.0253693428439319,-0.0252786735716332,-0.0251886799771073,-0.0250993542383386,-0.0250106886575766,-0.0249226756588117,-0.0248353077853132,-0.024748577697229,-0.0246624781692432,-0.0245770020882922,-0.024492142451335,-0.0244078923631786,-0.0243242450343553,-0.0242411937790512,-0.024158732013084,-0.0240768532519289,-0.0239955511087923,-0.0239148192927289,0,-0.0852199682667343,-0.0838424038442794,-0.0825064152320692,-0.0812162457158576,-0.079970562545589,-0.0787672954409746,-0.0776043931306606,-0.0764799306715776,-0.0753921025042907,-0.0743392033404097,-0.0733196150540973,-0.0723317997127714,-0.071374296084056,-0.0704457175214758,-0.0695447500627222,-0.0686701502386347,-0.0678207424651019,-0.066995416067101,-0.0661931220486772,-0.0654128697306257,-0.0646537233611071,-0.0639147987802644,-0.0631952601961216,-0.0624943171088269,-0.0618112214045067,-0.0611452646283205,-0.0604957754381148,-0.0598621172345794,-0.0592436859603559,-0.0586399080585592,-0.0580502385802042,-0.05747415942976,-0.0569111777382316,-0.0563608243536199,-0.0558226524392271,-0.0552962361709566,-0.0547811695254654,-0.0542770651517242,-0.053783553319197,-0.0533002809364746,-0.0528269106347594,-0.0523631199111187,-0.0519086003268913,-0.0514630567570522,-0.0510262066867208,-0.0505977795513377,-0.0501775161173383,-0.0497651679004284,-0.0493604966188082,-0.0489632736789164,-0.0485732796914608,-0.0481903040156846,-0.0478141443299782,-0.0474446062270916,-0.0470815028323398,-0.0467246544433099,-0.0463738881896934,-0.0460290377119637,-0.0456899428577163,-0.0453564493945669,-0.0450284087385864,-0.0447056776973195,-0.0443881182264992,-0.0440755971996319,-0.0437679861896808,-0.0434651612621304,-0.0431670027787576,-0.0428733952114842,-0.0425842269657239,-0.0422993902126727,-0.0420187807300325,-0.0417422977506848,-0.0414698438188638,-0.0412013246534095,-0.0409366490177006,-0.040675728595901,-0.0404184778751666,-0.0401648140334891,-0.0399146568328672,-0.0396679285175181,-0.0394245537168571,-0.0391844593529907,-0.0389475745524828,-0.0387138305621696,-0.0384831606688081,-0.038255500122362,-0.0380307860627318,-0.0378089574497564,-0.0375899549963149,-0.0373737211043727,-0.0371601998038234,-0.0369493366939838,-0.0367410788876127,-0.0365353749573247,-0.0363321748842841,-0.0361314300090648,-0.0359330929845715,-0.0357371177309231,-0.0355434593922019,-0.0353520742949821,-0.0351629199085499,-0.0349759548067384,-0.0347911386312989,-0.0346084320567384,-0.0344277967565549,-0.0342491953708057,-0.0340725914749482,-0.033897949549895,-0.0337252349532282,-0.0335544138915204,-0.0333854533937146,-0.0332183212855133,-0.0330529861647347,-0.0328894173775915,-0.0327275849958539,-0.0325674597948566,-0.0324090132323155,-0.0322522174279163,-0.0320970451436464,-0.0319434697648338,-0.0317914652818675,-0.0316410062725679,-0.0314920678851816,-0.0313446258219746,-0.0311986563233986,-0.0310541361528075,-0.0309110425817026,-0.0307693533754829,-0.0306290467796823,-0.0304901015066736,-0.0303524967228197,-0.0302162120360564,-0.0300812274838879,-0.0299475235217803,-0.0298150810119361,-0.0296838812124373,-0.0295539057667404,-0.0294251366935116,-0.0292975563767884,-0.0291711475564565,-0.0290458933190279,-0.0289217770887114,-0.0287987826187634,-0.0286768939831086,-0.0285560955682209,-0.0284363720652554,-0.0283177084624216,-0.0282000900375898,-0.0280835023511219,-0.0279679312389186,-0.0278533628056757,-0.0277397834183415,-0.0276271796997689,-0.0275155385225544,-0.0274048470030593,-0.0272950924956041,-0.0271862625868333,-0.0270783450902418,-0.0269713280408595,-0.0268651996900874,-0.0267599485006818,-0.0266555631418786,-0.0265520324846572,-0.026449345597135,-0.0263474917400915,-0.0262464603626164,-0.0261462410978772,-0.0260468237590039,-0.0259481983350845,-0.0258503549872715,-0.0257532840449917,-0.0256569760022589,-0.0255614215140854,-0.0254666113929882,-0.0253725366055891,-0.0252791882693034,-0.0251865576491156,-0.0250946361544401,-0.0250034153360627,-0.0249128868831613,-0.0248230426204035,-0.0247338745051187,-0.0246453746245422,-0.0245575351931284,-0.0244703485499334,-0.0243838071560624,-0.0242979035921805,-0.0242126305560873,-0.0241279808603492,-0.0240439474299926,-0.0239605233002514,-0.0238777016143717,-0.0237954756214683,-0.023713838674434,-0.0236327842278994,-0.0235523058362407,-0.0234723971516367,-0.0233930519221704,-0.0233142639899768,-0.023236027289434,0,-0.0825562517533884,-0.0812080953280826,-0.0799061503412041,-0.078648504369164,-0.0774336545392189,-0.0762600666025147,-0.0751261239887483,-0.074030168724487,-0.072970537459619,-0.0719455878891838,-0.0709537184335853,-0.0699933824814882,-0.0690630979084139,-0.0681614526235457,-0.0672871069779591,-0.0664387938421142,-0.0656153170537646,-0.0648155487989787,-0.0640384263527486,-0.063282948488108,-0.0625481717687026,-0.0618332068683611,-0.0611372150089512,-0.0604594045707104,-0.059799027903624,-0.0591553783512399,-0.0585277874871556,-0.0579156225574939,-0.0573182841186572,-0.0567352038575834,-0.0561658425809244,-0.0556096883595872,-0.0550662548155756,-0.0545350795388513,-0.0540157226228436,-0.0535077653081908,-0.05301080872524,-0.0525244727267251,-0.0520483948028776,-0.0515822290719856,-0.051125645340104,-0.0506783282242421,-0.0502399763339049,-0.0498103015063608,-0.0493890280914478,-0.0489758922821225,-0.0485706414873037,-0.0481730337438741,-0.0477828371649815,-0.0473998294220276,-0.0470237972579559,-0.0466545360296496,-0.0462918492774283,-0.0459355483197969,-0.045585451871745,-0.0452413856850255,-0.0449031822089667,-0.0445706802704764,-0.0442437247719984,-0.0439221664062743,-0.043605861386844,-0.0432946711932965,-0.0429884623303527,-0.0426871060999249,-0.042390478385359,-0.0420984594471181,-0.0418109337292179,-0.0415277896757695,-0.0412489195570305,-0.0409742193044025,-0.0407035883538511,-0.0404369294972602,-0.0401741487412597,-0.039915155173102,-0.039659860833182,-0.0394081805938287,-0.0391600320440125,-0.0389153353796415,-0.038674013299135,-0.0384359909039847,-0.0382011956040298,-0.0379695570271922,-0.0377410069334282,-0.0375154791326734,-0.0372929094065661,-0.0370732354337504,-0.036856396718571,-0.0366423345229815,-0.0364309918015007,-0.0362223131390591,-0.0360162446915876,-0.0358127341292093,-0.0356117305819021,-0.0354131845875092,-0.0352170480419785,-0.0350232741517222,-0.0348318173879912,-0.0346426334431657,-0.034455679188869,-0.0342709126358162,-0.0340882928953146,-0.0339077801423374,-0.0337293355800945,-0.0335529214060327,-0.0333785007791948,-0.0332060377888779,-0.0330354974245281,-0.0328668455468164,-0.0327000488598409,-0.0325350748844053,-0.0323718919323236,-0.0322104690817072,-0.0320507761531877,-0.031892783687037,-0.0317364629211435,-0.031581785769807,-0.0314287248033177,-0.031277253228284,-0.0311273448686788,-0.0309789741475717,-0.0308321160695197,-0.0306867462035875,-0.0305428406669712,-0.0304003761092014,-0.0302593296968998,-0.0301196790990679,-0.0299814024728865,-0.029844478450003,-0.0297088861232893,-0.0295746050340497,-0.0294416151596623,-0.0293098969016344,-0.0291794310740584,-0.02905019889245,-0.0289221819629559,-0.0287953622719144,-0.0286697221757574,-0.0285452443912397,-0.0284219119859826,-0.0282997083693213,-0.0281786172834437,-0.0280586227948089,-0.0279397092858377,-0.0278218614468613,-0.0277050642683219,-0.0275893030332145,-0.0274745633097607,-0.0273608309443069,-0.0272480920544394,-0.0271363330223063,-0.0270255404881419,-0.0269157013439836,-0.0268068027275764,-0.0266988320164578,-0.0265917768222166,-0.0264856249849193,-0.0263803645677001,-0.0262759838515058,-0.0261724713299935,-0.0260698157045737,-0.0259680058795947,-0.0258670309576638,-0.0257668802350998,-0.0256675431975144,-0.0255690095155145,-0.0254712690405267,-0.0253743118007344,-0.0252781279971288,-0.0251827079996658,-0.0250880423435286,-0.0249941217254916,-0.0249009370003813,-0.0248084791776322,-0.0247167394179354,-0.0246257090299746,-0.0245353794672492,-0.0244457423249808,-0.0243567893371,-0.0242685123733119,-0.0241809034362374,-0.0240939546586282,-0.0240076583006533,-0.023922006747254,-0.023836992505567,-0.0237526082024118,-0.0236688465818418,-0.0235857005027564,-0.0235031629365725,-0.0234212269649538,-0.0233398857775966,-0.0232591326700691,-0.023178961041704,-0.0230993643935428,-0.0230203363263286,-0.0229418705385492,-0.0228639608245252,-0.0227866010725454,-0.0227097852630455,-0.0226335074668305,-0.0225577618433387,0,-0.0798475126896286,-0.0785317422621331,-0.0772663183047861,-0.0760436875091437,-0.074862194579761,-0.0737207724738363,-0.0726181858008341,-0.071553011398426,-0.0705237115064674,-0.0695287005838343,-0.0685663941448382,-0.0676352416880068,-0.0667337474761919,-0.065860482550288,-0.0650140906528847,-0.064193290063617,-0.063396872790275,-0.0626237021288733,-0.061872709286678,-0.0611428895325381,-0.0604332981773147,-0.0597430465756395,-0.0590712982644965,-0.0584172653035938,-0.0577802048494192,-0.0571594159737619,-0.0565542367244212,-0.0559640414181489,-0.055388238151712,-0.054826266515069,-0.0542775954901797,-0.0537417215193456,-0.0532181667278421,-0.0527064772867106,-0.0522062219027807,-0.0517169904241983,-0.0512383925508843,-0.0507700566404254,-0.050311628600875,-0.0498627708628261,-0.0494231614239097,-0.0489924929595763,-0.048570471994638,-0.0481568181306069,-0.0477512633243506,-0.0473535512140175,-0.0469634364885718,-0.0465806842976153,-0.0462050696984739,-0.0458363771378022,-0.0454743999651928,-0.0451189399764964,-0.0447698069847522,-0.0444268184167982,-0.0440897989337927,-0.0437585800740135,-0.0434329999164363,-0.0431129027637035,-0.0427981388432059,-0.0424885640250917,-0.042184039556108,-0.0418844318082592,-0.0415896120413406,-0.041299456178473,-0.0410138445938256,-0.0407326619117729,-0.0404557968167822,-0.040183141873378,-0.0399145933555728,-0.0396500510851978,-0.0393894182786006,-0.0391326014012183,-0.0388795100295602,-0.038630056720172,-0.0383841568851743,-0.0381417286739995,-0.0379026928609741,-0.0376669727384135,-0.0374344940149206,-0.0372051847185975,-0.0369789751048978,-0.0367557975688632,-0.0365355865615052,-0.0363182785101075,-0.0361038117422351,-0.0358921264132546,-0.0356831644371762,-0.0354768694206435,-0.0352731865999043,-0.0350720627806089,-0.034873446280287,-0.0346772868733678,-0.0344835357386108,-0.0342921454088274,-0.0341030697227755,-0.0339162637791199,-0.0337316838923545,-0.03354928755059,-0.0333690333751153,-0.0331908810816453,-0.0330147914431751,-0.032840726254361,-0.0326686482973569,-0.0324985213090364,-0.0323303099495348,-0.0321639797720492,-0.031999497193839,-0.0318368294683695,-0.0316759446585472,-0.0315168116109964,-0.0313593999313304,-0.0312036799603713,-0.0310496227512765,-0.030897200047532,-0.030746384261773,-0.0305971484553957,-0.0304494663189267,-0.0303033121531156,-0.0301586608507201,-0.0300154878789548,-0.0298737692625737,-0.029733481567561,-0.0295946018854033,-0.0294571078179204,-0.0293209774626299,-0.0291861893986243,-0.0290527226729393,-0.0289205567873942,-0.0287896716858825,-0.0286600477420988,-0.0285316657476795,-0.0284045069007456,-0.0282785527948276,-0.0281537854081606,-0.0280301870933328,-0.0279077405672748,-0.0277864289015766,-0.0276662355131185,-0.027547144155006,-0.0274291389077942,-0.0273122041709938,-0.0271963246548456,-0.0270814853723558,-0.0269676716315794,-0.0268548690281457,-0.0267430634380148,-0.0266322410104581,-0.0265223881612527,-0.0264134915660845,-0.0263055381541504,-0.0261985151019539,-0.0260924098272854,-0.0259872099833839,-0.0258829034532693,-0.0257794783442436,-0.0256769229825523,-0.0255752259082015,-0.0254743758699256,-0.0253743618202994,-0.0252751729109911,-0.02517679848815,-0.0250792280879257,-0.0249824514321129,-0.0248864584239194,-0.0247912391438511,-0.0246967838457127,-0.0246030829527176,-0.0245101270537054,-0.0244179068994624,-0.024326413399143,-0.0242356376167866,-0.0241455707679298,-0.0240562042163083,-0.0239675294706471,-0.0238795381815354,-0.0237922221383849,-0.0237055732664669,-0.0236195836240278,-0.0235342453994785,-0.0234495509086574,-0.0233654925921637,-0.0232820630127587,-0.0231992548528335,-0.0231170609119414,-0.0230354741043916,-0.0229544874569045,-0.022874094106325,-0.022794287297393,-0.0227150603805686,-0.0226364068099121,-0.0225583201410147,-0.0224807940289805,-0.0224038222264579,-0.0223273985817177,-0.0222515170367784,-0.022176171625576,-0.0221013564721777,-0.0220270657890379,-0.021953293875296,-0.0218800351151134,0,-0.0770946633653778,-0.0758164745083514,-0.0745898875811281,-0.0734043751840842,-0.0722584426887057,-0.0711514376218902,-0.0700824300081014,-0.0690501782089513,-0.0680532386499305,-0.0670900669049401,-0.0661590903560639,-0.0652587559334446,-0.0643875594992805,-0.0635440625633251,-0.0627269005808945,-0.0619347858299329,-0.0611665069128602,-0.0604209262492682,-0.0596969764546647,-0.058993656180636,-0.0583100257777047,-0.0576452030006431,-0.0569983588836303,-0.0563687138532295,-0.0557555341096324,-0.0551581282835165,-0.0545758443621578,-0.0540080668707968,-0.053454214291451,-0.0529137366999465,-0.0523861136019528,-0.0518708519496335,-0.0513674843217858,-0.0508755672517825,-0.0503946796891114,-0.0499244215817413,-0.0494644125678802,-0.0490142907669152,-0.048573711660425,-0.0481423470551386,-0.0477198841205843,-0.0473060244949417,-0.046900483453287,-0.0465029891330185,-0.0461132818117741,-0.0457311132336149,-0.0453562459796603,-0.0449884528797174,-0.0446275164617713,-0.0442732284364875,-0.0439253892141288,-0.0435838074515184,-0.0432482996268832,-0.0429186896405918,-0.0425948084399691,-0.0422764936665129,-0.0419635893239763,-0.0416559454658972,-0.0413534179012684,-0.041055867917141,-0.0407631620170462,-0.0404751716742017,-0.0401917730985479,-0.0399128470167269,-0.039638278464182,-0.0393679565886145,-0.0391017744640881,-0.0388396289151205,-0.0385814203501497,-0.0383270526038025,-0.038076432787432,-0.0378294711474293,-0.0375860809308447,-0.0373461782578861,-0.037109682000893,-0.0368765136694058,-0.0366465973009798,-0.0364198593574143,-0.0361962286260865,-0.035975636126103,-0.0357580150189969,-0.0355433005237183,-0.0353314298356788,-0.0351223420496288,-0.034915978086156,-0.0347122806216116,-0.034511194021277,-0.0343126642755989,-0.0341166389393307,-0.0339230670734243,-0.0337318991895319,-0.0335430871969781,-0.0333565843520785,-0.0331723452096812,-0.03299032557682,-0.0328104824683721,-0.0326327740646179,-0.0324571596706113,-0.0322835996772668,-0.032112055524082,-0.0319424896634135,-0.0317748655262324,-0.031609147489286,-0.0314453008436003,-0.0312832917642578,-0.0311230872813918,-0.0309646552523382,-0.0308079643348929,-0.0306529839616212,-0.0304996843151732,-0.0303480363045573,-0.0301980115423283,-0.0300495823226503,-0.0299027216001938,-0.0297574029698297,-0.029613600647086,-0.0294712894493327,-0.0293304447776631,-0.0291910425994417,-0.0290530594314898,-0.0289164723238808,-0.0287812588443202,-0.0286473970630848,-0.0285148655384975,-0.0283836433029162,-0.0282537098492142,-0.0281250451177325,-0.0279976294836846,-0.0278714437449951,-0.0277464691105548,-0.0276226871888749,-0.0275000799771249,-0.0273786298505392,-0.0272583195521763,-0.0271391321830188,-0.0270210511923992,-0.0269040603687394,-0.0267881438305922,-0.0266732860179726,-0.0265594716839678,-0.0264466858866161,-0.0263349139810434,-0.0262241416118484,-0.0261143547057274,-0.0260055394643287,-0.0258976823573298,-0.0257907701157274,-0.0256847897253339,-0.0255797284204721,-0.0254755736778614,-0.0253723132106879,-0.0252699349628531,-0.0251684271033938,-0.025067778021067,-0.0249679763190953,-0.0248690108100661,-0.024770870510979,-0.0246735446384382,-0.0245770226039817,-0.0244812940095464,-0.0243863486430613,-0.0242921764741661,-0.024198767650051,-0.0241061124914128,-0.0240142014885242,-0.0239230252974124,-0.0238325747361429,-0.0237428407812058,-0.023653814564001,-0.0235654873674185,-0.0234778506225118,-0.0233908959052603,-0.0233046149334193,-0.0232189995634531,-0.0231340417875499,-0.0230497337307149,-0.0229660676479405,-0.0228830359214501,-0.0228006310580131,-0.0227188456863298,-0.0226376725544837,-0.0225571045274588,-0.02247713458472,-0.0223977558178554,-0.0223189614282776,-0.0222407447249828,-0.0221630991223666,-0.022086018138093,-0.0220094953910174,-0.0219335245991596,-0.0218580995777276,-0.0217832142371887,-0.0217088625813882,-0.0216350387057137,-0.0215617367953028,-0.0214889511232942,-0.0214166760491211,-0.0213449060168439,-0.0212736355535238,-0.0212028592676335,0,-0.0742997841650371,-0.0730654185451194,-0.0718797192035097,-0.070733104141086,-0.0696246764316396,-0.0685541433010489,-0.0675207863424628,-0.0665234767864879,-0.0655608234472071,-0.0646313009250704,-0.0637333394175728,-0.0628653823747893,-0.0620259211628985,-0.0612135143112432,-0.0604267968081186,-0.0596644831710089,-0.058925366754592,-0.0582083168917284,-0.0575122748821787,-0.0568362494622352,-0.0561793121407441,-0.0555405926279594,-0.054919274482785,-0.0543145910409147,-0.0537258216477735,-0.0531522881972258,-0.0525933519640153,-0.0520484107111276,-0.0515168960503217,-0.0509982710334202,-0.0504920279526072,-0.0499976863293414,-0.0495147910731748,-0.0490429107935445,-0.0485816362493492,-0.0481305789227579,-0.0476893697051948,-0.0472576576847929,-0.0468351090258037,-0.0464214059315089,-0.0460162456831093,-0.0456193397478816,-0.0452304129506076,-0.0448492027029074,-0.0444754582856563,-0.0441089401801496,-0.0437494194441019,-0.0433966771289468,-0.0430505037352302,-0.0427106987031887,-0.0423770699358653,-0.0420494333523476,-0.0417276124689256,-0.0414114380061504,-0.0411007475199463,-0.040795385055081,-0.0404952008194331,-0.0402000508776255,-0.0399097968627003,-0.039624305704619,-0.039343449374461,-0.0390671046432811,-0.0387951528546637,-0.0385274797100827,-0.0382639750662412,-0.0380045327436259,-0.0377490503455645,-0.0374974290871271,-0.0372495736332565,-0.0370053919455583,-0.0367647951372177,-0.0365276973355508,-0.0362940155517263,-0.0360636695572307,-0.0358365817666745,-0.0356126771265648,-0.0353918830096967,-0.0351741291148343,-0.0349593473713781,-0.0347474718487321,-0.0345384386701039,-0.0343321859304872,-0.0341286536185925,-0.0339277835425068,-0.0337295192588749,-0.0335338060054116,-0.0333405906365615,-0.0331498215621367,-0.0329614486887734,-0.0327754233640563,-0.0325916983231706,-0.0324102276379472,-0.0322309666681789,-0.0320538720150869,-0.03187890147683,-0.0317060140059494,-0.0315351696686535,-0.0313663296058479,-0.0311994559958254,-0.031034512018531,-0.0308714618213266,-0.0307102704861812,-0.030550903998216,-0.030393329215541,-0.0302375138403199,-0.0300834263910042,-0.0299310361756829,-0.029780313266494,-0.0296312284750484,-0.0294837533288197,-0.0293378600484551,-0.0291935215259646,-0.0290507113037505,-0.0289094035544368,-0.0287695730614641,-0.0286311952004161,-0.0284942459210436,-0.0283587017299579,-0.0282245396739616,-0.0280917373239913,-0.0279602727596444,-0.0278301245542661,-0.0277012717605714,-0.0275736938967805,-0.027447370933246,-0.0273222832795506,-0.0271984117720564,-0.0270757376618871,-0.0269542426033248,-0.0268339086426057,-0.0267147182070968,-0.0265966540948399,-0.0264796994644476,-0.0263638378253367,-0.026249053028287,-0.0261353292563113,-0.0260226510158251,-0.025911003128105,-0.0258003707210236,-0.0256907392210503,-0.0255820943455095,-0.025474422095084,-0.0253677087465565,-0.0252619408457787,-0.025157105200861,-0.0250531888755733,-0.02495017918295,-0.0248480636790909,-0.0247468301571525,-0.0246464666415205,-0.0245469613821591,-0.0244483028491296,-0.0243504797272723,-0.0242534809110466,-0.0241572954995231,-0.0240619127915229,-0.0239673222808985,-0.0238735136519514,-0.0237804767749823,-0.0236882017019691,-0.0235966786623674,-0.0235058980590314,-0.0234158504642487,-0.0233265266158876,-0.023237917413651,-0.0231500139154347,-0.023062807333787,-0.0229762890324641,-0.0228904505230813,-0.0228052834618543,-0.0227207796464284,-0.0226369310127943,-0.0225537296322852,-0.0224711677086545,-0.022389237575231,-0.0223079316921488,-0.0222272426436501,-0.0221471631354582,-0.0220676859922195,-0.02198880415501,-0.0219105106789078,-0.0218327987306263,-0.0217556615862087,-0.0216790926287799,-0.021603085346356,-0.0215276333297086,-0.0214527302702817,-0.0213783699581612,-0.021304546280095,-0.0212312532175599,-0.0211584848448787,-0.0210862353273804,-0.0210144989196076,-0.0209432699635651,-0.0208725428870122,-0.0208023122017946,-0.0207325725022176,-0.020663318463456,-0.0205945448400035,-0.020526246464157,0,-0.071466842342282,-0.0702817105315345,-0.0691385370853252,-0.0680323388177936,-0.0669631680256807,-0.0659310099673264,-0.0649352492134026,-0.0639747918944544,-0.0630482518320327,-0.062154097430113,-0.0612907509714244,-0.060456650632032,-0.0596502867053697,-0.0588702209933571,-0.0581150956124536,-0.0573836353569975,-0.0566746462884537,-0.0559870122352336,-0.0553196902471185,-0.0546717056376967,-0.0540421469881342,-0.0534301613227139,-0.0528349495659027,-0.0522557623295634,-0.0516918960427292,-0.051142689415752,-0.0506075202196814,-0.0500858023566326,-0.0495769831952898,-0.0490805411460697,-0.0485959834519096,-0.0481228441725992,-0.0476606823426932,-0.0472090802851478,-0.046767642064803,-0.0463359920676479,-0.0459137736934301,-0.0455006481506091,-0.0450962933439225,-0.0447004028459385,-0.0443126849449374,-0.0439328617623064,-0.0435606684333677,-0.0431958523462021,-0.0428381724335919,-0.0424873985136989,-0.0421433106755274,-0.0418056987056018,-0.0414743615526277,-0.0411491068272023,-0.0408297503339086,-0.0405161156333613,-0.0402080336319894,-0.0399053421975246,-0.0396078857983419,-0.0393155151649471,-0.0390280869720496,-0.0387454635397825,-0.0384675125527454,-0.038194106795653,-0.0379251239044617,-0.0376604461319379,-0.0373999601267051,-0.0371435567248844,-0.0368911307535034,-0.0366425808449137,-0.0363978092615079,-0.0361567217300831,-0.0359192272852393,-0.0356852381212492,-0.035454669451871,-0.0352274393776168,-0.0350034687600194,-0.0347826811024737,-0.0345650024372562,-0.0343503612183555,-0.0341386882197664,-0.0339299164389297,-0.0337239810050148,-0.0335208190917655,-0.0333203698346468,-0.0331225742520476,-0.0329273751703082,-0.0327347171523592,-0.0325445464297698,-0.0323568108380154,-0.03217145975479,-0.0319884440411948,-0.0318077159856482,-0.0316292292503713,-0.0314529388203109,-0.0312788009543697,-0.0311067731388249,-0.0309368140428178,-0.0307688834758098,-0.030602942346901,-0.0304389526259183,-0.0302768773061815,-0.030116680368864,-0.0299583267488676,-0.0298017823021363,-0.0296470137743382,-0.0294939887708482,-0.0293426757279689,-0.0291930438853284,-0.0290450632594006,-0.028898704618092,-0.0287539394563473,-0.0286107399727232,-0.0284690790468877,-0.0283289302179995,-0.0281902676639291,-0.0280530661812821,-0.0279173011661882,-0.0277829485958216,-0.0276499850106199,-0.0275183874971707,-0.0273881336717359,-0.0272592016643861,-0.0271315701037177,-0.0270052181021293,-0.0268801252416301,-0.0267562715601616,-0.0266336375384068,-0.0265122040870696,-0.0263919525346019,-0.0262728646153619,-0.0261549224581852,-0.0260381085753499,-0.0259224058519226,-0.0258077975354676,-0.0256942672261053,-0.0255817988669058,-0.0254703767346046,-0.0253599854306271,-0.0252506098724097,-0.0251422352850068,-0.0250348471929716,-0.0249284314125005,-0.0248229740438305,-0.0247184614638815,-0.0246148803191313,-0.024512217518718,-0.0244104602277583,-0.0243095958608755,-0.0242096120759289,-0.0241104967679359,-0.0240122380631826,-0.023914824313513,-0.0238182440907921,-0.0237224861815368,-0.0236275395817067,-0.0235333934916512,-0.023440037311207,-0.0233474606349389,-0.0232556532475214,-0.0231646051192547,-0.0230743064017108,-0.0229847474235046,-0.0228959186861874,-0.0228078108602569,-0.0227204147812803,-0.0226337214461271,-0.0225477220093076,-0.0224624077794134,-0.022377770215657,-0.0222938009245065,-0.0222104916564134,-0.0221278343026292,-0.0220458208921087,-0.0219644435884972,-0.0218836946871985,-0.0218035666125216,-0.0217240519149029,-0.0216451432682023,-0.0215668334670708,-0.0214891154243862,-0.0214119821687567,-0.0213354268420887,-0.0212594426972173,-0.0211840230955981,-0.0211091615050578,-0.0210348514976019,-0.0209610867472776,-0.020887861028092,-0.0208151682119803,-0.0207430022668263,-0.0206713572545314,-0.0206002273291315,-0.0205296067349603,-0.0204594898048569,-0.0203898709584181,-0.0203207447002924,-0.0202521056185148,-0.020183948382883,-0.0201162677433707,-0.0200490585285798,-0.019982315644229,-0.0199160340716778,-0.0198502088664856,0,-0.0686013611233504,-0.0674684222919243,-0.0663689054357672,-0.0653044581034878,-0.0642761738523009,-0.0632841882226021,-0.0623278695503035,-0.0614060778942356,-0.0605173840813438,-0.0596602253519047,-0.0588330058497222,-0.0580341571585263,-0.0572621722605596,-0.0565156226639752,-0.0557931652498035,-0.0550935430594271,-0.0544155826719161,-0.0537581898005505,-0.0531203440901446,-0.0525010936914509,-0.0518995499383323,-0.0513148823004649,-0.0507463136925093,-0.0501931161668334,-0.0496546069863849,-0.0491301450580658,-0.0486191276992586,-0.0481209877074438,-0.0476351907029719,-0.0471612327166729,-0.0466986379963135,-0.0462469570084891,-0.045805764615094,-0.0453746584059178,-0.0449532571711085,-0.0445411994991929,-0.0441381424880653,-0.0437437605578609,-0.0433577443559329,-0.0429797997452885,-0.0426096468688217,-0.0422470192825307,-0.0418916631516522,-0.0415433365042861,-0.041201808537648,-0.0408668589725795,-0.0405382774523799,-0.0402158629824008,-0.0398994234071848,-0.0395887749222272,-0.0392837416177034,-0.0389841550517441,-0.0386898538510499,-0.0384006833368284,-0.0381164951742067,-0.0378371470434268,-0.0375625023312707,-0.0372924298412864,-0.0370268035215024,-0.036765502208421,-0.036508409386174,-0.0362554129598133,-0.0360064050417845,-0.0357612817507051,-0.0355199430216357,-0.0352822924270893,-0.0350482370080829,-0.0348176871145846,-0.0345905562547557,-0.0343667609524307,-0.0341462206123184,-0.0339288573924427,-0.033714596083374,-0.0335033639938379,-0.0332950908423099,-0.0330897086542367,-0.0328871516645462,-0.0326873562251325,-0.0324902607170218,-0.0322958054669453,-0.0321039326680638,-0.0319145863046042,-0.0317277120801839,-0.0315432573496144,-0.0313611710539875,-0.0311814036588608,-0.0310039070953708,-0.0308286347041115,-0.0306555411816284,-0.030484582529385,-0.0303157160050692,-0.0301489000761141,-0.0299840943753166,-0.0298212596584416,-0.0296603577637097,-0.0295013515730697,-0.0293442049751635,-0.0291888828298989,-0.029035350934545,-0.0288835759912778,-0.0287335255760992,-0.0285851681090646,-0.0284384728257521,-0.0282934097499139,-0.0281499496672515,-0.0280080641002609,-0.0278677252840969,-0.0277289061434064,-0.0275915802700869,-0.0274557219019252,-0.0273213059020763,-0.0271883077393422,-0.0270567034692156,-0.0269264697156528,-0.0267975836535416,-0.0266700229918345,-0.0265437659573172,-0.0264187912789832,-0.0262950781729881,-0.0261726063281596,-0.0260513558920362,-0.0259313074574149,-0.0258124420493831,-0.0256947411128162,-0.0255781865003204,-0.0254627604606012,-0.0253484456272413,-0.0252352250078691,-0.0251230819737035,-0.0250120002494583,-0.0249019639035913,-0.024792957338886,-0.0246849652833497,-0.0245779727814181,-0.0244719651854524,-0.0243669281475178,-0.0242628476114328,-0.0241597098050783,-0.0240575012329562,-0.0239562086689888,-0.0238558191495485,-0.0237563199667102,-0.0236576986617171,-0.023559943018653,-0.0234630410583114,-0.0233669810322566,-0.0232717514170674,-0.0231773409087584,-0.0230837384173711,-0.0229909330617304,-0.0228989141643579,-0.0228076712465389,-0.0227171940235365,-0.0226274723999471,-0.0225384964651937,-0.0224502564891506,-0.0223627429178965,-0.0222759463695896,-0.022189857630463,-0.0221044676509336,-0.0220197675418228,-0.0219357485706844,-0.0218524021582349,-0.0217697198748855,-0.0216876934373696,-0.0216063147054644,-0.0215255756788025,-0.0214454684937718,-0.0213659854204991,-0.0212871188599162,-0.0212088613409046,-0.0211312055175177,-0.0210541441662768,-0.0209776701835388,-0.0209017765829338,-0.0208264564928701,-0.0207517031541042,-0.0206775099173747,-0.0206038702410969,-0.0205307776891171,-0.0204582259285241,-0.0203862087275178,-0.0203147199533301,-0.0202437535701998,-0.0201733036373979,-0.0201033643073021,-0.0200339298235199,-0.019964994519057,-0.0198965528145328,-0.0198285992164376,-0.0197611283154337,-0.0196941347846978,-0.0196276133783026,-0.0195615589296382,-0.0194959663498713,-0.0194308306264407,-0.0193661468215887,-0.0193019100709276,-0.0192381155820397,-0.0191747586331099,0,-0.0657094475479567,-0.0646284243444469,-0.0635732156981506,-0.0625517572786116,-0.0615659356753281,-0.060615857674388,-0.059700751745232,-0.058819354418685,-0.0579701497702521,-0.0571515224185534,-0.0563618507100453,-0.0555995600515036,-0.0548631509583388,-0.0541512116838377,-0.0534624217805633,-0.0527955505525576,-0.0521494528079564,-0.0515230633471214,-0.0509153910194375,-0.0503255128152956,-0.0497525682395437,-0.0491957540826011,-0.0486543196303626,-0.048127562312247,-0.0476148237648601,-0.0471154862785699,-0.0466289695908188,-0.0461547279902397,-0.0456922476977805,-0.0452410444940454,-0.0448006615653216,-0.0443706675439567,-0.0439506547217191,-0.0435402374174434,-0.0431390504826218,-0.0427467479306497,-0.0423630016772206,-0.0419875003808884,-0.0416199483741416,-0.0412600646764629,-0.0409075820818294,-0.0405622463139504,-0.0402238152432714,-0.0398920581604075,-0.0395667551012221,-0.0392476962192514,-0.0389346812015983,-0.0386275187247944,-0.0383260259474599,-0.038030028036882,-0.0377393577268976,-0.0374538549046934,-0.0371733662243525,-0.0368977447451548,-0.036626849592817,-0.036360545642,-0.0360987032185575,-0.0358411978201183,-0.0355879098537101,-0.0353387243892353,-0.0350935309277017,-0.0348522231831969,-0.0346146988776731,-0.0343808595476794,-0.0341506103622447,-0.0339238599511727,-0.0337005202430658,-0.0334805063124463,-0.0332637362353849,-0.0330501309530961,-0.0328396141429902,-0.0326321120967169,-0.03242755360476,-0.0322258698471798,-0.0320269942901241,-0.0318308625877564,-0.0316374124892738,-0.0314465837507081,-0.0312583180512265,-0.031072558913665,-0.030889251629047,-0.0307083431848547,-0.0305297821968364,-0.0303535188441489,-0.0301795048076426,-0.0300076932111141,-0.0298380385653601,-0.0296704967148753,-0.0295050247870505,-0.0293415811437327,-0.02918012533502,-0.0290206180551696,-0.0288630211005075,-0.0287072973292314,-0.0285534106230098,-0.0284013258502806,-0.0282510088311633,-0.0281024263038998,-0.027955545892747,-0.0278103360772466,-0.0276667661628031,-0.0275248062525047,-0.0273844272201245,-0.0272456006842449,-0.0271082989834502,-0.0269724951525335,-0.0268381628996728,-0.0267052765845249,-0.0265738111971989,-0.0264437423380627,-0.0263150461983468,-0.0261876995415075,-0.0260616796853135,-0.0259369644846236,-0.0258135323148233,-0.025691362055892,-0.0255704330770698,-0.0254507252221001,-0.0253322187950199,-0.025214894546476,-0.0250987336605415,-0.0249837177420138,-0.0248698288041707,-0.0247570492569668,-0.0246453618956502,-0.024534749889783,-0.0244251967726472,-0.0243166864310208,-0.0242092030953092,-0.0241027313300161,-0.0239972560245406,-0.0238927623842874,-0.0237892359220773,-0.0236866624498459,-0.023585028070619,-0.0234843191707539,-0.0233845224124356,-0.0232856247264191,-0.023187613305007,-0.0230904755952535,-0.0229941992923874,-0.0228987723334436,-0.022804182891097,-0.0227104193676907,-0.0226174703894504,-0.0225253248008792,-0.0224339716593255,-0.0223434002297177,-0.02225359997946,-0.0221645605734826,-0.0220762718694414,-0.0219887239130624,-0.0219019069336238,-0.0218158113395723,-0.0217304277142697,-0.0216457468118622,-0.0215617595532717,-0.0214784570223025,-0.02139583046186,-0.0213138712702779,-0.0212325709977501,-0.0211519213428633,-0.0210719141492275,-0.020992541402201,-0.0209137952257059,-0.0208356678791327,-0.0207581517543295,-0.0206812393726743,-0.0206049233822259,-0.0205291965549541,-0.0204540517840418,-0.0203794820812624,-0.0203054805744246,-0.0202320405048869,-0.0201591552251363,-0.0200868181964318,-0.0200150229865085,-0.0199437632673418,-0.0198730328129696,-0.0198028254973702,-0.0197331352923946,-0.0196639562657515,-0.0195952825790436,-0.0195271084858528,-0.0194594283298744,-0.0193922365430969,-0.0193255276440275,-0.0192592962359619,-0.0191935370052957,-0.0191282447198781,-0.019063414227405,-0.018999040453852,-0.0189351184019436,-0.0188716431496614,-0.0188086098487862,-0.0187460137234751,-0.0186838500688735,-0.0186221142497581,-0.0185608016992134,-0.0184999079173377,0,-0.0627964296057237,-0.0617642384539283,-0.0607536889477494,-0.0597764645061021,-0.0588346923556406,-0.0579282327463862,-0.057056055017826,-0.0562167047988206,-0.0554085444194852,-0.0546298908367768,-0.0538790932966644,-0.0531545742404454,-0.0524548482523627,-0.051778528307727,-0.05112432497711,-0.0504910419622391,-0.0498775699330377,-0.0492828797840849,-0.0487060159213373,-0.0481460898920451,-0.0476022744991622,-0.047073798445282,-0.0465599414993733,-0.046060030153751,-0.0455734337276728,-0.0450995608710982,-0.0446378564236038,-0.0441877985869646,-0.043748896374232,-0.043320687302557,-0.0429027353011902,-0.0424946288098639,-0.0420959790460878,-0.0417064184227691,-0.0413255991000396,-0.0409531916572813,-0.0405888838731373,-0.0402323796028242,-0.0398833977433614,-0.0395416712784467,-0.0392069463956608,-0.0388789816694981,-0.0385575473044347,-0.0382424244328504,-0.0379334044631617,-0.037630288473985,-0.0373328866505606,-0.03704101776003,-0.0367545086624774,-0.0364731938549314,-0.0361969150457756,-0.0359255207572421,-0.0356588659538659,-0.0353968116949608,-0.0351392248093391,-0.034885977590649,-0.0346369475118353,-0.0343920169573522,-0.034151072971866,-0.0339140070242876,-0.0336807147860647,-0.0334510959227484,-0.0332250538979236,-0.0330024957886644,-0.032783332111736,-0.0325674766598283,-0.0323548463471536,-0.0321453610637954,-0.0319389435382371,-0.0317355192075428,-0.0315350160946991,-0.0313373646926629,-0.0311424978546929,-0.03095035069057,-0.0307608604683438,-0.0305739665212626,-0.0303896101595718,-0.030207734586885,-0.0300282848208531,-0.0298512076178759,-0.0296764514016157,-0.0295039661950903,-0.0293337035561375,-0.0291656165160555,-0.028999659521237,-0.0288357883776282,-0.0286739601978507,-0.0285141333508396,-0.0283562674138565,-0.0282003231267469,-0.0280462623483191,-0.0278940480147296,-0.0277436440997663,-0.0275950155769289,-0.0274481283832099,-0.0273029493844884,-0.0271594463424499,-0.0270175878829559,-0.0268773434657858,-0.0267386833556834,-0.0266015785946397,-0.0264660009753518,-0.0263319230157972,-0.0261993179348701,-0.0260681596290254,-0.0259384226498829,-0.0258100821827444,-0.0256831140259793,-0.0255574945712379,-0.0254332007844529,-0.025310210187592,-0.0251885008411261,-0.0250680513271801,-0.0249488407333354,-0.0248308486370534,-0.0247140550906918,-0.0245984406070876,-0.0244839861456815,-0.0243706730991578,-0.0242584832805802,-0.0241473989109981,-0.024037402607506,-0.0239284773717347,-0.0238206065787556,-0.0237137739663817,-0.0236079636248474,-0.0235031599868518,-0.0233993478179493,-0.0232965122072747,-0.0231946385585872,-0.0230937125816214,-0.0229937202837328,-0.0228946479618251,-0.0227964821945484,-0.0226992098347575,-0.0226028180022207,-0.0225072940765669,-0.0224126256904651,-0.0223188007230239,-0.0222258072934049,-0.0221336337546405,-0.0220422686876484,-0.0219517008954365,-0.0218619193974889,-0.0217729134243282,-0.0216846724122469,-0.0215971859982005,-0.0215104440148586,-0.0214244364858057,-0.0213391536208886,-0.0212545858117034,-0.0211707236272176,-0.0210875578095231,-0.0210050792697144,-0.020923279083888,-0.0208421484892599,-0.0207616788803943,-0.0206818618055431,-0.0206026889630893,-0.0205241521980929,-0.0204462434989347,-0.0203689549940548,-0.0202922789487831,-0.0202162077622582,-0.0201407339644318,-0.0200658502131566,-0.019991549291353,-0.0199178241042544,-0.0198446676767271,-0.0197720731506623,-0.0197000337824389,-0.0196285429404532,-0.0195575941027159,-0.019487180854511,-0.0194172968861177,-0.019347935990591,-0.0192790920616012,-0.0192107590913281,-0.0191429311684108,-0.0190756024759496,-0.0190087672895584,-0.0189424199754674,-0.0188765549886736,-0.0188111668711375,-0.0187462502500247,-0.0186817998359926,-0.0186178104215177,-0.0185542768792659,-0.0184911941605014,-0.0184285572935354,-0.0183663613822121,-0.0183046016044315,-0.0182432732107075,-0.0181823715227608,-0.0181218919321454,-0.0180618298989073,-0.0180021809502755,-0.0179429406793831,-0.0178841047440193,-0.0178256688654091,0,-0.0598658204434831,-0.0588779413840901,-0.05791240036553,-0.0569807708788392,-0.0560847003804854,-0.0552235740954558,-0.0543959982583154,-0.053600276612846,-0.0528346274262325,-0.0520972937480681,-0.0513865981695646,-0.0507009669606544,-0.0500389374242835,-0.0493991563834872,-0.0487803743033769,-0.0481814375625211,-0.0476012802372137,-0.0470389161028585,-0.0464934311849512,-0.0459639769873398,-0.0454497644166958,-0.04495005836796,-0.0444641729117805,-0.0439914670176761,-0.0435313407478542,-0.043083231861789,-0.0426466127783603,-0.0422209878492558,-0.0418058909038223,-0.0414008830313361,-0.0410055505716743,-0.0406195032896442,-0.0402423727118293,-0.0398738106078293,-0.0395134876003012,-0.0391610918903175,-0.0388163280863339,-0.0384789161265428,-0.0381485902856499,-0.0378250982581729,-0.0375082003112736,-0.0371976685009089,-0.0368932859457604,-0.0365948461539813,-0.0363021523983033,-0.0360150171354941,-0.035733261466538,-0.0354567146342621,-0.0351852135554298,-0.0349186023845996,-0.0346567321072827,-0.0343994601601574,-0.0341466500762851,-0.0338981711534541,-0.0336538981439329,-0.0334137109640565,-0.0331774944222032,-0.0329451379638317,-0.0327165354323597,-0.0324915848447592,-0.0322701881808362,-0.0320522511852388,-0.0318376831813158,-0.0316263968960135,-0.031418308295061,-0.03121333642775,-0.0310114032806691,-0.0308124336397987,-0.0306163549604162,-0.0304230972443041,-0.0302325929237863,-0.0300447767521575,-0.0298595857000955,-0.0296769588576823,-0.0294968373416802,-0.0293191642077376,-0.0291438843672211,-0.0289709445083902,-0.0288002930216522,-0.0286318799286511,-0.0284656568149628,-0.0283015767661818,-0.0281395943072014,-0.0279796653445005,-0.0278217471112639,-0.0276657981151733,-0.0275117780887167,-0.027359647941875,-0.0272093697170515,-0.0270609065461212,-0.0269142226094808,-0.0267692830969928,-0.0266260541707184,-0.0264845029293442,-0.026344597374212,-0.0262063063768669,-0.0260695996480425,-0.0259344477080105,-0.025800821858222,-0.0256686941541748,-0.0255380373794445,-0.0254088250208201,-0.0252810312444884,-0.0251546308732154,-0.0250295993644751,-0.0249059127894792,-0.0247835478130637,-0.0246624816743907,-0.0245426921684274,-0.0244241576281633,-0.0243068569075327,-0.0241907693650076,-0.0240758748478311,-0.023962153676861,-0.0238495866319954,-0.0237381549381544,-0.0236278402517916,-0.0235186246479131,-0.0234104906075799,-0.0233034210058732,-0.0231973991003016,-0.0230924085196313,-0.0229884332531208,-0.0228854576401427,-0.022783466360176,-0.0226824444231526,-0.0225823771601447,-0.0224832502143763,-0.0223850495325479,-0.0222877613564591,-0.0221913722149191,-0.0220958689159313,-0.0220012385391423,-0.0219074684285438,-0.0218145461854179,-0.0217224596615162,-0.0216311969524619,-0.0215407463913691,-0.0214510965426675,-0.0213622361961271,-0.0212741543610742,-0.0211868402607908,-0.0211002833270922,-0.0210144731950735,-0.0209293996980216,-0.0208450528624836,-0.0207614229034887,-0.0206785002199152,-0.0205962753899994,-0.02051473916698,-0.020433882474874,-0.0203536964043781,-0.0202741722088927,-0.0201953013006628,-0.0201170752470329,-0.0200394857668101,-0.0199625247267341,-0.0198861841380481,-0.0198104561531684,-0.019735333062449,-0.0196608072910378,-0.0195868713958218,-0.0195135180624575,-0.0194407401024844,-0.0193685304505182,-0.0192968821615222,-0.0192257884081521,-0.0191552424781749,-0.0190852377719562,-0.0190157678000166,-0.0189468261806524,-0.0188784066376211,-0.0188105029978874,-0.0187431091894288,-0.0186762192390993,-0.0186098272705483,-0.0185439275021944,-0.0184785142452504,-0.0184135819018004,-0.0183491249629249,-0.0182851380068748,-0.0182216156972905,-0.0181585527814668,-0.0180959440886609,-0.0180337845284423,-0.0179720690890845,-0.0179107928359956,-0.0178499509101882,-0.0177895385267856,-0.0177295509735661,-0.017669983609541,-0.0176108318635675,-0.0175520912329949,-0.0174937572823433,-0.0174358256420132,-0.0173782920070261,-0.0173211521357945,-0.0172644018489208,-0.0172080370280242,-0.0171520536145951,0,-0.0569187398510278,-0.0559711675290773,-0.0550513300210272,-0.0541668722720886,-0.0533182610792241,-0.0525042039884707,-0.0517228672054104,-0.0509722835994151,-0.0502505207895382,-0.0495557521505904,-0.0488862827117731,-0.0482405533990274,-0.047617135199965,-0.0470147191282842,-0.046432104950737,-0.0458681901150268,-0.0453219595173558,-0.0447924763352719,-0.0442788739459012,-0.0437803488549192,-0.043296154525033,-0.0428255959856123,-0.0423680251118863,-0.0419228364745776,-0.0414894636747433,-0.0410673760918931,-0.0406560759853071,-0.0402550958986096,-0.0398639963261248,-0.0394823636065205,-0.0391098080149486,-0.0387459620295301,-0.0383904787518144,-0.0380430304639107,-0.03770330730751,-0.0373710160720736,-0.0370458790811716,-0.0367276331673673,-0.0364160287272294,-0.0361108288490503,-0.0358118085066956,-0.0355187538137334,-0.0352314613326155,-0.0349497374342202,-0.0346733977035386,-0.0344022663876976,-0.0341361758828734,-0.0338749662569774,-0.033618484805272,-0.0333665856363403,-0.0331191292860508,-0.0328759823573728,-0.0326370171840754,-0.032402111516515,-0.0321711482278627,-0.0319440150392631,-0.0317206042625368,-0.0315008125591539,-0.0312845407143079,-0.0310716934250105,-0.0308621791012175,-0.0306559096790691,-0.0304528004454025,-0.0302527698727585,-0.0300557394641632,-0.0298616336070207,-0.0296703794355039,-0.0294819067008739,-0.0292961476492048,-0.0291130369060244,-0.028932511367422,-0.0287545100972028,-0.028578974229703,-0.0284058468779037,-0.0282350730465097,-0.028066599549682,-0.027900374933135,-0.0277363494003295,-0.0275744747425106,-0.0274147042723583,-0.0272569927610323,-0.0271012963784094,-0.0269475726363242,-0.0267957803346371,-0.0266458795099633,-0.0264978313869123,-0.0263515983316905,-0.026207143807935,-0.0260644323346513,-0.0259234294461383,-0.0257841016537893,-0.0256464164096664,-0.0255103420717512,-0.0253758478707804,-0.0252429038785826,-0.0251114809778341,-0.0249815508331602,-0.0248530858635111,-0.0247260592157455,-0.024600444739359,-0.0244762169623005,-0.0243533510678194,-0.0242318228722915,-0.0241116088039767,-0.0239926858826585,-0.0238750317001263,-0.0237586244014548,-0.0236434426670448,-0.0235294656953876,-0.023416673186518,-0.0233050453261241,-0.0231945627702816,-0.0230852066307853,-0.022976958461048,-0.0228698002425417,-0.0227637143717564,-0.0226586836476527,-0.0225546912595853,-0.0224517207756777,-0.0223497561316271,-0.0222487816199199,-0.0221487818794415,-0.022049741885462,-0.0219516469399813,-0.02185448266242,-0.0217582349806382,-0.0216628901222725,-0.0215684346063733,-0.021474855235334,-0.0213821390870968,-0.0212902735076258,-0.0211992461036353,-0.0211090447355637,-0.0210196575107823,-0.0209310727770306,-0.0208432791160677,-0.0207562653375334,-0.0206700204730079,-0.020584533770265,-0.0204997946877098,-0.0204157928889943,-0.020332518237804,-0.0202499607928085,-0.0201681108027718,-0.020086958701813,-0.0200064951048152,-0.019926710802975,-0.0198475967594881,-0.0197691441053657,-0.0196913441353782,-0.0196141883041192,-0.0195376682221879,-0.019461775652484,-0.0193865025066127,-0.0193118408413935,-0.0192377828554723,-0.0191643208860303,-0.0190914474055879,-0.0190191550189007,-0.0189474364599423,-0.0188762845889743,-0.0188056923896968,-0.01873565296648,-0.0186661595416717,-0.0185972054529799,-0.018528784150927,-0.0184608891963734,-0.0183935142581092,-0.0183266531105097,-0.0182602996312551,-0.0181944477991108,-0.018129091691766,-0.0180642254837309,-0.0179998434442875,-0.0179359399354958,-0.0178725094102505,-0.0178095464103884,-0.017747045564845,-0.017685001587858,-0.0176234092772164,-0.017562263512554,-0.0175015592536868,-0.017441291538991,-0.0173814554838222,-0.0173220462789735,-0.0172630591891721,-0.0172044895516128,-0.0171463327745271,-0.0170885843357875,-0.0170312397815457,-0.0169742947249031,-0.0169177448446139,-0.016861585883819,-0.0168058136488096,-0.0167504240078208,-0.0166954128898527,-0.0166407762835203,-0.0165865102359289,-0.016532610851577,-0.0164790742912835,0,-0.0539540774307306,-0.0530452284752046,-0.0521724395546605,-0.0513370202135802,-0.0505377519967794,-0.0497725237765122,-0.0490390226891964,-0.0483350081026393,-0.0476584080978707,-0.0470073419531219,-0.0463801132100935,-0.0457751923893107,-0.0451911974066701,-0.044626874943055,-0.0440810839105093,-0.0435527812427756,-0.0430410098615447,-0.0425448885385732,-0.0420636033519563,-0.0415964004584495,-0.0411425799429014,-0.0407014905470077,-0.0402725251170348,-0.0398551166420049,-0.0394487347799147,-0.0390528827904584,-0.0386670948092446,-0.0382909334114546,-0.0379239874230154,-0.0375658699452664,-0.0372162165652791,-0.0368746837288399,-0.0365409472569299,-0.0362147009895692,-0.0358956555433197,-0.0355835371706997,-0.0352780867113507,-0.03497905862611,-0.0346862201062262,-0.0343993502508626,-0.0341182393068059,-0.0338426879649525,-0.0335725067087081,-0.0333075152099303,-0.0330475417684691,-0.0327924227917374,-0.0325420023110777,-0.0322961315319853,-0.0320546684155134,-0.0318174772884204,-0.0315844284798356,-0.0313553979824052,-0.0311302671360591,-0.0309089223326913,-0.0306912547401924,-0.0304771600443965,-0.0302665382076276,-0.0300592932426333,-0.0298553330007927,-0.029654568973574,-0.0294569161062973,-0.0292622926233351,-0.0290706198639462,-0.0288818221280057,-0.0286958265309474,-0.0285125628672883,-0.0283319634821521,-0.0281539631502542,-0.027978498961847,-0.0278055102151678,-0.0276349383149582,-0.027466726676661,-0.0273008206359269,-0.0271371673630899,-0.0269757157822956,-0.0268164164949873,-0.0266592217074791,-0.02650408516236,-0.0263509620734945,-0.0261998090643985,-0.026050584109787,-0.0259032464801024,-0.0257577566888458,-0.0256140764425451,-0.0254721685932053,-0.0253319970930976,-0.0251935269517505,-0.0250567241950178,-0.0249215558261061,-0.0247879897884501,-0.0246559949303337,-0.0245255409711592,-0.0243965984692744,-0.0242691387912732,-0.0241431340826883,-0.0240185572400038,-0.0238953818839148,-0.0237735823337702,-0.0236531335831357,-0.0235340112764187,-0.023416191686501,-0.0232996516933276,-0.023184368763402,-0.0230703209301442,-0.0229574867750666,-0.0228458454097284,-0.0227353764584298,-0.0226260600416094,-0.0225178767599116,-0.0224108076788917,-0.0223048343143272,-0.0221999386181081,-0.022096102964678,-0.0219933101380012,-0.0218915433190295,-0.0217907860736493,-0.0216910223410826,-0.0215922364227259,-0.0214944129714035,-0.0213975369810197,-0.0213015937765898,-0.0212065690046354,-0.0211124486239264,-0.0210192188965559,-0.0209268663793331,-0.0208353779154802,-0.0207447406266221,-0.0206549419050544,-0.0205659694062792,-0.0204778110417983,-0.0203904549721516,-0.0203038896001918,-0.0202181035645853,-0.0201330857335306,-0.020048825198685,-0.0199653112692916,-0.0198825334664986,-0.0198004815178635,-0.0197191453520344,-0.0196385150936027,-0.0195585810581194,-0.0194793337472693,-0.0194007638441967,-0.0193228622089783,-0.0192456198742356,-0.0191690280408829,-0.0190930780740062,-0.0190177614988672,-0.0189430699970283,-0.0188689954025944,-0.0187955296985671,-0.0187226650133068,-0.0186503936171002,-0.018578707918827,-0.0185076004627261,-0.0184370639252534,-0.0183670911120316,-0.0182976749548866,-0.0182288085089693,-0.0181604849499576,-0.0180926975713386,-0.0180254397817656,-0.0179587051024898,-0.0178924871648622,-0.0178267797079048,-0.0177615765759484,-0.0176968717163335,-0.0176326591771751,-0.0175689331051868,-0.0175056877435626,-0.0174429174299162,-0.0173806165942743,-0.0173187797571222,-0.017257401527502,-0.0171964766011588,-0.0171359997587358,-0.017075965864016,-0.0170163698622082,-0.0169572067782778,-0.0168984717153192,-0.0168401598529691,-0.0167822664458607,-0.0167247868221153,-0.0166677163818724,-0.0166110505958554,-0.0165547850039728,-0.0164989152139544,-0.0164434369000194,-0.016388345801578,-0.0163336377219635,-0.0162793085271956,-0.0162253541447725,-0.016171770562492,-0.0161185538273009,-0.0160657000441712,-0.016013205375002,-0.0159610660375487,-0.0159092783043749,-0.0158578385018305,-0.0158067430090521,0,-0.0509696464123526,-0.0501013326988718,-0.0492777689172433,-0.048493577885442,-0.0477456595794804,-0.0470310314840787,-0.0463469086195169,-0.0456908031968026,-0.0450605332402772,-0.0444541908265508,-0.0438701008051783,-0.0433067820349637,-0.0427629146004494,-0.0422373132256563,-0.0417289060623519,-0.0412367178286352,-0.0407598563608852,-0.0402975018066965,-0.0398488978513273,-0.0394133445110763,-0.0389901921395442,-0.0385788363796326,-0.0381787138599721,-0.0377892984838425,-0.0374100981954422,-0.0370406521357246,-0.0366805281203517,-0.0363293203874556,-0.0359866475741969,-0.0356521508895915,-0.0353254924574769,-0.0350063538083499,-0.0346944345025437,-0.0343894508700983,-0.0340911348549424,-0.0337992329527976,-0.0335135052336576,-0.0332337244408598,-0.0329596751597374,-0.0326911530496381,-0.0324279641337774,-0.0321699241419725,-0.0319168579018031,-0.0316685987741794,-0.03142498812968,-0.0311858748623586,-0.0309511149380175,-0.0307205709742151,-0.0304941118495122,-0.0302716123396789,-0.0300529527787793,-0.0298380187432249,-0.0296267007570523,-0.0294188940168193,-0.0292144981346529,-0.0290134168980963,-0.0288155580455168,-0.0286208330559335,-0.0284291569522163,-0.0282404481166907,-0.0280546281182598,-0.0278716215502253,-0.0276913558780505,-0.0275137612963714,-0.0273387705946117,-0.0271663190306089,-0.0269963442117035,-0.0268287859827845,-0.026663586320823,-0.0265006892354601,-0.0263400406752473,-0.0261815884391699,-0.0260252820931055,-0.025871072890901,-0.0257189136997712,-0.0255687589297423,-0.0254205644668875,-0.0252742876101149,-0.0251298870112885,-0.0249873226184771,-0.0248465556221383,-0.0247075484040625,-0.0245702644889085,-0.0244346684981775,-0.0243007261064822,-0.0241684039999741,-0.0240376698368059,-0.0239084922095111,-0.0237808406091898,-0.0236546853914001,-0.0235299977436587,-0.02340674965446,-0.0232849138837308,-0.023164463934642,-0.0230453740267018,-0.0229276190700634,-0.0228111746409811,-0.022696016958353,-0.0225821228612956,-0.0224694697876932,-0.0223580357536744,-0.0222477993339664,-0.0221387396430827,-0.0220308363173025,-0.0219240694974018,-0.0218184198120981,-0.0217138683621753,-0.021610396705253,-0.0215079868411711,-0.0214066211979588,-0.0213062826183605,-0.0212069543468916,-0.0211086200174003,-0.0210112636411105,-0.0209148695951247,-0.0208194226113644,-0.0207249077659294,-0.0206313104688563,-0.0205386164542575,-0.0204468117708255,-0.020355882772685,-0.0202658161105771,-0.0201765987233632,-0.0200882178298321,-0.0200006609207987,-0.0199139157514825,-0.0198279703341523,-0.019742812931027,-0.0196584320474218,-0.019574816425129,-0.0194919550360245,-0.0194098370758905,-0.0193284519584446,-0.0192477893095689,-0.0191678389617298,-0.0190885909485808,-0.0190100354997416,-0.0189321630357468,-0.0188549641631567,-0.0187784296698247,-0.018702550520315,-0.0186273178514649,-0.018552722968086,-0.0184787573387993,-0.0184054125919995,-0.0183326805119429,-0.0182605530349547,-0.0181890222457517,-0.0181180803738759,-0.0180477197902345,-0.0179779330037433,-0.0179087126580695,-0.0178400515284694,-0.0177719425187199,-0.0177043786581379,-0.0176373530986866,-0.0175708591121639,-0.0175048900874724,-0.017439439527965,-0.0173745010488669,-0.0173100683747693,-0.0172461353371924,-0.0171826958722165,-0.0171197440181786,-0.0170572739134307,-0.0169952797941613,-0.0169337559922736,-0.0168726969333225,-0.0168120971345059,-0.0167519512027101,-0.0166922538326061,-0.0166329998047971,-0.0165741839840139,-0.0165158013173569,-0.0164578468325847,-0.016400315636446,-0.0163432029130546,-0.0162865039223055,-0.0162302139983316,-0.0161743285479992,-0.0161188430494409,-0.0160637530506259,-0.0160090541679652,-0.0159547420849511,-0.0159008125508314,-0.0158472613793141,-0.0157940844473055,-0.0157412776936781,-0.0156888371180675,-0.0156367587796996,-0.0155850387962447,-0.0155336733426993,-0.0154826586502942,-0.0154319910054286,-0.0153816667486282,-0.0153316822735292,-0.0152820340258842,-0.0152327185025922,-0.0151837322507505,-0.0151350718667282,0,-0.0479635602376762,-0.0471408592190358,-0.0463695427384127,-0.0456390764695565,-0.0449446101430922,-0.0442823375175965,-0.0436490584294946,-0.0430420936738583,-0.0424591983328029,-0.0418984745414755,-0.0413582971231768,-0.0408372551485669,-0.040334107599606,-0.0398477501468554,-0.0393771902593478,-0.0389215284287302,-0.0384799438442556,-0.0380516833059075,-0.0376360525028482,-0.0372324090322068,-0.0368401567109771,-0.0364587408603092,-0.0360876443312344,-0.0357263841045136,-0.0353745083424893,-0.0350315938029843,-0.0346972435482633,-0.0343710848985499,-0.034052767591482,-0.0337419621175205,-0.033438358207644,-0.033141663454333,-0.0328516020503336,-0.03256791363233,-0.0322903522186775,-0.032018685231926,-0.0317526925981094,-0.0314921659157835,-0.0312369076886129,-0.0309867306159976,-0.0307414569367995,-0.0305009178217307,-0.0302649528103876,-0.0300334092892947,-0.0298061420076479,-0.0295830126277476,-0.0293638893073697,-0.0291486463115643,-0.0289371636515835,-0.0287293267488338,-0.0285250261219259,-0.0283241570950534,-0.028126619526079,-0.0279323175528382,-0.0277411593562935,-0.0275530569392823,-0.0273679259197029,-0.0271856853370776,-0.0270062574715122,-0.0268295676741555,-0.0266555442083278,-0.026484118100556,-0.0263152230008106,-0.0261487950512966,-0.0259847727631995,-0.0258230969008331,-0.0256637103726789,-0.0255065581288471,-0.0253515870645207,-0.0251987459289827,-0.0250479852398505,-0.0248992572021751,-0.0247525156320827,-0.0246077158846648,-0.0244648147858402,-0.0243237705679346,-0.0241845428087418,-0.0240470923738462,-0.0239113813620024,-0.0237773730533827,-0.0236450318605156,-0.0235143232817508,-0.0233852138570987,-0.0232576711263007,-0.0231316635889985,-0.0230071606668778,-0.0228841326676719,-0.0227625507509155,-0.0226423868953502,-0.0225236138678854,-0.0224062051940284,-0.0222901351296992,-0.0221753786343556,-0.0220619113453539,-0.0219497095534787,-0.0218387501795784,-0.0217290107522472,-0.0216204693864961,-0.0215131047633634,-0.0214068961104126,-0.0213018231830731,-0.0211978662467802,-0.0210950060598725,-0.0209932238572094,-0.0208925013344714,-0.0207928206331104,-0.0206941643259161,-0.0205965154031694,-0.0204998572593547,-0.0204041736804021,-0.0203094488314358,-0.0202156672450046,-0.0201228138097701,-0.0200308737596333,-0.019939832663278,-0.0198496764141113,-0.0197603912205842,-0.0196719635968755,-0.0195843803539195,-0.0194976285907666,-0.0194116956862585,-0.0193265692910054,-0.0192422373196526,-0.0191586879434232,-0.0190759095829247,-0.0189938909012091,-0.0189126207970757,-0.018832088398605,-0.0187522830569164,-0.018673194340138,-0.0185948120275814,-0.0185171261041124,-0.0184401267547102,-0.0183638043592062,-0.0182881494871975,-0.0182131528931255,-0.0181388055115152,-0.018065098452368,-0.0179920229967013,-0.0179195705922316,-0.0178477328491922,-0.0177765015362839,-0.0177058685767507,-0.0176358260445774,-0.017566366160805,-0.0174974812899573,-0.0174291639365775,-0.0173614067418678,-0.0172942024804314,-0.0172275440571102,-0.0171614245039168,-0.0170958369770565,-0.0170307747540365,-0.0169662312308588,-0.0169021999192949,-0.0168386744442374,-0.0167756485411286,-0.0167131160534611,-0.0166510709303487,-0.0165895072241663,-0.0165284190882544,-0.016467800774688,-0.0164076466321066,-0.0163479511036032,-0.0162887087246715,-0.0162299141212083,-0.0161715620075689,-0.0161136471846761,-0.0160561645381779,-0.015999109036655,-0.0159424757298747,-0.0158862597470912,-0.0158304562953896,-0.0157750606580728,-0.0157200681930901,-0.0156654743315062,-0.0156112745760084,-0.0155574644994526,-0.0155040397434454,-0.0154509960169615,-0.0153983290949964,-0.0153460348172515,-0.0152941090868526,-0.0152425478690989,-0.0151913471902436,-0.0151405031363035,-0.0150900118518971,-0.0150398695391118,-0.0149900724563969,-0.0149406169174835,-0.0148914992903309,-0.0148427159960959,-0.0147942635081287,-0.0147461383509898,-0.0146983370994918,-0.0146508563777625,-0.014603692858329,-0.0145568432612244,-0.0145103043531132,-0.0144640729464378,0,-0.0449353371413443,-0.0441656252697251,-0.0434502734147125,-0.0427762665608744,-0.0421373960836929,-0.0415291765981534,-0.0409480987909652,-0.0403913751639029,-0.0398567604160374,-0.0393424125253385,-0.0388467894314035,-0.0383685744163392,-0.0379066228723363,-0.037459924360466,-0.0370275753943509,-0.03660875969267,-0.0362027336316259,-0.0358088153322065,-0.0354263763060494,-0.0350548349195715,-0.0346936511656539,-0.0343423223890289,-0.0340003797187959,-0.0336673850350334,-0.0333429283470392,-0.0330266254956293,-0.0327181161161158,-0.0324170618154245,-0.0321231445286192,-0.0318360650284207,-0.0315555415672322,-0.0312813086354344,-0.0310131158228138,-0.0307507267722655,-0.0304939182166288,-0.0302424790908252,-0.0299962097124882,-0.0297549210250919,-0.0295184338982509,-0.0292865784804149,-0.0290591935996493,-0.0288361262086004,-0.028617230870094,-0.0284023692801262,-0.0281914098252906,-0.0279842271719291,-0.0277807018845246,-0.0275807200710596,-0.0273841730532486,-0.0271909570597284,-0.0270009729404417,-0.0268141259005969,-0.0266303252527151,-0.0264494841853971,-0.0262715195475529,-0.0260963516469377,-0.0259239040619294,-0.0257541034655707,-0.0255868794609732,-0.0254221644272553,-0.0252598933752496,-0.0251000038122762,-0.0249424356153332,-0.0247871309121072,-0.0246340339692516,-0.0244830910874245,-0.0243342505026159,-0.0241874622933316,-0.0240426782932316,-0.0238998520088536,-0.0237589385420796,-0.0236198945170267,-0.023482678011071,-0.023347248489731,-0.0232135667451608,-0.0230815948380172,-0.0229512960424863,-0.0228226347942675,-0.0226955766413289,-0.0225700881972608,-0.022446137097065,-0.022323691955232,-0.0222027223259653,-0.0220831986654229,-0.0219650922958561,-0.0218483753715319,-0.0217330208463341,-0.0216190024429463,-0.021506294623522,-0.021394872561761,-0.0212847121163076,-0.0211757898053987,-0.0210680827826917,-0.0209615688142052,-0.0208562262563124,-0.020752034034731,-0.0206489716244523,-0.0205470190305629,-0.0204461567699093,-0.0203463658535619,-0.0202476277700355,-0.0201499244692292,-0.0200532383470464,-0.0199575522306617,-0.0198628493644022,-0.0197691133962105,-0.0196763283646635,-0.0195844786865165,-0.0194935491447494,-0.0194035248770894,-0.0193143913649871,-0.0192261344230257,-0.0191387401887412,-0.0190521951128351,-0.0189664859497622,-0.0188815997486743,-0.0187975238447046,-0.0187142458505783,-0.0186317536485319,-0.0185500353825305,-0.0184690794507679,-0.018388874498438,-0.0183094094107644,-0.0182306733062792,-0.018152655530338,-0.0180753456488623,-0.017998733442299,-0.0179228088997894,-0.0178475622135362,-0.0177729837733627,-0.0176990641614556,-0.0176257941472838,-0.0175531646826851,-0.0174811668971164,-0.0174097920930582,-0.0173390317415696,-0.0172688774779862,-0.0171993210977559,-0.0171303545524074,-0.0170619699456468,-0.0169941595295752,-0.0169269157010263,-0.0168602309980157,-0.0167940980963003,-0.0167285098060428,-0.0166634590685774,-0.0165989389532727,-0.0165349426544893,-0.016471463488627,-0.0164084948912607,-0.0163460304143589,-0.0162840637235848,-0.0162225885956746,-0.0161615989158923,-0.0161010886755569,-0.0160410519696403,-0.0159814829944331,-0.0159223760452756,-0.0158637255143535,-0.0158055258885537,-0.0157477717473793,-0.0156904577609233,-0.0156335786878958,-0.0155771293737061,-0.0155211047485958,-0.0154654998258226,-0.0154103096998919,-0.015355529544836,-0.0153011546125382,-0.0152471802311012,-0.0151936018032579,-0.015140414804823,-0.015087614783186,-0.0150351973558411,-0.0149831582089553,-0.0149314930959741,-0.0148801978362599,-0.0148292683137669,-0.0147787004757478,-0.0147284903314936,-0.0146786339511031,-0.0146291274642845,-0.014579967059185,-0.0145311489812492,-0.0144826695321057,-0.0144345250684797,-0.0143867120011325,-0.0143392267938253,-0.0142920659623091,-0.0142452260733367,-0.0141987037436993,-0.0141524956392853,-0.0141065984741602,-0.0140610090096693,-0.0140157240535598,-0.0139707404591239,-0.0139260551243606,-0.0138816649911578,-0.0138375670444915,-0.0137937583116445,0,-0.0418866554706787,-0.0411780947268418,-0.040522848171066,-0.0399081594265847,-0.0393269944881642,-0.0387744142407791,-0.0382467495995418,-0.0377412107929847,-0.0372556265735711,-0.0367882624360224,-0.0363376952022974,-0.0359027272231708,-0.0354823277433266,-0.0350755926288243,-0.0346817164375933,-0.0342999727850154,-0.033929700302327,-0.033570292387517,-0.0332211895481463,-0.032881873533313,-0.0325518627159472,-0.0322307083620971,-0.0319179915408393,-0.0316133205066412,-0.0313163284384534,-0.0310266714551016,-0.0307440268503788,-0.0304680915074025,-0.0301985804628063,-0.0299352255988819,-0.0296777744469888,-0.029425989089185,-0.0291796451475846,-0.0289385308527886,-0.028702446184075,-0.0284712020750377,-0.0282446196791359,-0.0280225296902249,-0.0278047717136356,-0.0275911936837845,-0.0273816513246517,-0.0271760076497745,-0.0269741324986806,-0.0267759021069328,-0.0265811987071835,-0.0263899101588418,-0.0262019296041472,-0.0260171551486159,-0.0258354895639869,-0.0256568400119441,-0.0254811177870248,-0.0253082380772527,-0.0251381197411493,-0.0249706850998836,-0.0248058597434203,-0.0246435723496149,-0.0244837545152901,-0.0243263405984047,-0.0241712675704922,-0.0240184748786197,-0.0238679043161683,-0.0237194999017966,-0.0235732077659982,-0.0234289760447087,-0.0232867547794614,-0.0231464958236297,-0.0230081527543294,-0.0228716807895879,-0.022737036710416,-0.0226041787874469,-0.0224730667118327,-0.02234366153011,-0.022215925582771,-0.0220898224462921,-0.0219653168783952,-0.0218423747663281,-0.0217209630779715,-0.021601049815588,-0.0214826039720491,-0.0213655954893796,-0.0212499952194782,-0.0211357748868771,-0.0210229070534166,-0.0209113650847173,-0.0208011231183415,-0.0206921560335433,-0.0205844394225124,-0.0204779495630241,-0.0203726633924133,-0.020268558482797,-0.0201656130174715,-0.0200638057684208,-0.0199631160748707,-0.019863523822832,-0.019765009425578,-0.0196675538050041,-0.0195711383738228,-0.0194757450185482,-0.0193813560832287,-0.0192879543538868,-0.0191955230436316,-0.0191040457784058,-0.0190135065833368,-0.0189238898696603,-0.0188351804221871,-0.0187473633872862,-0.0186604242613589,-0.0185743488797779,-0.0184891234062713,-0.0184047343227273,-0.0183211684194013,-0.0182384127855051,-0.0181564548001603,-0.0180752821236993,-0.0179948826892967,-0.0179152446949173,-0.0178363565955647,-0.0177582070958177,-0.0176807851426419,-0.0176040799184625,-0.0175280808344893,-0.01745277752428,-0.0173781598375339,-0.0173042178341043,-0.0172309417782209,-0.0171583221329134,-0.0170863495546273,-0.0170150148880243,-0.016944309160959,-0.016874223579626,-0.0168047495238681,-0.0167358785426414,-0.0166676023496297,-0.0165999128190021,-0.0165328019813089,-0.0164662620195098,-0.0164002852651291,-0.0163348641945334,-0.0162699914253266,-0.0162056597128583,-0.0161418619468404,-0.0160785911480687,-0.0160158404652453,-0.015953603171897,-0.0158918726633888,-0.0158306424540248,-0.0157699061742384,-0.0157096575678638,-0.0156498904894892,-0.0155905989018873,-0.0155317768735202,-0.015473418576117,-0.0154155182823209,-0.0153580703634033,-0.0153010692870429,-0.0152445096151678,-0.0151883860018573,-0.0151326931913032,-0.0150774260158267,-0.01502257939395,-0.0149681483285215,-0.0149141279048907,-0.0148605132891339,-0.0148072997263258,-0.0147544825388592,-0.0147020571248083,-0.014650018956335,-0.0145983635781378,-0.014547086605941,-0.0144961837250227,-0.0144456506887815,-0.0143954833173394,-0.0143456774961807,-0.0142962291748258,-0.0142471343655376,-0.0141983891420614,-0.0141499896383956,-0.0141019320475936,-0.0140542126205946,-0.0140068276650836,-0.0139597735443794,-0.0139130466763497,-0.0138666435323518,-0.0138205606361996,-0.0137747945631553,-0.0137293419389448,-0.0136841994387965,-0.0136393637865034,-0.0135948317535062,-0.0135506001579991,-0.013506665864055,-0.0134630257807725,-0.0134196768614413,-0.0133766161027275,-0.0133338405438771,-0.0132913472659375,-0.0132491333909975,-0.0132071960814431,-0.0131655325392309,-0.0131241400051777,0,-0.0388213770941794,-0.0381814946778443,-0.0375905898519614,-0.0370380534900159,-0.0365165757103434,-0.0360210464326473,-0.0355478194740075,-0.0350942249565044,-0.0346582472390828,-0.0342383136268594,-0.0338331560205052,-0.0334417201056478,-0.0330631054038752,-0.0326965253565376,-0.0323412804420694,-0.0319967398055887,-0.0316623284757597,-0.0313375182715451,-0.0310218211641162,-0.0307147842876343,-0.0304159860704818,-0.030125033139307,-0.0298415577662073,-0.0295652157065425,-0.0292956843254697,-0.0290326609445286,-0.0287758613614789,-0.0285250185110089,-0.028279881243459,-0.0280402132050069,-0.0278057918069629,-0.0275764072746283,-0.0273518617680742,-0.0271319685685075,-0.0269165513248065,-0.0267054433554796,-0.0264984870017991,-0.0262955330282569,-0.0260964400668111,-0.0259010741016651,-0.0257093079915642,-0.0255210210268101,-0.0253360985183947,-0.0251544314168393,-0.0249759159584982,-0.0248004533372488,-0.0246279493996412,-0.0244583143617233,-0.0242914625458927,-0.024127312136248,-0.0239657849510328,-0.0238068062308706,-0.0236503044415924,-0.0234962110905506,-0.0233444605554003,-0.0231949899244095,-0.0230477388474321,-0.0229026493967493,-0.0227596659370446,-0.0226187350038359,-0.0224798051897461,-0.022342827038035,-0.0222077529428683,-0.0220745370558347,-0.0219431351982652,-0.0218135047789396,-0.0216856047168001,-0.0215593953683206,-0.0214348384592068,-0.0213118970201281,-0.0211905353262046,-0.0210707188399936,-0.0209524141577393,-0.0208355889586677,-0.0207202119571235,-0.0206062528573628,-0.0204936823108285,-0.0203824718757458,-0.020272593978892,-0.0201640218793986,-0.0200567296344614,-0.0199506920668362,-0.0198458847340112,-0.0197422838989527,-0.0196398665023284,-0.0195386101361194,-0.0194384930185372,-0.0193394939701692,-0.0192415923912806,-0.0191447682402048,-0.0190490020127597,-0.0189542747226325,-0.0188605678826759,-0.0187678634870674,-0.0186761439942805,-0.0185853923108268,-0.0184955917757231,-0.0184067261456479,-0.0183187795807469,-0.0182317366310561,-0.0181455822235078,-0.0180603016494903,-0.0179758805529326,-0.0178923049188857,-0.0178095610625779,-0.017727635618918,-0.0176465155324249,-0.0175661880475629,-0.0174866406994619,-0.0174078613050046,-0.0173298379542627,-0.0172525590022649,-0.0171760130610829,-0.0171001889922173,-0.0170250758992727,-0.0169506631209065,-0.0168769402240399,-0.0168038969973184,-0.0167315234448121,-0.0166598097799426,-0.0165887464196295,-0.0165183239786441,-0.0164485332641631,-0.0163793652705128,-0.0163108111740964,-0.0162428623284953,-0.0161755102597386,-0.0161087466617327,-0.0160425633918451,-0.0159769524666351,-0.0159119060577263,-0.0158474164878152,-0.0157834762268094,-0.0157200778880914,-0.0156572142249023,-0.0155948781268409,-0.0155330626164738,-0.0154717608460524,-0.0154109660943317,-0.0153506717634885,-0.015290871376134,-0.0152315585724177,-0.0151727271072201,-0.0151143708474282,-0.0150564837692947,-0.0149990599558741,-0.0149420935945356,-0.0148855789745482,-0.0148295104847367,-0.0147738826112054,-0.0147186899351271,-0.0146639271305958,-0.0146095889625398,-0.014555670284694,-0.014502166037629,-0.0144490712468351,-0.0143963810208595,-0.0143440905494945,-0.0142921951020154,-0.0142406900254664,-0.0141895707429924,-0.0141388327522166,-0.01408847162366,-0.0140384829992041,-0.0139888625905935,-0.013939606177978,-0.0138907096084926,-0.0138421687948747,-0.0137939797141164,-0.0137461384061517,-0.0136986409725774,-0.013651483575406,-0.01360466243585,-0.0135581738331375,-0.0135120141033561,-0.0134661796383269,-0.0134206668845048,-0.0133754723419073,-0.0133305925630682,-0.0132860241520174,-0.0132417637632851,-0.0131978081009304,-0.0131541539175924,-0.0131107980135643,-0.0130677372358895,-0.013024968477479,-0.012982488676249,-0.0129402948142792,-0.0128983839169906,-0.0128567530523418,-0.012815399330044,-0.0127743199007946,-0.012733511955527,-0.0126929727246788,-0.0126526994774748,-0.0126126895212283,-0.0125729402006558,-0.0125334488972084,-0.0124942130284171,-0.0124552300472537,0,-0.0357450457619612,-0.0351798350964248,-0.0346572851060278,-0.0341695424715664,-0.0337095000864251,-0.0332721915931549,-0.0328541963160817,-0.032453093990658,-0.0320671075947985,-0.0316948794656456,-0.031335330823866,-0.0309875728355783,-0.0306508497314939,-0.0303245020379898,-0.0300079425201271,-0.0297006402095957,-0.0294021096032182,-0.0291119031860888,-0.0288296061052008,-0.0285548322443377,-0.028287221221026,-0.028026435998521,-0.0277721609158249,-0.0275241000091435,-0.0272819755432392,-0.0270455266999447,-0.0268145083894744,-0.0265886901618655,-0.0263678552032789,-0.0261517994065627,-0.0259403305084092,-0.0257332672872693,-0.0255304388173343,-0.0253316837746164,-0.0251368497916247,-0.0249457928574461,-0.0247583767602603,-0.0245744725694964,-0.0243939581549844,-0.0242167177405894,-0.0240426414899492,-0.0238716251220596,-0.0237035695545799,-0.0235383805728551,-0.023375968522773,-0.0232162480256963,-0.023059137713824,-0.0229045599844508,-0.0227524407716994,-0.0226027093344033,-0.0224552980589156,-0.0223101422757091,-0.0221671800887193,-0.0220263522164639,-0.0218876018440433,-0.0217508744852001,-0.0216161178536781,-0.021483281743181,-0.0213523179152859,-0.0212231799947203,-0.0210958233714538,-0.0209702051091033,-0.0208462838591869,-0.0207240197808018,-0.0206033744653305,-0.0204843108658164,-0.0203667932306721,-0.0202507870414146,-0.0201362589541444,-0.0200231767445038,-0.0199115092558769,-0.0198012263506053,-0.0196922988640154,-0.0195846985610656,-0.0194783980954394,-0.0193733709709197,-0.0192695915048955,-0.0191670347938599,-0.0190656766807724,-0.018965493724163,-0.0188664631688704,-0.0187685629183087,-0.0186717715081678,-0.0185760680814592,-0.0184814323648243,-0.0183878446460281,-0.0182952857525672,-0.0182037370313263,-0.0181131803292189,-0.0180235979747578,-0.0179349727604992,-0.0178472879263099,-0.0177605271434132,-0.0176746744991666,-0.0175897144825328,-0.0175056319702036,-0.0174224122133429,-0.0173400408249136,-0.0172585037675579,-0.0171777873420007,-0.0170978781759497,-0.0170187632134644,-0.0169404297047721,-0.0168628651965056,-0.0167860575223421,-0.0167099947940242,-0.0166346653927416,-0.0165600579608578,-0.0164861613939634,-0.016412964833241,-0.0163404576581267,-0.0162686294792531,-0.0161974701316615,-0.0161269696682709,-0.01605711835359,-0.0159879066576637,-0.0159193252502409,-0.015851364995156,-0.0157840169449115,-0.0157172723354563,-0.015651122581148,-0.0155855592698931,-0.0155205741584561,-0.015456159167932,-0.0153923063793726,-0.0153290080295628,-0.015266256506939,-0.0152040443476442,-0.0151423642317137,-0.0150812089793873,-0.0150205715475413,-0.0149604450262363,-0.0149008226353764,-0.0148416977214752,-0.0147830637545234,-0.0147249143249562,-0.014667243140714,-0.0146100440243958,-0.0145533109104983,-0.0144970378427413,-0.0144412189714724,-0.0143858485511509,-0.0143309209379069,-0.0142764305871722,-0.0142223720513817,-0.0141687399777419,-0.0141155291060638,-0.0140627342666594,-0.0140103503782975,-0.0139583724462184,-0.0139067955602047,-0.0138556148927062,-0.013804825697017,-0.0137544233055041,-0.0137044031278838,-0.0136547606495459,-0.0136054914299235,-0.013556591100907,-0.0135080553653007,-0.0134598799953205,-0.0134120608311319,-0.0133645937794264,-0.0133174748120351,-0.0132706999645793,-0.0132242653351549,-0.0131781670830519,-0.0131324014275064,-0.0130869646464837,-0.0130418530754937,-0.0129970631064347,-0.0129525911864674,-0.0129084338169162,-0.0128645875521984,-0.0128210489987791,-0.0127778148141522,-0.0127348817058466,-0.0126922464304556,-0.0126499057926907,-0.0126078566444575,-0.012566095883954,-0.0125246204547903,-0.0124834273451289,-0.0124425135868456,-0.0124018762547097,-0.0123615124655838,-0.0123214193776411,-0.0122815941896025,-0.0122420341399891,-0.0122027365063938,-0.0121636986047678,-0.0121249177887243,-0.0120863914488577,-0.0120481170120773,-0.0120100919409571,-0.0119723137330991,-0.0119347799205109,-0.0118974880689968,-0.0118604357775632,-0.0118236206778355,-0.0117870404334888,0,-0.0326642391423081,-0.0321778505152323,-0.031727177737778,-0.0313065029695594,-0.0309093017343304,-0.0305310744097284,-0.0301688328168989,-0.0298205337474763,-0.029484717108155,-0.0291602885620762,-0.028846388526745,-0.0285423121720896,-0.0282474599462955,-0.0279613066364025,-0.0276833818013114,-0.0274132572316254,-0.0271505387704691,-0.0268948608483064,-0.0266458827102403,-0.0264032857013443,-0.0261667712163011,-0.0259360590697259,-0.0257108861371695,-0.0254910051750717,-0.0252761837640583,-0.0250662033421985,-0.0248608583083724,-0.0246599551840111,-0.0244633118262306,-0.0242707566880881,-0.0240821281231566,-0.0238972737323568,-0.0237160497513093,-0.0235383204765753,-0.0233639577291473,-0.0231928403535049,-0.0230248537504981,-0.0228598894422788,-0.0226978446674834,-0.0225386220048726,-0.0223821290236553,-0.0222282779587721,-0.0220769854094636,-0.0219281720595219,-0.0217817624176962,-0.0216376845768049,-0.0214958699901887,-0.021356253264225,-0.0212187719657021,-0.0210833664429387,-0.0209499796596059,-0.0208185570402886,-0.0206890463268914,-0.020561397445061,-0.0204355623798627,-0.0203114950600028,-0.0201891512499492,-0.0200684884493479,-0.0199494657991854,-0.0198320439941863,-0.0197161852009798,-0.0196018529816025,-0.0194890122219427,-0.0193776290647589,-0.019267670846939,-0.0191591060406892,-0.0190519041983686,-0.018946035900707,-0.0188414727081644,-0.0187381871152098,-0.0186361525073138,-0.0185353431204654,-0.0184357340030397,-0.0183373009798534,-0.0182400206182612,-0.018143870196154,-0.018048827671733,-0.0179548716549413,-0.017861981380445,-0.0177701366820624,-0.0176793179685478,-0.0175895062006454,-0.0175006828693301,-0.0174128299751633,-0.0173259300086933,-0.0172399659318366,-0.0171549211601807,-0.0170707795461522,-0.0169875253629991,-0.0169051432895389,-0.0168236183956286,-0.0167429361283134,-0.0166630822986163,-0.0165840430689316,-0.016505804940989,-0.0164283547443556,-0.0163516796254471,-0.0162757670370202,-0.0162006047281192,-0.0161261807344545,-0.0160524833691879,-0.0159795012141051,-0.0159072231111544,-0.0158356381543329,-0.0157647356819031,-0.0156945052689216,-0.0156249367200672,-0.01555602006275,-0.015487745540491,-0.0154201036065568,-0.0153530849178386,-0.0152866803289627,-0.015220880886623,-0.0151556778241232,-0.0150910625561211,-0.0150270266735642,-0.0149635619388086,-0.0149006602809129,-0.0148383137910992,-0.0147765147183733,-0.0147152554652989,-0.0146545285839162,-0.0145943267718021,-0.014534642868263,-0.0144754698506563,-0.0144168008308347,-0.0143586290517085,-0.0143009478839203,-0.0142437508226285,-0.0141870314843945,-0.0141307836041697,-0.0140750010323781,-0.0140196777320913,-0.0139648077762917,-0.0139103853452207,-0.0138564047238084,-0.0138028602991825,-0.0137497465582521,-0.0136970580853649,-0.0136447895600339,-0.0135929357547321,-0.013541491532752,-0.0134904518461275,-0.0134398117336165,-0.0133895663187418,-0.0133397108078875,-0.0132902404884504,-0.013241150727043,-0.0131924369677474,-0.0131440947304172,-0.0130961196090276,-0.0130485072700696,-0.0130012534509891,-0.0129543539586677,-0.0129078046679448,-0.01286160152018,-0.0128157405218521,-0.012770217743197,-0.0127250293168807,-0.0126801714367067,-0.0126356403563573,-0.0125914323881682,-0.0125475439019328,-0.0125039713237393,-0.0124607111348351,-0.0124177598705216,-0.012375114119076,-0.0123327705206997,-0.0122907257664938,-0.0122489765974586,-0.0122075198035191,-0.0121663522225728,-0.0121254707395621,-0.0120848722855676,-0.0120445538369247,-0.01200451241436,-0.0119647450821487,-0.0119252489472928,-0.0118860211587166,-0.0118470589064835,-0.0118083594210287,-0.0117699199724115,-0.0117317378695838,-0.0116938104596754,-0.0116561351272964,-0.0116187092938545,-0.011581530416888,-0.0115445959894144,-0.0115079035392928,-0.0114714506286006,-0.0114352348530245,-0.0113992538412645,-0.0113635052544513,-0.0113279867855758,-0.0112926961589319,-0.0112576311295709,-0.0112227894827673,-0.0111881690334967,-0.0111537676259246,-0.0111195831329063,0,-0.0295858593412547,-0.0291808952401759,-0.0288049282962905,-0.0284530607486656,-0.028119659267897,-0.027801001706874,-0.0274947271569706,-0.0271992843081616,-0.0269135973980246,-0.026636875048266,-0.026368500129781,-0.0261079653539812,-0.0258548351511992,-0.0256087229232715,-0.0253692773871616,-0.0251361743199856,-0.0249091115112152,-0.0246878056088764,-0.0244719900731236,-0.0242614137679412,-0.0240558399136985,-0.0238550452393288,-0.0236588192426939,-0.0234669635092642,-0.023279291063588,-0.0230956257419336,-0.0229158015821004,-0.0227396622302921,-0.0225670603666784,-0.0223978571517952,-0.0222319216958239,-0.0220691305523802,-0.021909367237922,-0.0217525217773699,-0.0215984902760604,-0.0214471745177622,-0.0212984815881652,-0.0211523235230132,-0.0210086169798768,-0.0208672829324416,-0.0207282463861187,-0.0205914361137479,-0.020456784410156,-0.0203242268643543,-0.0201937021481857,-0.0200651518202802,-0.0199385201442285,-0.0198137539199387,-0.0196908023272033,-0.0195696167805616,-0.0194501507946046,-0.0193323598589262,-0.0192162013219827,-0.0191016342831765,-0.0189886194925287,-0.0188771192573576,-0.0187670973554221,-0.0186585189540323,-0.0185513505346702,-0.0184455598226968,-0.0183411157217593,-0.0182379882525404,-0.018136148495522,-0.0180355685374609,-0.0179362214213001,-0.0178380810992598,-0.0177411223888734,-0.0176453209317535,-0.0175506531548892,-0.0174570962342914,-0.0173646280608192,-0.017273227208031,-0.0171828729019195,-0.0170935449923979,-0.017005223926416,-0.0169178907225961,-0.0168315269472831,-0.0167461146919155,-0.0166616365516282,-0.0165780756050068,-0.0164954153949161,-0.016413639910336,-0.0163327335691378,-0.0162526812017427,-0.0161734680356061,-0.0160950796804772,-0.0160175021143858,-0.0159407216703116,-0.0158647250234955,-0.0157894991793542,-0.0157150314619628,-0.0156413095030717,-0.0155683212316275,-0.0154960548637688,-0.0154244988932694,-0.0153536420824058,-0.0152834734532224,-0.015213982279176,-0.0151451580771362,-0.0150769905997247,-0.0150094698279734,-0.0149425859642872,-0.0148763294256929,-0.0148106908373616,-0.0147456610263893,-0.0146812310158237,-0.0146173920189244,-0.0145541354336447,-0.0144914528373249,-0.0144293359815863,-0.0143677767874171,-0.0143067673404396,-0.0142462998863519,-0.0141863668265352,-0.0141269607138188,-0.0140680742483964,-0.014009700273886,-0.0139518317735282,-0.0138944618665156,-0.0138375838044479,-0.0137811909679081,-0.0137252768631532,-0.013669835118916,-0.0136148594833117,-0.013560343820847,-0.0135062821095254,-0.0134526684380457,-0.013399497003091,-0.0133467621067019,-0.0132944581537336,-0.0132425796493909,-0.0131911211968403,-0.0131400774948948,-0.0130894433357686,-0.0130392136029003,-0.0129893832688405,-0.0129399473932023,-0.0128909011206723,-0.0128422396790794,-0.0127939583775198,-0.012746052604536,-0.0126985178263477,-0.0126513495851329,-0.0126045434973576,-0.0125580952521518,-0.0125120006097313,-0.0124662553998622,-0.0124208555203682,-0.0123757969356778,-0.0123310756754114,-0.012286687833006,-0.0122426295643766,-0.0121988970866134,-0.0121554866767122,-0.0121123946703399,-0.0120696174606301,-0.0120271514970113,-0.0119849932840644,-0.0119431393804096,-0.0119015863976212,-0.0118603309991707,-0.0118193698993951,-0.0117786998624922,-0.0117383177015394,-0.0116982202775381,-0.0116584044984803,-0.0116188673184389,-0.0115796057366793,-0.0115406167967926,-0.0115018975858499,-0.0114634452335763,-0.0114252569115448,-0.0113873298323888,-0.0113496612490334,-0.0113122484539449,-0.0112750887783967,-0.011238179591753,-0.0112015183007692,-0.0111651023489072,-0.011128929215667,-0.0110929964159336,-0.0110573014993379,-0.0110218420496324,-0.0109866156840808,-0.0109516200528609,-0.0109168528384811,-0.0108823117552091,-0.0108479945485134,-0.0108138989945174,-0.0107800228994642,-0.0107463640991945,-0.0107129204586341,-0.0106796898712933,-0.010646670258777,-0.0106138595703046,-0.0105812557822404,-0.0105488568976337,-0.0105166609457688,-0.0104846659817237,-0.0104528700859392,0,-0.0265166570004267,-0.0261948221447521,-0.0258955429303532,-0.0256135364944294,-0.0253443542014328,-0.0250853310889492,-0.0248348995055653,-0.0245920922907408,-0.0243562687578153,-0.0241269681398946,-0.0239038304699149,-0.0236865534332587,-0.0234748688195074,-0.0232685298157417,-0.0230673043227094,-0.022870971589138,-0.0226793206313255,-0.022492149569937,-0.0223092653982489,-0.0221304839170239,-0.0219556296984758,-0.0217845360141812,-0.0216170447020027,-0.0214530059684719,-0.0212922781335975,-0.0211347273294246,-0.0209802271646791,-0.0208286583671161,-0.0206799084136925,-0.0205338711569373,-0.0203904464541658,-0.0202495398046277,-0.0201110619983293,-0.0199749287791583,-0.019841060524032,-0.0197093819390752,-0.0195798217732777,-0.0194523125496629,-0.019326790313683,-0.0192031943983343,-0.0190814672053292,-0.0189615540015587,-0.0188434027300215,-0.0187269638343627,-0.0186121900961651,-0.018499036484142,-0.0183874600144104,-0.0182774196210516,-0.0181688760362067,-0.0180617916789959,-0.0179561305525917,-0.0178518581488217,-0.0177489413597186,-0.0176473483954749,-0.0175470487083022,-0.0174480129217323,-0.0173502127649305,-0.0172536210116288,-0.0171582114233155,-0.0170639586963479,-0.016970838412681,-0.0168788269939317,-0.0167879016585182,-0.0166980403816388,-0.0166092218578721,-0.0165214254661979,-0.0164346312372554,-0.0163488198226719,-0.0162639724663047,-0.0161800709772575,-0.0160970977045374,-0.0160150355132363,-0.0159338677621236,-0.0158535782825509,-0.0157741513585746,-0.0156955717082118,-0.0156178244657488,-0.0155408951650313,-0.0154647697236684,-0.015389434428089,-0.0153148759193932,-0.0152410811799462,-0.0151680375206661,-0.0150957325689613,-0.0150241542572742,-0.0149532908121947,-0.0148831307441062,-0.0148136628373328,-0.0147448761407547,-0.0146767599588658,-0.0146093038432456,-0.0145424975844207,-0.014476331204095,-0.0144107949477241,-0.0143458792774179,-0.0142815748651495,-0.014217872586256,-0.0141547635132129,-0.0140922389096691,-0.0140302902247272,-0.0139689090874562,-0.0139080873016248,-0.0138478168406442,-0.0137880898427078,-0.0137288986061204,-0.0136702355848051,-0.0136120933839809,-0.0135544647560007,-0.0134973425963442,-0.0134407199397566,-0.0133845899565264,-0.0133289459488964,-0.0132737813476018,-0.0132190897085286,-0.0131648647094881,-0.0131111001471007,-0.0130577899337867,-0.0130049280948565,-0.0129525087656979,-0.0129005261890559,-0.0128489747124006,-0.0127978487853798,-0.0127471429573532,-0.0126968518750042,-0.0126469702800262,-0.0125974930068816,-0.0125484149806282,-0.0124997312148132,-0.0124514368094298,-0.0124035269489358,-0.0123559969003299,-0.0123088420112857,-0.0122620577083396,-0.012215639495131,-0.0121695829506934,-0.0121238837277944,-0.0120785375513215,-0.0120335402167143,-0.0119888875884401,-0.0119445755985113,-0.0119006002450432,-0.0118569575908521,-0.0118136437620902,-0.0117706549469173,-0.0117279873942089,-0.0116856374122967,-0.011643601367744,-0.0116018756841519,-0.0115604568409965,-0.0115193413724969,-0.0114785258665112,-0.0114380069634608,-0.0113977813552828,-0.0113578457844066,-0.0113181970427589,-0.0112788319707903,-0.0112397474565286,-0.0112009404346534,-0.0111624078855942,-0.0111241468346496,-0.0110861543511292,-0.0110484275475136,-0.011010963578637,-0.0109737596408872,-0.0109368129714254,-0.0109001208474239,-0.0108636805853217,-0.0108274895400977,-0.0107915451045593,-0.0107558447086491,-0.0107203858187661,-0.0106851659371028,-0.0106501826009973,-0.0106154333822996,-0.0105809158867524,-0.0105466277533854,-0.0105125666539234,-0.0104787302922069,-0.0104451164036257,-0.0104117227545647,-0.010378547141862,-0.0103455873922782,-0.0103128413619778,-0.0102803069360211,-0.0102479820278669,-0.0102158645788864,-0.0101839525578864,-0.0101522439606438,-0.0101207368094481,-0.0100894291526551,-0.0100583190642491,-0.0100274046434138,-0.00999668401411274,-0.00996615532467787,-0.00993581674740664,-0.0099056664781674,-0.00987570273601225,-0.00984592376279865,-0.0098163278228173,-0.00978691320242892,0,-0.0234631965043953,-0.0232258626664532,-0.0230042752765355,-0.0227923732162359,-0.0225872187637367,-0.022387433661856,-0.0221923652603736,-0.0220016914073802,-0.0218152357813294,-0.0216328812754603,-0.0214545298050659,-0.0212800845734454,-0.021109443305357,-0.0209424967550704,-0.0207791296063433,-0.0206192222978738,-0.020462653042563,-0.0203092996960906,-0.0201590413341718,-0.0200117595029684,-0.0198673391585398,-0.0197256693335698,-0.0195866435765441,-0.0194501602077016,-0.0193161224316243,-0.0191844383405746,-0.0190550208368046,-0.0189277874966384,-0.0188026603943988,-0.0186795659002611,-0.018558434462845,-0.0184392003847066,-0.018321801596789,-0.0182061794362301,-0.0180922784306367,-0.0179800460909384,-0.0178694327141757,-0.0177603911970044,-0.0176528768602688,-0.0175468472846877,-0.0174422621574686,-0.0173390831295093,-0.0172372736827418,-0.0171367990071041,-0.0170376258865912,-0.0169397225938168,-0.0168430587925217,-0.0167476054474718,-0.0166533347412089,-0.0165602199971433,-0.0164682356085017,-0.0163773569726738,-0.0162875604305307,-0.016198823210319,-0.0161111233757597,-0.0160244397780123,-0.0159387520111897,-0.0158540403711332,-0.0157702858171819,-0.0156874699366921,-0.0156055749120828,-0.0155245834902006,-0.0154444789538174,-0.0153652450950882,-0.0152868661908111,-0.0152093269793463,-0.0151326126390612,-0.0150567087681821,-0.0149816013659425,-0.0149072768149255,-0.0148337218645102,-0.0147609236153367,-0.0146888695047119,-0.0146175472928867,-0.0145469450501389,-0.0144770511446019,-0.0144078542307872,-0.0143393432387471,-0.0142715073638349,-0.0142043360570191,-0.0141378190157129,-0.014071946175084,-0.0140067076998113,-0.0139420939762592,-0.0138780956050409,-0.0138147033939458,-0.0137519083512073,-0.0136897016790886,-0.0136280747677673,-0.0135670191894997,-0.0135065266930479,-0.013446589198353,-0.0133871987914409,-0.0133283477195458,-0.01327002838644,-0.0132122333479562,-0.0131549553076944,-0.0130981871128999,-0.0130419217505052,-0.0129861523433264,-0.0129308721464049,-0.0128760745434887,-0.0128217530436439,-0.0127679012779915,-0.0127145129965619,-0.0126615820652623,-0.0126091024629509,-0.0125570682786124,-0.0125054737086316,-0.012454313054158,-0.0124035807185595,-0.0123532712049601,-0.012303379113857,-0.0122538991408166,-0.0122048260742413,-0.0121561547932089,-0.0121078802653775,-0.0120599975449564,-0.0120125017707376,-0.0119653881641873,-0.0119186520275939,-0.0118722887422713,-0.0118262937668134,-0.0117806626354008,-0.0117353909561544,-0.0116904744095365,-0.0116459087467973,-0.0116016897884631,-0.0115578134228684,-0.0115142756047261,-0.0114710723537377,-0.0114281997532407,-0.0113856539488918,-0.0113434311473853,-0.0113015276152048,-0.0112599396774076,-0.0112186637164406,-0.0111776961709866,-0.0111370335348394,-0.0110966723558087,-0.0110566092346507,-0.0110168408240271,-0.0109773638274884,-0.0109381749984833,-0.0108992711393921,-0.0108606491005828,-0.0108223057794909,-0.0107842381197209,-0.010746443110169,-0.0107089177841672,-0.0106716592186468,-0.0106346645333217,-0.0105979308898913,-0.0105614554912609,-0.0105252355807808,-0.0104892684415022,-0.0104535513954506,-0.0104180818029153,-0.0103828570617549,-0.0103478746067184,-0.0103131319087818,-0.0102786264744983,-0.0102443558453645,-0.0102103175971988,-0.0101765093395347,-0.0101429287150264,-0.0101095733988677,-0.0100764410982236,-0.0100435295516731,-0.0100108365286654,-0.00997835982898612,-0.00994609728223583,-0.00991404674731929,-0.0098822061119449,-0.00985057329213546,-0.00981914623174823,-0.00978792290200559,-0.00975690130103488,-0.00972607945341787,-0.00969545540974973,-0.00966502724620605,-0.0096347930641198,-0.00960475098956601,-0.00957489917295491,-0.00954523578863362,-0.00951575903449506,-0.00948646713159548,-0.00945735832377891,-0.00942843087730902,-0.00939968308050865,-0.009371113243406,-0.00934271969738784,-0.00931450079485946,-0.00928645490891092,-0.00925858043299033,-0.00923087578058271,-0.00920333938489545,-0.00917596969854954,-0.00914876519327677,-0.00912172435962257,0,-0.0204321474551142,-0.0202805074588047,-0.020136505270645,-0.0199940488111299,-0.0198520757225185,-0.0197106526458653,-0.0195701062557873,-0.0194307820903179,-0.0192929726301955,-0.0191569011831165,-0.0190227254559248,-0.018890547450456,-0.0187604244587434,-0.0186323791710612,-0.0185064082590681,-0.0183824893591047,-0.0182605866023414,-0.0181406549095286,-0.0180226432735708,-0.017906497231984,-0.017792160701445,-0.0176795773162177,-0.0175686913846607,-0.0174594485544266,-0.0173517962574517,-0.0172456839900516,-0.0171410634708532,-0.0170378887093698,-0.0169361160102551,-0.016835703932236,-0.0167366132160465,-0.0166388066920879,-0.0165422491757742,-0.0164469073564142,-0.0163527496838677,-0.0162597462560011,-0.0161678687090418,-0.0160770901122436,-0.0159873848677614,-0.0158987286162528,-0.0158110981484466,-0.0157244713227204,-0.0156388269885864,-0.0155541449158893,-0.0154704057294569,-0.0153875908489038,-0.0153056824332691,-0.0152246633301599,-0.0151445170290762,-0.0150652276185975,-0.0149867797471286,-0.0149091585869127,-0.0148323498010418,-0.0147563395132069,-0.0146811142799553,-0.0146066610652323,-0.0145329672170095,-0.0144600204458114,-0.0143878088049739,-0.0143163206724775,-0.0142455447342139,-0.0141754699685596,-0.0141060856321353,-0.0140373812466486,-0.0139693465867195,-0.0139019716686043,-0.0138352467397343,-0.0137691622690009,-0.0137037089377182,-0.0136388776312056,-0.0135746594309356,-0.0135110456071982,-0.0134480276122381,-0.0133855970738229,-0.013323745789208,-0.0132624657194638,-0.0132017489841354,-0.0131415878562083,-0.0130819747573543,-0.0130229022534365,-0.0129643630502517,-0.0129063499894929,-0.0128488560449148,-0.0127918743186853,-0.0127353980379129,-0.0126794205513322,-0.0126239353261413,-0.012568935944976,-0.0125144161030137,-0.0124603696051984,-0.0124067903635766,-0.012353672394739,-0.0123010098173606,-0.0122487968498319,-0.0121970278079772,-0.0121456971028543,-0.0120947992386297,-0.0120443288105268,-0.0119942805028414,-0.0119446490870219,-0.0118954294198103,-0.0118466164414406,-0.0117982051738922,-0.0117501907191951,-0.011702568257785,-0.0116553330469052,-0.0116084804190532,-0.0115620057804715,-0.0115159046096778,-0.0114701724560358,-0.0114248049383637,-0.0113797977435774,-0.0113351466253707,-0.0112908474029266,-0.0112468959596627,-0.0112032882420059,-0.0111600202581979,-0.0111170880771293,-0.0110744878272009,-0.0110322156952127,-0.0109902679252779,-0.0109486408177626,-0.0109073307282499,-0.0108663340665264,-0.0108256472955933,-0.0107852669306974,-0.0107451895383857,-0.0107054117355794,-0.0106659301886685,-0.010626741612626,-0.0105878427701414,-0.0105492304707726,-0.0105109015701158,-0.0104728529689926,-0.0104350816126556,-0.0103975844900086,-0.0103603586328447,-0.0103234011150996,-0.0102867090521198,-0.0102502795999471,-0.010214109954616,-0.0101781973514672,-0.0101425390644735,-0.0101071324055807,-0.0100719747240599,-0.0100370634058753,-0.0100023958730618,-0.00996796958311728,-0.00993378202840585,-0.00989983073557274,-0.00986611326497136,-0.00983262721010107,-0.00979937019705596,-0.00976633988398479,-0.00973353396056101,-0.00970095014746307,-0.00966858619586505,-0.00963643988693684,-0.00960450903135378,-0.00957279146881616,-0.00954128506757732,-0.0095099877239813,-0.00947889736200858,-0.00944801193283122,-0.00941732941437552,-0.00938684781089366,-0.00935656515254293,-0.00932647949497295,-0.00929658891892068,-0.00926689152981282,-0.00923738545737568,-0.00920806885525219,-0.00917893990062615,-0.00914999679385325,-0.00912123775809877,-0.00909266103898232,-0.00906426490422854,-0.00903604764332455,-0.00900800756718366,-0.00898014300781463,-0.00895245231799777,-0.00892493387096609,-0.00889758606009274,-0.00887040729858372,-0.00884339601917625,-0.00881655067384247,-0.0087898697334986,-0.00876335168771893,-0.00873699504445527,-0.00871079832976099,-0.00868476008752009,-0.00865887887918124,-0.00863315328349626,-0.00860758189626308,-0.00858216333007344,-0.00855689621406505,-0.00853177919367748,-0.00850681093041317,-0.00848199010160174,-0.0084573154001691,0,-0.0174306075394008,-0.0173653719676602,-0.0172975991131854,-0.0172229785275841,-0.0171426735793526,-0.0170582601020094,-0.0169710413861164,-0.0168820111208656,-0.0167919085418258,-0.0167012772543997,-0.0166105137405413,-0.0165199048980566,-0.0164296564264047,-0.0163399140747357,-0.0162507794707305,-0.0161623218835805,-0.0160745869527518,-0.0159876031574808,-0.0159013866052858,-0.0158159445698996,-0.0157312780987575,-0.0156473839282414,-0.0155642558840471,-0.0154818858988674,-0.0154002647459876,-0.0153193825623891,-0.0152392292163062,-0.0151597945602739,-0.0150810686002932,-0.0150030416039641,-0.0149257041646066,-0.0148490472340202,-0.0147730621332629,-0.0146977405483717,-0.0146230745161138,-0.0145490564034744,-0.0144756788835631,-0.0144029349098505,-0.0143308176900751,-0.0142593206607406,-0.0141884374628067,-0.0141181619189537,-0.0140484880126322,-0.0139794098689922,-0.013910921737703,-0.0138430179776162,-0.0137756930431891,-0.0137089414725601,-0.0136427578771533,-0.0135771369326872,-0.0135120733714581,-0.0134475619757734,-0.0133835975724147,-0.0133201750280186,-0.0132572892452688,-0.013194935159804,-0.0131331077377507,-0.013071801973803,-0.0130110128897733,-0.0129507355335512,-0.0128909649784095,-0.0128316963226071,-0.01277292468924,-0.0127146452263015,-0.0126568531069142,-0.0125995435297014,-0.0125427117192719,-0.0124863529267916,-0.0124304624306227,-0.0123750355370113,-0.0123200675808074,-0.0122655539262047,-0.0122114899674885,-0.0121578711297807,-0.0121046928697759,-0.0120519506764603,-0.0119996400718077,-0.0119477566114489,-0.0118962958853108,-0.0118452535182212,-0.0117946251704782,-0.0117444065383829,-0.0116945933547328,-0.0116451813892771,-0.0115961664491325,-0.0115475443791595,-0.0114993110623008,-0.0114514624198806,-0.0114039944118669,-0.0113569030370972,-0.0113101843334685,-0.0112638343780928,-0.0112178492874199,-0.0111722252173271,-0.0111269583631798,-0.0110820449598606,-0.0110374812817728,-0.0109932636428146,-0.0109493883963303,-0.0109058519350353,-0.0108626506909198,-0.0108197811351298,-0.0107772397778291,-0.0107350231680406,-0.010693127893471,-0.0106515505803178,-0.0106102878930614,-0.0105693365342415,-0.0105286932442209,-0.010488354800936,-0.0104483180196359,-0.0104085797526102,-0.0103691368889076,-0.0103299863540449,-0.010291125109707,-0.010252550153441,-0.0102142585183416,-0.0101762472727311,-0.010138513519834,-0.0101010543974462,-0.0100638670775998,-0.0100269487662243,-0.00999029670280428,-0.00995390816003406,-0.00991778044347041,-0.00988191089118279,-0.00984629687340225,-0.00981093579216915,-0.00977582508098001,-0.00974096220443389,-0.00970634465787851,-0.00967196996705662,-0.00963783568775276,-0.00960393940544052,-0.0095702787349309,-0.00953685132002176,-0.00950365483314832,-0.00947068697503579,-0.0094379454743531,-0.0094054280873689,-0.00937313259760938,-0.00934105681551849,-0.00930919857812024,-0.00927755574868361,-0.00924612621638994,-0.009214907896003,-0.0091838987275417,-0.00915309667595578,-0.00912249973080435,-0.00909210590593733,-0.00906191323917993,-0.00903191979202052,-0.00900212364930099,-0.00897252291891108,-0.00894311573148522,-0.00891390024010318,-0.00888487461999357,-0.00885603706824098,-0.00882738580349615,-0.00879891906568948,-0.0087706351157484,-0.00874253223531729,-0.00871460872648137,-0.00868686291149355,-0.00865929313250496,-0.00863189775129848,-0.00860467514902588,-0.00857762372594825,-0.00855074190117946,-0.00852402811243341,-0.00849748081577392,-0.00847109848536853,-0.00844487961324505,-0.00841882270905187,-0.00839292629982058,-0.00836718892973284,-0.00834160915988943,-0.00831618556808324,-0.00829091674857471,-0.00826580131187063,-0.0082408378845063,-0.00821602510882972,-0.00819136164279005,-0.00816684615972783,-0.008142477348169,-0.00811825391162142,-0.00809417456837408,-0.0080702380512996,-0.00804644310765909,-0.00802278849891003,-0.0079992730005167,-0.00797589540176356,-0.00795265450557092,-0.0079295491283137,-0.00790657809964218,-0.00788374026230609,-0.00786103447198039,-0.00783845959709417,-0.00781601451866192,-0.00779369813011686,0,-0.0144664163323804,-0.0144870252498748,-0.0144927558374096,-0.0144834131612666,-0.0144626210710274,-0.0144334142718735,-0.0143979982194259,-0.0143579522530731,-0.0143144141986103,-0.0142682116087332,-0.0142199524339862,-0.0141700879332743,-0.0141189567123344,-0.014066815814306,-0.0140138628344146,-0.0139602517544883,-0.0139061043477543,-0.0138515184367628,-0.0137965739015617,-0.0137413370703802,-0.0136858639415398,-0.0136302025570532,-0.0135743947580715,-0.0135184774883225,-0.0134624837660174,-0.0134064434119344,-0.0133503835977646,-0.0132943292616876,-0.0132383034256888,-0.0131823274400421,-0.0131264211737142,-0.0130706031645565,-0.0130148907395385,-0.0129593001126191,-0.0129038464658771,-0.0128485440180683,-0.0127934060836893,-0.0127384451248288,-0.0126836727974893,-0.0126290999936211,-0.01257473687978,-0.0125205929330814,-0.0124666769749397,-0.0124129972029536,-0.0123595612211977,-0.0123063760691126,-0.0122534482491327,-0.0122007837531548,-0.0121483880879225,-0.0120962662993862,-0.0120444229960816,-0.0119928623715639,-0.0119415882259275,-0.0118906039864382,-0.0118399127273025,-0.0117895171885964,-0.0117394197943779,-0.0116896226700049,-0.0116401276586817,-0.0115909363372563,-0.0115420500312943,-0.0114934698294491,-0.0114451965971567,-0.0113972309896742,-0.0113495734644906,-0.0113022242931299,-0.0112551835723719,-0.0112084512349143,-0.0111620270594983,-0.0111159106805198,-0.0110701015971505,-0.0110245991819875,-0.0109794026892549,-0.0109345112625765,-0.0108899239423395,-0.0108456396726685,-0.0108016573080285,-0.0107579756194743,-0.0107145933005627,-0.0106715089729463,-0.0106287211916614,-0.010586228450128,-0.0105440291848746,-0.010502121780002,-0.0104605045714003,-0.0104191758507305,-0.0103781338691826,-0.0103373768410234,-0.0102969029469429,-0.0102567103372111,-0.0102167971346546,-0.010177161437462,-0.0101378013218283,-0.0100987148444453,-0.0100599000448474,-0.0100213549476198,-0.00998307756447593,-0.00994506589621269,-0.00990731793454825,-0.00986983166384972,-0.00983260506275612,-0.00979563610570272,-0.00975892276435138,-0.00972246300893283,-0.00968625480950485,-0.00965029613713112,-0.00961458496498553,-0.00957911926938521,-0.00954389703075672,-0.00950891623453877,-0.00947417487202507,-0.00943967094115053,-0.00940540244722372,-0.00937136740360921,-0.00933756383236134,-0.00930398976481341,-0.00927064324212383,-0.00923752231578212,-0.00920462504807662,-0.00917194951252625,-0.00913949379427853,-0.009107255990475,-0.00907523421058694,-0.00904342657672203,-0.00901183122390441,-0.00898044630032875,-0.00894926996759107,-0.00891830040089638,-0.00888753578924496,-0.00885697433559883,-0.00882661425702916,-0.00879645378484573,-0.00876649116470945,-0.00873672465672961,-0.00870715253554554,-0.00867777309039473,-0.00864858462516747,-0.00861958545844946,-0.0085907739235524,-0.00856214836853395,-0.00853370715620715,-0.00850544866414057,-0.0084773712846492,-0.00844947342477687,-0.0084217535062709,-0.00839420996554929,-0.00836684125366099,-0.00833964583623971,-0.00831262219345166,-0.00828576881993767,-0.0082590842247504,-0.00823256693128596,-0.0082062154772118,-0.00818002841438989,-0.00815400430879612,-0.00812814174043645,-0.008102439303259,-0.00807689560506401,-0.00805150926741027,-0.0080262789255191,-0.00800120322817649,-0.00797628083763238,-0.00795151042949843,-0.00792689069264396,-0.00790242032909017,-0.00787809805390302,-0.00785392259508494,-0.00782989269346537,-0.00780600710259002,-0.00778226458860971,-0.00775866393016847,-0.00773520391829044,-0.00771188335626705,-0.00768870105954346,-0.00766565585560443,-0.00764274658386038,-0.00761997209553311,-0.00759733125354173,-0.00757482293238829,-0.00755244601804342,-0.00753019940783292,-0.00750808201032346,-0.00748609274520962,-0.00746423054320033,-0.00744249434590658,-0.00742088310572869,-0.00739939578574503,-0.0073780313596003,-0.00735678881139523,-0.00733566713557601,-0.00731466533682539,-0.00729378242995329,-0.00727301743978917,-0.00725236940107418,-0.00723183735835496,-0.00721142036587734,-0.00719111748748144,-0.00717092779649736,-0.00715085037564152,-0.00713088431691422,0,-0.011548183859398,-0.0116517671663399,-0.0117268482343035,-0.0117793396944792,-0.0118153252464344,-0.0118391201449483,-0.0118536872036745,-0.0118610888152003,-0.0118627895588409,-0.0118598502101279,-0.0118530539645121,-0.0118429902792141,-0.0118301115569724,-0.0118147720177572,-0.0117972546710343,-0.0117777902228595,-0.0117565704521447,-0.0117337577563151,-0.011709492020848,-0.0116838956046585,-0.0116570769894591,-0.0116291334754601,-0.0116001531920557,-0.011570216613463,-0.0115393977144506,-0.0115077648628187,-0.011475381518125,-0.011442306786864,-0.0114085958705372,-0.0113743004331801,-0.011339468907793,-0.0113041467559813,-0.0112683766913702,-0.0112321988746349,-0.0111956510859971,-0.011158768879573,-0.0111215857228856,-0.0110841331240571,-0.0110464407486096,-0.0110085365273645,-0.0109704467566053,-0.0109321961914248,-0.0108938081329939,-0.0108553045103514,-0.0108167059572081,-0.0107780318841808,-0.0107393005468068,-0.0107005291096449,-0.0106617337067288,-0.0106229294986106,-0.010584130726208,-0.0105453507616473,-0.010506602156282,-0.0104678966860483,-0.0104292453943114,-0.0103906586323432,-0.0103521460975649,-0.0103137168696781,-0.010275379444803,-0.0102371417677333,-0.0101990112624121,-0.0101609948607274,-0.0101230990297212,-0.0100853297972979,-0.0100476927765177,-0.010010193188552,-0.00997283588437593,-0.00993562536526702,-0.00989856580217862,-0.00986166105404874,-0.00982491468510459,-0.0097883299812189,-0.00975190996537054,-0.00971565741225957,-0.0096795748621241,-0.00964366463380335,-0.00960792883708884,-0.00957236938440333,-0.00953698800184545,-0.00950178623963502,-0.00946676548199175,-0.00943192695648034,-0.00939727174284989,-0.00936280078139685,-0.0093285148808772,-0.00929441472599322,-0.00926050088447775,-0.00922677381379907,-0.00919323386750588,-0.00915988130123351,-0.00912671627838895,-0.00909373887553276,-0.00906094908747417,-0.00902834683209498,-0.00899593195491727,-0.00896370423342836,-0.00893166338117645,-0.00889980905164941,-0.00886814084194799,-0.00883665829626495,-0.00880536090918011,-0.00877424812878154,-0.0087433193596219,-0.00871257396551882,-0.00868201127220745,-0.00865163056985335,-0.00862143111543286,-0.00859141213498768,-0.0085615728257611,-0.00853191235822094,-0.00850242987797651,-0.0084731245075936,-0.00844399534831427,-0.00841504148168542,-0.00838626197110114,-0.00835765586326356,-0.0083292221895661,-0.00830095996740339,-0.00827286820141125,-0.00824494588464081,-0.00821719199966975,-0.00818960551965435,-0.00816218540932458,-0.00813493062592613,-0.00810784012011129,-0.00808091283678165,-0.00805414771588516,-0.0080275436931695,-0.00800109970089427,-0.00797481466850399,-0.00794868752326398,-0.00792271719086084,-0.00789690259596923,-0.0078712426627872,-0.00784573631554094,-0.00782038247896079,-0.00779518007873026,-0.00777012804190885,-0.00774522529733023,-0.00772047077597746,-0.00769586341133534,-0.00767140213972236,-0.00764708590060204,-0.00762291363687556,-0.00759888429515622,-0.00757499682602665,-0.00755125018427995,-0.00752764332914491,-0.00750417522449691,-0.00748084483905469,-0.00745765114656374,-0.00743459312596731,-0.00741166976156504,-0.00738888004316084,-0.00736622296619929,-0.00734369753189219,-0.00732130274733546,-0.00729903762561628,-0.00727690118591215,-0.00725489245358096,-0.00723301046024366,-0.00721125424385922,-0.00718962284879238,-0.00716811532587486,-0.00714673073246011,-0.00712546813247185,-0.00710432659644705,-0.00708330520157334,-0.0070624030317213,-0.00704161917747186,-0.00702095273613908,-0.00700040281178843,-0.00697996851525105,-0.00695964896413404,-0.00693944328282707,-0.00691935060250536,-0.00689937006112934,-0.00687950080344138,-0.00685974198095951,-0.00684009275196786,-0.00682055228150537,-0.00680111974135097,-0.00678179431000742,-0.00676257517268213,-0.00674346152126643,-0.00672445255431262,-0.00670554747700916,-0.00668674550115456,-0.00666804584512909,-0.00664944773386503,-0.00663095039881625,-0.00661255307792544,-0.00659425501559077,-0.00657605546263115,-0.00655795367625053,-0.00653994892000109,-0.0065220404637456,-0.00650422758361877,-0.00648650956198811,-0.00646888568741376,0,-0.00868488086613942,-0.00886535641100311,-0.00900426888601178,-0.00911439162199454,-0.00920393742645329,-0.0092781957976235,-0.00934067998067836,-0.00939379919460392,-0.00943925368642045,-0.00947827534775108,-0.00951177951948128,-0.00954046347389427,-0.00956487167255429,-0.00958543972938324,-0.0096025244344536,-0.00961642450525793,-0.00962739508990911,-0.00963565801446641,-0.00964140910372622,-0.00964482347210516,-0.00964605939502168,-0.00964526117976004,-0.00964256132556578,-0.00963808217473532,-0.0096319371961083,-0.00962423200068658,-0.00961506516013096,-0.00960452887863313,-0.00959270955442136,-0.00957968825709868,-0.00956554113986875,-0.00955033980060798,-0.00953415160208875,-0.00951703995902906,-0.00949906459773835,-0.00948028179274753,-0.00946074458379813,-0.0094405029758222,-0.00941960412399626,-0.00939809250554065,-0.00937601007963056,-0.00935339643655158,-0.00933028893705379,-0.00930672284272231,-0.0092827314380729,-0.00925834614499643,-0.00923359663010618,-0.00920851090548648,-0.00918311542329244,-0.00915743516461257,-0.0091314937229704,-0.00910531338281278,-0.00907891519330538,-0.00905231903773332,-0.00902554369878394,-0.00899860691996851,-0.00897152546342458,-0.00894431516432254,-0.00891699098208647,-0.00888956704862537,-0.00886205671375881,-0.00883447258800807,-0.00880682658291449,-0.00877912994903484,-0.00875139331175612,-0.00872362670506052,-0.00869583960336584,-0.00866804095155657,-0.00864023919331491,-0.00861244229785364,-0.00858465778514655,-0.00855689274974586,-0.00852915388327088,-0.00850144749564643,-0.00847377953516556,-0.00844615560744508,-0.00841858099333945,-0.00839106066587379,-0.00836359930625337,-0.00833620131900324,-0.00830887084628818,-0.00828161178146068,-0.00825442778188118,-0.00822732228105197,-0.00820029850010445,-0.00817335945867633,-0.00814650798521299,-0.00811974672672631,-0.00809307815804032,-0.00806650459055376,-0.00804002818054541,-0.00801365093704808,-0.00798737472931501,-0.00796120129390149,-0.0079351322413822,-0.0079091690627247,-0.00788331313533771,-0.0078575657288116,-0.00783192801036823,-0.00780640105003504,-0.0077809858255588,-0.00775568322707288,-0.00773049406153072,-0.00770541905691832,-0.00768045886625724,-0.00765561407140905,-0.00763088518669199,-0.00760627266231907,-0.00758177688766738,-0.00755739819438706,-0.00753313685935855,-0.00750899310750521,-0.00748496711446975,-0.00746105900916035,-0.00743726887617384,-0.00741359675810188,-0.00739004265772598,-0.00736660654010716,-0.00734328833457527,-0.00732008793662314,-0.00729700520971037,-0.00727403998698094,-0.00725119207289936,-0.00722846124480855,-0.00720584725441456,-0.00718334982920035,-0.00716096867377297,-0.00713870347114718,-0.00711655388396827,-0.00709451955567754,-0.00707260011162265,-0.00705079516011602,-0.0070291042934431,-0.00700752708882386,-0.00698606310932848,-0.00696471190475069,-0.00694347301243967,-0.00692234595809323,-0.00690133025651379,-0.00688042541232861,-0.00685963092067671,-0.00683894626786313,-0.00681837093198268,-0.00679790438351453,-0.00677754608588843,-0.00675729549602465,-0.00673715206484851,-0.00671711523778033,-0.00669718445520238,-0.00667735915290396,-0.00665763876250511,-0.00663802271186018,-0.00661851042544252,-0.00659910132471019,-0.00657979482845508,-0.00656059035313432,-0.00654148731318653,-0.00652248512133222,-0.00650358318886002,-0.00648478092589873,-0.00646607774167628,-0.00644747304476592,-0.00642896624332021,-0.00641055674529359,-0.00639224395865348,-0.0063740272915814,-0.0063559061526635,-0.00633787995107148,-0.0063199480967347,-0.00630211000050281,-0.00628436507430029,-0.00626671273127324,-0.00624915238592766,-0.00623168345426138,-0.00621430535388781,-0.006197017504154,-0.00617981932625178,-0.00616271024332239,-0.00614568968055634,-0.00612875706528626,-0.00611191182707542,-0.0060951533978008,-0.0060784812117311,-0.00606189470560008,-0.00604539331867576,-0.00602897649282505,-0.00601264367257415,-0.00599639430516524,-0.00598022784060977,-0.00596414373173731,-0.00594814143424172,-0.00593222040672398,-0.00591638011073156,-0.00590062001079497,-0.00588493957446175,-0.00586933827232719,-0.00585381557806307,-0.00583837096844327,-0.00582300392336782,-0.00580771392588386,0,-0.00588492083638727,-0.00613271496490662,-0.00632879484848131,-0.00649177621962342,-0.00663131105910975,-0.00675324678385904,-0.00686139312353275,-0.00695834596577653,-0.0070459370111393,-0.00712549971637219,-0.00719803418009353,-0.00726431261493339,-0.00732494834448146,-0.00738044172806872,-0.00743121117376024,-0.0074776143557518,-0.00751996291316626,-0.00755853276346129,-0.00759357143693936,-0.00762530336951213,-0.00765393378379832,-0.00767965158557406,-0.00770263156708875,-0.00772303611761627,-0.00774101657986683,-0.00775671434879112,-0.00777026178043753,-0.00778178295861325,-0.00779139435329696,-0.00779920539513358,-0.0078053189836069,-0.00780983194174625,-0.00781283542687117,-0.00781441530449351,-0.00781465249078997,-0.00781362326782992,-0.00781139957485107,-0.00780804927822343,-0.00780363642225857,-0.00779822146266107,-0.00779186148414426,-0.00778461040352257,-0.00777651915942728,-0.00776763588966125,-0.00775800609710204,-0.00774767280497368,-0.00773667670223395,-0.00772505627976023,-0.00771284795796124,-0.0077000862063935,-0.00768680365591825,-0.00767303120389405,-0.00765879811286638,-0.0076441321031819,-0.00762905943992546,-0.00761360501455044,-0.00759779242154815,-0.00758164403047729,-0.00756518105365405,-0.00754842360978188,-0.00753139078378176,-0.00751410068306695,-0.00749657049048713,-0.00747881651415629,-0.00746085423435918,-0.00744269834772282,-0.00742436280882333,-0.00740586086939023,-0.00738720511525686,-0.00736840750119788,-0.00734947938378414,-0.00733043155237715,-0.00731127425837765,-0.00729201724283423,-0.0072726697625127,-0.00725324061451869,-0.00723373815956082,-0.00721417034393636,-0.00719454472031508,-0.00717486846739362,-0.00715514840848598,-0.00713539102911392,-0.00711560249365522,-0.00709578866110496,-0.00707595510000106,-0.00705610710256284,-0.00703624969808711,-0.00701638766564507,-0.00699652554611895,-0.00697666765361648,-0.00695681808629791,-0.00693698073664836,-0.00691715930122704,-0.00689735728992164,-0.00687757803473562,-0.00685782469813424,-0.00683810028097307,-0.00681840763003183,-0.00679874944517525,-0.00677912828616055,-0.00675954657911077,-0.00674000662267195,-0.00672051059387042,-0.00670106055368678,-0.00668165845236066,-0.00666230613444111,-0.00664300534359544,-0.00662375772718894,-0.00660456484064776,-0.00658542815161574,-0.00656634904391567,-0.00654732882132528,-0.00652836871117691,-0.00650946986779036,-0.00649063337574623,-0.00647186025300917,-0.00645315145390708,-0.00643450787197452,-0.00641593034266624,-0.00639741964594753,-0.00637897650876761,-0.00636060160742127,-0.00634229556980446,-0.00632405897756906,-0.00630589236818132,-0.00628779623688889,-0.00626977103860068,-0.0062518171896835,-0.00623393506967989,-0.00621612502295012,-0.0061983873602428,-0.00618072236019658,-0.0061631302707766,-0.00614561131064875,-0.00612816567049441,-0.00611079351426835,-0.00609349498040269,-0.00607627018295907,-0.00605911921273148,-0.00604204213830218,-0.00602503900705242,-0.00600810984613038,-0.00599125466337782,-0.00597447344821801,-0.00595776617250555,-0.00594113279134099,-0.00592457324385071,-0.00590808745393438,-0.00589167533098105,-0.00587533677055518,-0.00585907165505437,-0.00584287985433901,-0.0058267612263368,-0.00581071561762074,-0.00579474286396475,-0.00577884279087482,-0.00576301521409912,-0.00574725994011678,-0.00573157676660609,-0.00571596548289408,-0.00570042587038705,-0.00568495770298359,-0.00566956074747048,-0.00565423476390249,-0.00563897950596635,-0.00562379472132994,-0.00560868015197702,-0.00559363553452842,-0.00557866060054962,-0.0055637550768463,-0.00554891868574683,-0.00553415114537457,-0.00551945216990735,-0.00550482146982775,-0.00549025875216186,-0.0054757637207091,-0.0054613360762622,-0.00544697551681794,-0.00543268173777978,-0.00541845443215128,-0.0054042932907222,-0.00539019800224673,-0.0053761682536141,-0.00536220373001219,-0.00534830411508451,-0.00533446909108032,-0.00532069833899868,-0.00530699153872638,-0.00529334836917013,-0.00527976850838302,-0.00526625163368567,-0.00525279742178256,-0.00523940554887273,-0.00522607569075645,-0.00521280752293693,-0.00519960072071761,-0.0051864549592954,-0.00517336991384991,-0.00516034525962841,-0.00514738067202769,0,-0.00315501692386722,-0.00345765478428325,-0.00370348596065108,-0.00391422535101542,-0.00409997483842468,-0.00426665040436284,-0.00441807830590428,-0.00455686921243905,-0.00468487630826983,-0.00480346223417237,-0.00491366313586784,-0.00501629274287089,-0.00511200987614313,-0.00520136299290387,-0.00528482001428888,-0.0053627885741862,-0.00543562995647061,-0.00550366882985678,-0.00556720015830785,-0.00562649419598642,-0.00568180017136023,-0.00573334906556344,-0.00578135575825714,-0.00582602072646982,-0.00586753142311144,-0.00590606342226402,-0.00594178139154512,-0.00597483993360785,-0.00600538432637996,-0.00603355118309315,-0.00605946904725544,-0.00608325893363297,-0.0061050348234616,-0.00612490412011167,-0.00614296807002198,-0.00615932215271319,-0.00617405644296965,-0.00618725594774888,-0.00619900091998835,-0.00620936715118229,-0.00621842624437386,-0.00622624586902692,-0.00623288999909713,-0.00623841913550022,-0.00624289051407371,-0.00624635830003973,-0.00624887376989894,-0.00625048548161593,-0.00625123943389394,-0.00625117921527986,-0.00625034614378743,-0.00624877939767925,-0.00624651613800277,-0.00624359162343422,-0.00624003931794655,-0.00623589099178067,-0.00623117681616693,-0.00622592545221264,-0.00622016413434203,-0.0062139187486493,-0.00620721390649944,-0.00620007301368945,-0.00619251833545922,-0.00618457105762372,-0.00617625134407739,-0.00616757839090559,-0.00615857047732087,-0.00614924501362795,-0.00613961858640636,-0.0061297070010879,-0.00611952532209258,-0.00610908791067706,-0.00609840846063853,-0.00608750003200685,-0.0060763750828505,-0.00606504549931114,-0.00605352262397627,-0.00604181728269071,-0.00602993980990154,-0.00601790007262487,-0.00600570749311707,-0.00599337107032755,-0.00598089940020517,-0.00596830069492652,-0.00595558280110808,-0.00594275321706255,-0.00592981910915441,-0.00591678732730622,-0.00590366441970477,-0.00589045664675275,-0.0058771699943085,-0.00586381018625352,-0.00585038269642658,-0.00583689275995859,-0.00582334538404193,-0.00580974535816537,-0.00579609726384397,-0.00578240548387137,-0.00576867421112019,-0.00575490745691534,-0.00574110905900258,-0.0057272826891346,-0.00571343186029419,-0.00569955993357418,-0.00568567012473183,-0.00567176551043483,-0.00565784903421496,-0.00564392351214429,-0.00562999163824828,-0.0056160559896694,-0.00560211903159363,-0.00558818312195202,-0.00557425051590862,-0.00556032337014537,-0.00554640374695417,-0.00553249361814568,-0.00551859486878348,-0.00550470930075318,-0.00549083863617308,-0.00547698452065535,-0.00546314852642422,-0.00544933215529841,-0.00543553684154379,-0.00542176395460346,-0.00540801480170963,-0.00539429063038411,-0.00538059263083213,-0.00536692193823432,-0.00535327963494181,-0.00533966675257907,-0.00532608427405816,-0.00531253313550926,-0.00529901422813049,-0.0052855283999613,-0.0052720764575826,-0.00525865916774693,-0.00524527725894183,-0.00523193142288931,-0.00521862231598468,-0.00520535056067665,-0.00519211674679208,-0.00517892143280711,-0.00516576514706769,-0.00515264838896106,-0.00513957163004076,-0.00512653531510698,-0.0051135398632442,-0.00510058566881785,-0.00508767310243202,-0.00507480251184943,-0.0050619742228757,-0.00504918854020903,-0.00503644574825722,-0.00502374611192266,-0.00501108987735745,-0.00499847727268922,-0.00498590850871936,-0.0049733837795944,-0.00496090326345174,-0.00494846712304105,-0.00493607550632186,-0.00492372854703887,-0.00491142636527522,-0.0048991690679851,-0.00488695674950643,-0.00487478949205433,-0.00486266736619601,-0.00485059043130807,-0.00483855873601692,-0.00482657231862267,-0.00481463120750736,-0.00480273542152813,-0.00479088497039615,-0.00477907985504113,-0.00476732006796274,-0.00475560559356929,-0.00474393640850353,-0.0047323124819572,-0.00472073377597355,-0.00470920024573915,-0.00469771183986499,-0.00468626850065752,-0.00467487016437977,-0.00466351676150284,-0.00465220821694863,-0.00464094445032372,-0.00462972537614473,-0.00461855090405557,-0.00460742093903693,-0.00459633538160839,-0.00458529412802293,-0.0045742970704548,-0.00456334409718052,-0.00455243509275342,-0.00454156993817179,-0.00453074851104139,-0.0045199706857318,-0.00450923633352732,-0.00449854532277252,-0.00448789751901252,0,-0.000499127074890209,-0.000842682688624384,-0.00113063085394995,-0.00138397498437207,-0.00161212347983148,-0.00182055105934958,-0.00201281951177509,-0.00219138433271753,-0.00235801251222391,-0.00251402561870967,-0.00266044895121028,-0.00279810581290412,-0.00292767831904009,-0.00304974725804893,-0.0031648186034985,-0.0032733414029147,-0.00337572003525742,-0.00347232275605815,-0.00356348777378871,-0.0036495276700353,-0.00373073269813171,-0.00380737331418374,-0.00387970217608984,-0.00394795576824053,-0.00401235575801677,-0.00407311015594322,-0.00413041432850057,-0.00418445189730905,-0.00423539554813173,-0.00428340776623367,-0.00432864150996439,-0.00437124083126266,-0.00441134144962303,-0.0044490712845801,-0.00448455095073893,-0.00451789421865845,-0.00454920844437993,-0.00457859497001628,-0.00460614949753621,-0.00463196243766049,-0.00465611923561274,-0.00467870067532298,-0.00469978316356118,-0.004719438995369,-0.00473773660206341,-0.00475474078299742,-0.00477051292218397,-0.0047851111908135,-0.00479859073662686,-0.00481100386104052,-0.00482240018485898,-0.00483282680335397,-0.00484232843143533,-0.00485094753958859,-0.00485872448120843,-0.00486569761191184,-0.0048719034013756,-0.00487737653820337,-0.00488215002829292,-0.00488625528714003,-0.00488972222648646,-0.00489257933568833,-0.00489485375815713,-0.00489657136319912,-0.00489775681355668,-0.00489843362893374,-0.00489862424576741,-0.00489835007349018,-0.00489763154750911,-0.0048964881791138,-0.00489493860250921,-0.00489300061915628,-0.00489069123959149,-0.00488802672288279,-0.00488502261387094,-0.00488169377833362,-0.0048780544362005,-0.00487411819293981,-0.00486989806922766,-0.00486540652900474,-0.00486065550601768,-0.00485565642893641,-0.00485042024513201,-0.00484495744319489,-0.00483927807426764,-0.00483339177226192,-0.00482730777302436,-0.00482103493251241,-0.00481458174403705,-0.00480795635462628,-0.0048011665805585,-0.00479421992211343,-0.00478712357758427,-0.00477988445659241,-0.00477250919274348,-0.00476500415566078,-0.00475737546243087,-0.00474962898849265,-0.00474177037800087,-0.0047338050536915,-0.0047257382262766,-0.00471757490339303,-0.00470931989812886,-0.00470097783715013,-0.00469255316844788,-0.00468405016872641,-0.00467547295045036,-0.00466682546856874,-0.00465811152693228,-0.00464933478441947,-0.00464049876078642,-0.00463160684225417,-0.00462266228684652,-0.00461366822949123,-0.00460462768689559,-0.0045955435622081,-0.00458641864947638,-0.00457725563791136,-0.00456805711596697,-0.00455882557524447,-0.00454956341422957,-0.00454027294187035,-0.00453095638100378,-0.00452161587163741,-0.00451225347409373,-0.00450287117202303,-0.00449347087529104,-0.00448405442274741,-0.00447462358487995,-0.00446518006636039,-0.00445572550848614,-0.00444626149152327,-0.00443678953695437,-0.00442731110963666,-0.00441782761987307,-0.00440834042540131,-0.00439885083330379,-0.00438936010184201,-0.00437986944221917,-0.00437038002027337,-0.0043608929581052,-0.00435140933564175,-0.00434193019214051,-0.00433245652763518,-0.0043229893043262,-0.004313529447918,-0.00430407784890569,-0.00429463536381279,-0.00428520281638239,-0.00427578099872357,-0.00426637067241487,-0.00425697256956677,-0.00424758739384458,-0.00423821582145338,-0.00422885850208715,-0.00421951605984247,-0.00421018909409934,-0.00420087818036947,-0.00419158387111386,-0.00418230669653127,-0.00417304716531744,-0.00416380576539803,-0.0041545829646342,-0.0041453792115041,-0.00413619493575949,-0.00412703054905918,-0.00411788644558037,-0.0041087630026081,-0.00409966058110438,-0.00409057952625722,-0.00408152016801043,-0.00407248282157538,-0.00406346778792468,-0.00405447535426902,-0.00404550579451722,-0.00403655936972139,-0.00402763632850561,-0.00401873690748104,-0.00400986133164652,-0.00400100981477527,-0.0039921825597892,-0.0039833797591198,-0.00397460159505773,-0.00396584824008998,-0.00395711985722606,-0.00394841660031335,-0.00393973861434184,-0.00393108603573883,-0.00392245899265391,-0.0039138576052342,-0.00390528198589112,-0.0038967322395579,-0.0038882084639387,-0.00387971074975008,-0.0038712391809536,-0.00386279383498207,-0.00385437478295744,-0.00384598208990224,-0.00383761581494363,-0.00382927601151167,0,0.00208207936558669,0.00171106608310812,0.00138824899079796,0.00109722356754112,0.000830372707421711,0.000583132863769105,0.000352462575660024,0.000136215684271,-6.71912832356375e-05,-0.000258975613081618,-0.000440109771378676,-0.000611398148747343,-0.000773526393323187,-0.000927093575038021,-0.00107263345286383,-0.00121062875512821,-0.00134152094218412,-0.0014657170259012,-0.00158359445733412,-0.00169550473596824,-0.00180177616462402,-0.00190271602630981,-0.00199861236363281,-0.00208973547922613,-0.00217633923518341,-0.0022586622031051,-0.00233692869914368,-0.00241134972720038,-0.00248212384609578,-0.00254943797176008,-0.00261346812237413,-0.00267438011236183,-0.00273233019980659,-0.00278746569099067,-0.00283992550517295,-0.00288984070232504,-0.00293733497626538,-0.00298252511542545,-0.00302552143332179,-0.00306642817067582,-0.00310534387100699,-0.00314236173142182,-0.00317756993022306,-0.00321105193287003,-0.00324288677773328,-0.00327314934300014,-0.00330191059600499,-0.0033292378261798,-0.00335519486274282,-0.00337984227817223,-0.00340323757844117,-0.00342543538092557,-0.00344648758083453,-0.00346644350695352,-0.00348535006743726,-0.00350325188633573,-0.00352019143149055,-0.00353620913439246,-0.00355134350254896,-0.00356563122487292,-0.00357910727056473,-0.00359180498192872,-0.00360375616153183,-0.00361499115408338,-0.00362553892338881,-0.00363542712470359,-0.00364468217279154,-0.00365332930596954,-0.00366139264640092,-0.00366889525688134,-0.00367585919434335,-0.00368230556029108,-0.00368825454836035,-0.00369372548918699,-0.00369873689275333,-0.00370330648837079,-0.00370745126244541,-0.00371118749416493,-0.00371453078923351,-0.00371749611177541,-0.00372009781451711,-0.00372234966735318,-0.00372426488439232,-0.00372585614957381,-0.00372713564093978,-0.00372811505364215,-0.00372880562175784,-0.00372921813898223,-0.00372936297826474,-0.00372925011044829,-0.00372888912196853,-0.00372828923166632,-0.00372745930676369,-0.00372640787804996,-0.00372514315432127,-0.0037236730361159,-0.00372200512878291,-0.00372014675492136,-0.0037181049662234,-0.00371588655475406,-0.00371349806369735,-0.00371094579759745,-0.00370823583212147,-0.00370537402336863,-0.00370236601675064,-0.0036992172554637,-0.00369593298857534,-0.00369251827874386,-0.0036889780095907,-0.0036853168927421,-0.00368153947455763,-0.00367765014256053,-0.00367365313158535,-0.00366955252965641,-0.00366535228361051,-0.00366105620447639,-0.00365666797262266,-0.00365219114268589,-0.00364762914828836,-0.00364298530655682,-0.00363826282245084,-0.00363346479290992,-0.00362859421082818,-0.00362365396886431,-0.00361864686309484,-0.00361357559651725,-0.00360844278241103,-0.00360325094756191,-0.00359800253535623,-0.00359269990875127,-0.00358734535312673,-0.00358194107902337,-0.00357648922477282,-0.00357099185902466,-0.00356545098317396,-0.00355986853369488,-0.00355424638438337,-0.00354858634851372,-0.00354289018091217,-0.00353715957995141,-0.00353139618946914,-0.0035256016006143,-0.00351977735362349,-0.00351392493953095,-0.00350804580181478,-0.00350214133798181,-0.00349621290109422,-0.00349026180123958,-0.00348428930694725,-0.00347829664655319,-0.00347228500951488,-0.00346625554767915,-0.00346020937650379,-0.00345414757623583,-0.00344807119304766,-0.00344198124013256,-0.00343587869876176,-0.00342976451930391,-0.0034236396222089,-0.00341750489895752,-0.00341136121297764,-0.00340520940052896,-0.00339905027155686,-0.00339288461051727,-0.00338671317717308,-0.0033805367073632,-0.0033743559137458,-0.00336817148651616,-0.0033619840941003,-0.00335579438382561,-0.00334960298256838,-0.00334341049738049,-0.00333721751609455,-0.00333102460790979,-0.00332483232395775,-0.00331864119785021,-0.00331245174620834,-0.00330626446917541,-0.00330007985091232,-0.00329389836007703,-0.00328772045028873,-0.00328154656057714,-0.00327537711581721,-0.00326921252714972,-0.00326305319238906,-0.00325689949641762,-0.00325075181156775,-0.00324461049799184,-0.0032384759040206,-0.00323234836651018,-0.00322622821117843,-0.0032201157529308,-0.00321401129617584,-0.00320791513513133,-0.00320182755412057,-0.0031957488278599,-0.00318967922173709,-0.00318361899208158,-0.00317756838642597,-0.00317152764376039,0,0.00459114652442126,0.00420373567613552,0.00385233307527186,0.00352806039372007,0.00322593974756905,0.00294269095142676,0.00267599937791873,0.00242415384386961,0.00218583396027021,0.00195997837912526,0.00174570173135302,0.00154224178351091,0.00134892553173852,0.00116514722147871,0.000990353906353599,0.000824035789479203,0.000665719608401361,0.000514963963810228,0.000371355895187031,0.000234508261664467,0.000104057648313369,-2.03373790353487e-05,-0.000138997781966068,-0.000252225390752177,-0.000360304122664835,-0.000463501104828909,-0.000562067718910547,-0.000656240578627412,-0.000746242447252606,-0.000832283100013221,-0.000914560134968354,-0.000993259735212781,-0.00106855738485653,-0.00114061854102796,-0.0012095992640501,-0.0012756468078906,-0.00133890017295754,-0.00139949062328357,-0.00145754217010682,-0.00151317202381213,-0.00156649101613894,-0.0016176039944983,-0.00166661019016753,-0.00171360356205168,-0.00175867311761939,-0.00180190321253427,-0.00184337383041967,-0.00188316084410812,-0.00192133625964494,-0.00195796844423501,-0.00199312233924391,-0.00202685965929067,-0.00205923907839929,-0.00209031640410897,-0.00212014474038094,-0.00214877464007987,-0.00217625424775316,-0.00220262943337972,-0.00222794391771112,-0.00225223938978373,-0.00227555561713771,-0.0022979305492418,-0.00231940041458395,-0.00233999981185772,-0.00235976179564058,-0.00237871795693346,-0.00239689849890373,-0.00241433230814862,-0.00243104702177481,-0.00244706909056735,-0.00246242383850259,-0.00247713551884159,-0.0024912273670236,-0.00250472165056379,-0.00251763971614577,-0.00253000203408538,-0.00254182824033035,-0.00255313717614941,-0.00256394692565367,-0.00257427485128316,-0.00258413762738282,-0.00259355127198373,-0.00260253117689765,-0.00261109213622569,-0.002619248373375,-0.00262701356667229,-0.00263440087365561,-0.00264142295412164,-0.00264809199200068,-0.00265441971612636,-0.00266041741996327,-0.0026660959803516,-0.00267146587532404,-0.00267653720104708,-0.00268131968793509,-0.00268582271598293,-0.00269005532935998,-0.00269402625030598,-0.00269774389236621,-0.00270121637300161,-0.00270445152560734,-0.00270745691097128,-0.00271023982820168,-0.00271280732515197,-0.00271516620836916,-0.00271732305258995,-0.00271928420980853,-0.00272105581793694,-0.0027226438090801,-0.00272405391744332,-0.00272529168689227,-0.00272636247818165,-0.00272727147586927,-0.0027280236949317,-0.00272862398709474,-0.00272907704689405,-0.0027293874174778,-0.00272955949616485,-0.00272959753976891,-0.00272950566970086,-0.00272928787685936,-0.00272894802631926,-0.00272848986182803,-0.00272791701011843,-0.0027272329850464,-0.00272644119156186,-0.00272554492952023,-0.00272454739734185,-0.00272345169552613,-0.00272226083002693,-0.00272097771549556,-0.00271960517839698,-0.00271814596000501,-0.00271660271928187,-0.00271497803564683,-0.00271327441163913,-0.00271149427547961,-0.0027096399835354,-0.00270771382269154,-0.00270571801263415,-0.00270365470804819,-0.0027015260007338,-0.0026993339216446,-0.00269708044285089,-0.00269476747943149,-0.00269239689129637,-0.00268997048494363,-0.002687490015153,-0.00268495718661863,-0.00268237365552387,-0.00267974103105971,-0.00267706087688997,-0.00267433471256472,-0.00267156401488411,-0.00266875021921491,-0.00266589472076116,-0.00266299887579116,-0.00266006400282191,-0.0026570913837633,-0.00265408226502313,-0.00265103785857479,-0.00264795934298875,-0.00264484786442928,-0.00264170453761811,-0.00263853044676543,-0.00263532664647036,-0.00263209416259173,-0.00262883399308977,-0.00262554710884053,-0.00262223445442354,-0.00261889694888399,-0.0026155354864701,-0.00261215093734669,-0.0026087441482861,-0.00260531594333648,-0.0026018671244693,-0.00259839847220604,-0.00259491074622505,-0.00259140468594951,-0.0025878810111165,-0.00258434042232902,-0.00258078360158993,-0.00257721121282005,-0.00257362390235992,-0.00257002229945602,-0.00256640701673252,-0.00256277865064809,-0.00255913778193928,-0.00255548497604981,-0.0025518207835477,-0.00254814574052932,-0.00254446036901125,-0.00254076517731087,-0.00253706066041509,-0.00253334730033869,-0.00252962556647141,-0.00252589591591541,-0.00252215879381253,-0.00251841463366188,-0.0025146638576285,0,0.00703309784410876,0.00663650001598973,0.00626137737880725,0.00590759441602565,0.00557325522117878,0.00525659281248328,0.00495615730733636,0.00467075924931149,0.0043993970350824,0.00414120162147053,0.00389539895311844,0.00366128549563185,0.00343821255984794,0.00322557626752838,0.00302281104606469,0.00282938529094164,0.00264479833908321,0.00246857822315004,0.00230027988465763,0.00213948365403846,0.00198579388637873,0.0018388376907107,0.00169826372014488,0.00156374100723966,0.00143495783857168,0.00131162066747305,0.00119345306620702,0.00108019471962361,0.000971600462277894,0.000867439360530572,0.000767493840532433,0.000671558862358534,0.000579441139977988,0.000490958406251199,0.000405938721751027,0.000324219825900014,0.000245648528697821,0.000170080141166932,9.73779425574688e-05,2.74126823151376e-05,-3.99378851831562e-05,-0.000104789435092494,-0.000167251477675356,-0.000227427736835904,-0.000285416503381097,-0.000341310964691463,-0.000395199512394808,-0.000447166029546238,-0.000497290158726302,-0.000545647552382877,-0.000592310106653393,-0.000637346179824682,-0.000680820796506741,-0.000722795838522838,-0.000763330223448483,-0.000802480071663988,-0.000840298862725259,-0.000876837581797569,-0.00091214485684436,-0.000946267087211669,-0.000979248564202787,-0.00101113158419423,-0.00104195655480292,-0.00107176209457844,-0.00110058512665915,-0.00112846096679826,-0.00115542340613818,-0.00118150478908158,-0.0012067360865854,-0.0012311469651777,-0.00125476585197785,-0.00127761999597941,-0.00129973552583701,-0.00132113750438143,-0.00134184998007172,-0.00136189603557736,-0.0013812978336717,-0.00140007666060424,-0.0014182529671074,-0.00143584640718516,-0.0014528758748171,-0.00146935953870613,-0.00148531487518703,-0.00150075869940628,-0.00151570719487592,-0.00153017594149772,-0.00154417994214677,-0.00155773364789949,-0.00157085098198333,-0.0015835453625224,-0.00159582972414763,-0.00160771653853537,-0.00161921783393535,-0.00163034521374408,-0.00164110987417678,-0.00165152262108786,-0.00166159388598594,-0.00167133374128802,-0.00168075191485325,-0.00168985780383542,-0.0016986604878901,-0.00170716874177121,-0.00171539104734842,-0.0017233356050762,-0.00173101034494281,-0.00173842293692601,-0.00174558080098094,-0.00175249111658371,-0.00175916083185369,-0.00176559667227497,-0.00177180514903773,-0.00177779256701798,-0.00178356503241345,-0.00178912846005307,-0.00179448858039486,-0.00179965094622868,-0.0018046209390968,-0.0018094037754467,-0.00181400451252816,-0.00181842805404725,-0.00182267915558836,-0.00182676242981503,-0.00183068235146014,-0.00183444326211483,-0.00183804937482573,-0.00184150477850887,-0.00184481344218895,-0.00184797921907167,-0.00185100585045635,-0.00185389696949646,-0.00185665610481448,-0.00185928668397755,-0.00186179203683989,-0.00186417539875819,-0.00186643991368491,-0.00186858863714542,-0.00187062453910309,-0.0018725505067181,-0.0018743693470036,-0.00187608378938413,-0.00187769648816006,-0.00187921002488216,-0.00188062691063993,-0.00188194958826722,-0.00188318043446883,-0.00188432176187066,-0.0018853758209974,-0.00188634480217978,-0.00188723083739493,-0.00188803600204224,-0.00188876231665714,-0.00188941174856543,-0.00188998621348063,-0.00189048757704632,-0.00189091765632568,-0.00189127822124037,-0.00189157099596084,-0.00189179766024926,-0.00189195985075814,-0.00189205916228478,-0.00189209714898446,-0.0018920753255435,-0.00189199516831344,-0.00189185811640806,-0.00189166557276479,-0.00189141890517136,-0.00189111944725935,-0.00189076849946587,-0.00189036732996398,-0.00188991717556385,-0.001889419242585,-0.00188887470770106,-0.00188828471875771,-0.00188765039556529,-0.00188697283066619,-0.0018862530900787,-0.00188549221401776,-0.00188469121759324,-0.001883851091487,-0.00188297280260921,-0.00188205729473448,-0.00188110548911884,-0.00188011828509799,-0.00187909656066769,-0.00187804117304638,-0.00187695295922138,-0.00187583273647875,-0.00187468130291717,-0.00187349943794698,-0.00187228790277451,-0.00187104744087187,-0.00186977877843357,-0.00186848262481946,-0.00186715967298492,-0.00186581059989877,-0.00186443606694905,-0.00186303672033732,-0.00186161319146141,-0.00186016609728762,-0.00185869604071237
